# starting wavelength: 3233.509
# ending wavelength: 8805.094
# wav flux eflux
3.236242360161050783e+03 3.205592706997629771e-01 3.195757854989018654e-01
3.239478602521212906e+03 3.781139213234669949e-01 2.432507319384776545e-01
3.242718081123734919e+03 4.193324605886946665e-01 1.834976113856367497e-01
3.245960799204859995e+03 4.693804747766666674e-01 1.523144342132493334e-01
3.249206760004065927e+03 5.171855647687975122e-01 1.336589506915517034e-01
3.252455966764071036e+03 5.219932715257844524e-01 1.060908581551869290e-01
3.255708422730835991e+03 5.130297232666042317e-01 8.751808862539822709e-02
3.258964131153567905e+03 5.060866863232316160e-01 7.327950051042206314e-02
3.262223095284722604e+03 5.020913228098166092e-01 6.282378818924784503e-02
3.265485318380008266e+03 5.017773101348167453e-01 5.511260027657631511e-02
3.268750803698389518e+03 4.886873520211498234e-01 4.911301525448208416e-02
3.272019554502088795e+03 4.899524758380882639e-01 4.470844210314826178e-02
3.275291574056592253e+03 4.780888090186415917e-01 4.112423133360092881e-02
3.278566865630649772e+03 4.718784034860629695e-01 3.815981079502318851e-02
3.281845432496281319e+03 4.706190702577336404e-01 3.617668879413832306e-02
3.285127277928778767e+03 4.724795497914547893e-01 3.438836790832621587e-02
3.288412405206708627e+03 4.757718060131818638e-01 3.349620621444716895e-02
3.291700817611916591e+03 4.745007679645911747e-01 3.256865748050027237e-02
3.294992518429529355e+03 4.783305494808724467e-01 3.153109856388209425e-02
3.298287510947960072e+03 4.776096633248956835e-01 3.185867776869630991e-02
3.301585798458909267e+03 4.817683388991794158e-01 3.195569546988445003e-02
3.304887384257369376e+03 4.920147667046136930e-01 3.033102180521834654e-02
3.308192271641627485e+03 5.076693345808991342e-01 2.809616040986092841e-02
3.311500463913270323e+03 4.924542330890031017e-01 2.998047792618192819e-02
3.314811964377184722e+03 4.936023602916126407e-01 2.995863883265691488e-02
3.318126776341563072e+03 5.042778580432435431e-01 2.911901306464336273e-02
3.321444903117905596e+03 4.956295667209361655e-01 2.823602245389714160e-02
3.324766348021024896e+03 4.929206056637137623e-01 2.791320067050017534e-02
3.328091114369046863e+03 4.828101707213379723e-01 2.783001277808827209e-02
3.331419205483417045e+03 4.748068224791411329e-01 2.806877793505061988e-02
3.334750624688901553e+03 4.700877067232412387e-01 2.809143471589831478e-02
3.338085375313591612e+03 4.722727671166526142e-01 2.847441091170742691e-02
3.341423460688906289e+03 4.764614766559474579e-01 2.800886129310510564e-02
3.344764884149596128e+03 4.767940074242950077e-01 2.785209427489932291e-02
3.348109649033746791e+03 4.761118387854882950e-01 2.822509078006547531e-02
3.351457758682781787e+03 4.809735906212128653e-01 2.847428649737791459e-02
3.354809216441465651e+03 4.881408798842829522e-01 2.848983451853010981e-02
3.358164025657908041e+03 4.964265454592940996e-01 2.694104417118965006e-02
3.361522189683567376e+03 5.077124878702544697e-01 2.577676459112836563e-02
3.364883711873251741e+03 5.048042928317764133e-01 2.619682423570456747e-02
3.368248595585126168e+03 4.879282598174766727e-01 2.374833749495863441e-02
3.371616844180712633e+03 4.949247513601208737e-01 2.362467436729726034e-02
3.374988461024894150e+03 5.064331195091206217e-01 2.364040326916885815e-02
3.378363449485920228e+03 5.263819070108964882e-01 2.383341270588603886e-02
3.381741812935407324e+03 5.319430972936213253e-01 2.430388035198209271e-02
3.385123554748343849e+03 5.382893559187763577e-01 2.387043285840986795e-02
3.388508678303093347e+03 5.394899025548370863e-01 2.315237411126253378e-02
3.391897186981397681e+03 5.470062727016562487e-01 2.327511992239161484e-02
3.395289084168380214e+03 5.427614183299559469e-01 2.298810476895643551e-02
3.398684373252549449e+03 5.360646533928482560e-01 2.437650431536601478e-02
3.402083057625803121e+03 5.399640379321196670e-01 2.466872897865277775e-02
3.405485140683430018e+03 5.359957923988512007e-01 2.531641969995740080e-02
3.408890625824114522e+03 5.568397657783002996e-01 2.632227961391584575e-02
3.412299516449939802e+03 5.675962161386139959e-01 2.663766893094776655e-02
3.415711815966390986e+03 5.863876041774329639e-01 2.686814401066973598e-02
3.419127527782358356e+03 6.007791510448403649e-01 2.706120010437092910e-02
3.422546655310141887e+03 6.106950515205227248e-01 2.706214365802420488e-02
3.425969201965453522e+03 6.009688023491558395e-01 2.619612930546390620e-02
3.429395171167419903e+03 6.109206568755619626e-01 2.611513298166025232e-02
3.432824566338588284e+03 6.150190657969581975e-01 2.535016349505072458e-02
3.436257390904928343e+03 6.190924422346355538e-01 2.526560840930813789e-02
3.439693648295834464e+03 6.206253266140586700e-01 2.508148379099935446e-02
3.443133341944131189e+03 6.113933903142532156e-01 2.454412999972443998e-02
3.446576475286076402e+03 6.076150427448671065e-01 2.457006922131554916e-02
3.450023051761363604e+03 6.096432330339938144e-01 2.455029164679922368e-02
3.453473074813126004e+03 6.089763213154343324e-01 2.459361243248642248e-02
3.456926547887940615e+03 6.043697005827161073e-01 2.486360147633071699e-02
3.460383474435829612e+03 6.045577470353933336e-01 2.525052969514995221e-02
3.463843857910266706e+03 6.199214456621949809e-01 2.517987885183571931e-02
3.467307701768178049e+03 6.254269482585069762e-01 2.494599787873354527e-02
3.470775009469947236e+03 6.193692513218931328e-01 2.499221100003681112e-02
3.474245784479418489e+03 6.126403016894745868e-01 2.488369150711949862e-02
3.477720030263898934e+03 5.993548652853571967e-01 2.453872541191821563e-02
3.481197750294164052e+03 5.935540454679013589e-01 2.398161495356779943e-02
3.484678948044459503e+03 5.928579213911862045e-01 2.315981502403971493e-02
3.488163626992504760e+03 5.880061405324863433e-01 2.289133351273183944e-02
3.491651790619498570e+03 5.812431459598319528e-01 2.343518863697977364e-02
3.495143442410119405e+03 5.892604410818440552e-01 2.300240929627224776e-02
3.498638585852530468e+03 5.946395243014376275e-01 2.319567833580779212e-02
3.502137224438384237e+03 5.983315535974116361e-01 2.304228452504471225e-02
3.505639361662823831e+03 5.885551017839112387e-01 1.965989615593160059e-02
3.509145001024487556e+03 5.969456827561263612e-01 1.926702064991945088e-02
3.512654146025513455e+03 5.984386670821363330e-01 1.832113659573619130e-02
3.516166800171540217e+03 6.289374586311949900e-01 1.838289894589175202e-02
3.519682966971712631e+03 6.346235683189118681e-01 1.860167710623091344e-02
3.523202649938685681e+03 6.594581840041506826e-01 1.782679936341811239e-02
3.526725852588625457e+03 6.820514251850825493e-01 1.811698140274381474e-02
3.530252578441215064e+03 7.074857817159172502e-01 1.890846402632007095e-02
3.533782831019657806e+03 7.290218015592344614e-01 1.831037724600937180e-02
3.537316613850678550e+03 7.518678818362107830e-01 1.825260194130685562e-02
3.540853930464530094e+03 7.652183967232312201e-01 1.831841584786517846e-02
3.544394784394995895e+03 7.692521649879623391e-01 1.968160541218975934e-02
3.547939179179392340e+03 7.677507837084803777e-01 1.985289575114006916e-02
3.551487118358572843e+03 7.573713146244848149e-01 2.205916274426726956e-02
3.555038605476932389e+03 7.456668403977407822e-01 2.055887193879135655e-02
3.558593644082410719e+03 7.369014219554564926e-01 2.025797619171109190e-02
3.562152237726494150e+03 7.301858212089217259e-01 1.971186232800291316e-02
3.565714389964221937e+03 7.294679632690584947e-01 1.936115506270987691e-02
3.569280104354187188e+03 7.252042182350098010e-01 1.999100124527722691e-02
3.572849384458542772e+03 7.346161310505359143e-01 2.071285873858135992e-02
3.576422233843002232e+03 7.338277624925368947e-01 2.094804407300247112e-02
3.579998656076846601e+03 7.371903356384528205e-01 2.146477875897222914e-02
3.583578654732924406e+03 7.307047784990244876e-01 2.172002883364260520e-02
3.587162233387658489e+03 7.217252694936668878e-01 2.184599776879125529e-02
3.590749395621047370e+03 7.210655615267365093e-01 2.217005416323473282e-02
3.594340145016669794e+03 7.171404628139550486e-01 2.261412685974345527e-02
3.597934485161687462e+03 7.177629139985408635e-01 2.261183895232703189e-02
3.601532419646850485e+03 7.275168587425839828e-01 2.212614578678562260e-02
3.605133952066498296e+03 7.221830923069808561e-01 2.310130428579157749e-02
3.608739086018566013e+03 7.278186831222320796e-01 2.318464931495826248e-02
3.612347825104585809e+03 7.348699780848720886e-01 2.357546207689919723e-02
3.615960172929691907e+03 7.352037013079653072e-01 2.222853269991571790e-02
3.619576133102622407e+03 7.384431566261272506e-01 2.308746586590727790e-02
3.623195709235726554e+03 7.515515008036175448e-01 2.271661192276845306e-02
3.626818904944963379e+03 7.485083427996593874e-01 2.392252788885563392e-02
3.630445723849909427e+03 7.517527780416319860e-01 2.444355142134408201e-02
3.634076169573760581e+03 7.704348547829475979e-01 2.434337708316164708e-02
3.637710245743335690e+03 7.760191433991091570e-01 2.416923315525514385e-02
3.641347955989080219e+03 7.820339560815507962e-01 2.387381735719659726e-02
3.644989303945070333e+03 7.720636296085519046e-01 2.278626897701988008e-02
3.648634293249016537e+03 7.733769639189501666e-01 2.334737436246875006e-02
3.652282927542266862e+03 7.799947989056416064e-01 2.347081351470917468e-02
3.655935210469810499e+03 7.814321436188838010e-01 2.213186254804622860e-02
3.659591145680281443e+03 7.862406346855381756e-01 2.200103300760542641e-02
3.663250736825963031e+03 8.106644281555929199e-01 2.174025374927187476e-02
3.666913987562790226e+03 8.409059339178784898e-01 2.192519637299573596e-02
3.670580901550354156e+03 8.682599111944242498e-01 2.207383109206554131e-02
3.674251482451905758e+03 8.857219869141974566e-01 2.266663338619955351e-02
3.677925733934358959e+03 9.062954199432063929e-01 2.198276715687987395e-02
3.681603659668294313e+03 9.133987721569738483e-01 2.239350146867175734e-02
3.685285263327964003e+03 9.265057260480681345e-01 2.235995500935157240e-02
3.688970548591293209e+03 9.365095481706789959e-01 2.259389491363317931e-02
3.692659519139885560e+03 9.310464376698208699e-01 2.241317078989432318e-02
3.696352178659026777e+03 9.389688853929197832e-01 2.178900856458811791e-02
3.700048530837686940e+03 9.478141769638370739e-01 2.182393407233317734e-02
3.703748579368525952e+03 9.667416501964175568e-01 2.127035270328603289e-02
3.707452327947895355e+03 9.871144071933717346e-01 2.218976962786364804e-02
3.711159780275844696e+03 9.908653301273365743e-01 2.209283841136743323e-02
3.714870940056121526e+03 9.850496371278206764e-01 2.068333101293031925e-02
3.718585810996179134e+03 9.991092527207299234e-01 1.899544442579686326e-02
3.722304396807176545e+03 1.015280812137830946e+00 1.682625260298798581e-02
3.726026701203984885e+03 1.011382606458712807e+00 1.773896649915672127e-02
3.729752727905190113e+03 1.006897175748186601e+00 1.738282785738654371e-02
3.733482480633096657e+03 9.904509159403653840e-01 1.745991968446200873e-02
3.737215963113731050e+03 9.791601263933390475e-01 1.770351142944300016e-02
3.740953179076846027e+03 9.559840289376734246e-01 1.640822729299240557e-02
3.744694132255923705e+03 9.406366843022933022e-01 1.586187201594661811e-02
3.748438826388181042e+03 9.365353730218382022e-01 1.621092680678596840e-02
3.752187265214570289e+03 9.422985930861877968e-01 1.653481667480552475e-02
3.755939452479786269e+03 9.575097495029960548e-01 1.631975110585606042e-02
3.759695391932267285e+03 9.720783193543678369e-01 1.662341099214050683e-02
3.763455087324201031e+03 1.003712328010752941e+00 1.903568159646357866e-02
3.767218542411526414e+03 1.038893668233198397e+00 2.010049942455476024e-02
3.770985760953939007e+03 1.052250980993277185e+00 2.001380476070244857e-02
3.774756746714894234e+03 1.068226925073266109e+00 1.960423276420108010e-02
3.778531503461610555e+03 1.079837084429710714e+00 2.019164930519763007e-02
3.782310034965073100e+03 1.088571105392633909e+00 2.039039939319596192e-02
3.786092345000039586e+03 1.105287020417647037e+00 2.043486606218652621e-02
3.789878437345040766e+03 1.096200524464921555e+00 1.944500314687887255e-02
3.793668315782387253e+03 1.099466217678228164e+00 1.970825994369710538e-02
3.797461984098170888e+03 1.104668075824834395e+00 2.060415722970537766e-02
3.801259446082270188e+03 1.100597767484172929e+00 2.024277375195774817e-02
3.805060705528353537e+03 1.114525656800398501e+00 2.245232297785945685e-02
3.808865766233883278e+03 1.101013129954183878e+00 2.280966328796565218e-02
3.812674632000118436e+03 1.083663898980550044e+00 2.297457242813638265e-02
3.816487306632119726e+03 1.069205490506492717e+00 2.406553204678722399e-02
3.820303793938753188e+03 1.052652629245045324e+00 2.541227545916890929e-02
3.824124097732693372e+03 1.045392725554829427e+00 2.458175455216124461e-02
3.827948221830427428e+03 1.041025652314253591e+00 2.280479789616286779e-02
3.831776170052258749e+03 1.056422104704871634e+00 2.396976960023064138e-02
3.835607946222312421e+03 1.080552267615052742e+00 2.582009278391612581e-02
3.839443554168536139e+03 1.120633916767182825e+00 2.304381355090645914e-02
3.843282997722705659e+03 1.160469083598757001e+00 2.068410596562703443e-02
3.847126280720429804e+03 1.184330169386863307e+00 1.991749620597843204e-02
3.850973407001151372e+03 1.187752602050692330e+00 2.053441871544220074e-02
3.854824380408153957e+03 1.188880531172852528e+00 2.069840460389949996e-02
3.858679204788563311e+03 1.178630363819947124e+00 2.247046654004024660e-02
3.862537883993353262e+03 1.148623237590844059e+00 2.095750094412352979e-02
3.866400421877347981e+03 1.133408244805006904e+00 1.921689328679573178e-02
3.870266822299226533e+03 1.118060547011101136e+00 1.853320892064768549e-02
3.874137089121526969e+03 1.117827409062940314e+00 2.107208394969129969e-02
3.878011226210649966e+03 1.134949610326222214e+00 1.696242291187073647e-02
3.881889237436861549e+03 1.139545537995095170e+00 1.594324694987320212e-02
3.885771126674299921e+03 1.132723472481677041e+00 1.735970606846246739e-02
3.889656897800975457e+03 1.123729409632942655e+00 2.005447787473869925e-02
3.893546554698777527e+03 1.111165010332898273e+00 2.054299274619681911e-02
3.897440101253477678e+03 1.123320487810903323e+00 2.166029088775377892e-02
3.901337541354732366e+03 1.159794345244449465e+00 3.526373430104699780e-02
3.905238878896088409e+03 1.167884807159534688e+00 3.566924171396782667e-02
3.909144117774985716e+03 1.151456761651188598e+00 3.515168743861000339e-02
3.913053261892762293e+03 1.100270923739557594e+00 3.612852242871184005e-02
3.916966315154656058e+03 1.034461304879047194e+00 3.987461328930876070e-02
3.920883281469812118e+03 9.611157531686169708e-01 4.583946514522020677e-02
3.924804164751283224e+03 8.989692869848495693e-01 4.642673793199470628e-02
3.928728968916035683e+03 8.556903720636956923e-01 4.661609343830680485e-02
3.932657697884953450e+03 8.508353008511175819e-01 4.621165413734038691e-02
3.936590355582839493e+03 8.772879249773578580e-01 5.387830167127102832e-02
3.940526945938423523e+03 9.168011824014262734e-01 5.947231964207816413e-02
3.944467472884363360e+03 9.401518364435531572e-01 5.936551011040855363e-02
3.948411940357249023e+03 9.602867913054884408e-01 5.543308875411242370e-02
3.952360352297607733e+03 9.816158746050288597e-01 5.386494190554538819e-02
3.956312712649906643e+03 9.998639277860238428e-01 5.400505788121218176e-02
3.960269025362557841e+03 9.978631068288571493e-01 5.547128117957302040e-02
3.964229294387921527e+03 9.731597272827223755e-01 5.314659936495697012e-02
3.968193523682310570e+03 9.488600763844214914e-01 4.330265338731188740e-02
3.972161717205994591e+03 9.391746655593059545e-01 3.757693325802757833e-02
3.976133878923201792e+03 9.822616597509006287e-01 3.994360627911974077e-02
3.980110012802126221e+03 1.041186746978393973e+00 3.953361719757879367e-02
3.984090122814929600e+03 1.133506230201446474e+00 3.676462522742184741e-02
3.988074212937745870e+03 1.210313809971197418e+00 3.222197672946266328e-02
3.992062287150684824e+03 1.279216450896493606e+00 2.945777021976081489e-02
3.996054349437837118e+03 1.323282316962104410e+00 2.939865743265179451e-02
4.000050403787276082e+03 1.333185634550173360e+00 2.947054730919693166e-02
4.004050454191064546e+03 1.308004405149106431e+00 2.347108364913165837e-02
4.008054504645257111e+03 1.288735181052401479e+00 1.736156630845141213e-02
4.012062559149903791e+03 1.287053425365878745e+00 1.682074919038894015e-02
4.016074621709055009e+03 1.307427980216992580e+00 1.743555659000289859e-02
4.020090696330765240e+03 1.310534818772109089e+00 1.746093352589904099e-02
4.024110787027097558e+03 1.285438458430345543e+00 1.956533148396628896e-02
4.028134897814125907e+03 1.285327785584980509e+00 1.943587531634932697e-02
4.032163032711941469e+03 1.289447321347991338e+00 1.972285199723510657e-02
4.036195195744654484e+03 1.294663622833646333e+00 1.968649647853229490e-02
4.040231390940400615e+03 1.303183494117279073e+00 2.000751729864212736e-02
4.044271622331342314e+03 1.316657343807962288e+00 1.964489520146056253e-02
4.048315893953675186e+03 1.323278948611806838e+00 1.954987063733872737e-02
4.052364209847629809e+03 1.327128933956650325e+00 1.921712880756079947e-02
4.056416574057479011e+03 1.315999990808310205e+00 1.919246446525372726e-02
4.060472990631537868e+03 1.306367187818543885e+00 1.980606542734266937e-02
4.064533463622170530e+03 1.288195583988385629e+00 1.944034437851464153e-02
4.068597997085794304e+03 1.284712213808293368e+00 1.953914040582102954e-02
4.072666595082881486e+03 1.282717215921646670e+00 2.055554663079407415e-02
4.076739261677965715e+03 1.284573836738313934e+00 2.039399550507752304e-02
4.080816000939644709e+03 1.297984672421997887e+00 2.025214928363228140e-02
4.084896816940585722e+03 1.326558797320818606e+00 2.323432163830866162e-02
4.088981713757527814e+03 1.338649269476953396e+00 2.366677656649346373e-02
4.093070695471286854e+03 1.385836890548689748e+00 2.213900051974955832e-02
4.097163766166759160e+03 1.419713077150235092e+00 2.130299994050019116e-02
4.101260929932927866e+03 1.424013050550426263e+00 2.139279892144795719e-02
4.105362190862862008e+03 1.434876268614223127e+00 2.106683663307490698e-02
4.109467553053726078e+03 1.436156518618084243e+00 2.122045562614082934e-02
4.113577020606780934e+03 1.420283209781113998e+00 2.045944503887458382e-02
4.117690597627389252e+03 1.407701684147032895e+00 2.051822087329323654e-02
4.121808288225018259e+03 1.397813495395144656e+00 2.018451192956774096e-02
4.125930096513244280e+03 1.390427769414251058e+00 1.993459983403244803e-02
4.130056026609759101e+03 1.389116423034706838e+00 1.997973869468341532e-02
4.134186082636369974e+03 1.392533600289765250e+00 2.018574218311888074e-02
4.138320268719007800e+03 1.399119611602999802e+00 2.053323963245056241e-02
4.142458588987728035e+03 1.398553984355343616e+00 2.097843237638310349e-02
4.146601047576717065e+03 1.400946496391221485e+00 1.992538211900107478e-02
4.150747648624294925e+03 1.381103936452704462e+00 2.123756083878262577e-02
4.154898396272920763e+03 1.351440064981925593e+00 2.126641611531806392e-02
4.159053294669195566e+03 1.336850176800816303e+00 2.103659336378353034e-02
4.163212347963865795e+03 1.322142102054438384e+00 2.061026961373792557e-02
4.167375560311830668e+03 1.315437047217111743e+00 1.773137487316975291e-02
4.171542935872143971e+03 1.328791433447067405e+00 1.999528657541193091e-02
4.175714478808017702e+03 1.331778656426644725e+00 1.962099455958115496e-02
4.179890193286827525e+03 1.340479008143379502e+00 1.981596645623419362e-02
4.184070083480115500e+03 1.356317493824496401e+00 1.889170389423080673e-02
4.188254153563597356e+03 1.369271312885336656e+00 1.848624867223835899e-02
4.192442407717161586e+03 1.380400975422115595e+00 1.836652055682284901e-02
4.196634850124880359e+03 1.383281338572000863e+00 1.870584659419175996e-02
4.200831484975006788e+03 1.391867525149557805e+00 1.867319990122784726e-02
4.205032316459983122e+03 1.386532343862217020e+00 1.850827314577159488e-02
4.209237348776444378e+03 1.371085412169062989e+00 1.817203283606273756e-02
4.213446586125221984e+03 1.367179141612157478e+00 1.796945625138828689e-02
4.217660032711349231e+03 1.375697472263246679e+00 1.830375318659605011e-02
4.221877692744061278e+03 1.395843968323426054e+00 1.845499546853273873e-02
4.226099570436806971e+03 1.403322064475629016e+00 1.826468522997430968e-02
4.230325670007245208e+03 1.398740522917240048e+00 1.826952986657159189e-02
4.234555995677254032e+03 1.400107606835926388e+00 1.798141846138486682e-02
4.238790551672932452e+03 1.402107640856864901e+00 1.790481529582630196e-02
4.243029342224606808e+03 1.395333253299315679e+00 1.786447529583757438e-02
4.247272371566832589e+03 1.398544720584867784e+00 1.771886945964168750e-02
4.251519643938400804e+03 1.410575928870000162e+00 1.681197445813502334e-02
4.255771163582340705e+03 1.401932433215462126e+00 1.481346086027981145e-02
4.260026934745924336e+03 1.413884705933093233e+00 1.516224640032946477e-02
4.264286961680671993e+03 1.423367246432065691e+00 1.600995084384262621e-02
4.268551248642354039e+03 1.431046391246076910e+00 1.776441835756503024e-02
4.272819799890998183e+03 1.422495765023890302e+00 1.771772455341181010e-02
4.277092619690890388e+03 1.406209333714901089e+00 1.797591937524799233e-02
4.281369712310583054e+03 1.397997290444702445e+00 1.673511142263572546e-02
4.285651082022895025e+03 1.374190523019825916e+00 1.701303119199327682e-02
4.289936733104918858e+03 1.341064073117772093e+00 1.558517352086395691e-02
4.294226669838025373e+03 1.310077397241979025e+00 1.507203137816064652e-02
4.298520896507864563e+03 1.291723896807039917e+00 1.524495265916661971e-02
4.302819417404373780e+03 1.290285958070323646e+00 1.506522119216381975e-02
4.307122236821779552e+03 1.297709558517006423e+00 1.447756687755742157e-02
4.311429359058603040e+03 1.313607797313629755e+00 1.487329556073906447e-02
4.315740788417662770e+03 1.342060205655080996e+00 1.564403742258740904e-02
4.320056529206081905e+03 1.379763917519052141e+00 1.505747339961927174e-02
4.324376585735290064e+03 1.405503288771418946e+00 1.596287281694153820e-02
4.328700962321026054e+03 1.441875658373716451e+00 1.532322110347506504e-02
4.333029663283348782e+03 1.478422144927401094e+00 1.577239145912467597e-02
4.337362692946633615e+03 1.506012333425125416e+00 1.662911792689129517e-02
4.341700055639581478e+03 1.509450405647780435e+00 1.765271354034660470e-02
4.346041755695222491e+03 1.523103562997953020e+00 1.765711141012133931e-02
4.350387797450919606e+03 1.527386761345276955e+00 1.696901083709643349e-02
4.354738185248371337e+03 1.505729832076029506e+00 1.653986168249867161e-02
4.359092923433621763e+03 1.486296850335503628e+00 1.654680606102694462e-02
4.363452016357056891e+03 1.455431350583299865e+00 1.759890345418338789e-02
4.367815468373414660e+03 1.418174791852942818e+00 1.919458092168605315e-02
4.372183283841789489e+03 1.389126717343925677e+00 1.872893965388187573e-02
4.376555467125633186e+03 1.360775675840858012e+00 1.883023696296048932e-02
4.380932022592760404e+03 1.345306144879962806e+00 1.876779480210066450e-02
4.385312954615354101e+03 1.338512137755748732e+00 1.917965693419912410e-02
4.389698267569970994e+03 1.335628619535647710e+00 1.860104314944678247e-02
4.394087965837542470e+03 1.345347022026190276e+00 1.827886768832627865e-02
4.398482053803381859e+03 1.359098612968704822e+00 1.820810746932341462e-02
4.402880535857186260e+03 1.388128409155827248e+00 1.884562334456217625e-02
4.407283416393044718e+03 1.410460077202922990e+00 1.862821389212592632e-02
4.411690699809440048e+03 1.423227162598631690e+00 1.868996539281621988e-02
4.416102390509250654e+03 1.435795951895292966e+00 1.879272830952230869e-02
4.420518492899761441e+03 1.444819490639439596e+00 1.866596423579763853e-02
4.424939011392662906e+03 1.440795873711099739e+00 1.760302337400017347e-02
4.429363950404056595e+03 1.438071378779367304e+00 1.707572171503267400e-02
4.433793314354462382e+03 1.429387084596483559e+00 1.671456301636800590e-02
4.438227107668818462e+03 1.417011088958495924e+00 1.700471987123589740e-02
4.442665334776488635e+03 1.405056920019863265e+00 1.705780058870428814e-02
4.447108000111265937e+03 1.387956297215473533e+00 1.658178206132696064e-02
4.451555108111379013e+03 1.369833203588662451e+00 1.477291393999678216e-02
4.456006663219492111e+03 1.363221982598664006e+00 1.478535685605278371e-02
4.460462669882713271e+03 1.359123524384437287e+00 1.520240580290658367e-02
4.464923132552597053e+03 1.363873383425558083e+00 1.385758270101888727e-02
4.469388055685150903e+03 1.370603466414872740e+00 1.341422593850537942e-02
4.473857443740837880e+03 1.371379278275013380e+00 1.402027285404416727e-02
4.478331301184580298e+03 1.380625972305985494e+00 1.554515808416456236e-02
4.482809632485766087e+03 1.385041708754963796e+00 1.489677366123475649e-02
4.487292442118253348e+03 1.397730898658258392e+00 1.410732569043527188e-02
4.491779734560373072e+03 1.416122329639330824e+00 1.291681964760032705e-02
4.496271514294934605e+03 1.425147383894403985e+00 1.280742340832780220e-02
4.500767785809231100e+03 1.419606465394255723e+00 1.337141675588801419e-02
4.505268553595042249e+03 1.421600759404618275e+00 1.352615792439996849e-02
4.509773822148638828e+03 1.430699728212504684e+00 1.412294300357230629e-02
4.514283595970789065e+03 1.430656327459907562e+00 1.424714134994005225e-02
4.518797879566761367e+03 1.424125809980690605e+00 1.371301391209454185e-02
4.523316677446328868e+03 1.408463331863490930e+00 1.463588304556337483e-02
4.527839994123776705e+03 1.393411379645483006e+00 1.415202835947099343e-02
4.532367834117902021e+03 1.384587861941277698e+00 1.401119317528890136e-02
4.536900201952022144e+03 1.378875123226568800e+00 1.469898915287266850e-02
4.541437102153975502e+03 1.369498215852013701e+00 1.441618440664709649e-02
4.545978539256130716e+03 1.365223239355659146e+00 1.450026663405619594e-02
4.550524517795388419e+03 1.368972332674917691e+00 1.488635803166655537e-02
4.555075042313184895e+03 1.372328694080410694e+00 1.479339035845575641e-02
4.559630117355500261e+03 1.376851067878771095e+00 1.486889358312101610e-02
4.564189747472856652e+03 1.369915436407365128e+00 1.482135413229208713e-02
4.568753937220330954e+03 1.377185897728888220e+00 1.429767692266336460e-02
4.573322691157552981e+03 1.377200562650398030e+00 1.486046252332309803e-02
4.577896013848711846e+03 1.394711165072934911e+00 1.516992247840915145e-02
4.582473909862562323e+03 1.413003252097594364e+00 1.524880800688405494e-02
4.587056383772426670e+03 1.428370781193559536e+00 1.552665490767033384e-02
4.591643440156200086e+03 1.437694502407182995e+00 1.496604970962293023e-02
4.596235083596357981e+03 1.456518042650192468e+00 1.421688386749484639e-02
4.600831318679955984e+03 1.475238608637831961e+00 1.397300753294147477e-02
4.605432149998637215e+03 1.470500296296834764e+00 1.538694072917325302e-02
4.610037582148637739e+03 1.460039992113800977e+00 1.551742581025921698e-02
4.614647619730787483e+03 1.452990712060486578e+00 1.524630932291430770e-02
4.619262267350520233e+03 1.453470041196184726e+00 1.555475156953229493e-02
4.623881529617872729e+03 1.450878707252671207e+00 1.543477669670540592e-02
4.628505411147491941e+03 1.453780337614325457e+00 1.553899952271842883e-02
4.633133916558640522e+03 1.442307431200555490e+00 1.554936184107257729e-02
4.637767050475200449e+03 1.449245077648449564e+00 1.463201476628863892e-02
4.642404817525677572e+03 1.452567664080579357e+00 1.435004330937264885e-02
4.647047222343205249e+03 1.463124905578538471e+00 1.332539715320692902e-02
4.651694269565549803e+03 1.466107399782010656e+00 1.298791033834915780e-02
4.656345963835116891e+03 1.467288262142466992e+00 1.294251940486934073e-02
4.661002309798953320e+03 1.466870297890573438e+00 1.283358314572904599e-02
4.665663312108753416e+03 1.458867064930381652e+00 1.192548387429794021e-02
4.670328975420864481e+03 1.458294504149189263e+00 1.178982248692166286e-02
4.674999304396286789e+03 1.454713552720896308e+00 1.265789516875326023e-02
4.679674303700684504e+03 1.461142462712946566e+00 1.241099053853972171e-02
4.684353978004386590e+03 1.480769205398638544e+00 1.233471794156132048e-02
4.689038331982392265e+03 1.502685801396234755e+00 1.086635891156674701e-02
4.693727370314376458e+03 1.506871405314096801e+00 1.094372569839847063e-02
4.698421097684692540e+03 1.514666215175956232e+00 1.207285359291076360e-02
4.703119518782378691e+03 1.496476545043938122e+00 1.419049785107123242e-02
4.707822638301162442e+03 1.485139976303903708e+00 1.491269616169136995e-02
4.712530460939465229e+03 1.475453884931541282e+00 1.460208171323164328e-02
4.717242991400406027e+03 1.469826723875649721e+00 1.415986209597144482e-02
4.721960234391808626e+03 1.464762940405563540e+00 1.527950018148716005e-02
4.726682194626201635e+03 1.446046820950755318e+00 1.517010657469818405e-02
4.731408876820829391e+03 1.428427681877830535e+00 1.509609862740925353e-02
4.736140285697651962e+03 1.415721507652998978e+00 1.509533128278444172e-02
4.740876425983350600e+03 1.415831518948651224e+00 1.559854730061468499e-02
4.745617302409335934e+03 1.416646324417935476e+00 1.549018350751575450e-02
4.750362919711747054e+03 1.413860354836713906e+00 1.490476213825609950e-02
4.755113282631459697e+03 1.414694210355911475e+00 1.516136375931873004e-02
4.759868395914093526e+03 1.411143139285877313e+00 1.574601083695173140e-02
4.764628264310008490e+03 1.402121882896733229e+00 1.424747369065351883e-02
4.769392892574320285e+03 1.403168622506847374e+00 1.416691699808556894e-02
4.774162285466896719e+03 1.414146621057081221e+00 1.482755234157615183e-02
4.778936447752364984e+03 1.429306785011031922e+00 1.542503880929654500e-02
4.783715384200118933e+03 1.440908754119725410e+00 1.609565452415629913e-02
4.788499099584319993e+03 1.451111243764870551e+00 1.522025136161902527e-02
4.793287598683906253e+03 1.449313508916310722e+00 1.444896099424563575e-02
4.798080886282591564e+03 1.447407600349491341e+00 1.462457527512137437e-02
4.802878967168876443e+03 1.449730551233231024e+00 1.456589950001172494e-02
4.807681846136046261e+03 1.444400407938765563e+00 1.449339171048069468e-02
4.812489527982183972e+03 1.460773526928120347e+00 1.550006344118261270e-02
4.817302017510168298e+03 1.445045026691483825e+00 1.562374804885641351e-02
4.822119319527679181e+03 1.417676394366617965e+00 1.919574547261463163e-02
4.826941438847208701e+03 1.407305841177178607e+00 2.085879411431325672e-02
4.831768380286057436e+03 1.428717038425253216e+00 2.109136721826805616e-02
4.836600148666345376e+03 1.458358374838210736e+00 2.261010184148681129e-02
4.841436748815013743e+03 1.499723835656796345e+00 2.391717647033224023e-02
4.846278185563829538e+03 1.537605305751776230e+00 2.390935391763217635e-02
4.851124463749395545e+03 1.566996843478307033e+00 2.399529239731965080e-02
4.855975588213146693e+03 1.578948461876605869e+00 2.400145449375154505e-02
4.860831563801360971e+03 1.580143848983202925e+00 2.387741551755405423e-02
4.865692395365163975e+03 1.571013113460089539e+00 2.404745253155541468e-02
4.870558087760530725e+03 1.558690618479708245e+00 2.371837379177585067e-02
4.875428645848292945e+03 1.531668666214536678e+00 2.398292252663038887e-02
4.880304074494142696e+03 1.482755795801842913e+00 2.270641556089734309e-02
4.885184378568638749e+03 1.439230426221703940e+00 2.179573888659945211e-02
4.890069562947209306e+03 1.404247420113777123e+00 2.088127311856612447e-02
4.894959632510157462e+03 1.371208117026862183e+00 2.008426142384399718e-02
4.899854592142669389e+03 1.357377248443234707e+00 1.996200391349853623e-02
4.904754446734813428e+03 1.378687931204936712e+00 1.447156510312210854e-02
4.909659201181550088e+03 1.389968446533126567e+00 1.251309365835791623e-02
4.914568860382732964e+03 1.391579370490261036e+00 1.210796362229688006e-02
4.919483429243117826e+03 1.385697474378332350e+00 1.095343914774172221e-02
4.924402912672362618e+03 1.392738459933171358e+00 1.106667163299249711e-02
4.929327315585036558e+03 1.397944150742864711e+00 1.081867266545660788e-02
4.934256642900622865e+03 1.396713086129221404e+00 1.060428733735786257e-02
4.939190899543525120e+03 1.397533576415616485e+00 1.038925284892368121e-02
4.944130090443070912e+03 1.399946204301187436e+00 1.009236038575558186e-02
4.949074220533515472e+03 1.396683935480839134e+00 1.001469362277535198e-02
4.954023294754050767e+03 1.379722510198861718e+00 9.782936207842369072e-03
4.958977318048806410e+03 1.365644915346227783e+00 1.010978111480499708e-02
4.963936295366856939e+03 1.359005252378579609e+00 1.061095124737060011e-02
4.968900231662225451e+03 1.367263464233523518e+00 1.257093418911921917e-02
4.973869131893889062e+03 1.362875706364517381e+00 1.254011143724645914e-02
4.978843001025784361e+03 1.364090636043040039e+00 1.218086176468903548e-02
4.983821844026811959e+03 1.369444583667496884e+00 1.197147129332171503e-02
4.988805665870840130e+03 1.368407433119285699e+00 1.218494811300037742e-02
4.993794471536712990e+03 1.372772704695589541e+00 1.250721252159009943e-02
4.998788266008251412e+03 1.378815241156765126e+00 1.231742071763812507e-02
5.003787054274261209e+03 1.374354100287362268e+00 1.237150758500561894e-02
5.008790841328536771e+03 1.370683012146687751e+00 1.205971329884693299e-02
5.013799632169867436e+03 1.360065947347350868e+00 1.209170355155072922e-02
5.018813431802038394e+03 1.358447526688929985e+00 1.194063022785787388e-02
5.023832245233842514e+03 1.349217025601129771e+00 1.210996732499470055e-02
5.028856077479077612e+03 1.347897244533343919e+00 1.219261446973992497e-02
5.033884933556558281e+03 1.345849524178363232e+00 1.297474823181632084e-02
5.038918818490116792e+03 1.353150473401353970e+00 1.388186827848277710e-02
5.043957737308608557e+03 1.351037393903539385e+00 1.377798152422685281e-02
5.049001695045918495e+03 1.341019105485673935e+00 1.425915987807455619e-02
5.054050696740966487e+03 1.328063646578134138e+00 1.396267665672918518e-02
5.059104747437709193e+03 1.326073469386100490e+00 1.456091462064651801e-02
5.064163852185148244e+03 1.332966474507924381e+00 1.308308325543067543e-02
5.069228016037335692e+03 1.331194282139929408e+00 1.305281502483872542e-02
5.074297244053374015e+03 1.324986845947788039e+00 1.362792845657040744e-02
5.079371541297429758e+03 1.322255097691922732e+00 1.313733895588987434e-02
5.084450912838728073e+03 1.325053846229945265e+00 1.278315044863892122e-02
5.089535363751569093e+03 1.344995270263075415e+00 1.353635134146830704e-02
5.094624899115322478e+03 1.357245294410402758e+00 1.347897010221742534e-02
5.099719524014439230e+03 1.370612699436831949e+00 1.336371078399697411e-02
5.104819243538455339e+03 1.382645119647836207e+00 1.316315944657160675e-02
5.109924062781995417e+03 1.385758553065813636e+00 1.351615971567365730e-02
5.115033986844779065e+03 1.386569601920854877e+00 1.332698042673780871e-02
5.120149020831625421e+03 1.381196480603711141e+00 1.332663298103353537e-02
5.125269169852458617e+03 1.374977199640852410e+00 1.310700568740913452e-02
5.130394439022313236e+03 1.365857202762717604e+00 1.445908266032279454e-02
5.135524833461337039e+03 1.364890648332984346e+00 1.436061705459602648e-02
5.140660358294800062e+03 1.366470848720531706e+00 1.452982835717792943e-02
5.145801018653096435e+03 1.359676618675359716e+00 1.490932323490278336e-02
5.150946819671751655e+03 1.351114474253244380e+00 1.459819094061693030e-02
5.156097766491425318e+03 1.354093454910792582e+00 1.368767179037828213e-02
5.161253864257918394e+03 1.348125138591940164e+00 1.408670553653475210e-02
5.166415118122177773e+03 1.347772875005229132e+00 1.412400038337623294e-02
5.171581533240301724e+03 1.344281618598683892e+00 1.418435710732507578e-02
5.176753114773543530e+03 1.333340848664025469e+00 1.419350209114464065e-02
5.181929867888318768e+03 1.325584648270342836e+00 1.424221964374167149e-02
5.187111797756208944e+03 1.322155456972039955e+00 1.416392774989754313e-02
5.192298909553966951e+03 1.308755979492915777e+00 1.393859126710487832e-02
5.197491208463522526e+03 1.308598454652210252e+00 1.391489552195520653e-02
5.202688699671987706e+03 1.308545551689315856e+00 1.411419252370406906e-02
5.207891388371661378e+03 1.312487876865889858e+00 1.415679256783384729e-02
5.213099279760034733e+03 1.308929968157347190e+00 1.443146357177949382e-02
5.218312379039796724e+03 1.311922929975226415e+00 1.517881812556658681e-02
5.223530691418837705e+03 1.325971158018484530e+00 1.548331659663487389e-02
5.228754222110258524e+03 1.332509077364656624e+00 1.535707121248386028e-02
5.233982976332370527e+03 1.323201889179512314e+00 1.355679365297839112e-02
5.239216959308704645e+03 1.322134429273416956e+00 1.294127587932997550e-02
5.244456176268015042e+03 1.326249091105626388e+00 1.281291167370266285e-02
5.249700632444284565e+03 1.323322629640070192e+00 1.297308962539245672e-02
5.254950333076731113e+03 1.323558816453909159e+00 1.322153527141257945e-02
5.260205283409809454e+03 1.320482298502478447e+00 1.302274859678491381e-02
5.265465488693221232e+03 1.326526855701920971e+00 1.322132715269842655e-02
5.270730954181915877e+03 1.333357843720313518e+00 1.285923704040465784e-02
5.276001685136099695e+03 1.328261316687823212e+00 1.297105437490807603e-02
5.281277686821237694e+03 1.328851869213003800e+00 1.302671259941478102e-02
5.286558964508059944e+03 1.324547458472014716e+00 1.360772847142631414e-02
5.291845523472569766e+03 1.330950432246125636e+00 1.395821090262063316e-02
5.297137368996044643e+03 1.337925499924008887e+00 1.385227934624084015e-02
5.302434506365042580e+03 1.342232646938350982e+00 1.411643309503875059e-02
5.307736940871409388e+03 1.338036791257490865e+00 1.409574217090769389e-02
5.313044677812282316e+03 1.332774909136730468e+00 1.428711891736765029e-02
5.318357722490096421e+03 1.313532338549521672e+00 1.306358219721700034e-02
5.323676080212588204e+03 1.311180674393058077e+00 1.208442243330733190e-02
5.328999756292802886e+03 1.307495117750041569e+00 1.244240194951476940e-02
5.334328756049097137e+03 1.306855051758853081e+00 1.209579089534085390e-02
5.339663084805148173e+03 1.307830296372061607e+00 1.145792304614311891e-02
5.345002747889954662e+03 1.296833772977166399e+00 1.121286238979716209e-02
5.350347750637846730e+03 1.290287570141370299e+00 1.140232514683792338e-02
5.355698098388485960e+03 1.284387415315846104e+00 1.085996142870336752e-02
5.361053796486876308e+03 1.290918073771365027e+00 1.078801092675170034e-02
5.366414850283365013e+03 1.297342092991177864e+00 1.086768884311983992e-02
5.371781265133649867e+03 1.306553602554591409e+00 1.015033038571078010e-02
5.377153046398785591e+03 1.313133135050670086e+00 1.056513235931193923e-02
5.382530199445186554e+03 1.308127308917334641e+00 1.106980787240982936e-02
5.387912729644633146e+03 1.294151471514312535e+00 1.141504736273711573e-02
5.393300642374279960e+03 1.290233451168709022e+00 1.120170217671592403e-02
5.398693943016655794e+03 1.288481127984957730e+00 1.113599669959001656e-02
5.404092636959673655e+03 1.281866052813410484e+00 1.097945505203434639e-02
5.409496729596635305e+03 1.274205458078523368e+00 1.087836392781972757e-02
5.414906226326233991e+03 1.279486040904482369e+00 1.094352896697872897e-02
5.420321132552561721e+03 1.277432171423652063e+00 1.110163202689869524e-02
5.425741453685116539e+03 1.276957604005417579e+00 1.135562546918097472e-02
5.431167195138803436e+03 1.277971503923878815e+00 1.190547730046842556e-02
5.436598362333943442e+03 1.281805794803751564e+00 1.263373916917414491e-02
5.442034960696279086e+03 1.284976867086369490e+00 1.222542242573605026e-02
5.447476995656978033e+03 1.265199277174889003e+00 1.764977520478662465e-02
5.452924472652636723e+03 1.250956476721928112e+00 1.775333668606646903e-02
5.458377397125291282e+03 1.254679746068712021e+00 1.855658954791078452e-02
5.463835774522417523e+03 1.245148344071962843e+00 1.854174039739013222e-02
5.469299610296941864e+03 1.232749092544507707e+00 1.848229502215977677e-02
5.474768909907241323e+03 1.231822991660890265e+00 1.937129396484033039e-02
5.480243678817149885e+03 1.229455868421332365e+00 1.947837815814382201e-02
5.485723922495968509e+03 1.226211033647026216e+00 1.988561486139901052e-02
5.491209646418466946e+03 1.215227003914414849e+00 1.995792017368384907e-02
5.496700856064887375e+03 1.217444734172828280e+00 2.007484641241461323e-02
5.502197556920953502e+03 1.228906272905847974e+00 2.010866557274594568e-02
5.507699754477876013e+03 1.258223804252892819e+00 2.267004468493336727e-02
5.513207454232356213e+03 1.264493632125564648e+00 2.251359306880199723e-02
5.518720661686590574e+03 1.269174586471531141e+00 2.579114636877369998e-02
5.524239382348278923e+03 1.282167133847734508e+00 2.719983795020800704e-02
5.529763621730628984e+03 1.280723324939253116e+00 2.749834855476526382e-02
5.535293385352360929e+03 1.269781552773712630e+00 2.659720427625403630e-02
5.540828678737715563e+03 1.242964867670739437e+00 2.860863194965019077e-02
5.546369507416455235e+03 1.217675488537401485e+00 3.076560019703365734e-02
5.551915876923872929e+03 1.179361329318854512e+00 2.591180686341061634e-02
5.557467792800798634e+03 1.162790519792739286e+00 2.570287117550159109e-02
5.563025260593602070e+03 1.159800694677785682e+00 2.554019469526711342e-02
5.568588285854197238e+03 1.166435703646937272e+00 2.606592229302718070e-02
5.574156874140053333e+03 1.182941931803255686e+00 2.652213396716536498e-02
5.579731031014194741e+03 1.232322138869599959e+00 2.449771301217400915e-02
5.585310762045211050e+03 1.272581211311738958e+00 2.466757799460345124e-02
5.590896072807257951e+03 1.301474038911248465e+00 2.432871518789520709e-02
5.596486968880067252e+03 1.326277116658932886e+00 2.369766132707461920e-02
5.602083455848949598e+03 1.334838326388442464e+00 2.408040836870196585e-02
5.607685539304799931e+03 1.320552397078852191e+00 2.431403561935625846e-02
5.613293224844106589e+03 1.304550248178872218e+00 2.505300583282868074e-02
5.618906518068952209e+03 1.262853302819114232e+00 2.285130968862655529e-02
5.624525424587023736e+03 1.220993633649352539e+00 2.021842385537228962e-02
5.630149950011612418e+03 1.221486047476094683e+00 1.727340729471084357e-02
5.635780099961625638e+03 1.210683516150069750e+00 1.850527867091417145e-02
5.641415880061589633e+03 1.207182449867354679e+00 2.031479247943787994e-02
5.647057295941652228e+03 1.195418690050639388e+00 2.016352785780227766e-02
5.652704353237596479e+03 1.172154242584385830e+00 2.034214985289188940e-02
5.658357057590835211e+03 1.187218601860139389e+00 1.999702371534227419e-02
5.664015414648428305e+03 1.214898753534643383e+00 2.221938814352503178e-02
5.669679430063079053e+03 1.225908986758018626e+00 2.232708153010720328e-02
5.675349109493143260e+03 1.240789171888776021e+00 2.227693311145100691e-02
5.681024458602638333e+03 1.243884346495498949e+00 2.193238536123862104e-02
5.686705483061243285e+03 1.252595896643906137e+00 2.200661745614347284e-02
5.692392188544306009e+03 1.255300306500207741e+00 2.232136724871978256e-02
5.698084580732852373e+03 1.245762703408714422e+00 2.226838362119753015e-02
5.703782665313587131e+03 1.243452772161131925e+00 2.241407013868383646e-02
5.709486447978903016e+03 1.260257298997771835e+00 2.303195577272248648e-02
5.715195934426883468e+03 1.255714804945276875e+00 2.358696472064847338e-02
5.720911130361312644e+03 1.256674987078000072e+00 2.408634865636907763e-02
5.726632041491675409e+03 1.250303105976869666e+00 2.439731426203323172e-02
5.732358673533169167e+03 1.238813117754113069e+00 2.401923148770843119e-02
5.738091032206703858e+03 1.229217504241885583e+00 2.412805926228395875e-02
5.743829123238912871e+03 1.214379073062415770e+00 2.465609007248114118e-02
5.749572952362153046e+03 1.229729354527433260e+00 2.259474587980440582e-02
5.755322525314517407e+03 1.203913782786884656e+00 2.290673371890278309e-02
5.761077847839834249e+03 1.173560977944254846e+00 2.121469567234201756e-02
5.766838925687675328e+03 1.161825669126008043e+00 2.048835835648183529e-02
5.772605764613364954e+03 1.178359255947931228e+00 2.043943327061027021e-02
5.778378370377980900e+03 1.178835269847583023e+00 1.987595932851975861e-02
5.784156748748360769e+03 1.189567687669296436e+00 1.978519088791918373e-02
5.789940905497111089e+03 1.200926598951756130e+00 2.016746823779331371e-02
5.795730846402610041e+03 1.236348743197630773e+00 2.004311414766983546e-02
5.801526577249013826e+03 1.259731706835806930e+00 2.069046986136622787e-02
5.807328103826264851e+03 1.257413101408863199e+00 2.577614582281090999e-02
5.813135431930093546e+03 1.258497544042466831e+00 2.561851624304412045e-02
5.818948567362025642e+03 1.276033700739619858e+00 2.609781041894369824e-02
5.824767515929389447e+03 1.274405415393498497e+00 2.536838471937355455e-02
5.830592283445320390e+03 1.275197394367086901e+00 2.638773936903725942e-02
5.836422875728768304e+03 1.276030335334573218e+00 2.602461700736522984e-02
5.842259298604498326e+03 1.252438753450530129e+00 2.601817159005575739e-02
5.848101557903105459e+03 1.209637032826478942e+00 2.822817175137217263e-02
5.853949659461010015e+03 1.193421151556988580e+00 2.834649977967825321e-02
5.859803609120473084e+03 1.189943688513211306e+00 2.733469465221871966e-02
5.865663412729595620e+03 1.155109263540096132e+00 2.691535137021007149e-02
5.871529076142326630e+03 1.126511751255694138e+00 2.711179080623461399e-02
5.877400605218471355e+03 1.114274461533446559e+00 2.735562097176779534e-02
5.883278005823691274e+03 1.129360579563123634e+00 2.800380243445596898e-02
5.889161283829516833e+03 1.129901684274476681e+00 2.829734941815085711e-02
5.895050445113348360e+03 1.143849639888328440e+00 2.811723976179667309e-02
5.900945495558464245e+03 1.162126053830821792e+00 2.803738213374767571e-02
5.906846441054024581e+03 1.191579919611366778e+00 2.649199492935818551e-02
5.912753287495080258e+03 1.222177941847212512e+00 2.586236790454081794e-02
5.918666040782577511e+03 1.205899799560595120e+00 2.175147619421516354e-02
5.924584706823361557e+03 1.204553569709818861e+00 2.109572532838599121e-02
5.930509291530187511e+03 1.196389197038815855e+00 2.099282462082128695e-02
5.936439800821719473e+03 1.185998156156623295e+00 2.134956500686726807e-02
5.942376240622543264e+03 1.177300390776587324e+00 2.175633913465330541e-02
5.948318616863167335e+03 1.173117053719532787e+00 2.017164049304366602e-02
5.954266935480032771e+03 1.177441924962427944e+00 2.080521537397982124e-02
5.960221202415515108e+03 1.169089517835556702e+00 2.089508823697229858e-02
5.966181423617932523e+03 1.164985194593473272e+00 1.994293374704132760e-02
5.972147605041552197e+03 1.178822634385164658e+00 2.070976389474040238e-02
5.978119752646595771e+03 1.168500959410174067e+00 2.133906904564131582e-02
5.984097872399243897e+03 1.154928528196577542e+00 2.132250649779841856e-02
5.990081970271645332e+03 1.155749405011390563e+00 2.154327596208275089e-02
5.996072052241918755e+03 1.168935483320022506e+00 2.087217196165647853e-02
6.002068124294162772e+03 1.152141930166882933e+00 2.134815351406382095e-02
6.008070192418459555e+03 1.151867236415934359e+00 2.176584382354682795e-02
6.014078262610879392e+03 1.149095251385744421e+00 2.171311038137024516e-02
6.020092340873492503e+03 1.137853631972538970e+00 2.228202018578561219e-02
6.026112433214368139e+03 1.149431559306885342e+00 2.241696629016712294e-02
6.032138545647584579e+03 1.162604095633771983e+00 2.240138586302847096e-02
6.038170684193233683e+03 1.182632254378504388e+00 2.325440643022725490e-02
6.044208854877429076e+03 1.184025837623791766e+00 2.349524749861330378e-02
6.050253063732308874e+03 1.179917759323146464e+00 2.454873469858794358e-02
6.056303316796042964e+03 1.172153888354786400e+00 2.428102210462381935e-02
6.062359620112841185e+03 1.166428470102558235e+00 2.430394184555532272e-02
6.068421979732956061e+03 1.156508657734254708e+00 2.476162244344465302e-02
6.074490401712690982e+03 1.164674006308875187e+00 2.449248386450189260e-02
6.080564892114405666e+03 1.159554017034706952e+00 2.366734839265785539e-02
6.086645457006521610e+03 1.167071064225091437e+00 2.365440547264787211e-02
6.092732102463530282e+03 1.173506285043743436e+00 2.208745287487706016e-02
6.098824834565995843e+03 1.166542442109804512e+00 2.289296670489092064e-02
6.104923659400564247e+03 1.186167915268148354e+00 2.319739452248203299e-02
6.111028583059966877e+03 1.189673901213814000e+00 2.321286497445065877e-02
6.117139611643028729e+03 1.192755811828646095e+00 2.322968753096105524e-02
6.123256751254673873e+03 1.195999038614199428e+00 2.219562568220817544e-02
6.129380008005929994e+03 1.204925749341012819e+00 2.234588374225600360e-02
6.135509388013938405e+03 1.182800739237069410e+00 2.238949960334037786e-02
6.141644897401954040e+03 1.170013100166269693e+00 2.224874428159697229e-02
6.147786542299358189e+03 1.133573718626000870e+00 2.423437764665018271e-02
6.153934328841659408e+03 1.130492949415491166e+00 2.442564351087741711e-02
6.160088263170503524e+03 1.118841741621339869e+00 2.410340824126038992e-02
6.166248351433675452e+03 1.105782354287843772e+00 2.358037145784750918e-02
6.172414599785111022e+03 1.104806605784023565e+00 2.312272331638219949e-02
6.178587014384898794e+03 1.105729453511150817e+00 2.279811504951692949e-02
6.184765601399285515e+03 1.106807897181922629e+00 2.242455355388790067e-02
6.190950367000687038e+03 1.109453116690920504e+00 2.146818151713984074e-02
6.197141317367689226e+03 1.115637263725958839e+00 2.167074319721166639e-02
6.203338458685059777e+03 1.130875139712954169e+00 2.221276914248752204e-02
6.209541797143746408e+03 1.129938450671266192e+00 2.488335946439085289e-02
6.215751338940892310e+03 1.119036893108230846e+00 2.415597540939905946e-02
6.221967090279835247e+03 1.135768223536200106e+00 2.365455036913608616e-02
6.228189057370116643e+03 1.129459613291828646e+00 2.316253019071283850e-02
6.234417246427488863e+03 1.125752674886129068e+00 2.314514080171057794e-02
6.240651663673918847e+03 1.114667447171546311e+00 2.291209834873417228e-02
6.246892315337594482e+03 1.108477250268241843e+00 2.282422204523122666e-02
6.253139207652934601e+03 1.092640481030119348e+00 2.388414007190246130e-02
6.259392346860589896e+03 1.091137575579883334e+00 2.373321795740061108e-02
6.265651739207452010e+03 1.087778287941562283e+00 2.283954786785109478e-02
6.271917390946661726e+03 1.098631253734764668e+00 2.267966361599168049e-02
6.278189308337610782e+03 1.095118471597719800e+00 2.260507693184015537e-02
6.284467497645950061e+03 1.086833703100000825e+00 2.254494082931439783e-02
6.290751965143597772e+03 1.086388624158830085e+00 2.264119616821921865e-02
6.297042717108744000e+03 1.092626702234035241e+00 2.220434806935297350e-02
6.303339759825854344e+03 1.082769006518716770e+00 2.291504900054201418e-02
6.309643099585682648e+03 1.067619189954470249e+00 2.433730492734739390e-02
6.315952742685270096e+03 1.063967348340217001e+00 2.463953247960460127e-02
6.322268695427957937e+03 1.045188167171940297e+00 2.481996180540797792e-02
6.328590964123387494e+03 1.030177190608979387e+00 2.344869777235519467e-02
6.334919555087512890e+03 1.016106193319659790e+00 2.116204277743057374e-02
6.341254474642602872e+03 1.006350668082042654e+00 2.123202004614733671e-02
6.347595729117247174e+03 1.008346997230091358e+00 2.170319468858305026e-02
6.353943324846366522e+03 1.008072347375427613e+00 2.122301973910214329e-02
6.360297268171215364e+03 1.012269784857728450e+00 2.101100388985518985e-02
6.366657565439388236e+03 1.011136758199093988e+00 2.086510748816518962e-02
6.373024223004829764e+03 1.005189809076539209e+00 1.987820556887535256e-02
6.379397247227837397e+03 1.004919659505315810e+00 1.935445069397299239e-02
6.385776644475066860e+03 1.012247368459285868e+00 1.861842618444831468e-02
6.392162421119543978e+03 1.023620577069506599e+00 1.816331704329984462e-02
6.398554583540665590e+03 1.025966843033838005e+00 1.795871766882800938e-02
6.404953138124208635e+03 1.030864212245600431e+00 1.818585300470052651e-02
6.411358091262334710e+03 1.032832998695939031e+00 1.767173800595930183e-02
6.417769449353599157e+03 1.019434186857647529e+00 1.861354608660825694e-02
6.424187218802954703e+03 1.011114870789321607e+00 1.823316667158472390e-02
6.430611406021760558e+03 1.006771726371638476e+00 1.770130508951426457e-02
6.437042017427784231e+03 1.000202306148621600e+00 1.587034633915688012e-02
6.443479059445214261e+03 9.807188440807061980e-01 1.504296148584690490e-02
6.449922538504661134e+03 9.696086508960481964e-01 1.470648374047430970e-02
6.456372461043168187e+03 9.768355211231752877e-01 1.466420582774177056e-02
6.462828833504213435e+03 9.697097419635976046e-01 1.444175174816631976e-02
6.469291662337719572e+03 9.692689638819840248e-01 1.383035449478597564e-02
6.475760954000059428e+03 9.585077713286715984e-01 1.414669535923563509e-02
6.482236714954061426e+03 9.579529642544684087e-01 1.447950204916068073e-02
6.488718951669017770e+03 9.744419518364758614e-01 1.488293741950232757e-02
6.495207670620688987e+03 1.011132244475581476e+00 2.650433428960698862e-02
6.501702878291312118e+03 1.020864920103751627e+00 3.764970398111765204e-02
6.508204581169605262e+03 9.376932312271981651e-01 6.316068316822454065e-02
6.514712785750777584e+03 9.137446881782835817e-01 6.816042072185379830e-02
6.521227498536530220e+03 9.864722926183415730e-01 6.624619086586468197e-02
6.527748726035069012e+03 1.125201639605380111e+00 6.948685781965774355e-02
6.534276474761106329e+03 1.288061604944123362e+00 7.600602435053313566e-02
6.540810751235869247e+03 1.434625074816164414e+00 7.926438074540070877e-02
6.547351561987107743e+03 1.572237319329181648e+00 7.768369510891129370e-02
6.553898913549096505e+03 1.657625857297847505e+00 7.568282118587248142e-02
6.560452812462647671e+03 1.689609685207990930e+00 7.443953165626562840e-02
6.567013265275112644e+03 1.664376652792953770e+00 7.485913802301662201e-02
6.573580278540390282e+03 1.583335149755069615e+00 7.737136442450222307e-02
6.580153858818932349e+03 1.474368681179422325e+00 7.831650764041268864e-02
6.586734012677753526e+03 1.322585758456926497e+00 7.715980656200127630e-02
6.593320746690433225e+03 1.167328335733537115e+00 7.293194471795730327e-02
6.599914067437126505e+03 1.021191379461360738e+00 6.765588402644878707e-02
6.606513981504565891e+03 9.247687175958883010e-01 6.546851529561274752e-02
6.613120495486072286e+03 8.898559463760733479e-01 6.646130665436709994e-02
6.619733615981560433e+03 9.416576916349075344e-01 5.632115548916893227e-02
6.626353349597544366e+03 1.030800438139855446e+00 2.653795907967389581e-02
6.632979702947143778e+03 9.999097573632684810e-01 1.861566368698933452e-02
6.639612682650093120e+03 9.656306101665467212e-01 1.719652071784422490e-02
6.646252295332745234e+03 9.579475492829679917e-01 1.659800334214263373e-02
6.652898547628080451e+03 9.527365686452443638e-01 1.629838631407945840e-02
6.659551446175711135e+03 9.500223038170585443e-01 1.648608615516024278e-02
6.666210997621888964e+03 9.469418139168860327e-01 1.503195069456078094e-02
6.672877208619513112e+03 9.481948824943018383e-01 1.546180293141527322e-02
6.679550085828134797e+03 9.383704568689706926e-01 1.687653001170762862e-02
6.686229635913964557e+03 9.408397845825567929e-01 1.719301310703131788e-02
6.692915865549881346e+03 9.380648721243193267e-01 1.673721052203640952e-02
6.699608781415433441e+03 9.332039270730090319e-01 1.685004891090048640e-02
6.706308390196851178e+03 9.329963130185159326e-01 1.681078931909288365e-02
6.713014698587049679e+03 9.272202381189589282e-01 1.706126939878731957e-02
6.719727713285638856e+03 9.275155492006563751e-01 1.770751742211972013e-02
6.726447440998927050e+03 9.109010354730726622e-01 1.762219252737984992e-02
6.733173888439928305e+03 9.064658611617892880e-01 1.797471000699280355e-02
6.739907062328370557e+03 9.070597198632556202e-01 1.829580370800531694e-02
6.746646969390701088e+03 9.165829105745691985e-01 1.877583745328136738e-02
6.753393616360093802e+03 9.443193843294860335e-01 1.767916096922043587e-02
6.760147009976456502e+03 9.507555131334812781e-01 1.794638552265907100e-02
6.766907156986434529e+03 9.502327593048215393e-01 1.768690116658715866e-02
6.773674064143423493e+03 9.577403689038507251e-01 1.787789928522150185e-02
6.780447738207569273e+03 9.536388780385085528e-01 1.828648397066195974e-02
6.787228185945778932e+03 9.453279308382054325e-01 1.781537676104490500e-02
6.794015414131727084e+03 9.496441649837591426e-01 1.846942895779126598e-02
6.800809429545861349e+03 9.407259478379448314e-01 1.917767560399177840e-02
6.807610238975408720e+03 9.524044311045264388e-01 1.954386226258410936e-02
6.814417849214386479e+03 9.523699651431803970e-01 1.853209691642934698e-02
6.821232267063603103e+03 9.411228530166040329e-01 1.795773863945720680e-02
6.828053499330669183e+03 9.429384288813702497e-01 1.821102099909431907e-02
6.834881552830001965e+03 9.404215998852861746e-01 1.801472334338151057e-02
6.841716434382834450e+03 9.376498476009491601e-01 1.815414145294730677e-02
6.848558150817219939e+03 9.455567788243310900e-01 1.723430234357185495e-02
6.855406708968039311e+03 9.378221485014657244e-01 1.694247551596205978e-02
6.862262115677009206e+03 9.276200429492165167e-01 1.675455358391265970e-02
6.869124377792688392e+03 9.197168261023629388e-01 1.611482202138902337e-02
6.875993502170483225e+03 9.179378802526254599e-01 1.586223758849765117e-02
6.882869495672656740e+03 9.241924731118126290e-01 1.583486502936046550e-02
6.889752365168331380e+03 9.201531236299025363e-01 1.571540647037719327e-02
6.896642117533501732e+03 9.220402921011333630e-01 1.525361964312325382e-02
6.903538759651037253e+03 9.104973394177127144e-01 1.526277699421514471e-02
6.910442298410691365e+03 8.922265808931958420e-01 1.563682316268488054e-02
6.917352740709104182e+03 8.820216017770499128e-01 1.551497908014750488e-02
6.924270093449815249e+03 8.805326942816201763e-01 1.618422885779541298e-02
6.931194363543267173e+03 8.567921610832703871e-01 1.527382151506908453e-02
6.938125557906812901e+03 8.668717957773526273e-01 1.495500373054758740e-02
6.945063683464722089e+03 8.707502860856208837e-01 1.517679164993292022e-02
6.952008747148189286e+03 8.735215837666623351e-01 1.496361442862075876e-02
6.958960755895339389e+03 8.908521093120589374e-01 1.525473917348905799e-02
6.965919716651237650e+03 8.880055880805561852e-01 1.598781632335837324e-02
6.972885636367890584e+03 8.928378885540532162e-01 1.623389499507407394e-02
6.979858522004260521e+03 9.086606062520334870e-01 1.589135709385797873e-02
6.986838380526267429e+03 9.193611765635792965e-01 1.603137476963953367e-02
6.993825218906796181e+03 9.217188928249591129e-01 1.612183038460111503e-02
7.000819044125705659e+03 9.103623622507596158e-01 1.620123719644581822e-02
7.007819863169833297e+03 9.056344050865529072e-01 1.594483797047378110e-02
7.014827683033005087e+03 9.102883082227580802e-01 1.593086099001326389e-02
7.021842510716041033e+03 9.097755649094939612e-01 1.567340769411026263e-02
7.028864353226758794e+03 9.129473726708108305e-01 1.577732402701033376e-02
7.035893217579988232e+03 9.062763428744374794e-01 1.552203464766945679e-02
7.042929110797570502e+03 9.008472741303219511e-01 1.549643612200929735e-02
7.049972039908370789e+03 9.038547142976527393e-01 1.532084623230647175e-02
7.057022011948281033e+03 9.043102544920508246e-01 1.559085570287514939e-02
7.064079033960231754e+03 8.953498365345666787e-01 1.419096740866347857e-02
7.071143112994193871e+03 9.019080903873011312e-01 1.558435059701597340e-02
7.078214256107190522e+03 9.010012104883181605e-01 1.540093808760259302e-02
7.085292470363300708e+03 8.974495797657555674e-01 1.512523777043296193e-02
7.092377762833665656e+03 8.873073560246057534e-01 1.565174724562594377e-02
7.099470140596501551e+03 8.720177692427255600e-01 1.479326772410290147e-02
7.106569610737100447e+03 8.685187583861145866e-01 1.429698976042570631e-02
7.113676180347840273e+03 8.733298819302396376e-01 1.454867170156516967e-02
7.120789856528190285e+03 8.710907869892495770e-01 1.486297819720354581e-02
7.127910646384721076e+03 8.711663974462271476e-01 1.475628172501758026e-02
7.135038557031108212e+03 8.842666217273611462e-01 1.618342854202148295e-02
7.142173595588141325e+03 8.896917115919764640e-01 1.573163131481328941e-02
7.149315769183732300e+03 9.013709731082278909e-01 1.595111755236857873e-02
7.156465084952918005e+03 9.047350447524942219e-01 1.624203679576619735e-02
7.163621550037873021e+03 9.092101886383063825e-01 1.721125078739881020e-02
7.170785171587913283e+03 8.981939100215025062e-01 1.900788746787940298e-02
7.177955956759504261e+03 9.017737953561016928e-01 1.916884219302385575e-02
7.185133912716265513e+03 8.940318126961677159e-01 1.919829991285679216e-02
7.192319046628984324e+03 8.890740107029929673e-01 1.948244212630152392e-02
7.199511365675615707e+03 8.839962939550951582e-01 1.901852699948169273e-02
7.206710877041294225e+03 8.743747373934697142e-01 1.919288763763493666e-02
7.213917587918337631e+03 8.731915286625050454e-01 1.807031862768249467e-02
7.221131505506257781e+03 8.834357640794245903e-01 1.887755021531819372e-02
7.228352637011767001e+03 8.652172075374678917e-01 1.975581285373546880e-02
7.235580989648780815e+03 8.470344734383303820e-01 1.996434515653334324e-02
7.242816570638432495e+03 8.469724818706618752e-01 1.984447051431286607e-02
7.250059387209073066e+03 8.499107208188232399e-01 2.052048984725793335e-02
7.257309446596284033e+03 8.369423472685719734e-01 1.954458831482191322e-02
7.264566756042882844e+03 8.383099441516504990e-01 2.016208290792801186e-02
7.271831322798928340e+03 8.551720950218911765e-01 1.919262150247837487e-02
7.279103154121729858e+03 8.619122937344696478e-01 1.930949729073510104e-02
7.286382257275853590e+03 8.754540855032809654e-01 1.894779611387585605e-02
7.293668639533132591e+03 8.753224251218325591e-01 1.864221081711855618e-02
7.300962308172667690e+03 8.765778461742840255e-01 1.871402160397088801e-02
7.308263270480842948e+03 8.728270703934606356e-01 1.759490745732934791e-02
7.315571533751325660e+03 8.640914352351614092e-01 1.677226475488015692e-02
7.322887105285079997e+03 8.539502668518472728e-01 1.634350258262023958e-02
7.330209992390367006e+03 8.557347946195557054e-01 1.648256256932744898e-02
7.337540202382760071e+03 8.520639741050473059e-01 1.601056368248077871e-02
7.344877742585144915e+03 8.538395780878201835e-01 1.649601689206559377e-02
7.352222620327733239e+03 8.517134104598472755e-01 1.640579452901063523e-02
7.359574842948062724e+03 8.696226987039233913e-01 1.478828059110511191e-02
7.366934417791013402e+03 8.787273398801478397e-01 1.384800731085643680e-02
7.374301352208806748e+03 8.777070940721751757e-01 1.340833130312100822e-02
7.381675653561018407e+03 8.743575192932082629e-01 1.332421505749313215e-02
7.389057329214581841e+03 8.768159796318537591e-01 1.274069221774685318e-02
7.396446386543798326e+03 8.603472302348920131e-01 1.199852454736697292e-02
7.403842832930345139e+03 8.516258475633929903e-01 1.188601815250443089e-02
7.411246675763277381e+03 8.355994591004601846e-01 1.040844215633623601e-02
7.418657922439043432e+03 8.211255054647478291e-01 1.264122398208609131e-02
7.426076580361484957e+03 8.223997044184443439e-01 1.345210851774442801e-02
7.433502656941848727e+03 8.331847176748976569e-01 1.443017762994033837e-02
7.440936159598792983e+03 8.316685325588006883e-01 1.463966009754362994e-02
7.448377095758394717e+03 8.345984406816983059e-01 1.430820901491117007e-02
7.455825472854155123e+03 8.346744198392274106e-01 1.432256510127395514e-02
7.463281298327012337e+03 8.249429312162274153e-01 1.422830693329596267e-02
7.470744579625341430e+03 8.351840246316535321e-01 1.467873963890268738e-02
7.478215324204968965e+03 8.285772010779710595e-01 1.466158739397204445e-02
7.485693539529176633e+03 8.239126158068632577e-01 1.548238532977485801e-02
7.493179233068708527e+03 8.118532030888835349e-01 1.687192501820309817e-02
7.500672412301779332e+03 7.945828166482316046e-01 1.777081409505618798e-02
7.508173084714083416e+03 7.814786013051749913e-01 1.897530590690611058e-02
7.515681257798800289e+03 7.736376784779599447e-01 1.873229879456752428e-02
7.523196939056601877e+03 7.877587496078201079e-01 2.012889189012965693e-02
7.530720135995660712e+03 7.975296967458527231e-01 2.065795875752866190e-02
7.538250856131659020e+03 7.961162914904652554e-01 2.071518358257662049e-02
7.545789106987793275e+03 8.034782550048950034e-01 2.096317799775072183e-02
7.553334896094783289e+03 8.001184676451067457e-01 2.101660105396571665e-02
7.560888230990880402e+03 7.789314085696643630e-01 2.062401187121646814e-02
7.568449119221873843e+03 7.826618888628291693e-01 1.988374147891414090e-02
7.576017568341098013e+03 7.739074877734668512e-01 1.968124418818783389e-02
7.583593585909441572e+03 7.626914041356499530e-01 1.957638049827249704e-02
7.591177179495353812e+03 7.561864365744642713e-01 1.930281732121417668e-02
7.598768356674851930e+03 7.543132036731530210e-01 2.050041920045327093e-02
7.606367125031529213e+03 7.348183923427088482e-01 2.126772787419834235e-02
7.613973492156563225e+03 7.355067710266594005e-01 2.077754719289333016e-02
7.621587465648722173e+03 7.516129770882767902e-01 2.065758686104523026e-02
7.629209053114373091e+03 7.731097343204489380e-01 2.066841153063568234e-02
7.636838262167490029e+03 7.798151057111769591e-01 2.064586358534123769e-02
7.644475100429660415e+03 7.959587884601736496e-01 1.865463685465701058e-02
7.652119575530092334e+03 7.814448731261702807e-01 1.683123758430874958e-02
7.659771695105625440e+03 7.734874900478998505e-01 1.776389771868529949e-02
7.667431466800733688e+03 7.832208667539386493e-01 1.841179047681645864e-02
7.675098898267536242e+03 7.884581711059577280e-01 1.798310346863543630e-02
7.682773997165806577e+03 7.698819867619121071e-01 1.817645760422222784e-02
7.690456771162975201e+03 7.618267459974299438e-01 1.839216423984596158e-02
7.698147227934140574e+03 7.478515608880415000e-01 1.834823039320344212e-02
7.705845375162077289e+03 7.436530942815513523e-01 1.845044878993322077e-02
7.713551220537241534e+03 7.439672467984254078e-01 1.869676891145589590e-02
7.721264771757782000e+03 7.443159354977703090e-01 1.899942785100514411e-02
7.728986036529541707e+03 7.402693301376460644e-01 1.916766107853231857e-02
7.736715022566074367e+03 7.440569454252232706e-01 1.915935051180457302e-02
7.744451737588642573e+03 7.446266229865499131e-01 1.909299719165875528e-02
7.752196189326234162e+03 7.273124915320570150e-01 1.722040366734417516e-02
7.759948385515562222e+03 7.283833850857881487e-01 1.698928095137955396e-02
7.767708333901080550e+03 7.247032349088650127e-01 1.686388747737855784e-02
7.775476042234984561e+03 7.314178613700497156e-01 1.695192931528855668e-02
7.783251518277222203e+03 7.346364213757593520e-01 1.738235022600555929e-02
7.791034769795502143e+03 7.417614471637654638e-01 1.726135769953635393e-02
7.798825804565300132e+03 7.548891414042210313e-01 1.835116031075649523e-02
7.806624630369868100e+03 7.507101621605395403e-01 1.873619652856499743e-02
7.814431255000240526e+03 7.725568228130516024e-01 1.766696013642501603e-02
7.822245686255242617e+03 7.821863740637984286e-01 1.788091245073735944e-02
7.830067931941501229e+03 7.834924259305333649e-01 1.772514360130495598e-02
7.837897999873444860e+03 7.742765255289260073e-01 1.771702748254531251e-02
7.845735897873320937e+03 7.621457414559577037e-01 1.698901577140411734e-02
7.853581633771196721e+03 7.542120654512485256e-01 1.793391771657142780e-02
7.861435215404970222e+03 7.606914777632031166e-01 1.944443583362651801e-02
7.869296650620378387e+03 7.637965689173966677e-01 1.966825366794858199e-02
7.877165947271001642e+03 7.692395080112511829e-01 2.121664473223095967e-02
7.885043113218274812e+03 7.702141142327437739e-01 2.110136754254069227e-02
7.892928156331495302e+03 7.506167582443871167e-01 2.147673142810501562e-02
7.900821084487829467e+03 7.434298955314010415e-01 2.188076744909115551e-02
7.908721905572319884e+03 7.318306903909226335e-01 2.234016650049524405e-02
7.916630627477895359e+03 7.187087199997186371e-01 2.241115253671941213e-02
7.924547258105375477e+03 7.094835373712115034e-01 2.239075623241204224e-02
7.932471805363483327e+03 6.965524671018082925e-01 2.199730227809969935e-02
7.940404277168850058e+03 6.823677166958433959e-01 2.216511773505078914e-02
7.948344681446021241e+03 6.838044980478286128e-01 2.214129906362318281e-02
7.956293026127469602e+03 6.853825180777829429e-01 2.286505862578094503e-02
7.964249319153599572e+03 6.991256119591224838e-01 2.160251740484875338e-02
7.972213568472756378e+03 7.009323742220072706e-01 2.204643763454212230e-02
7.980185782041231505e+03 7.210303997798015452e-01 2.172974979990390659e-02
7.988165967823275423e+03 7.163699280230830801e-01 2.229382444748502154e-02
7.996154133791101231e+03 7.237082913677695961e-01 2.242889660898043924e-02
8.004150287924895565e+03 7.153317291624503582e-01 2.168085815480647743e-02
8.012154438212822242e+03 7.273454439361112245e-01 2.143633495339171413e-02
8.020166592651037718e+03 7.314805857277631995e-01 2.175987518705259360e-02
8.028186759243691995e+03 7.456539372390436071e-01 2.054200766728463134e-02
8.036214946002938632e+03 7.352045107906139965e-01 1.999976293423576940e-02
8.044251160948943834e+03 7.315306303391040377e-01 2.046702611446578682e-02
8.052295412109895551e+03 7.363611383719941283e-01 2.004105775165129083e-02
8.060347707522008022e+03 7.407723244940459528e-01 2.027398636146357860e-02
8.068408055229532692e+03 7.423231161755849961e-01 2.039490023860991708e-02
8.076476463284764577e+03 7.484855011965443339e-01 2.018594754165655217e-02
8.084552939748052268e+03 7.563248484652752568e-01 2.025938161584087821e-02
8.092637492687803388e+03 7.319676087878081994e-01 2.057454160206546173e-02
8.100730130180493688e+03 7.338376111584637984e-01 2.060713173661420095e-02
8.108830860310677053e+03 7.268246878172315295e-01 2.072923590035757185e-02
8.116939691170990045e+03 7.230367582536175730e-01 2.050418760282785718e-02
8.125056630862163729e+03 7.101172538380885468e-01 2.073289883647604082e-02
8.133181687493028221e+03 7.063943196668298619e-01 2.009511995672869783e-02
8.141314869180524511e+03 6.839146280279951862e-01 1.879584171135081222e-02
8.149456184049707190e+03 6.842305303870941380e-01 2.013044117837929636e-02
8.157605640233759914e+03 6.755626068242123194e-01 2.016254947227424585e-02
8.165763245873996311e+03 6.642180908605442857e-01 2.078525491723346927e-02
8.173929009119872717e+03 6.787216298111639068e-01 1.843012520404682664e-02
8.182102938128995447e+03 6.717544493574216791e-01 1.862425550328528426e-02
8.190285041067127167e+03 6.545200893908792450e-01 1.903574952150509716e-02
8.198475326108196896e+03 6.314158849563222820e-01 1.899314260316116096e-02
8.206673801434308189e+03 6.335555968091621803e-01 1.983827095246189914e-02
8.214880475235744598e+03 6.408457054682298315e-01 2.082365648891972704e-02
8.223095355710984222e+03 6.480655854897499069e-01 2.042745865341403372e-02
8.231318451066697889e+03 6.407595560168954929e-01 2.124117525288427011e-02
8.239549769517767345e+03 6.703071842295473814e-01 2.225859848780094297e-02
8.247789319287287071e+03 6.817545919356133854e-01 2.243711649405052272e-02
8.256037108606577021e+03 6.981438487851718833e-01 2.154329206697047985e-02
8.264293145715186256e+03 7.058850718854056128e-01 2.125568861068620821e-02
8.272557438860903858e+03 7.293169271766039019e-01 2.284262680456950606e-02
8.280829996299768027e+03 7.418439502857526735e-01 2.276364138021591543e-02
8.289110826296069718e+03 7.395616283699290028e-01 2.284965113132090414e-02
8.297399937122369010e+03 7.376078621590101969e-01 2.469378635006122535e-02
8.305697337059495112e+03 7.383341566386031340e-01 2.593038187038316025e-02
8.314003034396557268e+03 7.383627084087008852e-01 2.607730841377342915e-02
8.322317037430955679e+03 7.346979874222173690e-01 2.583144844549111960e-02
8.330639354468388774e+03 7.131614609579053354e-01 2.593290402764241234e-02
8.338969993822860488e+03 6.975965693664293310e-01 2.552167538686666085e-02
8.347308963816685718e+03 7.055133842293006552e-01 2.502592167851574664e-02
8.355656272780506697e+03 7.106165091923031252e-01 2.487153413827633552e-02
8.364011929053289350e+03 7.122916789902309365e-01 2.472151055693133301e-02
8.372375940982345128e+03 7.157406739304231769e-01 2.498888031901923268e-02
8.380748316923331004e+03 7.110935136785400124e-01 2.473266341708410532e-02
8.389129065240256750e+03 7.107895068330354338e-01 2.413372047485259908e-02
8.397518194305499492e+03 7.108400707974146249e-01 2.334670597442520604e-02
8.405915712499807341e+03 7.001196040298109935e-01 2.313826724792187803e-02
8.414321628212310316e+03 6.607347810641470698e-01 2.820781620585349758e-02
8.422735949840525791e+03 6.847514351423007462e-01 2.884519252246860871e-02
8.431158685790369418e+03 7.070720977058805312e-01 2.918978608071755992e-02
8.439589844476162398e+03 7.112948045588124435e-01 2.902430209196575628e-02
8.448029434320640576e+03 7.140567565671920303e-01 2.853000230960298089e-02
8.456477463754963537e+03 7.110731647801367128e-01 2.840156010997437266e-02
8.464933941218721884e+03 7.175141032714613676e-01 2.788979577308793242e-02
8.473398875159942691e+03 6.962292235589894185e-01 2.777333713442973681e-02
8.481872274035105875e+03 6.878668855592744436e-01 2.767863970332758508e-02
8.490354146309144198e+03 6.893814822682760024e-01 2.762063422759758469e-02
8.498844500455456000e+03 6.882901364627014296e-01 2.704345828519559916e-02
8.507343344955914290e+03 6.742264522711606256e-01 2.683593756509071449e-02
8.515850688300872207e+03 6.690089344029858109e-01 2.538846114920904895e-02
8.524366538989177570e+03 6.734375538233324798e-01 2.467960782363806324e-02
8.532890905528169242e+03 6.745686979593724653e-01 2.451545125917236126e-02
8.541423796433698953e+03 6.671728827762491987e-01 2.397616248044687204e-02
8.549965220230136765e+03 6.715965081184293028e-01 2.379205748148114849e-02
8.558515185450369245e+03 6.719521719879132382e-01 2.303753942290682685e-02
8.567073700635823116e+03 6.778484585022029885e-01 2.321875666833952273e-02
8.575640774336461618e+03 6.815529380406348814e-01 2.329564504660309315e-02
8.584216415110800881e+03 6.822041803970465557e-01 2.354049517048496451e-02
8.592800631525913559e+03 6.952328837374043280e-01 2.333721339161298758e-02
8.601393432157443385e+03 7.029124665605945843e-01 2.272343927738933178e-02
8.609994825589603352e+03 6.981825813213872189e-01 2.281077233080369693e-02
8.618604820415195718e+03 7.089154578564544895e-01 2.283742270378674027e-02
8.627223425235613831e+03 6.978958357904482268e-01 2.269466498829775594e-02
8.635850648660851220e+03 7.064872658832948016e-01 2.378900031843736093e-02
8.644486499309516148e+03 6.643783007920428529e-01 2.679639542276892814e-02
8.653130985808827973e+03 6.404389632239381180e-01 2.666760840379388611e-02
8.661784116794638976e+03 6.163177218532197577e-01 2.556888166462907910e-02
8.670445900911438002e+03 5.886668420967617887e-01 2.498665977421640413e-02
8.679116346812352276e+03 5.928359870529689157e-01 2.445677063728741302e-02
8.687795463159167412e+03 5.840403984637498880e-01 2.566518699010037971e-02
8.696483258622329231e+03 5.724192439992538128e-01 2.726758012123655164e-02
8.705179741880954680e+03 5.629194081400948901e-01 2.940660962778329085e-02
8.713884921622837282e+03 5.554377772261450685e-01 3.255832772880663112e-02
8.722598806544463514e+03 5.520425327872552357e-01 3.686945404956094158e-02
8.731321405351010981e+03 5.531825517971574735e-01 4.305331608460500475e-02
8.740052726756364791e+03 5.572721506560035509e-01 5.077669476724287756e-02
8.748792779483124832e+03 5.634625505072312635e-01 6.019600464340108675e-02
8.757541572262609407e+03 5.750719285412719817e-01 7.430314627781932357e-02
8.766299113834875243e+03 5.774800967469518875e-01 9.274778532604062431e-02
8.775065412948713856e+03 5.694651826945567041e-01 1.184005121085907747e-01
8.783840478361664282e+03 5.657751636615000468e-01 1.540828819954415119e-01
8.792624318840029446e+03 5.492566074661436870e-01 2.062723753825459194e-01
8.801416943158872527e+03 5.058885120593650253e-01 2.799530155126438435e-01
