# starting wavelength: 3293.413
# ending wavelength: 10379.242
# wav flux eflux
3.294992518429529355e+03 6.149072440148058982e-01 2.702803314743998930e-01
3.298287510947960072e+03 5.757136719527877755e-01 1.983697763979650197e-01
3.301585798458909267e+03 5.277044544898311651e-01 1.567985671792950231e-01
3.304887384257369376e+03 4.929263945192045582e-01 1.198726845613450748e-01
3.308192271641627485e+03 4.831725797022452529e-01 9.551856281501990009e-02
3.311500463913270323e+03 4.688733717007886881e-01 7.812002928786583589e-02
3.314811964377184722e+03 4.682412975455426118e-01 6.540007079258700062e-02
3.318126776341563072e+03 4.825464431833479950e-01 5.376282619587623157e-02
3.321444903117905596e+03 4.978678555901435709e-01 4.508272983290544794e-02
3.324766348021024896e+03 5.114078387637880363e-01 3.873707946659120382e-02
3.328091114369046863e+03 5.189627134271520559e-01 3.471820251006970531e-02
3.331419205483417045e+03 5.096131070449092526e-01 3.461481075482104180e-02
3.334750624688901553e+03 5.076690910362002818e-01 3.166519302784229911e-02
3.338085375313591612e+03 5.054722701656062522e-01 2.936452304798855065e-02
3.341423460688906289e+03 4.890293198164781807e-01 2.914523929628896892e-02
3.344764884149596128e+03 4.962826956889450636e-01 2.759831113720051174e-02
3.348109649033746791e+03 5.016079559407435884e-01 2.663471806823582491e-02
3.351457758682781787e+03 4.881488339834549883e-01 2.685866828126143649e-02
3.354809216441465651e+03 4.966536992739972733e-01 2.653419818088303614e-02
3.358164025657908041e+03 5.022514804229579743e-01 2.610766314977760669e-02
3.361522189683567376e+03 4.983372847823841489e-01 2.464102218585505558e-02
3.364883711873251741e+03 5.025434784359567031e-01 2.451181402223002320e-02
3.368248595585126168e+03 5.056964710404439067e-01 2.420568193738622045e-02
3.371616844180712633e+03 5.129445418585167893e-01 2.412448700965842685e-02
3.374988461024894150e+03 5.211646264466749390e-01 2.403726186443675555e-02
3.378363449485920228e+03 5.245538984868929333e-01 2.320190289141682571e-02
3.381741812935407324e+03 5.357691671137595479e-01 2.326400919439349999e-02
3.385123554748343849e+03 5.428863938346540907e-01 2.340228802848045089e-02
3.388508678303093347e+03 5.497438280055682025e-01 2.279686198668378835e-02
3.391897186981397681e+03 5.588803788011352802e-01 2.277340915175316699e-02
3.395289084168380214e+03 5.599964040284847178e-01 2.320276467366537074e-02
3.398684373252549449e+03 5.800747703079400797e-01 2.121081819605819679e-02
3.402083057625803121e+03 5.899733087343003168e-01 2.112526529051729149e-02
3.405485140683430018e+03 5.980837221661856606e-01 2.045632379788147118e-02
3.408890625824114522e+03 6.171406153255767357e-01 2.092551658338085568e-02
3.412299516449939802e+03 6.252464629719527434e-01 2.108354963477595753e-02
3.415711815966390986e+03 6.241571370894833937e-01 2.083984587898459265e-02
3.419127527782358356e+03 6.207067140026636398e-01 2.006685963722010940e-02
3.422546655310141887e+03 6.242037734712571062e-01 2.026527984940400262e-02
3.425969201965453522e+03 6.258667517256829571e-01 2.012160875297153845e-02
3.429395171167419903e+03 6.237313533620081341e-01 1.960844531801551535e-02
3.432824566338588284e+03 6.235573694687908120e-01 1.927703521062807193e-02
3.436257390904928343e+03 6.317518630801800539e-01 1.811829443844849633e-02
3.439693648295834464e+03 6.441188181701760218e-01 1.772501893728797157e-02
3.443133341944131189e+03 6.523872155464901512e-01 1.797320399584130188e-02
3.446576475286076402e+03 6.595183313625541111e-01 1.771905471776132751e-02
3.450023051761363604e+03 6.646979669119570389e-01 1.765855836548763450e-02
3.453473074813126004e+03 6.611926586951504259e-01 1.744796491899348184e-02
3.456926547887940615e+03 6.659865788222248950e-01 1.713126313410566134e-02
3.460383474435829612e+03 6.603902427215291304e-01 1.682831628424566114e-02
3.463843857910266706e+03 6.602461752489112712e-01 1.674921712703247509e-02
3.467307701768178049e+03 6.683129613074417774e-01 1.604553411386511891e-02
3.470775009469947236e+03 6.610468428468524449e-01 1.604825350103876100e-02
3.474245784479418489e+03 6.527779362517546202e-01 1.558175894956523831e-02
3.477720030263898934e+03 6.517790164028778310e-01 1.454362737640737570e-02
3.481197750294164052e+03 6.516592527811063684e-01 1.416292343336622399e-02
3.484678948044459503e+03 6.507149645597476439e-01 1.398514531784357008e-02
3.488163626992504760e+03 6.494628473821768555e-01 1.417173554816925606e-02
3.491651790619498570e+03 6.518675640534520310e-01 1.408550316209416023e-02
3.495143442410119405e+03 6.507200902263725606e-01 1.481113070200329798e-02
3.498638585852530468e+03 6.523095732518494616e-01 1.479633602522039716e-02
3.502137224438384237e+03 6.544905101227426192e-01 1.473072122871904761e-02
3.505639361662823831e+03 6.539956069680438189e-01 1.467785806351163368e-02
3.509145001024487556e+03 6.542813110213635541e-01 1.458080793117400367e-02
3.512654146025513455e+03 6.546428521076181895e-01 1.376377024076340036e-02
3.516166800171540217e+03 6.603930152331712877e-01 1.349398444177437283e-02
3.519682966971712631e+03 6.714502362591393547e-01 1.368309248451364188e-02
3.523202649938685681e+03 6.831411670774292233e-01 1.368590583297142269e-02
3.526725852588625457e+03 7.004546589425166836e-01 1.257345696501478358e-02
3.530252578441215064e+03 7.071029621526960796e-01 1.235088939019395558e-02
3.533782831019657806e+03 7.151421257212867699e-01 1.244554427835148358e-02
3.537316613850678550e+03 7.253653771247041693e-01 1.210777490017519130e-02
3.540853930464530094e+03 7.396344492055870745e-01 1.181226360431385583e-02
3.544394784394995895e+03 7.417199816871494766e-01 1.161672863861042300e-02
3.547939179179392340e+03 7.427060122155355604e-01 1.199795107905002843e-02
3.551487118358572843e+03 7.442832314125101822e-01 1.184028711982133310e-02
3.555038605476932389e+03 7.473056321626144749e-01 1.155785561518270221e-02
3.558593644082410719e+03 7.500353806134408829e-01 1.123417305782917382e-02
3.562152237726494150e+03 7.509205097530133877e-01 1.125812142106540591e-02
3.565714389964221937e+03 7.475826005773237304e-01 1.141969418317697466e-02
3.569280104354187188e+03 7.391926892014415440e-01 1.143302027899851560e-02
3.572849384458542772e+03 7.361655757489813379e-01 1.162716612387045163e-02
3.576422233843002232e+03 7.292078126365603152e-01 1.168361686203543345e-02
3.579998656076846601e+03 7.363140930086330416e-01 1.288276509544930039e-02
3.583578654732924406e+03 7.334136111661875290e-01 1.340625429532325136e-02
3.587162233387658489e+03 7.183132285157567409e-01 1.363180642631359532e-02
3.590749395621047370e+03 7.119850743834227336e-01 1.366372330030121707e-02
3.594340145016669794e+03 7.110302185544427056e-01 1.355829424376685417e-02
3.597934485161687462e+03 7.118816565413158548e-01 1.399881220588155770e-02
3.601532419646850485e+03 7.091350258533819506e-01 1.446884518945190136e-02
3.605133952066498296e+03 7.163331239779663351e-01 1.428658464921986858e-02
3.608739086018566013e+03 7.203345703230692454e-01 1.419498128899012238e-02
3.612347825104585809e+03 7.289491098579135020e-01 1.359946711974115673e-02
3.615960172929691907e+03 7.323991169998803619e-01 1.313718247863031839e-02
3.619576133102622407e+03 7.415765160055148852e-01 1.304881282822989950e-02
3.623195709235726554e+03 7.519506353605645010e-01 1.301789113505995472e-02
3.626818904944963379e+03 7.641548875491853687e-01 1.326687721007679954e-02
3.630445723849909427e+03 7.800000441711585353e-01 1.321298498480867438e-02
3.634076169573760581e+03 8.008501267670834478e-01 1.401959062887820837e-02
3.637710245743335690e+03 8.195413622861714709e-01 1.393171830155689843e-02
3.641347955989080219e+03 8.321701990513264979e-01 1.422685746249959145e-02
3.644989303945070333e+03 8.465744159396402235e-01 1.418758147011242067e-02
3.648634293249016537e+03 8.632355949005291462e-01 1.405592919227097344e-02
3.652282927542266862e+03 8.730060820726146531e-01 1.398160152508356319e-02
3.655935210469810499e+03 8.829816381955579718e-01 1.407781413717769554e-02
3.659591145680281443e+03 8.933376031724110655e-01 1.435755370071385879e-02
3.663250736825963031e+03 9.043011599850983018e-01 1.476994329388860508e-02
3.666913987562790226e+03 9.139685126436111196e-01 1.517582899507499000e-02
3.670580901550354156e+03 9.215546627842829963e-01 1.517600037006029343e-02
3.674251482451905758e+03 9.229371887314894440e-01 1.509324053490917680e-02
3.677925733934358959e+03 9.249936103719466063e-01 1.478940675374987995e-02
3.681603659668294313e+03 9.208264611117904508e-01 1.511159073649605278e-02
3.685285263327964003e+03 9.256836174283021856e-01 1.489731805704239305e-02
3.688970548591293209e+03 9.387030724940511606e-01 1.382590457226546936e-02
3.692659519139885560e+03 9.327660729334201761e-01 1.251421588951664131e-02
3.696352178659026777e+03 9.305770252890978034e-01 1.262993441536064236e-02
3.700048530837686940e+03 9.355500131493031946e-01 1.318708325841158775e-02
3.703748579368525952e+03 9.443817655297825908e-01 1.362651524145981966e-02
3.707452327947895355e+03 9.473276160210166719e-01 1.320998987806956508e-02
3.711159780275844696e+03 9.560883734323138983e-01 1.306636509323239048e-02
3.714870940056121526e+03 9.640738353476647760e-01 1.296783981010754018e-02
3.718585810996179134e+03 9.661587319191935475e-01 1.302696566774348176e-02
3.722304396807176545e+03 9.654562259988901385e-01 1.333266643660145634e-02
3.726026701203984885e+03 9.649701004900526069e-01 1.352112536861797484e-02
3.729752727905190113e+03 9.601555164006427834e-01 1.373844093094339983e-02
3.733482480633096657e+03 9.530233716259938204e-01 1.383449487544793910e-02
3.737215963113731050e+03 9.457273153285415956e-01 1.462024478737423798e-02
3.740953179076846027e+03 9.404477805819444480e-01 1.502194674715567717e-02
3.744694132255923705e+03 9.299927119675610587e-01 1.496870793770166234e-02
3.748438826388181042e+03 9.176425975518501810e-01 1.592317130457180860e-02
3.752187265214570289e+03 9.218942134773201458e-01 1.711482211797579062e-02
3.755939452479786269e+03 9.174530219472472048e-01 1.763309934683843574e-02
3.759695391932267285e+03 9.168989017609919800e-01 1.763820878371874165e-02
3.763455087324201031e+03 9.232155435920619269e-01 1.730916584563016794e-02
3.767218542411526414e+03 9.443166770754329864e-01 1.745499120887661695e-02
3.770985760953939007e+03 9.648689742401709291e-01 1.754009210059788090e-02
3.774756746714894234e+03 9.899073955049851881e-01 1.779165068193604149e-02
3.778531503461610555e+03 1.007814122584784311e+00 1.791325062124117518e-02
3.782310034965073100e+03 1.022037740435145059e+00 1.785877649566614683e-02
3.786092345000039586e+03 1.036336527580605793e+00 1.774959247105106080e-02
3.789878437345040766e+03 1.047166849958548251e+00 1.819382524511695826e-02
3.793668315782387253e+03 1.054191811238525789e+00 1.847345257904931676e-02
3.797461984098170888e+03 1.053543245687461827e+00 1.829007350457019163e-02
3.801259446082270188e+03 1.052625005852743767e+00 1.816001939346987074e-02
3.805060705528353537e+03 1.038063616294485403e+00 1.814132094727369596e-02
3.808865766233883278e+03 1.022747650052472590e+00 1.746414818093010995e-02
3.812674632000118436e+03 1.013148450520813926e+00 1.731114906590825592e-02
3.816487306632119726e+03 1.000476636316647072e+00 1.735499215063771722e-02
3.820303793938753188e+03 9.930605112670443102e-01 1.736588890892560438e-02
3.824124097732693372e+03 9.935052896945453238e-01 1.762323115706231069e-02
3.827948221830427428e+03 9.877309658651109991e-01 1.764515231342048823e-02
3.831776170052258749e+03 9.853046052974002711e-01 1.763910643158925901e-02
3.835607946222312421e+03 9.859120854395886369e-01 1.746113258814907532e-02
3.839443554168536139e+03 9.936157977829607191e-01 1.759324012035948931e-02
3.843282997722705659e+03 9.957822089365127027e-01 1.736389645319095371e-02
3.847126280720429804e+03 1.016149288760617608e+00 1.539022185288580445e-02
3.850973407001151372e+03 1.020213593139458252e+00 1.402383856080468248e-02
3.854824380408153957e+03 1.027226663344661617e+00 1.273432802756430636e-02
3.858679204788563311e+03 1.032867385500916280e+00 1.270103328075456589e-02
3.862537883993353262e+03 1.051499847562649803e+00 1.153736906382242348e-02
3.866400421877347981e+03 1.054974792632917380e+00 1.188578658387948704e-02
3.870266822299226533e+03 1.047205203488736469e+00 1.191721356148146491e-02
3.874137089121526969e+03 1.041324550201051524e+00 1.202726145680220460e-02
3.878011226210649966e+03 1.032603878707406553e+00 1.205138127998246593e-02
3.881889237436861549e+03 1.025095467678745820e+00 1.114171597471558944e-02
3.885771126674299921e+03 9.960549002122810469e-01 1.874683671784272213e-02
3.889656897800975457e+03 9.740021297803074241e-01 2.211651067675073773e-02
3.893546554698777527e+03 1.001462213617688279e+00 3.194149130923459867e-02
3.897440101253477678e+03 1.023228780079604494e+00 3.732285994278949914e-02
3.901337541354732366e+03 1.019151371342609913e+00 3.891609882017761646e-02
3.905238878896088409e+03 1.002996508598963388e+00 3.858057977248761927e-02
3.909144117774985716e+03 9.695614242039636288e-01 3.869039776670160635e-02
3.913053261892762293e+03 9.266175290708190682e-01 3.958760986027772683e-02
3.916966315154656058e+03 8.663808761503281053e-01 4.269388377242806787e-02
3.920883281469812118e+03 8.071348766281976062e-01 4.639279492336407379e-02
3.924804164751283224e+03 7.493465920227858623e-01 5.176227015348497384e-02
3.928728968916035683e+03 7.529761207152293467e-01 5.338591632641409568e-02
3.932657697884953450e+03 7.643396200655480088e-01 5.784949788610387056e-02
3.936590355582839493e+03 7.927346391195316810e-01 6.357744102656834317e-02
3.940526945938423523e+03 8.066383893319231113e-01 6.483880116991540266e-02
3.944467472884363360e+03 8.264174233011940540e-01 6.448353597254651015e-02
3.948411940357249023e+03 8.463581875041794600e-01 6.323364145436802253e-02
3.952360352297607733e+03 8.644955035579858782e-01 6.244337093962151058e-02
3.956312712649906643e+03 8.844379256908209141e-01 6.391362703610757590e-02
3.960269025362557841e+03 9.001036169283822552e-01 6.437278262116076510e-02
3.964229294387921527e+03 8.956040090226524697e-01 6.531153074750824239e-02
3.968193523682310570e+03 8.527610944579844254e-01 5.607745856225790360e-02
3.972161717205994591e+03 8.089382664679054535e-01 4.415659895555282960e-02
3.976133878923201792e+03 8.341704616013569940e-01 4.534577916585262602e-02
3.980110012802126221e+03 8.753115476390181948e-01 4.589859346370558923e-02
3.984090122814929600e+03 9.295985338172341184e-01 4.535872145135744216e-02
3.988074212937745870e+03 9.990819675385331777e-01 4.342712535562898851e-02
3.992062287150684824e+03 1.068239206100420891e+00 3.918183768235601605e-02
3.996054349437837118e+03 1.124533902367244487e+00 3.675099623737820148e-02
4.000050403787276082e+03 1.145892304999951872e+00 3.687201164662661651e-02
4.004050454191064546e+03 1.113521614092740197e+00 2.856946031961766705e-02
4.008054504645257111e+03 1.080526073329595382e+00 1.737964660896480426e-02
4.012062559149903791e+03 1.096149908914111348e+00 1.239839214938779494e-02
4.016074621709055009e+03 1.099671559678022215e+00 1.072830361485040823e-02
4.020090696330765240e+03 1.094229799193597863e+00 1.069450540801493432e-02
4.024110787027097558e+03 1.082084689146583623e+00 1.199885183206909033e-02
4.028134897814125907e+03 1.076892608499564696e+00 1.195125758709271284e-02
4.032163032711941469e+03 1.073523980138127998e+00 1.184997943362178785e-02
4.036195195744654484e+03 1.070776434584662429e+00 1.142146674640791282e-02
4.040231390940400615e+03 1.079948998639673530e+00 1.274741118785063451e-02
4.044271622331342314e+03 1.090054050710899114e+00 1.343089071404601938e-02
4.048315893953675186e+03 1.092781589575657408e+00 1.255859853382694166e-02
4.052364209847629809e+03 1.088227912751418947e+00 1.282286390558701021e-02
4.056416574057479011e+03 1.082827381533924882e+00 1.305746071256807563e-02
4.060472990631537868e+03 1.070235776652975757e+00 1.412391542865830928e-02
4.064533463622170530e+03 1.065071240704136724e+00 1.448869363540717346e-02
4.068597997085794304e+03 1.065586361280116856e+00 1.463932763750011232e-02
4.072666595082881486e+03 1.074532352270376467e+00 1.393410673333039460e-02
4.076739261677965715e+03 1.110459131160617785e+00 1.573442331575087075e-02
4.080816000939644709e+03 1.139880324274044288e+00 1.651307773118645961e-02
4.084896816940585722e+03 1.174197344987129021e+00 1.727126017419979009e-02
4.088981713757527814e+03 1.211203942190067773e+00 1.410590309973380752e-02
4.093070695471286854e+03 1.243279598495118821e+00 1.345981685246271965e-02
4.097163766166759160e+03 1.265309768175230110e+00 1.134401158700182495e-02
4.101260929932927866e+03 1.258867280121469534e+00 1.324725625836976721e-02
4.105362190862862008e+03 1.245104462453288319e+00 1.388502020205543974e-02
4.109467553053726078e+03 1.225060269487303177e+00 1.297379619056311141e-02
4.113577020606780934e+03 1.201752412185964625e+00 1.129265278093972112e-02
4.117690597627389252e+03 1.174166610972583458e+00 1.161667209213977821e-02
4.121808288225018259e+03 1.153403801856984545e+00 1.237730949977323275e-02
4.125930096513244280e+03 1.145773232077900605e+00 1.305653060870537278e-02
4.130056026609759101e+03 1.147072616209517060e+00 1.427905326288736280e-02
4.134186082636369974e+03 1.146859977761452765e+00 1.368442265957159690e-02
4.138320268719007800e+03 1.149878708637940949e+00 1.335514120182763366e-02
4.142458588987728035e+03 1.154311779009273842e+00 1.351088302131174361e-02
4.146601047576717065e+03 1.155990597476786785e+00 1.304632275007039377e-02
4.150747648624294925e+03 1.148994476066144799e+00 1.295980470501708649e-02
4.154898396272920763e+03 1.149696726034173944e+00 1.251006690618249560e-02
4.159053294669195566e+03 1.143068995571487667e+00 1.312118869799934993e-02
4.163212347963865795e+03 1.137789950338071066e+00 1.346623475407689348e-02
4.167375560311830668e+03 1.137474222583596095e+00 1.293846043169508825e-02
4.171542935872143971e+03 1.147867729667717329e+00 1.430118238095198085e-02
4.175714478808017702e+03 1.156500407416145348e+00 1.433868391651794451e-02
4.179890193286827525e+03 1.164110739396108540e+00 1.591380541238279073e-02
4.184070083480115500e+03 1.158754894654944634e+00 1.671172884681289272e-02
4.188254153563597356e+03 1.169980781506507084e+00 1.650469413478723377e-02
4.192442407717161586e+03 1.174995200906428616e+00 1.645025231971601262e-02
4.196634850124880359e+03 1.175850752155144230e+00 1.590501587239865136e-02
4.200831484975006788e+03 1.169257175952262529e+00 1.538594532520462174e-02
4.205032316459983122e+03 1.169990725753954353e+00 1.527533543164253001e-02
4.209237348776444378e+03 1.173175446493347707e+00 1.532811710398193639e-02
4.213446586125221984e+03 1.166389012937795622e+00 1.417825819210138082e-02
4.217660032711349231e+03 1.166145619793689026e+00 1.429038327880633071e-02
4.221877692744061278e+03 1.169751281311944169e+00 1.395151175879786980e-02
4.226099570436806971e+03 1.174843466726056551e+00 1.356722918605086231e-02
4.230325670007245208e+03 1.170595502255943332e+00 1.470095416681066990e-02
4.234555995677254032e+03 1.174340066107410152e+00 1.469985966990938406e-02
4.238790551672932452e+03 1.177063911619728565e+00 1.442216173511969360e-02
4.243029342224606808e+03 1.173530556395275815e+00 1.368582020498592018e-02
4.247272371566832589e+03 1.174058640639606965e+00 1.356665419478058666e-02
4.251519643938400804e+03 1.187817303585342987e+00 1.352433127445172058e-02
4.255771163582340705e+03 1.198858160523086358e+00 1.333163603938521818e-02
4.260026934745924336e+03 1.218780482568056156e+00 1.157041676337779851e-02
4.264286961680671993e+03 1.219893128353142675e+00 1.149165554579515552e-02
4.268551248642354039e+03 1.225673703714414309e+00 1.033067782839079164e-02
4.272819799890998183e+03 1.216712931345366400e+00 1.015079847702616590e-02
4.277092619690890388e+03 1.207288100307362111e+00 9.220158644039971527e-03
4.281369712310583054e+03 1.184492855216279450e+00 9.124187872672885960e-03
4.285651082022895025e+03 1.156104575127707701e+00 9.398753645605278581e-03
4.289936733104918858e+03 1.125721462195526934e+00 9.205169501108509747e-03
4.294226669838025373e+03 1.091995771661369519e+00 1.021338289501362226e-02
4.298520896507864563e+03 1.065397599408583140e+00 1.112545228438873747e-02
4.302819417404373780e+03 1.054881690635457892e+00 1.068083319029728209e-02
4.307122236821779552e+03 1.065410310244877312e+00 1.103335890064715760e-02
4.311429359058603040e+03 1.093413810948426379e+00 1.401279981059207723e-02
4.315740788417662770e+03 1.130320445343540925e+00 1.379753562501041461e-02
4.320056529206081905e+03 1.181421161557236532e+00 1.278642076077448481e-02
4.324376585735290064e+03 1.225851534081731087e+00 1.206074858464476450e-02
4.328700962321026054e+03 1.263948670555295584e+00 1.195037446599692132e-02
4.333029663283348782e+03 1.299424930317449878e+00 1.179784041496631519e-02
4.337362692946633615e+03 1.329013837892411010e+00 1.193288371958220288e-02
4.341700055639581478e+03 1.334671352566453972e+00 1.244260450974308402e-02
4.346041755695222491e+03 1.327319021462843862e+00 1.268876842384499340e-02
4.350387797450919606e+03 1.313195080041452245e+00 1.237998102179304998e-02
4.354738185248371337e+03 1.287031912243510101e+00 1.176684934643473616e-02
4.359092923433621763e+03 1.258741860039799043e+00 1.136665332449851226e-02
4.363452016357056891e+03 1.232404211291186380e+00 1.151235512134842105e-02
4.367815468373414660e+03 1.202287818694938393e+00 1.142386419093993112e-02
4.372183283841789489e+03 1.179350050835978880e+00 1.112913843182716453e-02
4.376555467125633186e+03 1.155913521326764393e+00 1.140958442530813979e-02
4.380932022592760404e+03 1.141633158003686921e+00 1.147585245678627887e-02
4.385312954615354101e+03 1.127432330925312698e+00 1.133437094209170312e-02
4.389698267569970994e+03 1.118459597270953232e+00 1.110826600849033202e-02
4.394087965837542470e+03 1.128046584981729161e+00 9.894069614880792243e-03
4.398482053803381859e+03 1.128919064438882458e+00 1.039495777518778530e-02
4.402880535857186260e+03 1.145156504824259347e+00 1.086960345551757010e-02
4.407283416393044718e+03 1.164322574705918933e+00 1.107318993586581604e-02
4.411690699809440048e+03 1.171836720720374814e+00 1.109256996529198874e-02
4.416102390509250654e+03 1.183024383466864560e+00 1.076435900843465167e-02
4.420518492899761441e+03 1.192393207750180428e+00 1.019200915420848293e-02
4.424939011392662906e+03 1.187578720850245295e+00 1.045558110719198297e-02
4.429363950404056595e+03 1.193113160866925870e+00 1.055762815079405899e-02
4.433793314354462382e+03 1.197385558337660028e+00 1.119471425450098076e-02
4.438227107668818462e+03 1.191176133123580616e+00 1.141414542590897876e-02
4.442665334776488635e+03 1.191040628965614578e+00 1.135263569011965221e-02
4.447108000111265937e+03 1.189636906981653253e+00 1.153581430982244214e-02
4.451555108111379013e+03 1.191357989003350770e+00 1.134683270488984902e-02
4.456006663219492111e+03 1.190472449639059516e+00 1.110198974578046824e-02
4.460462669882713271e+03 1.202487244066469563e+00 1.207458944855860535e-02
4.464923132552597053e+03 1.213374746875213628e+00 1.080351332134925520e-02
4.469388055685150903e+03 1.221389064432325977e+00 1.058207956256343972e-02
4.473857443740837880e+03 1.218057039559463206e+00 1.132075497110084615e-02
4.478331301184580298e+03 1.215565152306274266e+00 1.183532124684960087e-02
4.482809632485766087e+03 1.214497406406813695e+00 1.092938471364898051e-02
4.487292442118253348e+03 1.217453842559156785e+00 1.032282461913421392e-02
4.491779734560373072e+03 1.231556088272274696e+00 1.063838646028254092e-02
4.496271514294934605e+03 1.244014556573440622e+00 1.113985216306541404e-02
4.500767785809231100e+03 1.247817050022683283e+00 1.115015227601728366e-02
4.505268553595042249e+03 1.248502595212640509e+00 1.118389014387618542e-02
4.509773822148638828e+03 1.248778047748572595e+00 1.105183842924038935e-02
4.514283595970789065e+03 1.256423282434756317e+00 1.022922097632847187e-02
4.518797879566761367e+03 1.256752324610441951e+00 9.786345284950493870e-03
4.523316677446328868e+03 1.251390385474705713e+00 9.732385686822242823e-03
4.527839994123776705e+03 1.242544417723600914e+00 9.808676313551017295e-03
4.532367834117902021e+03 1.226804387939692376e+00 9.292235591825855068e-03
4.536900201952022144e+03 1.212348894484358341e+00 8.825826707593228959e-03
4.541437102153975502e+03 1.200736192188304852e+00 8.485998119261021003e-03
4.545978539256130716e+03 1.199888331256744545e+00 8.363582330587829294e-03
4.550524517795388419e+03 1.205294232467124305e+00 8.673554326390418151e-03
4.555075042313184895e+03 1.211705754381583011e+00 8.036793846968863508e-03
4.559630117355500261e+03 1.212103806653107574e+00 7.984648843073993002e-03
4.564189747472856652e+03 1.224766114929575433e+00 8.224068814039352596e-03
4.568753937220330954e+03 1.235624611657335059e+00 8.311454965251244623e-03
4.573322691157552981e+03 1.247232997252306852e+00 8.010568737448021948e-03
4.577896013848711846e+03 1.270554391194012700e+00 8.648202105957594060e-03
4.582473909862562323e+03 1.292349330946395369e+00 8.470365970947930229e-03
4.587056383772426670e+03 1.301169874218264466e+00 8.387156697862411733e-03
4.591643440156200086e+03 1.308976300527947334e+00 8.466142346106193470e-03
4.596235083596357981e+03 1.318419435226534597e+00 8.204201834863106974e-03
4.600831318679955984e+03 1.318785318818809449e+00 8.933934118937371383e-03
4.605432149998637215e+03 1.318307213199644945e+00 8.678796285363573823e-03
4.610037582148637739e+03 1.318432744285975788e+00 8.979601766229456869e-03
4.614647619730787483e+03 1.321811942017544705e+00 8.636029686025481142e-03
4.619262267350520233e+03 1.329223288068024367e+00 8.930974871252481129e-03
4.623881529617872729e+03 1.332359536561024349e+00 8.818053156308498439e-03
4.628505411147491941e+03 1.333808046826540306e+00 8.720709368176236126e-03
4.633133916558640522e+03 1.339889269193285992e+00 8.385688635439021363e-03
4.637767050475200449e+03 1.343899803462675013e+00 7.856747716501548059e-03
4.642404817525677572e+03 1.339886762053390745e+00 7.807958259252989995e-03
4.647047222343205249e+03 1.330715450744255124e+00 8.607268864120401486e-03
4.651694269565549803e+03 1.327791860623102949e+00 8.893134293343636296e-03
4.656345963835116891e+03 1.324904363415551956e+00 8.209641512112618097e-03
4.661002309798953320e+03 1.318179562852292097e+00 7.461549842160380974e-03
4.665663312108753416e+03 1.322416728714717715e+00 8.416373804603919512e-03
4.670328975420864481e+03 1.324791763539228562e+00 7.919797072652688674e-03
4.674999304396286789e+03 1.323264798009163856e+00 8.035684294537886671e-03
4.679674303700684504e+03 1.327045388702252637e+00 8.064556105845737191e-03
4.684353978004386590e+03 1.332852577669238148e+00 7.376547421944162561e-03
4.689038331982392265e+03 1.330514600784101331e+00 7.442154318148375136e-03
4.693727370314376458e+03 1.328049834834382104e+00 7.562624814403192883e-03
4.698421097684692540e+03 1.320344017783101398e+00 7.445610892481184517e-03
4.703119518782378691e+03 1.320069869792556583e+00 7.025190591032558565e-03
4.707822638301162442e+03 1.326614084869866206e+00 7.490700109399995449e-03
4.712530460939465229e+03 1.332869346917479270e+00 7.913120067172664182e-03
4.717242991400406027e+03 1.337908560497847121e+00 7.901965855343638309e-03
4.721960234391808626e+03 1.351249464012526769e+00 8.189820929484399603e-03
4.726682194626201635e+03 1.354747183080583284e+00 7.792732209446409999e-03
4.731408876820829391e+03 1.351727908157094316e+00 7.334150080059530404e-03
4.736140285697651962e+03 1.336837998338193501e+00 8.069862715353631061e-03
4.740876425983350600e+03 1.321541235418993043e+00 8.574996677272917964e-03
4.745617302409335934e+03 1.304150289835945387e+00 9.284496247496484833e-03
4.750362919711747054e+03 1.289230766136633566e+00 8.561687128779102082e-03
4.755113282631459697e+03 1.283504465682950846e+00 8.407848023948566105e-03
4.759868395914093526e+03 1.279883633128050535e+00 7.652711223309388751e-03
4.764628264310008490e+03 1.283016339373967529e+00 8.016187981070180962e-03
4.769392892574320285e+03 1.297517573417055203e+00 9.319786958389711384e-03
4.774162285466896719e+03 1.311259510594062094e+00 8.216381010468332829e-03
4.778936447752364984e+03 1.325196905577019191e+00 7.380565589924137707e-03
4.783715384200118933e+03 1.336729577954385295e+00 6.585580962428015488e-03
4.788499099584319993e+03 1.338505175299241623e+00 6.813588950369680285e-03
4.793287598683906253e+03 1.340742397043769296e+00 6.829649397822199798e-03
4.798080886282591564e+03 1.341543007956402356e+00 6.948428364624338084e-03
4.802878967168876443e+03 1.336059218278098371e+00 6.786404781379528142e-03
4.807681846136046261e+03 1.327280181226510480e+00 5.888070903713162919e-03
4.812489527982183972e+03 1.316804825264067613e+00 8.612269925105669674e-03
4.817302017510168298e+03 1.312345293543843994e+00 1.280591940094752065e-02
4.822119319527679181e+03 1.325584734787058183e+00 1.453963339077206027e-02
4.826941438847208701e+03 1.361915847880713404e+00 1.379479290699394192e-02
4.831768380286057436e+03 1.427528312149032086e+00 1.684763097683245406e-02
4.836600148666345376e+03 1.506894716842535509e+00 2.144568259894143528e-02
4.841436748815013743e+03 1.584859682746623255e+00 2.430921178546880876e-02
4.846278185563829538e+03 1.646330034241259233e+00 2.453829340829406444e-02
4.851124463749395545e+03 1.685097230468669105e+00 2.262073446273420163e-02
4.855975588213146693e+03 1.690335051791586052e+00 2.165164686446999220e-02
4.860831563801360971e+03 1.673134745471477780e+00 2.249021315320711908e-02
4.865692395365163975e+03 1.622110689096480707e+00 2.529986888809161033e-02
4.870558087760530725e+03 1.557057434074444968e+00 2.567166411979962190e-02
4.875428645848292945e+03 1.477278168385197432e+00 2.323231755041497981e-02
4.880304074494142696e+03 1.410951659326553864e+00 2.041251797682438335e-02
4.885184378568638749e+03 1.343219411764396520e+00 1.841877287550533829e-02
4.890069562947209306e+03 1.306227997285156928e+00 1.877292680815443454e-02
4.894959632510157462e+03 1.288053183987923678e+00 1.860903236007283024e-02
4.899854592142669389e+03 1.301848499201811560e+00 1.332337633867103528e-02
4.904754446734813428e+03 1.314312679833907316e+00 1.002117209634623661e-02
4.909659201181550088e+03 1.322573083162085883e+00 9.804111977553642970e-03
4.914568860382732964e+03 1.326418963630746850e+00 9.324669023149930597e-03
4.919483429243117826e+03 1.325134314202507602e+00 8.407529853618594604e-03
4.924402912672362618e+03 1.329252366538329788e+00 8.486705348584368605e-03
4.929327315585036558e+03 1.333527302001545900e+00 8.332879019447072058e-03
4.934256642900622865e+03 1.335782294841675100e+00 8.402028663122526261e-03
4.939190899543525120e+03 1.342517039267708601e+00 8.091988008167632848e-03
4.944130090443070912e+03 1.342945671422985709e+00 8.411732454781668811e-03
4.949074220533515472e+03 1.344330314267749626e+00 8.159084723165083847e-03
4.954023294754050767e+03 1.344688210418104157e+00 8.369137398220965335e-03
4.958977318048806410e+03 1.343302971755805819e+00 7.901990823985356738e-03
4.963936295366856939e+03 1.340649516501954519e+00 7.548330568060672950e-03
4.968900231662225451e+03 1.339607949388632813e+00 7.414929575956995429e-03
4.973869131893889062e+03 1.352993810563638100e+00 7.380219423105820707e-03
4.978843001025784361e+03 1.350057207589961950e+00 7.132670339181125703e-03
4.983821844026811959e+03 1.339939081233902929e+00 8.120788143867570946e-03
4.988805665870840130e+03 1.331426135304336400e+00 8.423677483223873316e-03
4.993794471536712990e+03 1.324985022048170480e+00 8.550916662992501596e-03
4.998788266008251412e+03 1.315520737917247773e+00 8.303578429164501506e-03
5.003787054274261209e+03 1.308815645031870867e+00 8.375910603223322287e-03
5.008790841328536771e+03 1.304613653286190500e+00 8.362341378427548544e-03
5.013799632169867436e+03 1.299942637824079261e+00 8.372317850005592602e-03
5.018813431802038394e+03 1.298751735993674661e+00 8.490880161417477603e-03
5.023832245233842514e+03 1.303426918588629801e+00 8.250294550779588634e-03
5.028856077479077612e+03 1.310154889806129042e+00 8.899117115637804679e-03
5.033884933556558281e+03 1.314567621616556270e+00 8.125405254899544655e-03
5.038918818490116792e+03 1.314910566378726831e+00 7.979603012459746819e-03
5.043957737308608557e+03 1.309352904841115217e+00 8.153454122578635693e-03
5.049001695045918495e+03 1.301969169852064123e+00 8.070236935294929775e-03
5.054050696740966487e+03 1.290769416303762185e+00 8.018726330715385958e-03
5.059104747437709193e+03 1.283933497527523393e+00 7.942203645205151569e-03
5.064163852185148244e+03 1.281990199166632260e+00 7.935670781372645977e-03
5.069228016037335692e+03 1.291168039744748253e+00 6.886868073210698771e-03
5.074297244053374015e+03 1.291029840926183114e+00 6.655922645227066968e-03
5.079371541297429758e+03 1.292551906347294777e+00 6.585566715331754063e-03
5.084450912838728073e+03 1.295396642880312310e+00 6.618473816021047326e-03
5.089535363751569093e+03 1.294438512827939203e+00 6.903660303241769200e-03
5.094624899115322478e+03 1.300550377677762492e+00 6.473687528208170450e-03
5.099719524014439230e+03 1.301155296691811847e+00 6.986896186977266388e-03
5.104819243538455339e+03 1.307528350306820020e+00 6.892544603464487163e-03
5.109924062781995417e+03 1.312012150634030316e+00 6.671454086131076502e-03
5.115033986844779065e+03 1.314963689312515616e+00 6.573795817691377615e-03
5.120149020831625421e+03 1.323688863100794588e+00 6.995487681344989862e-03
5.125269169852458617e+03 1.338970855921773007e+00 7.501542457243030697e-03
5.130394439022313236e+03 1.342245494811250328e+00 7.365347471492460912e-03
5.135524833461337039e+03 1.345944882493667283e+00 7.543350951131080027e-03
5.140660358294800062e+03 1.349127818764825237e+00 7.464778784774506702e-03
5.145801018653096435e+03 1.352669615443298667e+00 7.569173217750188760e-03
5.150946819671751655e+03 1.344445707309225080e+00 7.712431506459785195e-03
5.156097766491425318e+03 1.327009490330290475e+00 8.252176571019920540e-03
5.161253864257918394e+03 1.312724310821470786e+00 8.032322412367868744e-03
5.166415118122177773e+03 1.299903152942565310e+00 7.873054276733385329e-03
5.171581533240301724e+03 1.288009891101842275e+00 7.844687547976248940e-03
5.176753114773543530e+03 1.291055839752679457e+00 8.517338979141916150e-03
5.181929867888318768e+03 1.292961283833891084e+00 8.350956479339930252e-03
5.187111797756208944e+03 1.295492979099614583e+00 8.304440397387572240e-03
5.192298909553966951e+03 1.300623001175251980e+00 8.193583234042359220e-03
5.197491208463522526e+03 1.308670597944594061e+00 8.226134385542776054e-03
5.202688699671987706e+03 1.313473875878708119e+00 8.258809295308882151e-03
5.207891388371661378e+03 1.327000862421259475e+00 8.002087164765541230e-03
5.213099279760034733e+03 1.337766869269208625e+00 7.834665985247863534e-03
5.218312379039796724e+03 1.352963718235891344e+00 7.710201961289617212e-03
5.223530691418837705e+03 1.372482103298570344e+00 8.065732694551698209e-03
5.228754222110258524e+03 1.378119259636441996e+00 8.013803904215067303e-03
5.233982976332370527e+03 1.375101846851035425e+00 7.928087511413979202e-03
5.239216959308704645e+03 1.365217477855521278e+00 8.716666337674896375e-03
5.244456176268015042e+03 1.360542064049538258e+00 9.218709063179422042e-03
5.249700632444284565e+03 1.354082428782443115e+00 9.540785945654398081e-03
5.254950333076731113e+03 1.350307682502401629e+00 9.162299132304440458e-03
5.260205283409809454e+03 1.347320824615904300e+00 8.919572195567441325e-03
5.265465488693221232e+03 1.347840886228462542e+00 8.804408029848906012e-03
5.270730954181915877e+03 1.348444914189566468e+00 8.961994404220284885e-03
5.276001685136099695e+03 1.352008866478303428e+00 8.519101957446505169e-03
5.281277686821237694e+03 1.359348048776303886e+00 8.184098663462606796e-03
5.286558964508059944e+03 1.365228584790640687e+00 7.514320425400069017e-03
5.291845523472569766e+03 1.365262057809271790e+00 7.652613986572485115e-03
5.297137368996044643e+03 1.366162732837456595e+00 7.593570941622135306e-03
5.302434506365042580e+03 1.361602772822487761e+00 7.032348196010892311e-03
5.307736940871409388e+03 1.352167233094990095e+00 6.755530963140533515e-03
5.313044677812282316e+03 1.341882779349313548e+00 5.570205067734868010e-03
5.318357722490096421e+03 1.339811317233212229e+00 6.028281643677220816e-03
5.323676080212588204e+03 1.339151399021519806e+00 5.577513276618575357e-03
5.328999756292802886e+03 1.340333088192640298e+00 5.101640117848455121e-03
5.334328756049097137e+03 1.344307928361039739e+00 4.520893766553232135e-03
5.339663084805148173e+03 1.345914126520738829e+00 4.427691336094786642e-03
5.345002747889954662e+03 1.345111828285818989e+00 4.248715672328902751e-03
5.350347750637846730e+03 1.341778111503720394e+00 4.058374221864551046e-03
5.355698098388485960e+03 1.337675240433994661e+00 4.176816042282903603e-03
5.361053796486876308e+03 1.335540614303378559e+00 4.243712656952482176e-03
5.366414850283365013e+03 1.328072504770170026e+00 4.800752955168736784e-03
5.371781265133649867e+03 1.326805803864455680e+00 4.720989463558122531e-03
5.377153046398785591e+03 1.325519554266999078e+00 4.653291113540966063e-03
5.382530199445186554e+03 1.329248888380779148e+00 4.805933083992070323e-03
5.387912729644633146e+03 1.331317548574584286e+00 4.652749020793651817e-03
5.393300642374279960e+03 1.332102736156390854e+00 4.707641074556816706e-03
5.398693943016655794e+03 1.330718329833113556e+00 5.095981084440001294e-03
5.404092636959673655e+03 1.334809620976293854e+00 5.195423295431393119e-03
5.409496729596635305e+03 1.339516505606867414e+00 5.142432896843856724e-03
5.414906226326233991e+03 1.342762058052573870e+00 5.086987644996375166e-03
5.420321132552561721e+03 1.351682813245671522e+00 4.876528983325937802e-03
5.425741453685116539e+03 1.359006056902192672e+00 5.170497493083529329e-03
5.431167195138803436e+03 1.359730620573760929e+00 5.026370535592508335e-03
5.436598362333943442e+03 1.358599396286131800e+00 5.097737003717205118e-03
5.442034960696279086e+03 1.355869843100150796e+00 5.044154637238161890e-03
5.447476995656978033e+03 1.352836286198793703e+00 4.819758005601043442e-03
5.452924472652636723e+03 1.348415459025122054e+00 4.703975167867650332e-03
5.458377397125291282e+03 1.339630947892146873e+00 4.823670924979868262e-03
5.463835774522417523e+03 1.326652716713769609e+00 5.376485061827323067e-03
5.469299610296941864e+03 1.312849749443417924e+00 4.362292472946642172e-03
5.474768909907241323e+03 1.307788855634834935e+00 4.729854833918541342e-03
5.480243678817149885e+03 1.304653429567745437e+00 5.286379323297818976e-03
5.485723922495968509e+03 1.300921393446148322e+00 5.183512555140807818e-03
5.491209646418466946e+03 1.296519100342604203e+00 4.935611944807800043e-03
5.496700856064887375e+03 1.291492078675592348e+00 5.052328067867712345e-03
5.502197556920953502e+03 1.286601074237576636e+00 4.878867261998780583e-03
5.507699754477876013e+03 1.284420742613652910e+00 4.845934737241104628e-03
5.513207454232356213e+03 1.283071586330519764e+00 4.866456010177024928e-03
5.518720661686590574e+03 1.286025404508165604e+00 5.313953274992094800e-03
5.524239382348278923e+03 1.288409265499216083e+00 5.425424710269385713e-03
5.529763621730628984e+03 1.290146067829972321e+00 5.090428248891936715e-03
5.535293385352360929e+03 1.288604787701158605e+00 5.163295137710491485e-03
5.540828678737715563e+03 1.284733927656152019e+00 5.191947846598187095e-03
5.546369507416455235e+03 1.284037139818173801e+00 5.071120574567111045e-03
5.551915876923872929e+03 1.282485436906269927e+00 5.020284780886925292e-03
5.557467792800798634e+03 1.278807143858678774e+00 5.279602331838270830e-03
5.563025260593602070e+03 1.277569017994779177e+00 5.219690313177260087e-03
5.568588285854197238e+03 1.275725728637749690e+00 4.503047076499401037e-03
5.574156874140053333e+03 1.274788068534245644e+00 4.059510805295935519e-03
5.579731031014194741e+03 1.278337749038972460e+00 4.080847975073409462e-03
5.585310762045211050e+03 1.283807498082392140e+00 3.631706798095325241e-03
5.590896072807257951e+03 1.289026233297688284e+00 3.326010514119105699e-03
5.596486968880067252e+03 1.294374520190127997e+00 3.233091465919354750e-03
5.602083455848949598e+03 1.297403978608286490e+00 3.194169898611717764e-03
5.607685539304799931e+03 1.301306960717255823e+00 3.269403320710026397e-03
5.613293224844106589e+03 1.303344450372882379e+00 3.453462725866244306e-03
5.618906518068952209e+03 1.300122194581761592e+00 3.365629663696450419e-03
5.624525424587023736e+03 1.294764237750362090e+00 3.246595910817629774e-03
5.630149950011612418e+03 1.283886054431780499e+00 4.246507659869054423e-03
5.635780099961625638e+03 1.272611385332223843e+00 4.808263765151169974e-03
5.641415880061589633e+03 1.263509889521028162e+00 4.647207312086741419e-03
5.647057295941652228e+03 1.253804965604523369e+00 4.616283103891585110e-03
5.652704353237596479e+03 1.245789026573014713e+00 4.849795393889188254e-03
5.658357057590835211e+03 1.245952342797366885e+00 4.703038979784473703e-03
5.664015414648428305e+03 1.252164270714582806e+00 5.178730565743877405e-03
5.669679430063079053e+03 1.260805578471392296e+00 5.587398570690928906e-03
5.675349109493143260e+03 1.271125697116008979e+00 5.401656214479891652e-03
5.681024458602638333e+03 1.285220627152073636e+00 5.130045979629586396e-03
5.686705483061243285e+03 1.295966943170065111e+00 4.593353561161601234e-03
5.692392188544306009e+03 1.301986930266978426e+00 4.766364776957318292e-03
5.698084580732852373e+03 1.305431132590100241e+00 4.875506064434026628e-03
5.703782665313587131e+03 1.308263251252562265e+00 4.817973216768479602e-03
5.709486447978903016e+03 1.305833169300365304e+00 4.594169183767510267e-03
5.715195934426883468e+03 1.301797115241720704e+00 4.413371140441610732e-03
5.720911130361312644e+03 1.301618512208004619e+00 4.473460393018334307e-03
5.726632041491675409e+03 1.300513118964402359e+00 4.492766736528098527e-03
5.732358673533169167e+03 1.299228502677449715e+00 4.453558518204697725e-03
5.738091032206703858e+03 1.296669479571217476e+00 4.316453802093415601e-03
5.743829123238912871e+03 1.298005139580221456e+00 4.702171299742360054e-03
5.749572952362153046e+03 1.299287412046121526e+00 3.632256398453513179e-03
5.755322525314517407e+03 1.289593784064598792e+00 4.095766986608065895e-03
5.761077847839834249e+03 1.274442673931130754e+00 4.541153251225286264e-03
5.766838925687675328e+03 1.261151481798186369e+00 4.749079343327918847e-03
5.772605764613364954e+03 1.253765438613942518e+00 4.779189507064521107e-03
5.778378370377980900e+03 1.247225365940266784e+00 4.657896116436683123e-03
5.784156748748360769e+03 1.243839823411579948e+00 4.414542378479368971e-03
5.789940905497111089e+03 1.245372466909005160e+00 4.401207757406670230e-03
5.795730846402610041e+03 1.251183252541505864e+00 4.821959168345120623e-03
5.801526577249013826e+03 1.257227797529468560e+00 5.115777296091400701e-03
5.807328103826264851e+03 1.263030998308967812e+00 4.976408685154222293e-03
5.813135431930093546e+03 1.267014638550418626e+00 5.159409606530837057e-03
5.818948567362025642e+03 1.273995248005260761e+00 5.015548139498429182e-03
5.824767515929389447e+03 1.279323874196370170e+00 5.004947735873556576e-03
5.830592283445320390e+03 1.282367927120114492e+00 4.918000191347596251e-03
5.836422875728768304e+03 1.284072535680403249e+00 5.597837494240672299e-03
5.842259298604498326e+03 1.279602885757510355e+00 6.594239958032273308e-03
5.848101557903105459e+03 1.264055116220298203e+00 6.824939327831870510e-03
5.853949659461010015e+03 1.245711152187451987e+00 7.250790567722553877e-03
5.859803609120473084e+03 1.229071751102225107e+00 7.346708276349030002e-03
5.865663412729595620e+03 1.207977698204932837e+00 7.709478731404759318e-03
5.871529076142326630e+03 1.186225053003483687e+00 7.896267311486132243e-03
5.877400605218471355e+03 1.169167509657327741e+00 7.376555688047434049e-03
5.883278005823691274e+03 1.163177272309986687e+00 7.538106058413237935e-03
5.889161283829516833e+03 1.165489592504258543e+00 8.104803892769473633e-03
5.895050445113348360e+03 1.169600744061630282e+00 8.414233420387162710e-03
5.900945495558464245e+03 1.178910939535431135e+00 8.517637647289685171e-03
5.906846441054024581e+03 1.196651899949766618e+00 8.037301369568351783e-03
5.912753287495080258e+03 1.219296837071984774e+00 6.782246036630941791e-03
5.918666040782577511e+03 1.235361755243556514e+00 6.565161111703910791e-03
5.924584706823361557e+03 1.244579638032136781e+00 6.632684282395446239e-03
5.930509291530187511e+03 1.250178904583649109e+00 6.606441897287820657e-03
5.936439800821719473e+03 1.250652623554382670e+00 6.401920329192942183e-03
5.942376240622543264e+03 1.245559137985480236e+00 5.701139272391718589e-03
5.948318616863167335e+03 1.245464988599243927e+00 5.429994951869166440e-03
5.954266935480032771e+03 1.251644227475722237e+00 4.411977047761871801e-03
5.960221202415515108e+03 1.252322556191360681e+00 4.341468737573173781e-03
5.966181423617932523e+03 1.250596900515863252e+00 4.256911445161670055e-03
5.972147605041552197e+03 1.252631509611488392e+00 4.052789433211430488e-03
5.978119752646595771e+03 1.250679704325860619e+00 4.108023342818701087e-03
5.984097872399243897e+03 1.244074402260493040e+00 3.746635102941405730e-03
5.990081970271645332e+03 1.235675565203334214e+00 3.615216413702509405e-03
5.996072052241918755e+03 1.232928248072191035e+00 3.618066485677234618e-03
6.002068124294162772e+03 1.234973372279280612e+00 3.239349331563818376e-03
6.008070192418459555e+03 1.232535184039099008e+00 3.224945984720841655e-03
6.014078262610879392e+03 1.227747250746445307e+00 3.148838436735313870e-03
6.020092340873492503e+03 1.224153469747939704e+00 3.232158293720326873e-03
6.026112433214368139e+03 1.223759749515370698e+00 3.263381076987221813e-03
6.032138545647584579e+03 1.221198190859816846e+00 3.046299893649796232e-03
6.038170684193233683e+03 1.222035344268974866e+00 3.099933515742954015e-03
6.044208854877429076e+03 1.224219004365102448e+00 2.959359719152849632e-03
6.050253063732308874e+03 1.226339045010054640e+00 3.117740308536106307e-03
6.056303316796042964e+03 1.227559940726155929e+00 3.241606871784857152e-03
6.062359620112841185e+03 1.226115623519499209e+00 3.567267185656206822e-03
6.068421979732956061e+03 1.223738612788103808e+00 3.404907468746984356e-03
6.074490401712690982e+03 1.225098371933584174e+00 3.506592790777183100e-03
6.080564892114405666e+03 1.226152296509892770e+00 3.559597021093932872e-03
6.086645457006521610e+03 1.227390867048784306e+00 3.611239676757257901e-03
6.092732102463530282e+03 1.227047507903998191e+00 3.722010968351012646e-03
6.098824834565995843e+03 1.227017713831701329e+00 3.632344205385214936e-03
6.104923659400564247e+03 1.222919483761517379e+00 3.406030430771880401e-03
6.111028583059966877e+03 1.220428490092281271e+00 3.383012049693193916e-03
6.117139611643028729e+03 1.220612487789919598e+00 3.235247577727860032e-03
6.123256751254673873e+03 1.217507971222147489e+00 3.317906037938270821e-03
6.129380008005929994e+03 1.215999194813176532e+00 3.380479295695403962e-03
6.135509388013938405e+03 1.213881996236960248e+00 3.322844517948316326e-03
6.141644897401954040e+03 1.211543009978985674e+00 3.362483547706537120e-03
6.147786542299358189e+03 1.214805269445512703e+00 3.942219512014649707e-03
6.153934328841659408e+03 1.214143761852346737e+00 4.335910198712427700e-03
6.160088263170503524e+03 1.218161912019515736e+00 4.657323080074417254e-03
6.166248351433675452e+03 1.222605495317428348e+00 4.626993139298061185e-03
6.172414599785111022e+03 1.227684579454780822e+00 4.089374274783559408e-03
6.178587014384898794e+03 1.225636426751253394e+00 3.993100730762750086e-03
6.184765601399285515e+03 1.223546144086358867e+00 4.054827220221796959e-03
6.190950367000687038e+03 1.218586392966893195e+00 4.191312194109376131e-03
6.197141317367689226e+03 1.210244743372976606e+00 4.584006951750298209e-03
6.203338458685059777e+03 1.201886082227718422e+00 4.532779376335893673e-03
6.209541797143746408e+03 1.197811904891938894e+00 4.612217569295171821e-03
6.215751338940892310e+03 1.194341024408300589e+00 4.525352818889559307e-03
6.221967090279835247e+03 1.192030945131276276e+00 4.526241442060281034e-03
6.228189057370116643e+03 1.194309782616995941e+00 4.679249431259176716e-03
6.234417246427488863e+03 1.199545803739892724e+00 5.487331934201890131e-03
6.240651663673918847e+03 1.204941706163591641e+00 5.612775500281421727e-03
6.246892315337594482e+03 1.207786595013803588e+00 5.476468419916258844e-03
6.253139207652934601e+03 1.207874421894737926e+00 5.034799120193447601e-03
6.259392346860589896e+03 1.202929326290726131e+00 5.215773387425689557e-03
6.265651739207452010e+03 1.197565976611426830e+00 5.349231094857692312e-03
6.271917390946661726e+03 1.182175678407193065e+00 4.274054377069496508e-03
6.278189308337610782e+03 1.171747228065547652e+00 3.975696726488294787e-03
6.284467497645950061e+03 1.163512767237667056e+00 3.656459344236258780e-03
6.290751965143597772e+03 1.156931115143218669e+00 3.534857846940055170e-03
6.297042717108744000e+03 1.154669035131060895e+00 3.602193359208999846e-03
6.303339759825854344e+03 1.158687811183714667e+00 3.621615682422768372e-03
6.309643099585682648e+03 1.161061162282741144e+00 3.451056475217287919e-03
6.315952742685270096e+03 1.162577248071105185e+00 3.402159780906680118e-03
6.322268695427957937e+03 1.165286138496423485e+00 3.125567988756640901e-03
6.328590964123387494e+03 1.165715113539228298e+00 3.134813161937021701e-03
6.334919555087512890e+03 1.163530747431196888e+00 3.319808588025951763e-03
6.341254474642602872e+03 1.158496083187747994e+00 2.822742910179652613e-03
6.347595729117247174e+03 1.151702087143856801e+00 2.381389946979927882e-03
6.353943324846366522e+03 1.151385948850558005e+00 2.326365978900442420e-03
6.360297268171215364e+03 1.151682431070968793e+00 2.391981077376393108e-03
6.366657565439388236e+03 1.153437113378676049e+00 2.433432162028792856e-03
6.373024223004829764e+03 1.153161151998940204e+00 2.583976583181644450e-03
6.379397247227837397e+03 1.155520927496087813e+00 2.683674391142679919e-03
6.385776644475066860e+03 1.160300976768410930e+00 2.720982210993946101e-03
6.392162421119543978e+03 1.163627486574920322e+00 2.634515888392105140e-03
6.398554583540665590e+03 1.168818405475468891e+00 2.691788508835040589e-03
6.404953138124208635e+03 1.173760910484370257e+00 2.675304793828054816e-03
6.411358091262334710e+03 1.177463831546364803e+00 2.706115634420843807e-03
6.417769449353599157e+03 1.183160207173573397e+00 2.906505024392862929e-03
6.424187218802954703e+03 1.189078598059189362e+00 2.849975386252135562e-03
6.430611406021760558e+03 1.191395422853973818e+00 3.252449252769237971e-03
6.437042017427784231e+03 1.186626144019939932e+00 3.235805092630607196e-03
6.443479059445214261e+03 1.179130364098687656e+00 3.300779967142254516e-03
6.449922538504661134e+03 1.170660640752825943e+00 3.323936094474682842e-03
6.456372461043168187e+03 1.156583666305031954e+00 3.655957955645537574e-03
6.462828833504213435e+03 1.144006636123666931e+00 3.897971013864926643e-03
6.469291662337719572e+03 1.134746140329044861e+00 3.814764584103552420e-03
6.475760954000059428e+03 1.132381860716564326e+00 5.736182216000682878e-03
6.482236714954061426e+03 1.132648782319365166e+00 6.240018433539980779e-03
6.488718951669017770e+03 1.131013246512803327e+00 5.906750659642672624e-03
6.495207670620688987e+03 1.129696376067868213e+00 6.000070638135191967e-03
6.501702878291312118e+03 1.124000292936250478e+00 1.211384206879850822e-02
6.508204581169605262e+03 1.102151039450717684e+00 3.007271619865122675e-02
6.514712785750777584e+03 1.148846412921406213e+00 3.115795866744726014e-02
6.521227498536530220e+03 1.263728233750213814e+00 3.076871836688928677e-02
6.527748726035069012e+03 1.441233305627808159e+00 4.019268521057688809e-02
6.534276474761106329e+03 1.622034554468505085e+00 4.832768351911261723e-02
6.540810751235869247e+03 1.799093270853335369e+00 5.170256424180014881e-02
6.547351561987107743e+03 1.935513827689909094e+00 4.898172545834697522e-02
6.553898913549096505e+03 2.008906418542788064e+00 4.474941794211421964e-02
6.560452812462647671e+03 2.014427330717130538e+00 4.379247374378304747e-02
6.567013265275112644e+03 1.954698735656042130e+00 4.753930121901273065e-02
6.573580278540390282e+03 1.816192769569300314e+00 5.218019070431514916e-02
6.580153858818932349e+03 1.647517317601217224e+00 5.169970688651497753e-02
6.586734012677753526e+03 1.459051231077579613e+00 4.595156851998317277e-02
6.593320746690433225e+03 1.270651166301808299e+00 3.614674568477153210e-02
6.599914067437126505e+03 1.137786515217563021e+00 3.404616909923991602e-02
6.606513981504565891e+03 1.059581408268935432e+00 3.636717509284216610e-02
6.613120495486072286e+03 1.054985402334455147e+00 3.431073767494253329e-02
6.619733615981560433e+03 1.084146860175776217e+00 2.282645602974829255e-02
6.626353349597544366e+03 1.119560883983822031e+00 1.024596765665519195e-02
6.632979702947143778e+03 1.127513893201957940e+00 9.671658735151163547e-03
6.639612682650093120e+03 1.118692084629187233e+00 4.728711145725534963e-03
6.646252295332745234e+03 1.116255075012722253e+00 3.152232532860332719e-03
6.652898547628080451e+03 1.113970046890110144e+00 2.761098157374921279e-03
6.659551446175711135e+03 1.112024197847212292e+00 2.756925841817916938e-03
6.666210997621888964e+03 1.108399331593262538e+00 2.627369870449512007e-03
6.672877208619513112e+03 1.105563645228325287e+00 2.637633688334980499e-03
6.679550085828134797e+03 1.103226330011393808e+00 2.620708705207566193e-03
6.686229635913964557e+03 1.100427114738315781e+00 2.642107593400327883e-03
6.692915865549881346e+03 1.097086544778445250e+00 2.647648994102699306e-03
6.699608781415433441e+03 1.092541675334152806e+00 2.427578100768542496e-03
6.706308390196851178e+03 1.089835367613136929e+00 2.387035305141067820e-03
6.713014698587049679e+03 1.089036129148158727e+00 2.588624274505336303e-03
6.719727713285638856e+03 1.088464794673524638e+00 2.596329712965294093e-03
6.726447440998927050e+03 1.087764903572491670e+00 2.751291196136848409e-03
6.733173888439928305e+03 1.085496885769086983e+00 2.269846318295153098e-03
6.739907062328370557e+03 1.081363990737489233e+00 2.466620888627300747e-03
6.746646969390701088e+03 1.076568674764454503e+00 2.535720054996980048e-03
6.753393616360093802e+03 1.070249438511932993e+00 2.343933500551400109e-03
6.760147009976456502e+03 1.065674859491848814e+00 2.196064590330581469e-03
6.766907156986434529e+03 1.063523564981332825e+00 2.112270588735120410e-03
6.773674064143423493e+03 1.063701349983812605e+00 2.220004622665421642e-03
6.780447738207569273e+03 1.064550329746648982e+00 2.461059519442456746e-03
6.787228185945778932e+03 1.065236663815997575e+00 2.472684840970427143e-03
6.794015414131727084e+03 1.063361770862218947e+00 3.095444221586722208e-03
6.800809429545861349e+03 1.065290465557431565e+00 3.154932710643503294e-03
6.807610238975408720e+03 1.071436125331612699e+00 3.191676787464266165e-03
6.814417849214386479e+03 1.077971874006286246e+00 3.387275198305240639e-03
6.821232267063603103e+03 1.080057020729172867e+00 3.429910375383643430e-03
6.828053499330669183e+03 1.081077152618523662e+00 3.319875623521834334e-03
6.834881552830001965e+03 1.081102069679900080e+00 3.312932124233774946e-03
6.841716434382834450e+03 1.081962014267885852e+00 3.274490461754868409e-03
6.848558150817219939e+03 1.082790999601394244e+00 3.190272700287328199e-03
6.855406708968039311e+03 1.083193748255692812e+00 3.050822148811081855e-03
6.862262115677009206e+03 1.079713389816353342e+00 3.183634040746272532e-03
6.869124377792688392e+03 1.077165328616665807e+00 3.057583463752752782e-03
6.875993502170483225e+03 1.076534721820006313e+00 3.109379275083329602e-03
6.882869495672656740e+03 1.071439980645096046e+00 3.097345276806798015e-03
6.889752365168331380e+03 1.067028674552845002e+00 3.050625699373183883e-03
6.896642117533501732e+03 1.065161041039832446e+00 3.063054306754383130e-03
6.903538759651037253e+03 1.065159193986870534e+00 2.981479943388443306e-03
6.910442298410691365e+03 1.063976346625588709e+00 2.840267710161404561e-03
6.917352740709104182e+03 1.064167663825429822e+00 2.724082993041168892e-03
6.924270093449815249e+03 1.060220906417853381e+00 2.306980895247244100e-03
6.931194363543267173e+03 1.059104506023329062e+00 2.354385507808891796e-03
6.938125557906812901e+03 1.056102489651714382e+00 2.450006166167193952e-03
6.945063683464722089e+03 1.053796174104598693e+00 2.418583088120028392e-03
6.952008747148189286e+03 1.052181407217070097e+00 2.377850213871156391e-03
6.958960755895339389e+03 1.052657632224512474e+00 2.520135398424193547e-03
6.965919716651237650e+03 1.051082976606306785e+00 2.551914871669197504e-03
6.972885636367890584e+03 1.048010938589951202e+00 2.558000224385942496e-03
6.979858522004260521e+03 1.045641650068943385e+00 2.596676699773652237e-03
6.986838380526267429e+03 1.044934752178377835e+00 2.563137040009998407e-03
6.993825218906796181e+03 1.041909201319357381e+00 2.488865829078740384e-03
7.000819044125705659e+03 1.040257969487081047e+00 2.492336712984221086e-03
7.007819863169833297e+03 1.042252324193504887e+00 2.423703088030715238e-03
7.014827683033005087e+03 1.043774335001803610e+00 2.347399074683484670e-03
7.021842510716041033e+03 1.046068494655166603e+00 2.430155004223999871e-03
7.028864353226758794e+03 1.049704290769620352e+00 2.510280149827899369e-03
7.035893217579988232e+03 1.054214562669635757e+00 2.709427215870378793e-03
7.042929110797570502e+03 1.055049281662297167e+00 2.764289072052437003e-03
7.049972039908370789e+03 1.055834465566574121e+00 2.663944466588534857e-03
7.057022011948281033e+03 1.052527737052058932e+00 2.636870131186194212e-03
7.064079033960231754e+03 1.046099108438202752e+00 2.862242969174322478e-03
7.071143112994193871e+03 1.037727331834013000e+00 2.837945187592746596e-03
7.078214256107190522e+03 1.027355888702137898e+00 2.911619461917979400e-03
7.085292470363300708e+03 1.021061553011004541e+00 2.657553729868935254e-03
7.092377762833665656e+03 1.018598014003633478e+00 2.604776128244827571e-03
7.099470140596501551e+03 1.022013307219371114e+00 3.265525148674633393e-03
7.106569610737100447e+03 1.025873961688059888e+00 3.866026278611657888e-03
7.113676180347840273e+03 1.028847265429072566e+00 3.727232148307028578e-03
7.120789856528190285e+03 1.030473614411785865e+00 3.536890765175654174e-03
7.127910646384721076e+03 1.033543912018160205e+00 3.539112547527555920e-03
7.135038557031108212e+03 1.038769599732119353e+00 3.788033428970499425e-03
7.142173595588141325e+03 1.038080546760177469e+00 3.776036709713615110e-03
7.149315769183732300e+03 1.032661188329467183e+00 4.329920658775454449e-03
7.156465084952918005e+03 1.025932896786237336e+00 4.663416949664197196e-03
7.163621550037873021e+03 1.021591723079416703e+00 4.326124266123800716e-03
7.170785171587913283e+03 1.020977997782263280e+00 4.354307352241221403e-03
7.177955956759504261e+03 1.019017933952544253e+00 4.333390363474072353e-03
7.185133912716265513e+03 1.018886268434676001e+00 4.214516962539482763e-03
7.192319046628984324e+03 1.018090649578283102e+00 4.250323202864984655e-03
7.199511365675615707e+03 1.021919769834131131e+00 4.288842383425401847e-03
7.206710877041294225e+03 1.025016812343613637e+00 4.221923936003163687e-03
7.213917587918337631e+03 1.025620151749529585e+00 4.195423546637224409e-03
7.221131505506257781e+03 1.027293670118580193e+00 4.506508484410720085e-03
7.228352637011767001e+03 1.022016557009994164e+00 4.732119132144303221e-03
7.235580989648780815e+03 1.012533488148797511e+00 6.065128851740754674e-03
7.242816570638432495e+03 1.013602433820798066e+00 6.127752144338658412e-03
7.250059387209073066e+03 1.014910278272336708e+00 5.930064009969550007e-03
7.257309446596284033e+03 1.016295551794152541e+00 5.887219805376589163e-03
7.264566756042882844e+03 1.016540993460075981e+00 5.877818481913541122e-03
7.271831322798928340e+03 1.025387148478197341e+00 5.583525134015173731e-03
7.279103154121729858e+03 1.032547470519950217e+00 5.441827244586985857e-03
7.286382257275853590e+03 1.037731314449707565e+00 5.409150407202526628e-03
7.293668639533132591e+03 1.043833507820413287e+00 5.562650915247613521e-03
7.300962308172667690e+03 1.051135484654500685e+00 5.294042010912095551e-03
7.308263270480842948e+03 1.053383853879091614e+00 4.997016989469580880e-03
7.315571533751325660e+03 1.051566982225418112e+00 5.061479184641277766e-03
7.322887105285079997e+03 1.040249799829081834e+00 5.651844013130722690e-03
7.330209992390367006e+03 1.029790809242598915e+00 5.411622660799036630e-03
7.337540202382760071e+03 1.022383147008493642e+00 5.260729038741354321e-03
7.344877742585144915e+03 1.015737165585765434e+00 5.105070072954969937e-03
7.352222620327733239e+03 1.011916406014752523e+00 5.138045860758663069e-03
7.359574842948062724e+03 1.014014927177665726e+00 4.658922409773798463e-03
7.366934417791013402e+03 1.012279049824599930e+00 4.539895959009329802e-03
7.374301352208806748e+03 1.006138176372838311e+00 4.099376528708545755e-03
7.381675653561018407e+03 1.004632070015495593e+00 3.696287429047887853e-03
7.389057329214581841e+03 1.004335582975542485e+00 3.360145489475318496e-03
7.396446386543798326e+03 1.001977605037001062e+00 3.329003327318958046e-03
7.403842832930345139e+03 9.959781366580716666e-01 3.240155842456060413e-03
7.411246675763277381e+03 9.903508488207427574e-01 3.626216143442739272e-03
7.418657922439043432e+03 9.851287488774027601e-01 3.075515941921096695e-03
7.426076580361484957e+03 9.840570855315887711e-01 2.919354735478120987e-03
7.433502656941848727e+03 9.875970956687230018e-01 3.129963383569518091e-03
7.440936159598792983e+03 9.941794436620310371e-01 3.356666475570921088e-03
7.448377095758394717e+03 9.998345231316607684e-01 3.242149269063100518e-03
7.455825472854155123e+03 1.003740873531140831e+00 2.815004829184167799e-03
7.463281298327012337e+03 1.002090630378422942e+00 2.844478469449208350e-03
7.470744579625341430e+03 9.989161642775397087e-01 3.214218004944260302e-03
7.478215324204968965e+03 1.000028616289394323e+00 3.193724207230625237e-03
7.485693539529176633e+03 9.978850449307161696e-01 3.137283147666048485e-03
7.493179233068708527e+03 9.944575229766718927e-01 3.015196282361141782e-03
7.500672412301779332e+03 9.908361867185213612e-01 2.950377922845955157e-03
7.508173084714083416e+03 9.875558749205333164e-01 3.015253593556505452e-03
7.515681257798800289e+03 9.855284048460987156e-01 3.200192418643529706e-03
7.523196939056601877e+03 9.864976956311667378e-01 3.379058699637270315e-03
7.530720135995660712e+03 9.910820055360389791e-01 3.761026236119714705e-03
7.538250856131659020e+03 9.849378853468343520e-01 4.284935740985323580e-03
7.545789106987793275e+03 9.797738623321904372e-01 4.700929378837222401e-03
7.553334896094783289e+03 9.720082318438368896e-01 4.581256688835959323e-03
7.560888230990880402e+03 9.619902747410219446e-01 4.602716896115900853e-03
7.568449119221873843e+03 9.566136259785673612e-01 4.611630334971940186e-03
7.576017568341098013e+03 9.524208494602186548e-01 4.758875118130701486e-03
7.583593585909441572e+03 9.464899049380827156e-01 4.884072377111439885e-03
7.591177179495353812e+03 9.450769362036914867e-01 4.990001247434928434e-03
7.598768356674851930e+03 9.472803416464448123e-01 5.065193976455791176e-03
7.606367125031529213e+03 9.512253148933221825e-01 5.309705731308008575e-03
7.613973492156563225e+03 9.533618675535939779e-01 5.458680744107222496e-03
7.621587465648722173e+03 9.548860585025495951e-01 5.420213056022015266e-03
7.629209053114373091e+03 9.578016674560981825e-01 5.462213870033678399e-03
7.636838262167490029e+03 9.617778515363951675e-01 5.473812318236221872e-03
7.644475100429660415e+03 9.611856756207876051e-01 5.591844084260859035e-03
7.652119575530092334e+03 9.563005527636304626e-01 5.695083287794602475e-03
7.659771695105625440e+03 9.475820180846551422e-01 5.616246507121279950e-03
7.667431466800733688e+03 9.464000976304741686e-01 5.650083653599462068e-03
7.675098898267536242e+03 9.502812474395280207e-01 5.622683706183234133e-03
7.682773997165806577e+03 9.530874129082125279e-01 5.397515262936334463e-03
7.690456771162975201e+03 9.553707348225720652e-01 5.333206903551155828e-03
7.698147227934140574e+03 9.640481326688378205e-01 5.582459808739928010e-03
7.705845375162077289e+03 9.684878438908878229e-01 6.647026483004064151e-03
7.713551220537241534e+03 9.650776712441261340e-01 6.067760997640667293e-03
7.721264771757782000e+03 9.527939105182913204e-01 6.153794596932829312e-03
7.728986036529541707e+03 9.306745642318074996e-01 7.318186468614279287e-03
7.736715022566074367e+03 9.042197867595588301e-01 7.627586168636985020e-03
7.744451737588642573e+03 8.824791465212498132e-01 8.090393187288347568e-03
7.752196189326234162e+03 8.676285451159509998e-01 7.838886561761064520e-03
7.759948385515562222e+03 8.633158203664541563e-01 7.701414635415861597e-03
7.767708333901080550e+03 8.607401435487852526e-01 7.402861866843650843e-03
7.775476042234984561e+03 8.693604134853125665e-01 8.262182648074536603e-03
7.783251518277222203e+03 8.858818457010264602e-01 7.901335779906176748e-03
7.791034769795502143e+03 9.087392785210007817e-01 6.491459416774070755e-03
7.798825804565300132e+03 9.278885875362868907e-01 5.642177372153701909e-03
7.806624630369868100e+03 9.395324780333854653e-01 5.391191484664309592e-03
7.814431255000240526e+03 9.429707421274611256e-01 5.585186257933602225e-03
7.822245686255242617e+03 9.398620602934524282e-01 5.461195129923705760e-03
7.830067931941501229e+03 9.274079279316600477e-01 5.267439584434159550e-03
7.837897999873444860e+03 9.115724653094574581e-01 4.263757250149252838e-03
7.845735897873320937e+03 8.971160620433236144e-01 3.489226375089009551e-03
7.853581633771196721e+03 8.936027848877673430e-01 3.215328374136409290e-03
7.861435215404970222e+03 8.921552055643873214e-01 2.959555693074495796e-03
7.869296650620378387e+03 8.884502024067251202e-01 2.973211684229642906e-03
7.877165947271001642e+03 8.870331860454770956e-01 2.978429577440403972e-03
7.885043113218274812e+03 8.892773749259208493e-01 2.861270947862884061e-03
7.892928156331495302e+03 8.870048382024258160e-01 2.662920180655501019e-03
7.900821084487829467e+03 8.875901470705531704e-01 2.755884575285917539e-03
7.908721905572319884e+03 8.907218463236203920e-01 2.570536459370780565e-03
7.916630627477895359e+03 8.905193951930964191e-01 2.554747329542748132e-03
7.924547258105375477e+03 8.917729103448220895e-01 2.374837528788323326e-03
7.932471805363483327e+03 8.886292054513803551e-01 2.122781788713568648e-03
7.940404277168850058e+03 8.852275574672552327e-01 2.126899536677803997e-03
7.948344681446021241e+03 8.813001628393803966e-01 2.201815252196629661e-03
7.956293026127469602e+03 8.772016555449875241e-01 2.032885913652933158e-03
7.964249319153599572e+03 8.753726655399942658e-01 2.027189201446781119e-03
7.972213568472756378e+03 8.775184967896478838e-01 1.938845095277991031e-03
7.980185782041231505e+03 8.781300326884190488e-01 2.032683131588343059e-03
7.988165967823275423e+03 8.779202126174856513e-01 2.004187125086204571e-03
7.996154133791101231e+03 8.764458863610714578e-01 2.080802558158896358e-03
8.004150287924895565e+03 8.737827978267314055e-01 2.325015022109012258e-03
8.012154438212822242e+03 8.726394010901700193e-01 2.516531043783554709e-03
8.020166592651037718e+03 8.705381013463335815e-01 2.405943207925735454e-03
8.028186759243691995e+03 8.695408852486140594e-01 2.363160831135417434e-03
8.036214946002938632e+03 8.711717030293123498e-01 2.613614773376878812e-03
8.044251160948943834e+03 8.710048673237480443e-01 2.765872920943063078e-03
8.052295412109895551e+03 8.683122794380079279e-01 2.764342143229271253e-03
8.060347707522008022e+03 8.647759779269764691e-01 2.889043269856009059e-03
8.068408055229532692e+03 8.606956838291852652e-01 2.896851204195590758e-03
8.076476463284764577e+03 8.591434200664477272e-01 2.915879044141124910e-03
8.084552939748052268e+03 8.581629477012741036e-01 2.888777273870928031e-03
8.092637492687803388e+03 8.534748276264384481e-01 3.046788469994481628e-03
8.100730130180493688e+03 8.444550573446302222e-01 3.624837433979880355e-03
8.108830860310677053e+03 8.397065842171825834e-01 3.729795750715726721e-03
8.116939691170990045e+03 8.377153048255513434e-01 3.875816516899826137e-03
8.125056630862163729e+03 8.365033476660908018e-01 4.010273400796889563e-03
8.133181687493028221e+03 8.376225380083386352e-01 3.903650976043932137e-03
8.141314869180524511e+03 8.383658013111765506e-01 3.866674786222521181e-03
8.149456184049707190e+03 8.393167161428610745e-01 3.747538580604005323e-03
8.157605640233759914e+03 8.359085903577493371e-01 3.740444773850690012e-03
8.165763245873996311e+03 8.333367502154483963e-01 3.707488446560458853e-03
8.173929009119872717e+03 8.320672562748520074e-01 3.779080624985246915e-03
8.182102938128995447e+03 8.250015894023955410e-01 3.924740277094706901e-03
8.190285041067127167e+03 8.227376192104114416e-01 3.916649878360768146e-03
8.198475326108196896e+03 8.177189659422621215e-01 4.141385307242228218e-03
8.206673801434308189e+03 8.136245512150881432e-01 4.161554575796133464e-03
8.214880475235744598e+03 8.090951466103886158e-01 3.835665240669382248e-03
8.223095355710984222e+03 8.089600725041271589e-01 3.902721731101489299e-03
8.231318451066697889e+03 8.124575661282054106e-01 3.944318124874931185e-03
8.239549769517767345e+03 8.181176878238544115e-01 3.790694723982399473e-03
8.247789319287287071e+03 8.200672481887535392e-01 3.823746763946580304e-03
8.256037108606577021e+03 8.168421262713823072e-01 3.973061845705718083e-03
8.264293145715186256e+03 8.166329116208845829e-01 3.723000541353684717e-03
8.272557438860903858e+03 8.232014703234308284e-01 3.608135122205255192e-03
8.280829996299768027e+03 8.258885711671856145e-01 3.567116332315256860e-03
8.289110826296069718e+03 8.263641181717250594e-01 3.701894962751289125e-03
8.297399937122369010e+03 8.264527603782561016e-01 3.613550917956853421e-03
8.305697337059495112e+03 8.262977853470643286e-01 3.654361193966833548e-03
8.314003034396557268e+03 8.274735700669063609e-01 3.583093161543647251e-03
8.322317037430955679e+03 8.310585096571948549e-01 3.598233147181877523e-03
8.330639354468388774e+03 8.382002374306019021e-01 3.474595413601231416e-03
8.338969993822860488e+03 8.392167763837519168e-01 3.619920337681289176e-03
8.347308963816685718e+03 8.449861885583637156e-01 3.506613397300776917e-03
8.355656272780506697e+03 8.458858673860014665e-01 3.413453085951990203e-03
8.364011929053289350e+03 8.424527375813020136e-01 3.575014240982132309e-03
8.372375940982345128e+03 8.415616151756890595e-01 4.067415051510574892e-03
8.380748316923331004e+03 8.383646755263175487e-01 4.155059419579994889e-03
8.389129065240256750e+03 8.297959396943151988e-01 4.102043823983433229e-03
8.397518194305499492e+03 8.201487383569571188e-01 4.042938820088636150e-03
8.405915712499807341e+03 8.034402876782962277e-01 4.963483911277033304e-03
8.414321628212310316e+03 7.838920744966662024e-01 5.400877526205812539e-03
8.422735949840525791e+03 7.760487118377288329e-01 5.533927330010618775e-03
8.431158685790369418e+03 7.813913133515095755e-01 5.359849505266822169e-03
8.439589844476162398e+03 7.959483121078005929e-01 5.414702525352325414e-03
8.448029434320640576e+03 8.189413717289968364e-01 6.009166747859183248e-03
8.456477463754963537e+03 8.463279618671667448e-01 6.041268397443048770e-03
8.464933941218721884e+03 8.836731985062810102e-01 6.845322201495057657e-03
8.473398875159942691e+03 9.250880003606368751e-01 7.625320379560770502e-03
8.481872274035105875e+03 9.561707329690487533e-01 6.905616847595585570e-03
8.490354146309144198e+03 9.793417031219975311e-01 6.745950487726839508e-03
8.498844500455456000e+03 9.913516227112366686e-01 6.944801990059553884e-03
8.507343344955914290e+03 9.978248375617785326e-01 6.992012065242038908e-03
8.515850688300872207e+03 9.935310400988037749e-01 6.823363958041858343e-03
8.524366538989177570e+03 9.755286010681093467e-01 5.948431252416639357e-03
8.532890905528169242e+03 9.573784113954180164e-01 5.897784909176550551e-03
8.541423796433698953e+03 9.333045128957357939e-01 5.871914922274701701e-03
8.549965220230136765e+03 9.077961530192378836e-01 5.900217007208587161e-03
8.558515185450369245e+03 8.834756732358512998e-01 5.872704210902374850e-03
8.567073700635823116e+03 8.577379950590375834e-01 6.024155440373882113e-03
8.575640774336461618e+03 8.295209528343854277e-01 6.219330209844553536e-03
8.584216415110800881e+03 8.110116437276684298e-01 6.052317813170717160e-03
8.592800631525913559e+03 8.036922987483521297e-01 6.130882685706750754e-03
8.601393432157443385e+03 8.007182840125321999e-01 6.171301421679799282e-03
8.609994825589603352e+03 8.109241557705928471e-01 6.808508186958266151e-03
8.618604820415195718e+03 8.213559166312157656e-01 7.314010984543771292e-03
8.627223425235613831e+03 8.444527203794151005e-01 8.062543679634839866e-03
8.635850648660851220e+03 8.693407585994462616e-01 5.582861935355728361e-03
8.644486499309516148e+03 8.758049407162848965e-01 5.539584609765663484e-03
8.653130985808827973e+03 8.751955728351230590e-01 5.985445361654355596e-03
8.661784116794638976e+03 8.673455372396173813e-01 6.410124712467752013e-03
8.670445900911438002e+03 8.551087615528625285e-01 6.480785101653047282e-03
8.679116346812352276e+03 8.376822869796216597e-01 6.354122147121107206e-03
8.687795463159167412e+03 8.210678272181270998e-01 6.191547083049765351e-03
8.696483258622329231e+03 8.058409509030957096e-01 6.211205034455504446e-03
8.705179741880954680e+03 7.895435909277449538e-01 6.188159777196134206e-03
8.713884921622837282e+03 7.770412612939237018e-01 6.183479898830081083e-03
8.722598806544463514e+03 7.677968908767175416e-01 6.311455561036020262e-03
8.731321405351010981e+03 7.623454601112298334e-01 6.409505827351190399e-03
8.740052726756364791e+03 7.557312451607223203e-01 6.461394247060547880e-03
8.748792779483124832e+03 7.515595992894991140e-01 6.471789725359253925e-03
8.757541572262609407e+03 7.526103271734779776e-01 6.264061679924855588e-03
8.766299113834875243e+03 7.460613203662601611e-01 5.872064339401611606e-03
8.775065412948713856e+03 7.439603831843742965e-01 5.903167027748491835e-03
8.783840478361664282e+03 7.412682978484329555e-01 5.575247173724334586e-03
8.792624318840029446e+03 7.518460156946568107e-01 3.886378331234087696e-03
8.801416943158872527e+03 7.535303094202322471e-01 4.046663349235163180e-03
8.810218360102035149e+03 7.529161135494530921e-01 4.226092976404190876e-03
8.819028578462139194e+03 7.541653660962863714e-01 4.285423115692882368e-03
8.827847607040604998e+03 7.568681297416459675e-01 4.323480086716069426e-03
8.836675454647647712e+03 7.542869499544746503e-01 4.189172933741621904e-03
8.845512130102299125e+03 7.508366545691408378e-01 4.310196428315399286e-03
8.854357642232404032e+03 7.420033972906217024e-01 4.345564333238847651e-03
8.863211999874638423e+03 7.328899876231849131e-01 4.609303668703212953e-03
8.872075211874516754e+03 7.238875384879354113e-01 4.542665990736985925e-03
8.880947287086393771e+03 7.170445120010583429e-01 4.609681269965251564e-03
8.889828234373482701e+03 7.080359841314262104e-01 4.613245856425259028e-03
8.898718062607858883e+03 7.010475558851700928e-01 4.421694428628767347e-03
8.907616780670470689e+03 6.863394427172513357e-01 3.990838353322261230e-03
8.916524397451143159e+03 6.785284082362854630e-01 3.996504735351753997e-03
8.925440921848598009e+03 6.730605132272414748e-01 3.998605123476098831e-03
8.934366362770449996e+03 6.720962717585842183e-01 4.216609323554163131e-03
8.943300729133223285e+03 6.703699295418495963e-01 4.181333656955134141e-03
8.952244029862358730e+03 6.728302396043870370e-01 4.197593289206402213e-03
8.961196273892224781e+03 6.780315796211852097e-01 4.157179619217086022e-03
8.970157470166119310e+03 6.829088893767732982e-01 4.023278196951268586e-03
8.979127627636287798e+03 6.874972259656476625e-01 3.653840407775485900e-03
8.988106755263928790e+03 6.959091023898539285e-01 3.902366644672521090e-03
8.997094862019195716e+03 7.056897660770229397e-01 4.161573476141760576e-03
9.006091956881216902e+03 7.116887180506753507e-01 3.965779162820838415e-03
9.015098048838101022e+03 7.152450619709280755e-01 3.164085832439967293e-03
9.024113146886942559e+03 7.062150134721929540e-01 3.459797795770790108e-03
9.033137260033832717e+03 6.914905782870218731e-01 3.708554035339707913e-03
9.042170397293868518e+03 6.742931776212324202e-01 4.503526716923399002e-03
9.051212567691165532e+03 6.609292195623923671e-01 4.707116765974293446e-03
9.060263780258859697e+03 6.556713427827532970e-01 4.611308775437364220e-03
9.069324044039121873e+03 6.539418108958061637e-01 4.593484405097051498e-03
9.078393368083163296e+03 6.544177715371997106e-01 4.701328793323847864e-03
9.087471761451250131e+03 6.623801181871390442e-01 5.489491902344911453e-03
9.096559233212705294e+03 6.690646781019337075e-01 5.631009672181668153e-03
9.105655792445919360e+03 6.779882925711712138e-01 4.408365912084787931e-03
9.114761448238368757e+03 6.811578213160566220e-01 4.246345404553072793e-03
9.123876209686610309e+03 6.771868426910030436e-01 5.527631124702929270e-03
9.133000085896299424e+03 6.767733499454490209e-01 5.793229696401639046e-03
9.142133085982199191e+03 6.790473257387313888e-01 5.875668529139106352e-03
9.151275219068184015e+03 6.781029442982875466e-01 6.019112880085294645e-03
9.160426494287255991e+03 6.708495947947807903e-01 5.873373845957360895e-03
9.169586920781546723e+03 6.659786425199742954e-01 5.993801695608571602e-03
9.178756507702330055e+03 6.641124478998006175e-01 6.189884329268486272e-03
9.187935264210036621e+03 6.721939860558319157e-01 6.253450958937779684e-03
9.197123199474248395e+03 6.731941647387535976e-01 6.080116640040361849e-03
9.206320322673725968e+03 6.680996094951713316e-01 6.988137710378012658e-03
9.215526642996403098e+03 6.642168940000552357e-01 6.987292469790747952e-03
9.224742169639403073e+03 6.592165313915596681e-01 6.928620739562646284e-03
9.233966911809044177e+03 6.569767402233228637e-01 7.150512562905452646e-03
9.243200878720857872e+03 6.529324608088379334e-01 7.879206428650456853e-03
9.252444079599581528e+03 6.420165055252922137e-01 7.944680816051114675e-03
9.261696523679183883e+03 6.359554020527300455e-01 7.812804526240993072e-03
9.270958220202865050e+03 6.089250006886097744e-01 1.171217949475844740e-02
9.280229178423071062e+03 6.005694654092637030e-01 1.189257009887606693e-02
9.289509407601497514e+03 5.942041692294491861e-01 1.189790993785255942e-02
9.298798917009102297e+03 5.837078562238983137e-01 1.133237541896395945e-02
9.308097715926114688e+03 5.826460503629090626e-01 1.169775249112748119e-02
9.317405813642044450e+03 5.817898081786219144e-01 1.181856143976939451e-02
9.326723219455689105e+03 5.941252693259460038e-01 1.175783748468579339e-02
9.336049942675148486e+03 6.048989611107127295e-01 1.180477572297259151e-02
9.345385992617826560e+03 6.173849411965691703e-01 1.197479224507454892e-02
9.354731378610447791e+03 6.260219348316113930e-01 1.186033953700647674e-02
9.364086109989060787e+03 6.453667992827403221e-01 1.113573329547696070e-02
9.373450196099052846e+03 6.500138881200463459e-01 1.128170633555611313e-02
9.382823646295155413e+03 6.493805622057380322e-01 1.108988502217854444e-02
9.392206469941453179e+03 6.380390609738449958e-01 1.068306752205039171e-02
9.401598676411396809e+03 6.323982514977491975e-01 1.053272889191070143e-02
9.411000275087812042e+03 6.289073646953029506e-01 1.043568737788185853e-02
9.420411275362903325e+03 6.310701595515608719e-01 1.046177016036376958e-02
9.429831686638268366e+03 6.258857825494030802e-01 1.040663211663349005e-02
9.439261518324910867e+03 6.240308113329542383e-01 1.014533405197456419e-02
9.448700779843238706e+03 6.045805804448177723e-01 7.933414296553815970e-03
9.458149480623085765e+03 6.040046788825872426e-01 7.299052286404276481e-03
9.467607630103711926e+03 6.094247207372235353e-01 7.215787035290533932e-03
9.477075237733817630e+03 6.088243798256133266e-01 7.192768710162889857e-03
9.486552312971554784e+03 6.125841207359764562e-01 6.794244400682937848e-03
9.496038865284530402e+03 6.064731709255896108e-01 6.263012248425730601e-03
9.505534904149817521e+03 6.089545939557765575e-01 5.972456621299041847e-03
9.515040439053969749e+03 6.162896479951930351e-01 5.930379092657274594e-03
9.524555479493026724e+03 6.193975760356379423e-01 5.941556935975846922e-03
9.534080034972523208e+03 6.213964805053009410e-01 5.784769013104013036e-03
9.543614115007500004e+03 6.306065797355420166e-01 5.875233740927762391e-03
9.553157729122509409e+03 6.299857331155913620e-01 6.101035758492445379e-03
9.562710886851635223e+03 6.277059749209140671e-01 5.944235449200626319e-03
9.572273597738490935e+03 6.176994839830461936e-01 5.724514012365673581e-03
9.581845871336232449e+03 6.078012013327208640e-01 5.948126835548859896e-03
9.591427717207570822e+03 5.957024534514924197e-01 6.477528828693356749e-03
9.601019144924781358e+03 5.879149782699750748e-01 6.800835599677560947e-03
9.610620164069710881e+03 5.790522554268424660e-01 6.505639787629389353e-03
9.620230784233783197e+03 5.722310218704537155e-01 5.725262718576876013e-03
9.629851015018019098e+03 5.739657300333578238e-01 5.781341986656699655e-03
9.639480866033041821e+03 5.885452242291775438e-01 6.207970161929283505e-03
9.649120346899077049e+03 6.027803836877544397e-01 5.846370732106404185e-03
9.658769467245980195e+03 6.140217077165773807e-01 5.414875750589874526e-03
9.668428236713229126e+03 6.184494626268604023e-01 5.433455396568157882e-03
9.678096664949945989e+03 6.184198430706361327e-01 5.715492205832077913e-03
9.687774761614899035e+03 6.187787281850081200e-01 5.619282280820661613e-03
9.697462536376517164e+03 6.150391436528112044e-01 5.596128308268617790e-03
9.707159998912895389e+03 6.058038767895028709e-01 5.447292226968243958e-03
9.716867158911813021e+03 5.922255285556996540e-01 4.780399390192397770e-03
9.726584026070726395e+03 5.789206646488813668e-01 4.719916808318466196e-03
9.736310610096801611e+03 5.709556358482358318e-01 4.789767258450012589e-03
9.746046920706901801e+03 5.714272998942337978e-01 5.373481994726531444e-03
9.755792967627610778e+03 5.673391221428012443e-01 5.399573990357599274e-03
9.765548760595242129e+03 5.660927883126452009e-01 5.248695795579721296e-03
9.775314309355841033e+03 5.651717879974261782e-01 5.548503985049121033e-03
9.785089623665198815e+03 5.648539310955246195e-01 5.580086654450269745e-03
9.794874713288867497e+03 5.649721505286634526e-01 5.471226426213992959e-03
9.804669588002159799e+03 5.677428545953835393e-01 5.500989669420457834e-03
9.814474257590165507e+03 5.625900041530285112e-01 6.227993111464198359e-03
9.824288731847758754e+03 5.650313423276086544e-01 6.420340578015743850e-03
9.834113020579610748e+03 5.710003674506912708e-01 6.468255159051668549e-03
9.843947133600193411e+03 5.735875936632647276e-01 6.385400240642654518e-03
9.853791080733795752e+03 5.808743077191277360e-01 6.741697811650959604e-03
9.863644871814532962e+03 5.854372013359631088e-01 6.990615266775437181e-03
9.873508516686351868e+03 5.867422984604541147e-01 7.829213905447071284e-03
9.883382025203040030e+03 5.829917289045511986e-01 8.193509789640009491e-03
9.893265407228247568e+03 5.777389025379034981e-01 8.615214722749458751e-03
9.903158672635478069e+03 5.735813830658212931e-01 9.240365428294995340e-03
9.913061831308117689e+03 5.706436362608108270e-01 1.009894855164703703e-02
9.922974893139427877e+03 5.644777284722259925e-01 1.156090120690853040e-02
9.932897868032570841e+03 5.579861494695028679e-01 1.375136993109992399e-02
9.942830765900607730e+03 5.522488892636736590e-01 1.715766116936731644e-02
9.952773596666511366e+03 5.490965658367342739e-01 2.229613183091874382e-02
9.962726370263180797e+03 5.532620611893031004e-01 2.990773309109167472e-02
9.972689096633446752e+03 5.726892023883944915e-01 3.955492618541264077e-02
9.982661785730084375e+03 5.893630647375941445e-01 5.720289398754159482e-02
9.992644447515816864e+03 6.123427364083487978e-01 8.488659719552871241e-02
