# starting wavelength: 3668.088
# ending wavelength: 7493.556
# wav flux eflux
3.670580901550354156e+03 2.788168096788240735e+00 3.578016675732074714e-01
3.674251482451905758e+03 2.746952654356141554e+00 2.619682957908594512e-01
3.677925733934358959e+03 2.703389553050798977e+00 1.981659212800225833e-01
3.681603659668294313e+03 2.678827226072222345e+00 1.553795339140843501e-01
3.685285263327964003e+03 2.639453804872385678e+00 1.234030278499013145e-01
3.688970548591293209e+03 2.618010422500509193e+00 9.864290432325102664e-02
3.692659519139885560e+03 2.607466374702233303e+00 8.070106367255228119e-02
3.696352178659026777e+03 2.594041726128796466e+00 6.693971142429298860e-02
3.700048530837686940e+03 2.580639479457896623e+00 5.632846163676325651e-02
3.703748579368525952e+03 2.566394979230520512e+00 4.867048273208651049e-02
3.707452327947895355e+03 2.547543206529229387e+00 4.372344683627398670e-02
3.711159780275844696e+03 2.529929896019704749e+00 3.959039769956378824e-02
3.714870940056121526e+03 2.519559942352536108e+00 3.637751757419953325e-02
3.718585810996179134e+03 2.509620782233563663e+00 3.390444116589481915e-02
3.722304396807176545e+03 2.494879558022687682e+00 3.220377138520753857e-02
3.726026701203984885e+03 2.482197500328811035e+00 3.070330921522190434e-02
3.729752727905190113e+03 2.466502357030623926e+00 2.983705918484592934e-02
3.733482480633096657e+03 2.459747102878331315e+00 2.906745067080649531e-02
3.737215963113731050e+03 2.448537517146473164e+00 2.850546952564612935e-02
3.740953179076846027e+03 2.444635115073201082e+00 2.851359332223716431e-02
3.744694132255923705e+03 2.433475886814894462e+00 2.710392260350935958e-02
3.748438826388181042e+03 2.414588994009571721e+00 2.609872566963037169e-02
3.752187265214570289e+03 2.406328507201700440e+00 2.567395687421810194e-02
3.755939452479786269e+03 2.422938770644529782e+00 2.468524280153960165e-02
3.759695391932267285e+03 2.408014517097598617e+00 2.298011273690909670e-02
3.763455087324201031e+03 2.406493341210842907e+00 2.306024601828444640e-02
3.767218542411526414e+03 2.425281396664412892e+00 2.282440863837015277e-02
3.770985760953939007e+03 2.450671859153262577e+00 2.316527781452153156e-02
3.774756746714894234e+03 2.461356630465574291e+00 2.327124063720575203e-02
3.778531503461610555e+03 2.475785191918890682e+00 2.277127513973619885e-02
3.782310034965073100e+03 2.504008999986107487e+00 2.278068856334018039e-02
3.786092345000039586e+03 2.504319328578954451e+00 2.389753599776017756e-02
3.789878437345040766e+03 2.520174459984199977e+00 2.360978033231855150e-02
3.793668315782387253e+03 2.532363076678213698e+00 2.284910207284116673e-02
3.797461984098170888e+03 2.561951055873865180e+00 2.266201390051311368e-02
3.801259446082270188e+03 2.570366533699793621e+00 2.329908077017085744e-02
3.805060705528353537e+03 2.590447957931687029e+00 2.567065733728526172e-02
3.808865766233883278e+03 2.575376233757339151e+00 3.008342092521119199e-02
3.812674632000118436e+03 2.545178897022303044e+00 3.479837773415377089e-02
3.816487306632119726e+03 2.531222572397047177e+00 3.646781314357053216e-02
3.820303793938753188e+03 2.509517866667389629e+00 3.820668798038676095e-02
3.824124097732693372e+03 2.506920151408890352e+00 3.795640004375264165e-02
3.827948221830427428e+03 2.510474157569924980e+00 3.741446452439175369e-02
3.831776170052258749e+03 2.536376824753953763e+00 3.992672348808894850e-02
3.835607946222312421e+03 2.546825698090337209e+00 4.029972818960973757e-02
3.839443554168536139e+03 2.556277075423022183e+00 4.053832703439579077e-02
3.843282997722705659e+03 2.573581163064904143e+00 4.082673602593234891e-02
3.847126280720429804e+03 2.600585970715483697e+00 4.199230089336049299e-02
3.850973407001151372e+03 2.627860916684609194e+00 4.285362741318513025e-02
3.854824380408153957e+03 2.646099073845638472e+00 4.245433141395433402e-02
3.858679204788563311e+03 2.661599750534603626e+00 4.168322553741560244e-02
3.862537883993353262e+03 2.662256486597098348e+00 4.157279649602432098e-02
3.866400421877347981e+03 2.666124582036797808e+00 4.092943000256823310e-02
3.870266822299226533e+03 2.656386959510267154e+00 4.122086168223548092e-02
3.874137089121526969e+03 2.623404913371905067e+00 4.282412870629189600e-02
3.878011226210649966e+03 2.581021645983943458e+00 4.338221097906269641e-02
3.881889237436861549e+03 2.540210306462955536e+00 4.280697689280383439e-02
3.885771126674299921e+03 2.499224026541047028e+00 4.327969209199860473e-02
3.889656897800975457e+03 2.453489437137231555e+00 4.339373295359336136e-02
3.893546554698777527e+03 2.393977330158372219e+00 4.177092034543427451e-02
3.897440101253477678e+03 2.353068520972228406e+00 4.080502809054733365e-02
3.901337541354732366e+03 2.317776232905926825e+00 3.914859521795012454e-02
3.905238878896088409e+03 2.305380733753702227e+00 4.013627096423084267e-02
3.909144117774985716e+03 2.316002252795929195e+00 3.996785417368482751e-02
3.913053261892762293e+03 2.338845527468557783e+00 3.694367779974718630e-02
3.916966315154656058e+03 2.348813684546539715e+00 3.253224214499174372e-02
3.920883281469812118e+03 2.314945691022387120e+00 3.063723116419679246e-02
3.924804164751283224e+03 2.284733958937834597e+00 3.125835913104723501e-02
3.928728968916035683e+03 2.271330442810993500e+00 3.056611785995505884e-02
3.932657697884953450e+03 2.264950221970495559e+00 3.034452209678129356e-02
3.936590355582839493e+03 2.269996621316920482e+00 3.037213035665417907e-02
3.940526945938423523e+03 2.275729649977489277e+00 2.950459865838665069e-02
3.944467472884363360e+03 2.247020710512502628e+00 2.670980931480021470e-02
3.948411940357249023e+03 2.235564259716980473e+00 2.710237586014403038e-02
3.952360352297607733e+03 2.229769924153232719e+00 2.613648869335507066e-02
3.956312712649906643e+03 2.214873324253694875e+00 2.613649148533925617e-02
3.960269025362557841e+03 2.195392026803478558e+00 2.576919821517381637e-02
3.964229294387921527e+03 2.163387647261555191e+00 2.607777494212891456e-02
3.968193523682310570e+03 2.146835245504764345e+00 2.454810484916898627e-02
3.972161717205994591e+03 2.111903603629490256e+00 2.499254418739175684e-02
3.976133878923201792e+03 2.062714011999882580e+00 2.384373412158564617e-02
3.980110012802126221e+03 2.021023520867802237e+00 2.351625737854136713e-02
3.984090122814929600e+03 1.974187103993896741e+00 2.406029858651074355e-02
3.988074212937745870e+03 1.912027045504879341e+00 2.208716548624879011e-02
3.992062287150684824e+03 1.856397877008513442e+00 1.931287955721897043e-02
3.996054349437837118e+03 1.822989218581589244e+00 1.905318645672546968e-02
4.000050403787276082e+03 1.810447842637239901e+00 1.897542626594959231e-02
4.004050454191064546e+03 1.814476223294276380e+00 1.793141836991670596e-02
4.008054504645257111e+03 1.818442134480502625e+00 1.623777250435522873e-02
4.012062559149903791e+03 1.808746249964445996e+00 1.516927109854655786e-02
4.016074621709055009e+03 1.795076162986974477e+00 1.444235303329008575e-02
4.020090696330765240e+03 1.805773855606263023e+00 1.451347854680696235e-02
4.024110787027097558e+03 1.818206060948537983e+00 1.579325962978338563e-02
4.028134897814125907e+03 1.815897787141232511e+00 1.511733106716433780e-02
4.032163032711941469e+03 1.800563796256377191e+00 1.630220406366053934e-02
4.036195195744654484e+03 1.779463670749967585e+00 1.830276859440002277e-02
4.040231390940400615e+03 1.762743041986481130e+00 1.874901769655774875e-02
4.044271622331342314e+03 1.763014640481882722e+00 1.870131957549532944e-02
4.048315893953675186e+03 1.766333612305351020e+00 1.943179881728562125e-02
4.052364209847629809e+03 1.760375751731589222e+00 1.873322201697238606e-02
4.056416574057479011e+03 1.776393222247391268e+00 1.855483022477835350e-02
4.060472990631537868e+03 1.796457026413194047e+00 1.790954260565712219e-02
4.064533463622170530e+03 1.807169764985297356e+00 1.849092115737328151e-02
4.068597997085794304e+03 1.807228682514953944e+00 2.130608507269333984e-02
4.072666595082881486e+03 1.834760894426061384e+00 2.098350156932041188e-02
4.076739261677965715e+03 1.877470799224258968e+00 2.187556359172189435e-02
4.080816000939644709e+03 1.924361641034316284e+00 2.321084140853052480e-02
4.084896816940585722e+03 1.960043343153370365e+00 2.261002634046696547e-02
4.088981713757527814e+03 1.972394940875450420e+00 2.268520063733565906e-02
4.093070695471286854e+03 1.962428196832756822e+00 2.288283299057396886e-02
4.097163766166759160e+03 1.950123074830646175e+00 2.254045506065430887e-02
4.101260929932927866e+03 1.939814743479469472e+00 2.147823777989476060e-02
4.105362190862862008e+03 1.906253728945352499e+00 2.078646564669661689e-02
4.109467553053726078e+03 1.853032688020348040e+00 2.096082652014007522e-02
4.113577020606780934e+03 1.791978539124127190e+00 1.974648052073854979e-02
4.117690597627389252e+03 1.730766886616085909e+00 1.897964090890928018e-02
4.121808288225018259e+03 1.678446167055974714e+00 1.657227223972103369e-02
4.125930096513244280e+03 1.645572155849542639e+00 1.643378923904349406e-02
4.130056026609759101e+03 1.619652111611622480e+00 1.695574387550618026e-02
4.134186082636369974e+03 1.614108369400499843e+00 1.646605682932844247e-02
4.138320268719007800e+03 1.600329250791205027e+00 1.434024586295348618e-02
4.142458588987728035e+03 1.585510280320916010e+00 1.415529140659947151e-02
4.146601047576717065e+03 1.559805865451310281e+00 1.332873720867277026e-02
4.150747648624294925e+03 1.533287219432971638e+00 1.390758757704278065e-02
4.154898396272920763e+03 1.530265500327269823e+00 1.397959907871535942e-02
4.159053294669195566e+03 1.534687256207316386e+00 1.439497920076285298e-02
4.163212347963865795e+03 1.537424088627371122e+00 1.445008111468834566e-02
4.167375560311830668e+03 1.531795525997122098e+00 1.455307117243983053e-02
4.171542935872143971e+03 1.520242661245889471e+00 1.472455028891380205e-02
4.175714478808017702e+03 1.509873981202975335e+00 1.491924063752050542e-02
4.179890193286827525e+03 1.508888942478516126e+00 1.453096684252050928e-02
4.184070083480115500e+03 1.514617592623489273e+00 1.500451057810968727e-02
4.188254153563597356e+03 1.509756262104200886e+00 1.487503288721519178e-02
4.192442407717161586e+03 1.501364415440165079e+00 1.477574141825383630e-02
4.196634850124880359e+03 1.486540966886740200e+00 1.445862618649778990e-02
4.200831484975006788e+03 1.485741157749348895e+00 1.477377409562281342e-02
4.205032316459983122e+03 1.477252511179883765e+00 1.465697823551481184e-02
4.209237348776444378e+03 1.473177002386485412e+00 1.459254853562630579e-02
4.213446586125221984e+03 1.485363752820422212e+00 1.418721467989985351e-02
4.217660032711349231e+03 1.490247442652901988e+00 1.364464735606535882e-02
4.221877692744061278e+03 1.497129196391888462e+00 1.370353449419567035e-02
4.226099570436806971e+03 1.502517875191973884e+00 1.447699594354381718e-02
4.230325670007245208e+03 1.494848932651119844e+00 1.353947858359326982e-02
4.234555995677254032e+03 1.493464080228833701e+00 1.337218601059175435e-02
4.238790551672932452e+03 1.500112105944000573e+00 1.347422474098694360e-02
4.243029342224606808e+03 1.504811301774535481e+00 1.384422509732874396e-02
4.247272371566832589e+03 1.510386171891853424e+00 1.372660673502294933e-02
4.251519643938400804e+03 1.504754603125302070e+00 1.373085192561517009e-02
4.255771163582340705e+03 1.505893141496491783e+00 1.288064931358206232e-02
4.260026934745924336e+03 1.504377933393348687e+00 1.283437949260464277e-02
4.264286961680671993e+03 1.519456820232292671e+00 1.237759562300434074e-02
4.268551248642354039e+03 1.532403362017738191e+00 1.243546182111907560e-02
4.272819799890998183e+03 1.546154661728421642e+00 1.250264471282770164e-02
4.277092619690890388e+03 1.556122657006832055e+00 1.247937991524792657e-02
4.281369712310583054e+03 1.577660020482811731e+00 1.190468313438288427e-02
4.285651082022895025e+03 1.591820252198913099e+00 1.167902567155091817e-02
4.289936733104918858e+03 1.602463613976722989e+00 1.247846066535560940e-02
4.294226669838025373e+03 1.633064292734292877e+00 1.295871058957279338e-02
4.298520896507864563e+03 1.657652448141014423e+00 1.315132326060221638e-02
4.302819417404373780e+03 1.674944357817557128e+00 1.500183810909089255e-02
4.307122236821779552e+03 1.711871504040474168e+00 1.499874336184046225e-02
4.311429359058603040e+03 1.766774632272853474e+00 1.428768834932801247e-02
4.315740788417662770e+03 1.834227603685167685e+00 1.897725665603395423e-02
4.320056529206081905e+03 1.908111557223304278e+00 2.414177310544730545e-02
4.324376585735290064e+03 1.929554244897023096e+00 2.635039191867905028e-02
4.328700962321026054e+03 1.953286510367393092e+00 2.676156725964078456e-02
4.333029663283348782e+03 1.971687734876521159e+00 2.682036818899162164e-02
4.337362692946633615e+03 1.986438145851876724e+00 2.702009652477437712e-02
4.341700055639581478e+03 1.981224297310244964e+00 2.716700322295185002e-02
4.346041755695222491e+03 1.952876993043753506e+00 2.698777009887685235e-02
4.350387797450919606e+03 1.913042121556463249e+00 2.721618093079965217e-02
4.354738185248371337e+03 1.862627800400586953e+00 2.718293980590716016e-02
4.359092923433621763e+03 1.805928316242540133e+00 2.718341555043667090e-02
4.363452016357056891e+03 1.751463844027941752e+00 2.747622356459160364e-02
4.367815468373414660e+03 1.699423766569204242e+00 2.764256035590524629e-02
4.372183283841789489e+03 1.647973650149318958e+00 2.780721508143392876e-02
4.376555467125633186e+03 1.607566953430452195e+00 2.741038813264428178e-02
4.380932022592760404e+03 1.573783391929349129e+00 2.704645475278286831e-02
4.385312954615354101e+03 1.526057889901234699e+00 2.519556183714781114e-02
4.389698267569970994e+03 1.487034964181471075e+00 2.450505801441591955e-02
4.394087965837542470e+03 1.464335473541841237e+00 2.446841596886774328e-02
4.398482053803381859e+03 1.468407275309746796e+00 2.256747357353284730e-02
4.402880535857186260e+03 1.489597123369727383e+00 1.584769130199426002e-02
4.407283416393044718e+03 1.491269468172371271e+00 1.308712088889175257e-02
4.411690699809440048e+03 1.473135912791682101e+00 8.807445978742112214e-03
4.416102390509250654e+03 1.468684640664458696e+00 8.947113861053861486e-03
4.420518492899761441e+03 1.463292950991052832e+00 9.115520409431211377e-03
4.424939011392662906e+03 1.466982365176293435e+00 8.699611086598080592e-03
4.429363950404056595e+03 1.465663413238383450e+00 8.731571541619171858e-03
4.433793314354462382e+03 1.457105397091019938e+00 8.624966776951936351e-03
4.438227107668818462e+03 1.452322897644215960e+00 8.862496808573967419e-03
4.442665334776488635e+03 1.457516806210898297e+00 9.169409769912985689e-03
4.447108000111265937e+03 1.461734087464884979e+00 8.932578154155339581e-03
4.451555108111379013e+03 1.477314910824917282e+00 8.798512770040295070e-03
4.456006663219492111e+03 1.492271954359436270e+00 9.606947182669642663e-03
4.460462669882713271e+03 1.497334265235671813e+00 1.001022347663935684e-02
4.464923132552597053e+03 1.508976269315900343e+00 9.887366431138678441e-03
4.469388055685150903e+03 1.516131800638740978e+00 9.266545277296671032e-03
4.473857443740837880e+03 1.514847285736615978e+00 9.073152533290719871e-03
4.478331301184580298e+03 1.498835423945434231e+00 9.982058491256089877e-03
4.482809632485766087e+03 1.488169063645087498e+00 9.528519282297066850e-03
4.487292442118253348e+03 1.471795107475008635e+00 9.639791290439304536e-03
4.491779734560373072e+03 1.456803068405181589e+00 9.244291607198888358e-03
4.496271514294934605e+03 1.444280450098994750e+00 9.185005697423642701e-03
4.500767785809231100e+03 1.432710007210620473e+00 9.011845065634131041e-03
4.505268553595042249e+03 1.425338680399665270e+00 9.075778687785879956e-03
4.509773822148638828e+03 1.424072450736017625e+00 8.896080793396012737e-03
4.514283595970789065e+03 1.424946502787712621e+00 9.422445538519249805e-03
4.518797879566761367e+03 1.426573306432627142e+00 9.619100125047592292e-03
4.523316677446328868e+03 1.430089349160116097e+00 9.694774450809202221e-03
4.527839994123776705e+03 1.435284671817856905e+00 9.628035632797654619e-03
4.532367834117902021e+03 1.435147370278603063e+00 9.565402113842828152e-03
4.536900201952022144e+03 1.431703890207261631e+00 1.018341210547379742e-02
4.541437102153975502e+03 1.429146829059740442e+00 9.716770722430552454e-03
4.545978539256130716e+03 1.415815971863001010e+00 9.521985818168448093e-03
4.550524517795388419e+03 1.406394033409833266e+00 9.536524534718452892e-03
4.555075042313184895e+03 1.395083070277585380e+00 9.929786706650640254e-03
4.559630117355500261e+03 1.384239724748824951e+00 9.661892074782714793e-03
4.564189747472856652e+03 1.372176911974996694e+00 8.931424108914816709e-03
4.568753937220330954e+03 1.369350583445994918e+00 9.231245219159897597e-03
4.573322691157552981e+03 1.370134269456754872e+00 9.573775750307284699e-03
4.577896013848711846e+03 1.372149024533954709e+00 9.721449472019636981e-03
4.582473909862562323e+03 1.375019905600721959e+00 9.659036325707734405e-03
4.587056383772426670e+03 1.371689476699619270e+00 9.794472163513815582e-03
4.591643440156200086e+03 1.374353281501353496e+00 9.274031988369792548e-03
4.596235083596357981e+03 1.369214832977450724e+00 9.421413378897321514e-03
4.600831318679955984e+03 1.354771651867556104e+00 9.063267209820070891e-03
4.605432149998637215e+03 1.349288054430048511e+00 8.803331819747536521e-03
4.610037582148637739e+03 1.336127669720234890e+00 8.237592316279343171e-03
4.614647619730787483e+03 1.325842407392988642e+00 8.436520983645539457e-03
4.619262267350520233e+03 1.310917611126571014e+00 9.041120281466384634e-03
4.623881529617872729e+03 1.306949099872364517e+00 8.723668862380126038e-03
4.628505411147491941e+03 1.301073115182301843e+00 8.872870775700911206e-03
4.633133916558640522e+03 1.295520785534397090e+00 8.923282262673705098e-03
4.637767050475200449e+03 1.288415767396988265e+00 9.124807976283389604e-03
4.642404817525677572e+03 1.270598353218167942e+00 9.865036832886534685e-03
4.647047222343205249e+03 1.253703342679476584e+00 1.016926898539752093e-02
4.651694269565549803e+03 1.237586479129910932e+00 1.043469884602715031e-02
4.656345963835116891e+03 1.227806028570828545e+00 1.047921755019317648e-02
4.661002309798953320e+03 1.223447266814382761e+00 1.032611281918159422e-02
4.665663312108753416e+03 1.225529151023058594e+00 1.061427950291661190e-02
4.670328975420864481e+03 1.226850393409282924e+00 1.081725517546248613e-02
4.674999304396286789e+03 1.218797165112386560e+00 1.102093153924918641e-02
4.679674303700684504e+03 1.219269192282281589e+00 1.137916667672851136e-02
4.684353978004386590e+03 1.215511594148750207e+00 1.141787244211455755e-02
4.689038331982392265e+03 1.207918730028628707e+00 1.162285019040796945e-02
4.693727370314376458e+03 1.196983435933555162e+00 1.146659503516054418e-02
4.698421097684692540e+03 1.181948671595284939e+00 1.158989549774224262e-02
4.703119518782378691e+03 1.169811750275563833e+00 1.167165594799571791e-02
4.707822638301162442e+03 1.145657839602339134e+00 1.048404391556700954e-02
4.712530460939465229e+03 1.128188406565447277e+00 1.069503596813548008e-02
4.717242991400406027e+03 1.116636132981405183e+00 1.073152611503008433e-02
4.721960234391808626e+03 1.107945079979480774e+00 1.039060569523539944e-02
4.726682194626201635e+03 1.113639363498216017e+00 1.046335784997175049e-02
4.731408876820829391e+03 1.120865555919860590e+00 9.842726548082256222e-03
4.736140285697651962e+03 1.124544351338928383e+00 9.471704913543058102e-03
4.740876425983350600e+03 1.128716290875708905e+00 9.909826455712080970e-03
4.745617302409335934e+03 1.146486397677145552e+00 9.678470650554136384e-03
4.750362919711747054e+03 1.160176755650093483e+00 9.111939925674708216e-03
4.755113282631459697e+03 1.180519458059947846e+00 8.857767803601182890e-03
4.759868395914093526e+03 1.200229718943083057e+00 8.865878703835134919e-03
4.764628264310008490e+03 1.212394406297236493e+00 8.388974748723760505e-03
4.769392892574320285e+03 1.230936160224092468e+00 8.003995096183118621e-03
4.774162285466896719e+03 1.239862549213527565e+00 8.453947154641565029e-03
4.778936447752364984e+03 1.257572671234856942e+00 8.735812826683097762e-03
4.783715384200118933e+03 1.270945934221413998e+00 8.624085260406177608e-03
4.788499099584319993e+03 1.290419810837737602e+00 8.754574989511073116e-03
4.793287598683906253e+03 1.313207270392145132e+00 8.874014932320692384e-03
4.798080886282591564e+03 1.334071621776043326e+00 8.757960718000171868e-03
4.802878967168876443e+03 1.361246972448550085e+00 8.736950860806641517e-03
4.807681846136046261e+03 1.382854093762557302e+00 9.828370753592365061e-03
4.812489527982183972e+03 1.440159716110927413e+00 1.320802051606697995e-02
4.817302017510168298e+03 1.462983908304478220e+00 2.171892774085723565e-02
4.822119319527679181e+03 1.502450146858756330e+00 2.750487850202041826e-02
4.826941438847208701e+03 1.590711112797677407e+00 1.282205333853912374e-02
4.831768380286057436e+03 1.683982471860086871e+00 1.628943033355556916e-02
4.836600148666345376e+03 1.810369703104279804e+00 1.929505074050089433e-02
4.841436748815013743e+03 1.872976399417971116e+00 3.788859441389164084e-02
4.846278185563829538e+03 2.024245325512711080e+00 3.773341622430576719e-02
4.851124463749395545e+03 2.227180450875257733e+00 4.678399935213740229e-02
4.855975588213146693e+03 2.356105521465471586e+00 4.549895597498607169e-02
4.860831563801360971e+03 2.336375937540521086e+00 4.154933312323562389e-02
4.865692395365163975e+03 2.149301167214680230e+00 4.804676002520438804e-02
4.870558087760530725e+03 1.866781228720896024e+00 4.376133868128678078e-02
4.875428645848292945e+03 1.588634803908460347e+00 3.053421073965818452e-02
4.880304074494142696e+03 1.475235777351264543e+00 2.380009388450053665e-02
4.885184378568638749e+03 1.448968552847980318e+00 1.168694242081019102e-02
4.890069562947209306e+03 1.407021227863776147e+00 9.575871691961152996e-03
4.894959632510157462e+03 1.399943181048792562e+00 1.038113842392532869e-02
4.899854592142669389e+03 1.399522740715288149e+00 1.014708129326607686e-02
4.904754446734813428e+03 1.408856917671544418e+00 1.035486036158002159e-02
4.909659201181550088e+03 1.410623875758148627e+00 1.047795851060492368e-02
4.914568860382732964e+03 1.411919548284598536e+00 9.817476719510420322e-03
4.919483429243117826e+03 1.415545929186931229e+00 1.037461694278153657e-02
4.924402912672362618e+03 1.381093150924373125e+00 9.299445177198779888e-03
4.929327315585036558e+03 1.372971018850328129e+00 9.081467606477686833e-03
4.934256642900622865e+03 1.357148031232507490e+00 9.089219174716563210e-03
4.939190899543525120e+03 1.345104877880360705e+00 8.915938481709698160e-03
4.944130090443070912e+03 1.336034574899535254e+00 8.913931867819583493e-03
4.949074220533515472e+03 1.324659185044646525e+00 8.775090183546154984e-03
4.954023294754050767e+03 1.329904010846523210e+00 1.056575594876891719e-02
4.958977318048806410e+03 1.329735827199248321e+00 1.256164206191817678e-02
4.963936295366856939e+03 1.293265177180312087e+00 1.756466478923804017e-02
4.968900231662225451e+03 1.279888968910356306e+00 1.772552155858804490e-02
4.973869131893889062e+03 1.274709883776994568e+00 1.748575497398654338e-02
4.978843001025784361e+03 1.278945995589278573e+00 1.739315125685640673e-02
4.983821844026811959e+03 1.294522768360327092e+00 1.786699901015909725e-02
4.988805665870840130e+03 1.306930911899143233e+00 1.807707426375470758e-02
4.993794471536712990e+03 1.319499110269516162e+00 1.832070743409187213e-02
4.998788266008251412e+03 1.325679013793985561e+00 1.785936733052952488e-02
5.003787054274261209e+03 1.334485110392340523e+00 1.707224574382265603e-02
5.008790841328536771e+03 1.334660910682241797e+00 1.627359792805599739e-02
5.013799632169867436e+03 1.318863949026498839e+00 1.687019827968350150e-02
5.018813431802038394e+03 1.296270921846628177e+00 1.657185219107165999e-02
5.023832245233842514e+03 1.272891527860263050e+00 1.653171902591407325e-02
5.028856077479077612e+03 1.240262953617083941e+00 1.549326535255874347e-02
5.033884933556558281e+03 1.208137911195071634e+00 1.511374724857321612e-02
5.038918818490116792e+03 1.177278552165398562e+00 1.471602009441747537e-02
5.043957737308608557e+03 1.152663745037353804e+00 1.461552252382270975e-02
5.049001695045918495e+03 1.141954956108694796e+00 1.341285433733674544e-02
5.054050696740966487e+03 1.143448515139211530e+00 8.844695298634771066e-03
5.059104747437709193e+03 1.116980461036253480e+00 6.375358282645809775e-03
5.064163852185148244e+03 1.100420775943216745e+00 6.251053187462446946e-03
5.069228016037335692e+03 1.084457629363631659e+00 5.954934954967070967e-03
5.074297244053374015e+03 1.069463158518632495e+00 5.959950922463983988e-03
5.079371541297429758e+03 1.059417533823971969e+00 5.804754890392916158e-03
5.084450912838728073e+03 1.043227259753174652e+00 6.096195293629780645e-03
5.089535363751569093e+03 1.033071594329604936e+00 6.041706221430785152e-03
5.094624899115322478e+03 1.025794801898962216e+00 6.105736191858813187e-03
5.099719524014439230e+03 1.018967114060514989e+00 5.925505643779954007e-03
5.104819243538455339e+03 1.017211673806412309e+00 5.980222126024762989e-03
5.109924062781995417e+03 1.011078550793280240e+00 5.678982388984229329e-03
5.115033986844779065e+03 1.006617818124127872e+00 5.864301935402278787e-03
5.120149020831625421e+03 1.006041080049502767e+00 5.930918761137604633e-03
5.125269169852458617e+03 1.010085542275563020e+00 5.673414866563047769e-03
5.130394439022313236e+03 1.015110641838951722e+00 5.712712703881408019e-03
5.135524833461337039e+03 1.020005781333521488e+00 5.614321212527129817e-03
5.140660358294800062e+03 1.027069583125375996e+00 5.547248750641236084e-03
5.145801018653096435e+03 1.035453826177163528e+00 5.547126718799426544e-03
5.150946819671751655e+03 1.040744691415689482e+00 5.481399126502452257e-03
5.156097766491425318e+03 1.041534955156860009e+00 5.459428392799516548e-03
5.161253864257918394e+03 1.043470126562493938e+00 5.509993131373065560e-03
5.166415118122177773e+03 1.045321701552142768e+00 5.526025277751873098e-03
5.171581533240301724e+03 1.041224690372626771e+00 5.795768797624836592e-03
5.176753114773543530e+03 1.039260959683746099e+00 5.694887758763050693e-03
5.181929867888318768e+03 1.033352151286178300e+00 5.695810028231372904e-03
5.187111797756208944e+03 1.022062242146795530e+00 5.290057031106756846e-03
5.192298909553966951e+03 1.013520522530912515e+00 5.417095309876424243e-03
5.197491208463522526e+03 1.006263251262868641e+00 5.307385962736931376e-03
5.202688699671987706e+03 1.002404136332609275e+00 5.154246112936763588e-03
5.207891388371661378e+03 9.997844205955018770e-01 5.385350883354561059e-03
5.213099279760034733e+03 9.945661368016119885e-01 5.525759955092820683e-03
5.218312379039796724e+03 9.942181974073213135e-01 5.504494817061967964e-03
5.223530691418837705e+03 9.919110943825646398e-01 5.488589869118777262e-03
5.228754222110258524e+03 9.900664210067152693e-01 5.806228382891591780e-03
5.233982976332370527e+03 9.904343057965073749e-01 5.570529160990283016e-03
5.239216959308704645e+03 9.955742257002556661e-01 5.675083515086609687e-03
5.244456176268015042e+03 9.994951312805939736e-01 5.552650093537227563e-03
5.249700632444284565e+03 1.004740716671341128e+00 5.729100365354126284e-03
5.254950333076731113e+03 1.002592242907365483e+00 5.777575028807716701e-03
5.260205283409809454e+03 9.961723264398899547e-01 6.009173861708514038e-03
5.265465488693221232e+03 9.937923297476527473e-01 6.009274393452695984e-03
5.270730954181915877e+03 9.880565852797899007e-01 5.854308716186047007e-03
5.276001685136099695e+03 9.812525975117586396e-01 5.635553697485523074e-03
5.281277686821237694e+03 9.832252653448128044e-01 5.579856000735222872e-03
5.286558964508059944e+03 9.761136526431337668e-01 5.753898884023870078e-03
5.291845523472569766e+03 9.715726862830023070e-01 6.141681209726575913e-03
5.297137368996044643e+03 9.706315310470992053e-01 6.396063711349226494e-03
5.302434506365042580e+03 9.649638437425602788e-01 6.428435267388546773e-03
5.307736940871409388e+03 9.611071771538246544e-01 6.314943951339880950e-03
5.313044677812282316e+03 9.616148906608207314e-01 6.040748132891130689e-03
5.318357722490096421e+03 9.578608499557852429e-01 5.861829946519419091e-03
5.323676080212588204e+03 9.485688561739266111e-01 5.802946511630359405e-03
5.328999756292802886e+03 9.334628292582577425e-01 5.581339754501562188e-03
5.334328756049097137e+03 9.207846257688534486e-01 5.857370948311264348e-03
5.339663084805148173e+03 9.125896333616335676e-01 5.897883030979078275e-03
5.345002747889954662e+03 9.053100802888645049e-01 5.895153177477137352e-03
5.350347750637846730e+03 9.019388413205636779e-01 5.678386689417862752e-03
5.355698098388485960e+03 8.976137901286256326e-01 5.777104008873082744e-03
5.361053796486876308e+03 8.945822927098373567e-01 5.929565973172128308e-03
5.366414850283365013e+03 8.892352977155869587e-01 5.991532106633976756e-03
5.371781265133649867e+03 8.863159660235286896e-01 6.130223295144152790e-03
5.377153046398785591e+03 8.796333353951190093e-01 6.369554762273641271e-03
5.382530199445186554e+03 8.771979670320896316e-01 6.203978418582736798e-03
5.387912729644633146e+03 8.706871012651603570e-01 6.002303266618077074e-03
5.393300642374279960e+03 8.633041978345974421e-01 5.838772355714240934e-03
5.398693943016655794e+03 8.594793037662586954e-01 5.376534302319053993e-03
5.404092636959673655e+03 8.532322486962897745e-01 5.362701608909915645e-03
5.409496729596635305e+03 8.458691519049392760e-01 5.412895170496400885e-03
5.414906226326233991e+03 8.389927805892728463e-01 5.514714484116141693e-03
5.420321132552561721e+03 8.350796479179507514e-01 5.142931646188068223e-03
5.425741453685116539e+03 8.285074349680627837e-01 5.287286693366602397e-03
5.431167195138803436e+03 8.222023338795468872e-01 5.340335583075402071e-03
5.436598362333943442e+03 8.179341100524548658e-01 5.292264745791322444e-03
5.442034960696279086e+03 8.143228704278213659e-01 5.257965845663012568e-03
5.447476995656978033e+03 8.104500024125472768e-01 5.390313363631326314e-03
5.452924472652636723e+03 8.115495254430301619e-01 5.759092196769851658e-03
5.458377397125291282e+03 8.120966953236408159e-01 5.716677548648584767e-03
5.463835774522417523e+03 8.109733757390210629e-01 5.678984274090865224e-03
5.469299610296941864e+03 8.094191260102021612e-01 5.778499032571963664e-03
5.474768909907241323e+03 8.134371040872689917e-01 5.724942182323621703e-03
5.480243678817149885e+03 8.120194580815465191e-01 5.757223510222207914e-03
5.485723922495968509e+03 8.079854927467097214e-01 5.894819507784012681e-03
5.491209646418466946e+03 8.050417830866700708e-01 5.998105197833621116e-03
5.496700856064887375e+03 8.080188154449392535e-01 6.264866886041859685e-03
5.502197556920953502e+03 8.067116149774381517e-01 6.098754739983089194e-03
5.507699754477876013e+03 8.109970237017124495e-01 6.127369781704645156e-03
5.513207454232356213e+03 8.105984161441067704e-01 6.139639771075882518e-03
5.518720661686590574e+03 8.101749592651871223e-01 6.053856449892851960e-03
5.524239382348278923e+03 8.056105165122481315e-01 6.074006135117208938e-03
5.529763621730628984e+03 7.982716564079913590e-01 6.159109235267006682e-03
5.535293385352360929e+03 7.917942407588428599e-01 6.037070195639837947e-03
5.540828678737715563e+03 7.905547659484245537e-01 6.019059226274671957e-03
5.546369507416455235e+03 7.860057478417314947e-01 6.063284892936833363e-03
5.551915876923872929e+03 7.772883199278167732e-01 5.851618452740734062e-03
5.557467792800798634e+03 7.752112806053075289e-01 5.505169987997486636e-03
5.563025260593602070e+03 7.699618242383915456e-01 5.485231618982735861e-03
5.568588285854197238e+03 7.645078044706521414e-01 5.357631995380167031e-03
5.574156874140053333e+03 7.545874103522384191e-01 5.349544265476719948e-03
5.579731031014194741e+03 7.488855004531131954e-01 5.124984584249630409e-03
5.585310762045211050e+03 7.427033059262213577e-01 5.077966782201080546e-03
5.590896072807257951e+03 7.347422897187630975e-01 4.616637978162222919e-03
5.596486968880067252e+03 7.281835618444020275e-01 4.654347372280847293e-03
5.602083455848949598e+03 7.261288884973003954e-01 4.530781854868411521e-03
5.607685539304799931e+03 7.232122476110739440e-01 4.265984145647070368e-03
5.613293224844106589e+03 7.245010254487773693e-01 4.495776994951660062e-03
5.618906518068952209e+03 7.276007867953083741e-01 4.427954142735384714e-03
5.624525424587023736e+03 7.331190388045486506e-01 4.141048704281627413e-03
5.630149950011612418e+03 7.340658539981155251e-01 4.223690263452446053e-03
5.635780099961625638e+03 7.346644794384632471e-01 4.720974929639693528e-03
5.641415880061589633e+03 7.318184556748732472e-01 4.579839341049427894e-03
5.647057295941652228e+03 7.243317937309552423e-01 5.017538313891416538e-03
5.652704353237596479e+03 7.209902754470943753e-01 4.737146165624732050e-03
5.658357057590835211e+03 7.232310946800242224e-01 4.869133119094960771e-03
5.664015414648428305e+03 7.194554468763351140e-01 4.804460867837468535e-03
5.669679430063079053e+03 7.179450374883589170e-01 4.591889702335348773e-03
5.675349109493143260e+03 7.186774401826379055e-01 4.426486744290812451e-03
5.681024458602638333e+03 7.193675083461580355e-01 4.249374816857469025e-03
5.686705483061243285e+03 7.289662894495134715e-01 4.325689095097780962e-03
5.692392188544306009e+03 7.411448444539174840e-01 4.217475667762165051e-03
5.698084580732852373e+03 7.650044408509280025e-01 7.692465023408428734e-03
5.703782665313587131e+03 7.595311654324961026e-01 1.094471957612671957e-02
5.709486447978903016e+03 7.670818400369137091e-01 1.169804625904441453e-02
5.715195934426883468e+03 7.848699683657895942e-01 1.158644130107615473e-02
5.720911130361312644e+03 8.172845624558208177e-01 1.170264855763141799e-02
5.726632041491675409e+03 8.577990834732042158e-01 1.217055526674286348e-02
5.732358673533169167e+03 9.003511731683995212e-01 1.245953079359552081e-02
5.738091032206703858e+03 9.450088729949132071e-01 1.280643191757499695e-02
5.743829123238912871e+03 9.860696521303924378e-01 1.237424286281428587e-02
5.749572952362153046e+03 1.018600749556434648e+00 1.220725775052466239e-02
5.755322525314517407e+03 1.042780694460032409e+00 1.220385097322852601e-02
5.761077847839834249e+03 1.061178515799471977e+00 1.220993957532685165e-02
5.766838925687675328e+03 1.070187501733088853e+00 1.258936282514584205e-02
5.772605764613364954e+03 1.071882155355505128e+00 1.260021351989859539e-02
5.778378370377980900e+03 1.070287725750011187e+00 1.245978496738212211e-02
5.784156748748360769e+03 1.062321222654291075e+00 1.190761381103834157e-02
5.789940905497111089e+03 1.057011036974500939e+00 1.126133811084299718e-02
5.795730846402610041e+03 1.060612178154414664e+00 1.122818040130506290e-02
5.801526577249013826e+03 1.078106099891023240e+00 1.129102018349586491e-02
5.807328103826264851e+03 1.104421110939509454e+00 7.224005341822800456e-03
5.813135431930093546e+03 1.109455487523598460e+00 5.201288815964598931e-03
5.818948567362025642e+03 1.113447476720675233e+00 5.161250954797213554e-03
5.824767515929389447e+03 1.106734620721198326e+00 6.936511885643069537e-03
5.830592283445320390e+03 1.103314206566283540e+00 7.800607626920019570e-03
5.836422875728768304e+03 1.108360985724570646e+00 7.755049724982266031e-03
5.842259298604498326e+03 1.116244036833785813e+00 8.265546046957620435e-03
5.848101557903105459e+03 1.126626873987585320e+00 8.825703410024622608e-03
5.853949659461010015e+03 1.128172678591578215e+00 8.802380002994849434e-03
5.859803609120473084e+03 1.127196585047255173e+00 8.867200217804736481e-03
5.865663412729595620e+03 1.121106173241402271e+00 8.761474021638989210e-03
5.871529076142326630e+03 1.113484337032982774e+00 8.522550286758235477e-03
5.877400605218471355e+03 1.095355354632724820e+00 8.759316428832260998e-03
5.883278005823691274e+03 1.073947408108171020e+00 8.956201736818786979e-03
5.889161283829516833e+03 1.049606437050224494e+00 9.004206954327251614e-03
5.895050445113348360e+03 1.017707609426622639e+00 8.488000917949113308e-03
5.900945495558464245e+03 9.869572217092634769e-01 7.982239925139701306e-03
5.906846441054024581e+03 9.607487424038030355e-01 7.698027572325643123e-03
5.912753287495080258e+03 9.457418695668889930e-01 8.076443947249049155e-03
5.918666040782577511e+03 9.322087685703407400e-01 8.179018151248709442e-03
5.924584706823361557e+03 9.286436816202139344e-01 7.377650832303476493e-03
5.930509291530187511e+03 9.247265539549391899e-01 5.852510768382668260e-03
5.936439800821719473e+03 9.069459236019634663e-01 5.480709051115465434e-03
5.942376240622543264e+03 8.882265674792472199e-01 5.269620244970586384e-03
5.948318616863167335e+03 8.713086002335939106e-01 5.011022459446803912e-03
5.954266935480032771e+03 8.586770404070600549e-01 5.003929372250469874e-03
5.960221202415515108e+03 8.471314719138971494e-01 4.957206183065577913e-03
5.966181423617932523e+03 8.343313168393479140e-01 4.850608551622509132e-03
5.972147605041552197e+03 8.204277227510157200e-01 4.347111629370798390e-03
5.978119752646595771e+03 8.108896051541435446e-01 4.537023179975740311e-03
5.984097872399243897e+03 8.042669906192740914e-01 4.428231451506850491e-03
5.990081970271645332e+03 7.946279415174385408e-01 4.391173421299601060e-03
5.996072052241918755e+03 7.862272152560915162e-01 4.251738385797840421e-03
6.002068124294162772e+03 7.764926626232057094e-01 4.027619208435945231e-03
6.008070192418459555e+03 7.639507106857265084e-01 4.386196698270679317e-03
6.014078262610879392e+03 7.489116106195918832e-01 4.515857387903810492e-03
6.020092340873492503e+03 7.349075158419706710e-01 4.163944386064572824e-03
6.026112433214368139e+03 7.239689133965090395e-01 4.218108668860509440e-03
6.032138545647584579e+03 7.122419641940067603e-01 4.106783367642279602e-03
6.038170684193233683e+03 7.049368322684190780e-01 4.315589862050229694e-03
6.044208854877429076e+03 7.011021260249631348e-01 4.297356084868707120e-03
6.050253063732308874e+03 6.970665732081041677e-01 4.295978887722135160e-03
6.056303316796042964e+03 6.968222589774167863e-01 4.426204307907729250e-03
6.062359620112841185e+03 6.963987342110122825e-01 4.407591680757340889e-03
6.068421979732956061e+03 6.961975878714492527e-01 4.389581170910505405e-03
6.074490401712690982e+03 6.964868239003267902e-01 4.379726254096947928e-03
6.080564892114405666e+03 6.947114976029404865e-01 4.362156832397473712e-03
6.086645457006521610e+03 6.886442042562196386e-01 4.554026223703590455e-03
6.092732102463530282e+03 6.851058484940616422e-01 4.894092171328754196e-03
6.098824834565995843e+03 6.827095543896789520e-01 5.233470811553542733e-03
6.104923659400564247e+03 6.762681284453252450e-01 5.614480134703979559e-03
6.111028583059966877e+03 6.702918506899472328e-01 5.886763477843622028e-03
6.117139611643028729e+03 6.697670360596712502e-01 6.181794112528980929e-03
6.123256751254673873e+03 6.694619663313498004e-01 6.691909613066475415e-03
6.129380008005929994e+03 6.638778268639812241e-01 6.253386055804231562e-03
6.135509388013938405e+03 6.681961845349470019e-01 6.483529462092779000e-03
6.141644897401954040e+03 6.724313128511961724e-01 6.600730486806663522e-03
6.147786542299358189e+03 6.759390112847156740e-01 5.856513319115309521e-03
6.153934328841659408e+03 6.707719657380454281e-01 5.848338848632144392e-03
6.160088263170503524e+03 6.762894544780478912e-01 5.176402921040177373e-03
6.166248351433675452e+03 6.704741389072591540e-01 4.835294641076943664e-03
6.172414599785111022e+03 6.752631619147831943e-01 4.991931284509822618e-03
6.178587014384898794e+03 6.668989664866559197e-01 4.339633791498805591e-03
6.184765601399285515e+03 6.680109208572029278e-01 4.431943012959726862e-03
6.190950367000687038e+03 6.736895177681853086e-01 4.523809170545884002e-03
6.197141317367689226e+03 6.791092004272587523e-01 4.735811814448541955e-03
6.203338458685059777e+03 6.880847651435276768e-01 5.070776757293029430e-03
6.209541797143746408e+03 6.948925248662156662e-01 5.221872957458609590e-03
6.215751338940892310e+03 7.022849240499954293e-01 5.446818274717075449e-03
6.221967090279835247e+03 7.111487310431388043e-01 5.498455854054301421e-03
6.228189057370116643e+03 7.134429059455307254e-01 5.660095177742472186e-03
6.234417246427488863e+03 7.173661169559908402e-01 6.043808353473263152e-03
6.240651663673918847e+03 7.188840952240332927e-01 5.996730937094411212e-03
6.246892315337594482e+03 7.239222699841286746e-01 5.802616274320421437e-03
6.253139207652934601e+03 7.240222815796368838e-01 5.914053010640898597e-03
6.259392346860589896e+03 7.142334378534241912e-01 5.570015201333933241e-03
6.265651739207452010e+03 7.075166327911823760e-01 5.526788860553806526e-03
6.271917390946661726e+03 7.018558686384966938e-01 5.242362153700652443e-03
6.278189308337610782e+03 7.024480661164874684e-01 5.331755901667738391e-03
6.284467497645950061e+03 7.087219818830595708e-01 5.320755872680867603e-03
6.290751965143597772e+03 7.147644432927697800e-01 5.193835697761697325e-03
6.297042717108744000e+03 7.179283879543673086e-01 4.856046127473991579e-03
6.303339759825854344e+03 7.276946684345436678e-01 4.751703360067198630e-03
6.309643099585682648e+03 7.362989810196867158e-01 5.335714912388177245e-03
6.315952742685270096e+03 7.348454743898193975e-01 6.334638204742848618e-03
6.322268695427957937e+03 7.376005669362847295e-01 6.848278343942621957e-03
6.328590964123387494e+03 7.390963473048898225e-01 6.824891810181755482e-03
6.334919555087512890e+03 7.479361921721598971e-01 6.902978350040160638e-03
6.341254474642602872e+03 7.576403357339268618e-01 7.084679870393164637e-03
6.347595729117247174e+03 7.696056603531225004e-01 7.360137191345880216e-03
6.353943324846366522e+03 7.844236318046180489e-01 7.578637266469580823e-03
6.360297268171215364e+03 7.987921916198914563e-01 7.484986530780126344e-03
6.366657565439388236e+03 8.157116690553123384e-01 7.539049958416116359e-03
6.373024223004829764e+03 8.326670751911947610e-01 7.104893342071420814e-03
6.379397247227837397e+03 8.435660412215992832e-01 7.566910035810785369e-03
6.385776644475066860e+03 8.564733043371240973e-01 7.711969082950007916e-03
6.392162421119543978e+03 8.712479770187013806e-01 7.657758435992000935e-03
6.398554583540665590e+03 8.887678170534617506e-01 7.715232823115406383e-03
6.404953138124208635e+03 9.093421256441829303e-01 7.940802551438606860e-03
6.411358091262334710e+03 9.297888968174247148e-01 7.551384197536872671e-03
6.417769449353599157e+03 9.559477367740745191e-01 7.627297540077260588e-03
6.424187218802954703e+03 9.933526749657526356e-01 7.476650932828120787e-03
6.430611406021760558e+03 1.035939844897036721e+00 6.697540224601787780e-03
6.437042017427784231e+03 1.073588962631912391e+00 5.539157910575949126e-03
6.443479059445214261e+03 1.101894245612291101e+00 4.969969303356646523e-03
6.449922538504661134e+03 1.128168946695707886e+00 4.980574261573849151e-03
6.456372461043168187e+03 1.154049404677388369e+00 5.244428913035299039e-03
6.462828833504213435e+03 1.177449077139526068e+00 5.256697579769465355e-03
6.469291662337719572e+03 1.209947682200048558e+00 5.798819116552794521e-03
6.475760954000059428e+03 1.249165827903423232e+00 6.418029828614539405e-03
6.482236714954061426e+03 1.284558390878097089e+00 6.485006472144921874e-03
6.488718951669017770e+03 1.318945199579633965e+00 8.474804051129143298e-03
6.495207670620688987e+03 1.423362372569925594e+00 3.092136377291203678e-02
6.501702878291312118e+03 1.414850638497565871e+00 6.914918741470359176e-02
6.508204581169605262e+03 1.398275072759751048e+00 9.222398367900079552e-02
6.514712785750777584e+03 1.543618918861864753e+00 9.092548703404734756e-02
6.521227498536530220e+03 1.794365666794932368e+00 1.214360432806382666e-02
6.527748726035069012e+03 2.056318497600860162e+00 4.936410875021336742e-02
6.534276474761106329e+03 2.070232132243649215e+00 1.294079976990571423e-01
6.540810751235869247e+03 2.456267916462935741e+00 1.326408960669764048e-01
6.547351561987107743e+03 3.201890620697999346e+00 1.616434190149790562e-01
6.553898913549096505e+03 3.749143362825168246e+00 1.627395645999636931e-01
6.560452812462647671e+03 3.893979859148252842e+00 1.543675359810448844e-01
6.567013265275112644e+03 3.537472097247194469e+00 1.599162796639427842e-01
6.573580278540390282e+03 2.744126734593123729e+00 1.569524712439443470e-01
6.580153858818932349e+03 1.912801200093156906e+00 1.319868888661549500e-01
6.586734012677753526e+03 1.454095341316538281e+00 1.248666218589440380e-01
6.593320746690433225e+03 1.444263703849400393e+00 5.465753518460261806e-02
6.599914067437126505e+03 1.224263092016565135e+00 1.257280026751356715e-02
6.606513981504565891e+03 1.164479034061901563e+00 1.209477657818577856e-02
6.613120495486072286e+03 1.144506415157546142e+00 8.604206784044783618e-03
6.619733615981560433e+03 1.115868882123308037e+00 7.544016275866436208e-03
6.626353349597544366e+03 1.092972443904514090e+00 6.140584493253307269e-03
6.632979702947143778e+03 1.046525621021662689e+00 8.877537040555388489e-03
6.639612682650093120e+03 1.040527413550479396e+00 8.850079092563779837e-03
6.646252295332745234e+03 1.032556428627488643e+00 8.187047499317258795e-03
6.652898547628080451e+03 1.009380113101493892e+00 6.143544788459821653e-03
6.659551446175711135e+03 9.919617360676679096e-01 5.805204468771179432e-03
6.666210997621888964e+03 9.724355444426100448e-01 5.592414521738211207e-03
6.672877208619513112e+03 9.568085480316355085e-01 5.351800395365869691e-03
6.679550085828134797e+03 9.384824449639012078e-01 5.413786247691879452e-03
6.686229635913964557e+03 9.218810299303680234e-01 5.356441297348390682e-03
6.692915865549881346e+03 9.077081511522286927e-01 5.273846273725085569e-03
6.699608781415433441e+03 8.923702800072825791e-01 5.238376210334543502e-03
6.706308390196851178e+03 8.710359073239272165e-01 5.161104301963867665e-03
6.713014698587049679e+03 8.505819729638980364e-01 5.185190759515436766e-03
6.719727713285638856e+03 8.306069174341941252e-01 5.082343103606949859e-03
6.726447440998927050e+03 8.157332794668902265e-01 5.197320183237963062e-03
6.733173888439928305e+03 7.961666952012254050e-01 5.189442641762056531e-03
6.739907062328370557e+03 7.807995096757026632e-01 5.118514714658936419e-03
6.746646969390701088e+03 7.633588747202961766e-01 5.174899667957775194e-03
6.753393616360093802e+03 7.465639338627066968e-01 4.998485780175775106e-03
6.760147009976456502e+03 7.311882339838721157e-01 4.944507123773021241e-03
6.766907156986434529e+03 7.156841242377102175e-01 4.850544453222254034e-03
6.773674064143423493e+03 7.061543463964765621e-01 5.009072529532285906e-03
6.780447738207569273e+03 6.985259775307527397e-01 5.023671177099600996e-03
6.787228185945778932e+03 6.898173115931905963e-01 4.920390826700413167e-03
6.794015414131727084e+03 6.849601383821110057e-01 4.792951787330556809e-03
6.800809429545861349e+03 6.790309625410340111e-01 4.767693938145432797e-03
6.807610238975408720e+03 6.711570538486540949e-01 4.579662089224518368e-03
6.814417849214386479e+03 6.626898027396351809e-01 4.487933127986075237e-03
6.821232267063603103e+03 6.531397157552625288e-01 4.350201456271057983e-03
6.828053499330669183e+03 6.400745282609263676e-01 4.629231628626433170e-03
6.834881552830001965e+03 6.289615770137486628e-01 4.795226930477021476e-03
6.841716434382834450e+03 6.233401882504507885e-01 4.695823170115187573e-03
6.848558150817219939e+03 6.270463212824111121e-01 5.056294422490189774e-03
6.855406708968039311e+03 6.311763739243917426e-01 5.176230195254946306e-03
6.862262115677009206e+03 6.316531000707555910e-01 5.155949468016994032e-03
6.869124377792688392e+03 6.454155874697083961e-01 5.122111869601270705e-03
6.875993502170483225e+03 6.615755900313253779e-01 5.542869006510173224e-03
6.882869495672656740e+03 6.691635472279325869e-01 5.822992122655975579e-03
6.889752365168331380e+03 6.868032749996195729e-01 5.587233225288540904e-03
6.896642117533501732e+03 6.997721312923429471e-01 5.602880301354990628e-03
6.903538759651037253e+03 7.164368783790148187e-01 5.225498354354483552e-03
6.910442298410691365e+03 7.293083583417565574e-01 4.962682935557684652e-03
6.917352740709104182e+03 7.473455429965428776e-01 4.871989466879097196e-03
6.924270093449815249e+03 7.650058825609271640e-01 4.807608500994547604e-03
6.931194363543267173e+03 7.760533821085633388e-01 4.519414137704647408e-03
6.938125557906812901e+03 7.885953146694173466e-01 4.513866696251561672e-03
6.945063683464722089e+03 7.963876070256572515e-01 4.223092548282369497e-03
6.952008747148189286e+03 8.048927621527750542e-01 3.982191915052267842e-03
6.958960755895339389e+03 8.074877435304373963e-01 4.280375825612111988e-03
6.965919716651237650e+03 8.114896639652937615e-01 4.214566751035573461e-03
6.972885636367890584e+03 8.153774885887058455e-01 4.298627637884077334e-03
6.979858522004260521e+03 8.197707259556781256e-01 4.418817669313341960e-03
6.986838380526267429e+03 8.211926218858526250e-01 4.359899963141147111e-03
6.993825218906796181e+03 8.258301174280756607e-01 5.397903739924792346e-03
7.000819044125705659e+03 8.198290794634587320e-01 6.618906445264696563e-03
7.007819863169833297e+03 8.163474080556599732e-01 7.002157886577238879e-03
7.014827683033005087e+03 8.153303040921713318e-01 6.913047774887536370e-03
7.021842510716041033e+03 8.207647838607353696e-01 7.062129020456745128e-03
7.028864353226758794e+03 8.246419268508377032e-01 7.030167653507868840e-03
7.035893217579988232e+03 8.281372398044916094e-01 7.115399062106056091e-03
7.042929110797570502e+03 8.274072180026760259e-01 7.205015605163928027e-03
7.049972039908370789e+03 8.244161902164293121e-01 7.268695974812133288e-03
7.057022011948281033e+03 8.215957478560730332e-01 7.154635930730204180e-03
7.064079033960231754e+03 8.126741158920924857e-01 7.220822034889432493e-03
7.071143112994193871e+03 8.054448662338978826e-01 7.297862747442173705e-03
7.078214256107190522e+03 7.964501688485995379e-01 7.232889483608822417e-03
7.085292470363300708e+03 7.885021115984236495e-01 7.228316245993685746e-03
7.092377762833665656e+03 7.740107375873996887e-01 6.927244506931854937e-03
7.099470140596501551e+03 7.656043302744217627e-01 6.833850599483521672e-03
7.106569610737100447e+03 7.586386555171192869e-01 6.948448846852576209e-03
7.113676180347840273e+03 7.548112952308483337e-01 6.816155571073814930e-03
7.120789856528190285e+03 7.495214571591949371e-01 6.718003162132210604e-03
7.127910646384721076e+03 7.510335985951698268e-01 6.359486653526544644e-03
7.135038557031108212e+03 7.532542965671591428e-01 5.876577145073371734e-03
7.142173595588141325e+03 7.482118247909635977e-01 4.845301065594019574e-03
7.149315769183732300e+03 7.367692536415312299e-01 3.874971004293255913e-03
7.156465084952918005e+03 7.278942254044689086e-01 3.947940346274378572e-03
7.163621550037873021e+03 7.188031481900915010e-01 4.074329398357392877e-03
7.170785171587913283e+03 7.132409568185168469e-01 4.169409926292290056e-03
7.177955956759504261e+03 7.052109415242292512e-01 4.191216649409718921e-03
7.185133912716265513e+03 7.013871671555133025e-01 4.286803224108701703e-03
7.192319046628984324e+03 6.982314190539755661e-01 4.403366040278600471e-03
7.199511365675615707e+03 6.924143638835945636e-01 4.441571372844376961e-03
7.206710877041294225e+03 6.872209583897871399e-01 4.593513120860413280e-03
7.213917587918337631e+03 6.798676606145189760e-01 4.454013031585820487e-03
7.221131505506257781e+03 6.745633296130034706e-01 4.519937082424878468e-03
7.228352637011767001e+03 6.679258725439278788e-01 4.661493968918162777e-03
7.235580989648780815e+03 6.654817651470574802e-01 4.665038716096981015e-03
7.242816570638432495e+03 6.639704337897698316e-01 4.722825680298622930e-03
7.250059387209073066e+03 6.605960279460636464e-01 4.929078954138807825e-03
7.257309446596284033e+03 6.602678409813581561e-01 4.986285273170049104e-03
7.264566756042882844e+03 6.664329449241512826e-01 4.737562529598868082e-03
7.271831322798928340e+03 6.701485432461306013e-01 4.799563344667908543e-03
7.279103154121729858e+03 6.744483216565764216e-01 4.829431098144036649e-03
7.286382257275853590e+03 6.739237983243643315e-01 4.695091547897777690e-03
7.293668639533132591e+03 6.746044806976307928e-01 4.742108632942433795e-03
7.300962308172667690e+03 6.729337595003249684e-01 4.737111842154026649e-03
7.308263270480842948e+03 6.708869221466230437e-01 4.940908077306447634e-03
7.315571533751325660e+03 6.712859363461514128e-01 4.905479172716204969e-03
7.322887105285079997e+03 6.729829273561669378e-01 4.838630245986703243e-03
7.330209992390367006e+03 6.647198976013345417e-01 5.080963793882631481e-03
7.337540202382760071e+03 6.556270204162246706e-01 5.248646283992187446e-03
7.344877742585144915e+03 6.491006647825174891e-01 4.987452019928144062e-03
7.352222620327733239e+03 6.431877822818794499e-01 4.734881403105726562e-03
7.359574842948062724e+03 6.369193683990778121e-01 4.471264099476779212e-03
7.366934417791013402e+03 6.312203111612699757e-01 4.292764009982031823e-03
7.374301352208806748e+03 6.282064545234716801e-01 4.169616329103557895e-03
7.381675653561018407e+03 6.236946977578911033e-01 4.199400835450880186e-03
7.389057329214581841e+03 6.203976840739150456e-01 4.295956829516714079e-03
7.396446386543798326e+03 6.168648908046341361e-01 4.452066188239093766e-03
7.403842832930345139e+03 6.138551792771191895e-01 4.634863168298969729e-03
7.411246675763277381e+03 6.102955843658395274e-01 4.957965573940593777e-03
7.418657922439043432e+03 6.070634501494555080e-01 5.462939614733569593e-03
7.426076580361484957e+03 6.035056279967855319e-01 6.148350774056718371e-03
7.433502656941848727e+03 6.004041040305391208e-01 7.100751211010454533e-03
7.440936159598792983e+03 5.956193507730845882e-01 8.339138948002606383e-03
7.448377095758394717e+03 5.880234406065190100e-01 9.872593151596642178e-03
7.455825472854155123e+03 5.765175697997935167e-01 1.179435058533703090e-02
7.463281298327012337e+03 5.624441525835816025e-01 1.464737881847912558e-02
7.470744579625341430e+03 5.441793173606560563e-01 1.857127579947503299e-02
7.478215324204968965e+03 5.245286043839493262e-01 2.429884700523959537e-02
7.485693539529176633e+03 5.014889837271514494e-01 3.242560075048184914e-02
7.493179233068708527e+03 4.747868783225822065e-01 4.376431559784377257e-02
