# starting wavelength: 3654.224
# ending wavelength: 7407.171
# wav flux eflux
3.655935210469810499e+03 1.653207894192866734e+00 1.297841566635776211e-01
3.659591145680281443e+03 1.608572885088671356e+00 1.030599224335289610e-01
3.663250736825963031e+03 1.603365772778573284e+00 8.900680181978995464e-02
3.666913987562790226e+03 1.601095127304811294e+00 7.066310186482485656e-02
3.670580901550354156e+03 1.594773886260807627e+00 5.514988761867987282e-02
3.674251482451905758e+03 1.587568385145987637e+00 4.401185206153174212e-02
3.677925733934358959e+03 1.581849115976567077e+00 3.576016202863054744e-02
3.681603659668294313e+03 1.577799386328768705e+00 2.980650331656152507e-02
3.685285263327964003e+03 1.579588634157350846e+00 2.589180770749797272e-02
3.688970548591293209e+03 1.587385136128343310e+00 2.302353017161535773e-02
3.692659519139885560e+03 1.591942541738907035e+00 2.029265216088427595e-02
3.696352178659026777e+03 1.599215303308588076e+00 1.824913630753163471e-02
3.700048530837686940e+03 1.608902725650935839e+00 1.688450741814886968e-02
3.703748579368525952e+03 1.622709719978905563e+00 1.615284018824393944e-02
3.707452327947895355e+03 1.634625502405955944e+00 1.555750868811362625e-02
3.711159780275844696e+03 1.641119957597442003e+00 1.489209669775322722e-02
3.714870940056121526e+03 1.648197874663126283e+00 1.455046199052623980e-02
3.718585810996179134e+03 1.648808034360257579e+00 1.425925163597228408e-02
3.722304396807176545e+03 1.645104251481863011e+00 1.438905189223806981e-02
3.726026701203984885e+03 1.641124098836168832e+00 1.492698759001845690e-02
3.729752727905190113e+03 1.635248823539465546e+00 1.505155230584798165e-02
3.733482480633096657e+03 1.637662003440248260e+00 1.504967094010401657e-02
3.737215963113731050e+03 1.638094563600887899e+00 1.539467646846409514e-02
3.740953179076846027e+03 1.637310131008161029e+00 1.536457260050759673e-02
3.744694132255923705e+03 1.627106556508713053e+00 1.534561632728989600e-02
3.748438826388181042e+03 1.624402515335953145e+00 1.545475281344360283e-02
3.752187265214570289e+03 1.620513296215119858e+00 1.566040938648364036e-02
3.755939452479786269e+03 1.605204764028943076e+00 1.555892400297554864e-02
3.759695391932267285e+03 1.592754246297519050e+00 1.503149120952721428e-02
3.763455087324201031e+03 1.581921985748848014e+00 1.510914296933705929e-02
3.767218542411526414e+03 1.568791151045411780e+00 1.438125750279649513e-02
3.770985760953939007e+03 1.560079845259120690e+00 1.423890862345742955e-02
3.774756746714894234e+03 1.560895155778837085e+00 1.478034973062359106e-02
3.778531503461610555e+03 1.571802679271374625e+00 1.472269770292690926e-02
3.782310034965073100e+03 1.579971036141995189e+00 1.446205516265755033e-02
3.786092345000039586e+03 1.593231623686236054e+00 1.301891157320109182e-02
3.789878437345040766e+03 1.595251733370583125e+00 1.227841108024341037e-02
3.793668315782387253e+03 1.585535942049585589e+00 1.252247242713736171e-02
3.797461984098170888e+03 1.580959476896069971e+00 1.276151560000434067e-02
3.801259446082270188e+03 1.574997560887087422e+00 1.297189743743781300e-02
3.805060705528353537e+03 1.563529871334758514e+00 1.320889736835502079e-02
3.808865766233883278e+03 1.555678657831621292e+00 1.334888623459296736e-02
3.812674632000118436e+03 1.550282234389914748e+00 1.352437581576352611e-02
3.816487306632119726e+03 1.548340246554566590e+00 1.359309862152596748e-02
3.820303793938753188e+03 1.531221760267394760e+00 1.304319193097887297e-02
3.824124097732693372e+03 1.533472543724849091e+00 1.337970280705120391e-02
3.827948221830427428e+03 1.544199188772542142e+00 1.375539951865507871e-02
3.831776170052258749e+03 1.570621853502769616e+00 1.597461210969356241e-02
3.835607946222312421e+03 1.585367576796697264e+00 1.691347983997339155e-02
3.839443554168536139e+03 1.595189404699203228e+00 1.679437971367898561e-02
3.843282997722705659e+03 1.597826001093371584e+00 1.663359097331005079e-02
3.847126280720429804e+03 1.601277590522202754e+00 1.689427622212967550e-02
3.850973407001151372e+03 1.602826275695431235e+00 1.661367102424653533e-02
3.854824380408153957e+03 1.610345810526132571e+00 1.639158446477034445e-02
3.858679204788563311e+03 1.615492331318928665e+00 1.648509388993937494e-02
3.862537883993353262e+03 1.611686245867629985e+00 1.698301643846960099e-02
3.866400421877347981e+03 1.612563091544750860e+00 1.740804870876115629e-02
3.870266822299226533e+03 1.602708360415564970e+00 1.772218663105970538e-02
3.874137089121526969e+03 1.595596978240113373e+00 1.673645346654641791e-02
3.878011226210649966e+03 1.596764063797139199e+00 1.630362239296562557e-02
3.881889237436861549e+03 1.598192129991130139e+00 1.610777688311569242e-02
3.885771126674299921e+03 1.603774355950187802e+00 1.736421948471660384e-02
3.889656897800975457e+03 1.616902286489533713e+00 1.874943308653699570e-02
3.893546554698777527e+03 1.621237081117543166e+00 1.830821316604484134e-02
3.897440101253477678e+03 1.622965072687181154e+00 1.780931811349341018e-02
3.901337541354732366e+03 1.617621896507896340e+00 1.778976385192363938e-02
3.905238878896088409e+03 1.613047209264734549e+00 1.788492532776160895e-02
3.909144117774985716e+03 1.596761546834233769e+00 1.946236318355930306e-02
3.913053261892762293e+03 1.583462703509203706e+00 2.055010383371312296e-02
3.916966315154656058e+03 1.578487314878623815e+00 2.081467144201249245e-02
3.920883281469812118e+03 1.571086349368345569e+00 2.050106470893037214e-02
3.924804164751283224e+03 1.554925323329222842e+00 2.034888057440675802e-02
3.928728968916035683e+03 1.525776381746235311e+00 1.841726432527329704e-02
3.932657697884953450e+03 1.511579873971168109e+00 1.840153789781147700e-02
3.936590355582839493e+03 1.503069331471695858e+00 1.788670372371816558e-02
3.940526945938423523e+03 1.491972140848716988e+00 1.788780826657462159e-02
3.944467472884363360e+03 1.490619151500815587e+00 1.794776660450777758e-02
3.948411940357249023e+03 1.490563787923038674e+00 1.804614697896605655e-02
3.952360352297607733e+03 1.490515272626418364e+00 1.805074396939729264e-02
3.956312712649906643e+03 1.491417742326925033e+00 1.799277253939219126e-02
3.960269025362557841e+03 1.495736687395552655e+00 1.807599677094407983e-02
3.964229294387921527e+03 1.499652237288001455e+00 1.785865935722653897e-02
3.968193523682310570e+03 1.502669187298899089e+00 1.715944080275223424e-02
3.972161717205994591e+03 1.504342489256472959e+00 1.720916579626991655e-02
3.976133878923201792e+03 1.513122462661429912e+00 1.701108662878804759e-02
3.980110012802126221e+03 1.529988109422093734e+00 1.726554034099987006e-02
3.984090122814929600e+03 1.555412488432885265e+00 1.498306961663468939e-02
3.988074212937745870e+03 1.571910214987031873e+00 1.433627663930207852e-02
3.992062287150684824e+03 1.577590310910395921e+00 1.427963310686878977e-02
3.996054349437837118e+03 1.569326559502373097e+00 1.458074329737719076e-02
4.000050403787276082e+03 1.554999092716257358e+00 1.290443868999166868e-02
4.004050454191064546e+03 1.530118697121028992e+00 1.017052374887927532e-02
4.008054504645257111e+03 1.521210049687642396e+00 1.014027723295878904e-02
4.012062559149903791e+03 1.520661008236961376e+00 9.835435481696330404e-03
4.016074621709055009e+03 1.515826546769134309e+00 1.000573279800489115e-02
4.020090696330765240e+03 1.515866354873305788e+00 1.022620546957674244e-02
4.024110787027097558e+03 1.512042184686366530e+00 1.027385794254391700e-02
4.028134897814125907e+03 1.515749144830939255e+00 9.854594510756644818e-03
4.032163032711941469e+03 1.513311924695119881e+00 9.708329322144238285e-03
4.036195195744654484e+03 1.522143360571789783e+00 9.057670822813192885e-03
4.040231390940400615e+03 1.516247014448678820e+00 9.051261741442728076e-03
4.044271622331342314e+03 1.509604553233411472e+00 9.318003095529355309e-03
4.048315893953675186e+03 1.508549932296008089e+00 9.271507976553032895e-03
4.052364209847629809e+03 1.498691233280389001e+00 1.130684941290399995e-02
4.056416574057479011e+03 1.504192746047474438e+00 1.091315885103214152e-02
4.060472990631537868e+03 1.527146766555945279e+00 1.573362527386737084e-02
4.064533463622170530e+03 1.529537245279435353e+00 1.531949431296509775e-02
4.068597997085794304e+03 1.529670307569549470e+00 1.541977737134209679e-02
4.072666595082881486e+03 1.519472568049381023e+00 1.769043795356438700e-02
4.076739261677965715e+03 1.522507487830423445e+00 1.773869382667872877e-02
4.080816000939644709e+03 1.536654315056265263e+00 1.740084449136249448e-02
4.084896816940585722e+03 1.556083555889950398e+00 1.731834934373832277e-02
4.088981713757527814e+03 1.572589783968168842e+00 1.751253445333768657e-02
4.093070695471286854e+03 1.593344565320689243e+00 1.741956460490127340e-02
4.097163766166759160e+03 1.616027320134249878e+00 1.708015760465311089e-02
4.101260929932927866e+03 1.631025952982103844e+00 1.688654990059034952e-02
4.105362190862862008e+03 1.641374277691288519e+00 1.666548068111251696e-02
4.109467553053726078e+03 1.645952631783476505e+00 1.673672726377108122e-02
4.113577020606780934e+03 1.649825367142664145e+00 1.576729878357399292e-02
4.117690597627389252e+03 1.646020813094903001e+00 1.536897018013468237e-02
4.121808288225018259e+03 1.622499409000702775e+00 1.588283000745396162e-02
4.125930096513244280e+03 1.591453202926943478e+00 1.443464241382110338e-02
4.130056026609759101e+03 1.554480732931465159e+00 1.194475039127259990e-02
4.134186082636369974e+03 1.528834198157146051e+00 1.074289906685061552e-02
4.138320268719007800e+03 1.521785935925017430e+00 7.849691385997460344e-03
4.142458588987728035e+03 1.509980053387622201e+00 7.376521612764915664e-03
4.146601047576717065e+03 1.499341913419299122e+00 7.328382680804149639e-03
4.150747648624294925e+03 1.484854733726804765e+00 6.950408981255824792e-03
4.154898396272920763e+03 1.468147633833685850e+00 7.045686045880205674e-03
4.159053294669195566e+03 1.459133793674331825e+00 7.089505713266833035e-03
4.163212347963865795e+03 1.448078053307562785e+00 6.718517845184226664e-03
4.167375560311830668e+03 1.439553636225533229e+00 6.635732416710980047e-03
4.171542935872143971e+03 1.432154525842932902e+00 6.527910377929096487e-03
4.175714478808017702e+03 1.428898658432308899e+00 6.641156363974919270e-03
4.179890193286827525e+03 1.427313672350547735e+00 7.100867405472078078e-03
4.184070083480115500e+03 1.420962082979971175e+00 7.203778508235836320e-03
4.188254153563597356e+03 1.414995342797328304e+00 7.064809643635820875e-03
4.192442407717161586e+03 1.412466792397086168e+00 6.874869282168872935e-03
4.196634850124880359e+03 1.408629376510000863e+00 6.850773641156853409e-03
4.200831484975006788e+03 1.400300759777235893e+00 6.672668873295861496e-03
4.205032316459983122e+03 1.399486135592233893e+00 6.305565456059055059e-03
4.209237348776444378e+03 1.389724032218957461e+00 5.997869318576890853e-03
4.213446586125221984e+03 1.387877166105624394e+00 6.214398243413625511e-03
4.217660032711349231e+03 1.386278056894379107e+00 6.559822219847216695e-03
4.221877692744061278e+03 1.379012076344942050e+00 6.696836718582741335e-03
4.226099570436806971e+03 1.376299516947197210e+00 6.521231512256619664e-03
4.230325670007245208e+03 1.372895083663099536e+00 6.626922643050681648e-03
4.234555995677254032e+03 1.368940230745539610e+00 6.755082452808441711e-03
4.238790551672932452e+03 1.372917377946525352e+00 6.555071808681832424e-03
4.243029342224606808e+03 1.374767126385680438e+00 6.695796722355698213e-03
4.247272371566832589e+03 1.373813633810484047e+00 6.873686665476173678e-03
4.251519643938400804e+03 1.371885753486462134e+00 6.851376318800109742e-03
4.255771163582340705e+03 1.375432463404413053e+00 6.938694036874508246e-03
4.260026934745924336e+03 1.383187856730726972e+00 6.574620019589028086e-03
4.264286961680671993e+03 1.387050781370186892e+00 6.918587485710720256e-03
4.268551248642354039e+03 1.386791724788232427e+00 6.809401429421000143e-03
4.272819799890998183e+03 1.387180156124196984e+00 6.682435869575808519e-03
4.277092619690890388e+03 1.384225216055493313e+00 6.596241370464674646e-03
4.281369712310583054e+03 1.377403234687366806e+00 6.545840874295751066e-03
4.285651082022895025e+03 1.365132685443223526e+00 9.068856721521825065e-03
4.289936733104918858e+03 1.360842326432478044e+00 8.823939390633821558e-03
4.294226669838025373e+03 1.389826229924665757e+00 1.621284617810262937e-02
4.298520896507864563e+03 1.417435167764264481e+00 1.855336633251124592e-02
4.302819417404373780e+03 1.409134255344138165e+00 1.992874228584633547e-02
4.307122236821779552e+03 1.399053601682691550e+00 2.369514633583874597e-02
4.311429359058603040e+03 1.404628032612230459e+00 2.448963726257460255e-02
4.315740788417662770e+03 1.432850629230009387e+00 2.428388430773568626e-02
4.320056529206081905e+03 1.479719353603650367e+00 2.526122269210379426e-02
4.324376585735290064e+03 1.530319242838460880e+00 2.595386344791844949e-02
4.328700962321026054e+03 1.581151326111721822e+00 2.655310607892095304e-02
4.333029663283348782e+03 1.617913123694300292e+00 2.668848002911924228e-02
4.337362692946633615e+03 1.647460353909260267e+00 2.660195177006866724e-02
4.341700055639581478e+03 1.670809777597866530e+00 2.636205195249352595e-02
4.346041755695222491e+03 1.685151599684402646e+00 2.600415863548097284e-02
4.350387797450919606e+03 1.683389219641519441e+00 2.599539593447290631e-02
4.354738185248371337e+03 1.666661715882760131e+00 2.621431943762211891e-02
4.359092923433621763e+03 1.632572078252643388e+00 2.686669881601129461e-02
4.363452016357056891e+03 1.583373177245644303e+00 2.637046859944417246e-02
4.367815468373414660e+03 1.523113164088146565e+00 2.251131628166817833e-02
4.372183283841789489e+03 1.472379848625298360e+00 2.015853909766725585e-02
4.376555467125633186e+03 1.463396148672629238e+00 1.746985653833528149e-02
4.380932022592760404e+03 1.469114291215795731e+00 9.365473928761155684e-03
4.385312954615354101e+03 1.454265154706099628e+00 8.481204097761971261e-03
4.389698267569970994e+03 1.432291891683822538e+00 7.354273974785214066e-03
4.394087965837542470e+03 1.408339038556837508e+00 6.728732024647703439e-03
4.398482053803381859e+03 1.399724144914611834e+00 7.200651965863703007e-03
4.402880535857186260e+03 1.395512037190512311e+00 7.097471771558527300e-03
4.407283416393044718e+03 1.389626210510189530e+00 7.122608649638238927e-03
4.411690699809440048e+03 1.391234706411896616e+00 6.741020361167506837e-03
4.416102390509250654e+03 1.388809196734293705e+00 6.702029706452768652e-03
4.420518492899761441e+03 1.380433722948301023e+00 6.393402689385389338e-03
4.424939011392662906e+03 1.378998684533638386e+00 6.373989054922284646e-03
4.429363950404056595e+03 1.379386109684037631e+00 6.466983004466111441e-03
4.433793314354462382e+03 1.381327130641596623e+00 5.961866543567197890e-03
4.438227107668818462e+03 1.380795099899488454e+00 5.944229759854207859e-03
4.442665334776488635e+03 1.377063908505762546e+00 6.016100227573991689e-03
4.447108000111265937e+03 1.367200271713667092e+00 6.119258353188341236e-03
4.451555108111379013e+03 1.363058175838409047e+00 6.287991571118094376e-03
4.456006663219492111e+03 1.362681233580393725e+00 6.346990995018967664e-03
4.460462669882713271e+03 1.361588529945840564e+00 6.403912358060372470e-03
4.464923132552597053e+03 1.362228149554733703e+00 6.556641146932719669e-03
4.469388055685150903e+03 1.362745347785253580e+00 6.633132966875175326e-03
4.473857443740837880e+03 1.363848400322942744e+00 6.453621358937523464e-03
4.478331301184580298e+03 1.357159046797654645e+00 6.232206781549885256e-03
4.482809632485766087e+03 1.355543347808968901e+00 6.082661328870156425e-03
4.487292442118253348e+03 1.351201668024245572e+00 5.908444055037957374e-03
4.491779734560373072e+03 1.348474630453886602e+00 5.746093000451715782e-03
4.496271514294934605e+03 1.348113561728419008e+00 5.857989275095917478e-03
4.500767785809231100e+03 1.346714573531074155e+00 6.093572081950686913e-03
4.505268553595042249e+03 1.339113938528973424e+00 6.248571726017185246e-03
4.509773822148638828e+03 1.332147636514976918e+00 6.120175449534601651e-03
4.514283595970789065e+03 1.324173483491621450e+00 6.111510350365854938e-03
4.518797879566761367e+03 1.318031195659624233e+00 5.856793848069472182e-03
4.523316677446328868e+03 1.311061190547489375e+00 5.885427200586522585e-03
4.527839994123776705e+03 1.309188653655819268e+00 5.779441226824177241e-03
4.532367834117902021e+03 1.302686603624913619e+00 5.493651456750598717e-03
4.536900201952022144e+03 1.296411306889446502e+00 5.561899903556891123e-03
4.541437102153975502e+03 1.290838749748858261e+00 5.286939926789618188e-03
4.545978539256130716e+03 1.287263840849309116e+00 5.054465929731230545e-03
4.550524517795388419e+03 1.287568529929525418e+00 4.977333957869626083e-03
4.555075042313184895e+03 1.291188786856219961e+00 4.952327786273138036e-03
4.559630117355500261e+03 1.298249532026687136e+00 5.385671190308681001e-03
4.564189747472856652e+03 1.301202279394644279e+00 5.517079626870724854e-03
4.568753937220330954e+03 1.297065275211287005e+00 5.577781643333360080e-03
4.573322691157552981e+03 1.297444957908234553e+00 5.798273132356151702e-03
4.577896013848711846e+03 1.292566080629404146e+00 5.834270871928075655e-03
4.582473909862562323e+03 1.283802490092828430e+00 6.137402842794850537e-03
4.587056383772426670e+03 1.277068264796236807e+00 6.525917744105848989e-03
4.591643440156200086e+03 1.268539747690474728e+00 6.372280865575284323e-03
4.596235083596357981e+03 1.263367055630357561e+00 6.370750406691208165e-03
4.600831318679955984e+03 1.255470960204758235e+00 6.557207487245747014e-03
4.605432149998637215e+03 1.253505319096006154e+00 6.584644658167998141e-03
4.610037582148637739e+03 1.253582227664273852e+00 6.874431372572715158e-03
4.614647619730787483e+03 1.260482964383147220e+00 7.259370648712056527e-03
4.619262267350520233e+03 1.262977320846619289e+00 6.762713169133793834e-03
4.623881529617872729e+03 1.259833857600304530e+00 7.037606793991204451e-03
4.628505411147491941e+03 1.261507026462277636e+00 7.029983116306886062e-03
4.633133916558640522e+03 1.259355266971203591e+00 7.087135680643779669e-03
4.637767050475200449e+03 1.251827191532184358e+00 7.428219007454488210e-03
4.642404817525677572e+03 1.245760291013001897e+00 7.057941521048941708e-03
4.647047222343205249e+03 1.242511158107786340e+00 7.038085675703263655e-03
4.651694269565549803e+03 1.240352987357902004e+00 6.888774734672671943e-03
4.656345963835116891e+03 1.233308992972236062e+00 6.615046325040661347e-03
4.661002309798953320e+03 1.234854689307740561e+00 6.324767426049901324e-03
4.665663312108753416e+03 1.237398765641574805e+00 6.278419375030574665e-03
4.670328975420864481e+03 1.240611263021408783e+00 6.336310106271152848e-03
4.674999304396286789e+03 1.240443707752582503e+00 6.145021829887511652e-03
4.679674303700684504e+03 1.243147097519970767e+00 5.707860611276875835e-03
4.684353978004386590e+03 1.236684301714286782e+00 5.941221881885806570e-03
4.689038331982392265e+03 1.234484296798014746e+00 5.751730013081415328e-03
4.693727370314376458e+03 1.233565048487033300e+00 5.683922449079984243e-03
4.698421097684692540e+03 1.231132818293830811e+00 5.667919265239736853e-03
4.703119518782378691e+03 1.229241494275495006e+00 5.531771205985476503e-03
4.707822638301162442e+03 1.223151972842296820e+00 5.560527531044179989e-03
4.712530460939465229e+03 1.219696352055012589e+00 5.522428341589906767e-03
4.717242991400406027e+03 1.218442311724877491e+00 5.337236716693273715e-03
4.721960234391808626e+03 1.218602647968695329e+00 5.190092423372507507e-03
4.726682194626201635e+03 1.213812197397297510e+00 5.056261169508437063e-03
4.731408876820829391e+03 1.209985444788202802e+00 5.020673065932569103e-03
4.736140285697651962e+03 1.208239614358852521e+00 5.142936847605560254e-03
4.740876425983350600e+03 1.209465427364029289e+00 5.107043085278732339e-03
4.745617302409335934e+03 1.208287162837197837e+00 5.161945532834270878e-03
4.750362919711747054e+03 1.205481709428597004e+00 5.089182995454017214e-03
4.755113282631459697e+03 1.201574810649113090e+00 5.232410244297301845e-03
4.759868395914093526e+03 1.202143300255184677e+00 5.260084217551076920e-03
4.764628264310008490e+03 1.201498683520503041e+00 5.100610824229303078e-03
4.769392892574320285e+03 1.204221658762452130e+00 5.256721073487808510e-03
4.774162285466896719e+03 1.202486973331896136e+00 5.163942484599942130e-03
4.778936447752364984e+03 1.204466258587984617e+00 4.934428358571856486e-03
4.783715384200118933e+03 1.208182516142736640e+00 4.849543293740031860e-03
4.788499099584319993e+03 1.214432870059015679e+00 4.959626386890761580e-03
4.793287598683906253e+03 1.220252912265451295e+00 4.914550783172845320e-03
4.798080886282591564e+03 1.222381896659697542e+00 5.807775314455383871e-03
4.802878967168876443e+03 1.226085750520439888e+00 8.443072734548735456e-03
4.807681846136046261e+03 1.267800397539048163e+00 1.811333240538393410e-02
4.812489527982183972e+03 1.309770115518780642e+00 2.455415618858765650e-02
4.817302017510168298e+03 1.294039066290249007e+00 2.919734594121991406e-02
4.822119319527679181e+03 1.258116866683064661e+00 4.114782142755542271e-02
4.826941438847208701e+03 1.347200220569483742e+00 1.256966524220509175e-02
4.831768380286057436e+03 1.412883161191498260e+00 2.773636920732543490e-02
4.836600148666345376e+03 1.408244806133346350e+00 2.844467994584368858e-02
4.841436748815013743e+03 1.309737595642113561e+00 5.336709643865093777e-02
4.846278185563829538e+03 1.364165105293292379e+00 5.043625583262512785e-02
4.851124463749395545e+03 1.613388900619064259e+00 6.190007018826386431e-02
4.855975588213146693e+03 1.939607278492437192e+00 7.130628403225859613e-02
4.860831563801360971e+03 2.138192080678618101e+00 5.745851533819435614e-02
4.865692395365163975e+03 2.128224808327334294e+00 6.213124144827917444e-02
4.870558087760530725e+03 1.887246759980921951e+00 5.427166764122911408e-02
4.875428645848292945e+03 1.618496394732413135e+00 3.061354021820797064e-02
4.880304074494142696e+03 1.518266002260824976e+00 3.035066733940678524e-02
4.885184378568638749e+03 1.502662137879928750e+00 1.298287070761201117e-02
4.890069562947209306e+03 1.458037639195894686e+00 8.271747613743038463e-03
4.894959632510157462e+03 1.424551286568698449e+00 8.456825154595329005e-03
4.899854592142669389e+03 1.387256418450133255e+00 7.187880573835898727e-03
4.904754446734813428e+03 1.330936356636073237e+00 9.897829384280755136e-03
4.909659201181550088e+03 1.290722077497538756e+00 1.006763753171170325e-02
4.914568860382732964e+03 1.264646657832849019e+00 9.209497949318353610e-03
4.919483429243117826e+03 1.255434763100732098e+00 9.152267303726214706e-03
4.924402912672362618e+03 1.269171811571953912e+00 5.993225821934586826e-03
4.929327315585036558e+03 1.261192050613263671e+00 6.004969412260346279e-03
4.934256642900622865e+03 1.259360535764238787e+00 5.875304722752862363e-03
4.939190899543525120e+03 1.258426832130329576e+00 5.834077845515008715e-03
4.944130090443070912e+03 1.255443150198975788e+00 5.778092000642950400e-03
4.949074220533515472e+03 1.248458351379466924e+00 5.860663844668054581e-03
4.954023294754050767e+03 1.229914100371972463e+00 6.444697420723903732e-03
4.958977318048806410e+03 1.207502889769115573e+00 5.877963692561097818e-03
4.963936295366856939e+03 1.198118846895027234e+00 6.112776680048632311e-03
4.968900231662225451e+03 1.192742000443808958e+00 6.266668375639296990e-03
4.973869131893889062e+03 1.186738893195274036e+00 6.051088808819471941e-03
4.978843001025784361e+03 1.180772892085493853e+00 6.013831427492843072e-03
4.983821844026811959e+03 1.178242860439620454e+00 5.917049701995069459e-03
4.988805665870840130e+03 1.179674113504960209e+00 5.927921256373811995e-03
4.993794471536712990e+03 1.182567174488916129e+00 5.881076602747553964e-03
4.998788266008251412e+03 1.187546021266334018e+00 5.910197140830198911e-03
5.003787054274261209e+03 1.194224946477170368e+00 5.898386236533699131e-03
5.008790841328536771e+03 1.200281938001214632e+00 5.955962851590695072e-03
5.013799632169867436e+03 1.204134536256033838e+00 5.936376029054037107e-03
5.018813431802038394e+03 1.204496621998925709e+00 6.108197060698451579e-03
5.023832245233842514e+03 1.204617610472807687e+00 5.950232699589733977e-03
5.028856077479077612e+03 1.202567752096939335e+00 5.786412092291515034e-03
5.033884933556558281e+03 1.199995683480215014e+00 5.739028201517300427e-03
5.038918818490116792e+03 1.202505337907215921e+00 5.528174031064008419e-03
5.043957737308608557e+03 1.198619143592657199e+00 5.769616193804221783e-03
5.049001695045918495e+03 1.191217228716723975e+00 5.146331526257845110e-03
5.054050696740966487e+03 1.185046226799404634e+00 4.582031765353374725e-03
5.059104747437709193e+03 1.182797906795238330e+00 4.371291178664869596e-03
5.064163852185148244e+03 1.183223952702721737e+00 3.873956462658045136e-03
5.069228016037335692e+03 1.181242073905666379e+00 3.797408656882807643e-03
5.074297244053374015e+03 1.175617622330420886e+00 3.947512612890227528e-03
5.079371541297429758e+03 1.171192295573303843e+00 3.944427309244831481e-03
5.084450912838728073e+03 1.166916634865901026e+00 4.089742760368495975e-03
5.089535363751569093e+03 1.165875083797049960e+00 4.269392514393149929e-03
5.094624899115322478e+03 1.161233391708661022e+00 4.238126094560202596e-03
5.099719524014439230e+03 1.157842697171428181e+00 4.281200159190342094e-03
5.104819243538455339e+03 1.153440343150399228e+00 4.150274719227674616e-03
5.109924062781995417e+03 1.150524612285393600e+00 4.007034504037693123e-03
5.115033986844779065e+03 1.150351629027433598e+00 4.226566260995492756e-03
5.120149020831625421e+03 1.149607608337572362e+00 3.886012605206103001e-03
5.125269169852458617e+03 1.146298553415166177e+00 3.814094002851430975e-03
5.130394439022313236e+03 1.141097087809601174e+00 3.832176892056689439e-03
5.135524833461337039e+03 1.135058085196630318e+00 3.816181528642700015e-03
5.140660358294800062e+03 1.128635971426324991e+00 3.628027901702581774e-03
5.145801018653096435e+03 1.122060219485916832e+00 3.306821859316980139e-03
5.150946819671751655e+03 1.117201303954077130e+00 3.452835131851584357e-03
5.156097766491425318e+03 1.110129214019800026e+00 3.532036484432276961e-03
5.161253864257918394e+03 1.108839466431835064e+00 3.529066095973552863e-03
5.166415118122177773e+03 1.109655451689205430e+00 3.664069142904088135e-03
5.171581533240301724e+03 1.107004435416328647e+00 3.601016567089156736e-03
5.176753114773543530e+03 1.108169054612302418e+00 3.804317033905917772e-03
5.181929867888318768e+03 1.108454764532356807e+00 3.927120324778540089e-03
5.187111797756208944e+03 1.111445402159249030e+00 3.965932768900065283e-03
5.192298909553966951e+03 1.107862047588708210e+00 4.229654016993702678e-03
5.197491208463522526e+03 1.105863354493666462e+00 4.271555581438485696e-03
5.202688699671987706e+03 1.102533484365138428e+00 4.255610260749650119e-03
5.207891388371661378e+03 1.095466785758764106e+00 4.316445177574929071e-03
5.213099279760034733e+03 1.088994530814222372e+00 4.285786192166197647e-03
5.218312379039796724e+03 1.081807177039489032e+00 4.437086006372834360e-03
5.223530691418837705e+03 1.076803543148638687e+00 4.444805481425974196e-03
5.228754222110258524e+03 1.077755791457142287e+00 4.901688673222773067e-03
5.233982976332370527e+03 1.075077326493623309e+00 4.920014595971895430e-03
5.239216959308704645e+03 1.073557488309557773e+00 5.005918461863539427e-03
5.244456176268015042e+03 1.071050218800191134e+00 5.112784478174476135e-03
5.249700632444284565e+03 1.071165216463621617e+00 5.139014333853338980e-03
5.254950333076731113e+03 1.074415063193598696e+00 5.163138075248318269e-03
5.260205283409809454e+03 1.077888105021040044e+00 5.229467384708121058e-03
5.265465488693221232e+03 1.084306323096932090e+00 5.595160258806482385e-03
5.270730954181915877e+03 1.081309108141919495e+00 5.705055650866151448e-03
5.276001685136099695e+03 1.074490580206389989e+00 6.232621597189728045e-03
5.281277686821237694e+03 1.072385390002007721e+00 6.160478369400172391e-03
5.286558964508059944e+03 1.073418817843827755e+00 6.149542281197744806e-03
5.291845523472569766e+03 1.067887850835077979e+00 5.846831688933431387e-03
5.297137368996044643e+03 1.063155465754411999e+00 5.833291872623149084e-03
5.302434506365042580e+03 1.059710929510341293e+00 5.708875407655317896e-03
5.307736940871409388e+03 1.054936314316477830e+00 5.555699007419191877e-03
5.313044677812282316e+03 1.047134513135068667e+00 5.618251460868168602e-03
5.318357722490096421e+03 1.038513200210484211e+00 5.423338272741347506e-03
5.323676080212588204e+03 1.033862583928773615e+00 5.292140351556349868e-03
5.328999756292802886e+03 1.033525005207013070e+00 5.214856854856815896e-03
5.334328756049097137e+03 1.031990105215585762e+00 5.046153272199325850e-03
5.339663084805148173e+03 1.029659967202330773e+00 4.929634445660195825e-03
5.345002747889954662e+03 1.025627426286811472e+00 4.716919731124948750e-03
5.350347750637846730e+03 1.025031255152747622e+00 4.839525712933944422e-03
5.355698098388485960e+03 1.025030812494539534e+00 4.797873789050042560e-03
5.361053796486876308e+03 1.023905109422044379e+00 4.888916917380597797e-03
5.366414850283365013e+03 1.026796915586767112e+00 4.140512027810722313e-03
5.371781265133649867e+03 1.019261997132513198e+00 4.195708663278598961e-03
5.377153046398785591e+03 1.008579351729494977e+00 4.172626084875019799e-03
5.382530199445186554e+03 9.982232809879008073e-01 4.182904328148609290e-03
5.387912729644633146e+03 9.924523948346859470e-01 4.122407060235457922e-03
5.393300642374279960e+03 9.876385767522484205e-01 3.987447150331255991e-03
5.398693943016655794e+03 9.861684423991445847e-01 3.945141215101839217e-03
5.404092636959673655e+03 9.897761942084395415e-01 4.372975086070036814e-03
5.409496729596635305e+03 9.909989147071280868e-01 4.263397326210253621e-03
5.414906226326233991e+03 9.913424444575383854e-01 4.243724876071460102e-03
5.420321132552561721e+03 9.925261933583418017e-01 4.183823321505106968e-03
5.425741453685116539e+03 9.921369048344275132e-01 4.128165221900813309e-03
5.431167195138803436e+03 9.883393753235699686e-01 5.013629129149213375e-03
5.436598362333943442e+03 9.884706686587693136e-01 4.880259808994659963e-03
5.442034960696279086e+03 9.887725386508400272e-01 4.654534313530524561e-03
5.447476995656978033e+03 9.892288927755571448e-01 4.686838509208190832e-03
5.452924472652636723e+03 9.884570778438938055e-01 4.545576311534913275e-03
5.458377397125291282e+03 9.919482162975472583e-01 4.637520845512918370e-03
5.463835774522417523e+03 9.943936335024041728e-01 4.559732156205264370e-03
5.469299610296941864e+03 9.980972011790194554e-01 3.948938647637743708e-03
5.474768909907241323e+03 9.984467025193132228e-01 3.839616909548756313e-03
5.480243678817149885e+03 9.964884155933819709e-01 3.921273103682593186e-03
5.485723922495968509e+03 9.940237412933821126e-01 4.244568823766311019e-03
5.491209646418466946e+03 9.873392137892098575e-01 4.219072513404778686e-03
5.496700856064887375e+03 9.817739351245994284e-01 4.042223899091030963e-03
5.502197556920953502e+03 9.745875281819394997e-01 3.854751207327763475e-03
5.507699754477876013e+03 9.701762848221723301e-01 3.779132655488853017e-03
5.513207454232356213e+03 9.665070609515689082e-01 3.763477377810484602e-03
5.518720661686590574e+03 9.655127188732900434e-01 3.940060061309634890e-03
5.524239382348278923e+03 9.694277203151068223e-01 3.973943370607363988e-03
5.529763621730628984e+03 9.731946221705716216e-01 3.924366177840484839e-03
5.535293385352360929e+03 9.714785596303902038e-01 3.739960219811809452e-03
5.540828678737715563e+03 9.716361640288276869e-01 3.616166909821790475e-03
5.546369507416455235e+03 9.736024764380718510e-01 3.593140903734132110e-03
5.551915876923872929e+03 9.751755929273742129e-01 3.667957129112503576e-03
5.557467792800798634e+03 9.732985457246933203e-01 3.562295346986656033e-03
5.563025260593602070e+03 9.676190816999662436e-01 3.948981024918558382e-03
5.568588285854197238e+03 9.615959136251202022e-01 4.047270047848891897e-03
5.574156874140053333e+03 9.596341306857238962e-01 4.074045620470175336e-03
5.579731031014194741e+03 9.574044163189475709e-01 3.972573868714053894e-03
5.585310762045211050e+03 9.551376491796697010e-01 3.994672354091823897e-03
5.590896072807257951e+03 9.526202761574757982e-01 3.922226799354408197e-03
5.596486968880067252e+03 9.494498888397067127e-01 3.695378071124184698e-03
5.602083455848949598e+03 9.489780919931355418e-01 3.548586952564299849e-03
5.607685539304799931e+03 9.457801968792191039e-01 3.525619273917389874e-03
5.613293224844106589e+03 9.424830937403175790e-01 3.600806950103126614e-03
5.618906518068952209e+03 9.389507654401242354e-01 3.595357566503284800e-03
5.624525424587023736e+03 9.362299013873407461e-01 3.569978718271194819e-03
5.630149950011612418e+03 9.343122174461064855e-01 3.329434315988584730e-03
5.635780099961625638e+03 9.355036418101783102e-01 3.367639156014629129e-03
5.641415880061589633e+03 9.311158609173229017e-01 3.418592887267543536e-03
5.647057295941652228e+03 9.305231475046230605e-01 3.548088143829333449e-03
5.652704353237596479e+03 9.299538016586252898e-01 3.432683985275120780e-03
5.658357057590835211e+03 9.304256892420934566e-01 3.459982798308783997e-03
5.664015414648428305e+03 9.303589267024400256e-01 3.174057558417339373e-03
5.669679430063079053e+03 9.289284944665083810e-01 3.114206968200441267e-03
5.675349109493143260e+03 9.240492246083952255e-01 2.970288494506496697e-03
5.681024458602638333e+03 9.214442689507833517e-01 2.920695389638327741e-03
5.686705483061243285e+03 9.199944468035095024e-01 2.929638050549427958e-03
5.692392188544306009e+03 9.195206246867383415e-01 2.966711350964254968e-03
5.698084580732852373e+03 9.200057262525861423e-01 2.944822420949477684e-03
5.703782665313587131e+03 9.253514860014340204e-01 3.147901950140355974e-03
5.709486447978903016e+03 9.325656593508999670e-01 3.367804002314093645e-03
5.715195934426883468e+03 9.356922000078468082e-01 3.344370082438642439e-03
5.720911130361312644e+03 9.386995874321879541e-01 3.377679906921277845e-03
5.726632041491675409e+03 9.450324095660460610e-01 3.360824526186217964e-03
5.732358673533169167e+03 9.444634558614046771e-01 4.041227441406823086e-03
5.738091032206703858e+03 9.502368099668629942e-01 4.368588257053501386e-03
5.743829123238912871e+03 9.555519333650308589e-01 4.606294653629804288e-03
5.749572952362153046e+03 9.526551189671106368e-01 4.541243336811905118e-03
5.755322525314517407e+03 9.501081061928746685e-01 4.509297919441945107e-03
5.761077847839834249e+03 9.439674532908727267e-01 4.521414575242741971e-03
5.766838925687675328e+03 9.361190466281490430e-01 4.628579958071451020e-03
5.772605764613364954e+03 9.272315317669184154e-01 4.931871239023532735e-03
5.778378370377980900e+03 9.217557592462888305e-01 5.066992407623245251e-03
5.784156748748360769e+03 9.182555012895463609e-01 4.962695000960118744e-03
5.789940905497111089e+03 9.196317144367230911e-01 4.991123213621974364e-03
5.795730846402610041e+03 9.236225697922241240e-01 5.166660210832184179e-03
5.801526577249013826e+03 9.310679807618426063e-01 5.274847068985165713e-03
5.807328103826264851e+03 9.350395194101652763e-01 5.378277028815295520e-03
5.813135431930093546e+03 9.516243443650402867e-01 5.924875159186598385e-03
5.818948567362025642e+03 9.709272356237564905e-01 5.932371257812917367e-03
5.824767515929389447e+03 9.797030321990359836e-01 6.181163773459903699e-03
5.830592283445320390e+03 9.799626276723093499e-01 7.916865903637829854e-03
5.836422875728768304e+03 9.855305759625352380e-01 8.431751619327833291e-03
5.842259298604498326e+03 9.930685176116680335e-01 8.024817776915452172e-03
5.848101557903105459e+03 1.007108550507271216e+00 8.672880977390608551e-03
5.853949659461010015e+03 1.015735498725148567e+00 8.821197589746466311e-03
5.859803609120473084e+03 1.018861192459679543e+00 8.905514661384790476e-03
5.865663412729595620e+03 1.020341740086205817e+00 8.960429096500965862e-03
5.871529076142326630e+03 1.021109220803531059e+00 8.847518357786939361e-03
5.877400605218471355e+03 1.017860216742162205e+00 8.984284739891774951e-03
5.883278005823691274e+03 1.012530036619625262e+00 9.081211115237412118e-03
5.889161283829516833e+03 1.001286118384957735e+00 9.139378392717093305e-03
5.895050445113348360e+03 9.905483600889376516e-01 9.216827232777941373e-03
5.900945495558464245e+03 9.792207645572043040e-01 9.340626910073143024e-03
5.906846441054024581e+03 9.695320271332652506e-01 9.496767346356699974e-03
5.912753287495080258e+03 9.567112598684214264e-01 9.409823582277846918e-03
5.918666040782577511e+03 9.458099040801041246e-01 9.365751112807541370e-03
5.924584706823361557e+03 9.470379012556536802e-01 8.680804312959384400e-03
5.930509291530187511e+03 9.561929410723547518e-01 6.855993467212652577e-03
5.936439800821719473e+03 9.567047490852805813e-01 6.755560930568804169e-03
5.942376240622543264e+03 9.408040526737041498e-01 5.221514908416984013e-03
5.948318616863167335e+03 9.267163751940685756e-01 3.957920920761102100e-03
5.954266935480032771e+03 9.243407725500385475e-01 3.876471293824062126e-03
5.960221202415515108e+03 9.242471696892111677e-01 3.381638099582515589e-03
5.966181423617932523e+03 9.223758284527295848e-01 3.360997652101757258e-03
5.972147605041552197e+03 9.182221124410749891e-01 3.384871275946209693e-03
5.978119752646595771e+03 9.112733880997290203e-01 3.421879207202638794e-03
5.984097872399243897e+03 9.048039361404932590e-01 3.362247558860374710e-03
5.990081970271645332e+03 8.996494949345242853e-01 3.322571655722675234e-03
5.996072052241918755e+03 8.943457653962824105e-01 3.395010445033504794e-03
6.002068124294162772e+03 8.901929812641969919e-01 3.417131456751619500e-03
6.008070192418459555e+03 8.842807506882865987e-01 3.286124490676313459e-03
6.014078262610879392e+03 8.802151995844550436e-01 3.333888968313144640e-03
6.020092340873492503e+03 8.756905250504704030e-01 3.431849977959388655e-03
6.026112433214368139e+03 8.743693653126309862e-01 3.338072274363954386e-03
6.032138545647584579e+03 8.752290140513753203e-01 3.425767531149643066e-03
6.038170684193233683e+03 8.748366151085579245e-01 3.458075347135574316e-03
6.044208854877429076e+03 8.722437215568550339e-01 3.425777699205045934e-03
6.050253063732308874e+03 8.712333833350265344e-01 3.639335023221492490e-03
6.056303316796042964e+03 8.688429265867343432e-01 3.713453726503566747e-03
6.062359620112841185e+03 8.655013476747929202e-01 3.818412826366723075e-03
6.068421979732956061e+03 8.589750811503775729e-01 3.953790039747219834e-03
6.074490401712690982e+03 8.549960044991539165e-01 3.633845151343417530e-03
6.080564892114405666e+03 8.526488865147595630e-01 3.550263911342738804e-03
6.086645457006521610e+03 8.507665078594764951e-01 3.520841496716367938e-03
6.092732102463530282e+03 8.490749841196880698e-01 3.619745035212082549e-03
6.098824834565995843e+03 8.479785895489495573e-01 3.678982758208785165e-03
6.104923659400564247e+03 8.481146864098513261e-01 3.681753300602864064e-03
6.111028583059966877e+03 8.494257345293099171e-01 3.828316750499089968e-03
6.117139611643028729e+03 8.503226113847318635e-01 3.892055746307972186e-03
6.123256751254673873e+03 8.488863527575850609e-01 4.046988111462639093e-03
6.129380008005929994e+03 8.488602982749077208e-01 3.753589381360444843e-03
6.135509388013938405e+03 8.413285635645884053e-01 3.954221640800564472e-03
6.141644897401954040e+03 8.361219688525596272e-01 3.905105332976998699e-03
6.147786542299358189e+03 8.330842906133242298e-01 3.917350923294141661e-03
6.153934328841659408e+03 8.282144896918282040e-01 3.848189030103534372e-03
6.160088263170503524e+03 8.228491396576868011e-01 3.876867335683715186e-03
6.166248351433675452e+03 8.175341697182799683e-01 3.806708901166730007e-03
6.172414599785111022e+03 8.190439912207311268e-01 3.678996733618172636e-03
6.178587014384898794e+03 8.218773395570114770e-01 3.516784815974209003e-03
6.184765601399285515e+03 8.196834662496820245e-01 3.539314831981355772e-03
6.190950367000687038e+03 8.190954912800275656e-01 3.624276108237303295e-03
6.197141317367689226e+03 8.171213959923968595e-01 3.653244543558001930e-03
6.203338458685059777e+03 8.167692719714201299e-01 3.668139183745071190e-03
6.209541797143746408e+03 8.193498778627530399e-01 3.588167800079584795e-03
6.215751338940892310e+03 8.152367237757874863e-01 3.072094079877383394e-03
6.221967090279835247e+03 8.115270094899874609e-01 2.945616233002807879e-03
6.228189057370116643e+03 8.099473917572693749e-01 2.963279313889854300e-03
6.234417246427488863e+03 8.090132348366066983e-01 2.804172010430527710e-03
6.240651663673918847e+03 8.088447882710317893e-01 2.882169585337512364e-03
6.246892315337594482e+03 8.073634562700715556e-01 2.821501957408015845e-03
6.253139207652934601e+03 8.009424144927872469e-01 2.795346535693379181e-03
6.259392346860589896e+03 7.962156472200202506e-01 2.638337533547868794e-03
6.265651739207452010e+03 7.934508108318660824e-01 2.718789277048523113e-03
6.271917390946661726e+03 7.912667186807804676e-01 2.690226773102693397e-03
6.278189308337610782e+03 7.888214771001056391e-01 2.604930245246691537e-03
6.284467497645950061e+03 7.888695507026950438e-01 2.605685905092652247e-03
6.290751965143597772e+03 7.899038058975345056e-01 2.759301895594220774e-03
6.297042717108744000e+03 7.906357185321629677e-01 2.768158195593218001e-03
6.303339759825854344e+03 7.915785454396624399e-01 3.059959238163470832e-03
6.309643099585682648e+03 7.944880177748633310e-01 3.377461397671649521e-03
6.315952742685270096e+03 7.946582622212290392e-01 3.341773300486970948e-03
6.322268695427957937e+03 7.915714227384250679e-01 3.394746495935103449e-03
6.328590964123387494e+03 7.869038289132649355e-01 3.721835841477710589e-03
6.334919555087512890e+03 7.839262730724817496e-01 4.009729488320508232e-03
6.341254474642602872e+03 7.835579343642979921e-01 4.061414524933686099e-03
6.347595729117247174e+03 7.822916858902787540e-01 4.094478225293896739e-03
6.353943324846366522e+03 7.823772871112391059e-01 4.152780414898500985e-03
6.360297268171215364e+03 7.844366781750745643e-01 4.155704040804382958e-03
6.366657565439388236e+03 7.863649367037004456e-01 4.219910576169110146e-03
6.373024223004829764e+03 7.880244297252188002e-01 4.258629811009864187e-03
6.379397247227837397e+03 7.904219862492811721e-01 4.313712047983481700e-03
6.385776644475066860e+03 7.924799397892803299e-01 4.348093131313415793e-03
6.392162421119543978e+03 7.942603439720058445e-01 4.449500394201574491e-03
6.398554583540665590e+03 7.930429521049708885e-01 4.555166380293889511e-03
6.404953138124208635e+03 7.925601064873607493e-01 4.564091354270768258e-03
6.411358091262334710e+03 7.920498643007819473e-01 4.570550384113249501e-03
6.417769449353599157e+03 7.880836257871371986e-01 4.331478400237611867e-03
6.424187218802954703e+03 7.836425433505905813e-01 4.261808785548488847e-03
6.430611406021760558e+03 7.873279246446414081e-01 3.879026488447685338e-03
6.437042017427784231e+03 7.892718447101881862e-01 3.861241428941519088e-03
6.443479059445214261e+03 7.932230650360806434e-01 3.986552857392771342e-03
6.449922538504661134e+03 7.941944901920118260e-01 3.825979185461778932e-03
6.456372461043168187e+03 7.972289615197706292e-01 3.900547951186114550e-03
6.462828833504213435e+03 8.034267413864780716e-01 3.459497319720871052e-03
6.469291662337719572e+03 8.099793051327948135e-01 3.571990393349037951e-03
6.475760954000059428e+03 8.107584667747709251e-01 5.209812961658554301e-03
6.482236714954061426e+03 8.132359484744035028e-01 7.962644402734919691e-03
6.488718951669017770e+03 8.557517554589444408e-01 1.848451789310759721e-02
6.495207670620688987e+03 9.010319349957577328e-01 2.518412793709294550e-02
6.501702878291312118e+03 8.924016999440688158e-01 2.753514696768265269e-02
6.508204581169605262e+03 7.671943757514065876e-01 6.353366140366906167e-02
6.514712785750777584e+03 7.527510880344376876e-01 6.798980610475054143e-02
6.521227498536530220e+03 1.007058346078607336e+00 2.472949171124511764e-02
6.527748726035069012e+03 9.928057913412478008e-01 2.609124704896274502e-02
6.534276474761106329e+03 9.284157046357862653e-01 4.673727947957529577e-02
6.540810751235869247e+03 9.788793110836401246e-01 6.803918711150531984e-02
6.547351561987107743e+03 1.457834941677757179e+00 9.155385425934751964e-02
6.553898913549096505e+03 2.057618599824827310e+00 1.086029226115454577e-01
6.560452812462647671e+03 2.401733761569254444e+00 9.428004557787396378e-02
6.567013265275112644e+03 2.382979438945143968e+00 9.802319716305833708e-02
6.573580278540390282e+03 2.030091317617622071e+00 9.039158336188858611e-02
6.580153858818932349e+03 1.557863987514922721e+00 7.138721763489405681e-02
6.586734012677753526e+03 1.264615277285828787e+00 7.215272368683046944e-02
6.593320746690433225e+03 1.222572723922259019e+00 4.311167828802497243e-02
6.599914067437126505e+03 1.101786580347820399e+00 3.048921547369658550e-02
6.606513981504565891e+03 9.829491731510227037e-01 2.232825534602528653e-02
6.613120495486072286e+03 9.654693032959685839e-01 1.572074785566044894e-02
6.619733615981560433e+03 9.417800719786727504e-01 6.322493515696436285e-03
6.626353349597544366e+03 9.059438863005806475e-01 3.953055091157026829e-03
6.632979702947143778e+03 8.748422124870570693e-01 1.453879868828305590e-02
6.639612682650093120e+03 8.532259556247778765e-01 1.217501870064741434e-02
6.646252295332745234e+03 8.527365822920427441e-01 9.746637004564675730e-03
6.652898547628080451e+03 8.418416304034582742e-01 6.939448093703250858e-03
6.659551446175711135e+03 8.160661728073057564e-01 5.757780675804984559e-03
6.666210997621888964e+03 8.100149668548324300e-01 5.658664006936089605e-03
6.672877208619513112e+03 8.036952189009577419e-01 5.716461577314345573e-03
6.679550085828134797e+03 8.030399697917427471e-01 6.077718891361065870e-03
6.686229635913964557e+03 8.096077599062135866e-01 6.247584052762803278e-03
6.692915865549881346e+03 8.190848550009524054e-01 6.582452795192502912e-03
6.699608781415433441e+03 8.271057341692629183e-01 6.486449285996490413e-03
6.706308390196851178e+03 8.302716456666473510e-01 6.339787034705765545e-03
6.713014698587049679e+03 8.271068087848689743e-01 6.202492142864988491e-03
6.719727713285638856e+03 8.182705704950732351e-01 6.343250310719372037e-03
6.726447440998927050e+03 8.067609606744491346e-01 6.145390932608076409e-03
6.733173888439928305e+03 7.928647935052215434e-01 6.155977158740839027e-03
6.739907062328370557e+03 7.812297020043930118e-01 6.138058444091265553e-03
6.746646969390701088e+03 7.688855903386462298e-01 5.914768458300813034e-03
6.753393616360093802e+03 7.522921423599266966e-01 5.689629945161374380e-03
6.760147009976456502e+03 7.389874321904557064e-01 5.428440088365000735e-03
6.766907156986434529e+03 7.315572842246236274e-01 5.314429068225556135e-03
6.773674064143423493e+03 7.306056719303920532e-01 5.276296807175426956e-03
6.780447738207569273e+03 7.362769978411429772e-01 4.502809278282990380e-03
6.787228185945778932e+03 7.360297427853356167e-01 4.315824013026920043e-03
6.794015414131727084e+03 7.342926514390023529e-01 4.246217405391877232e-03
6.800809429545861349e+03 7.354791529546774731e-01 4.337503318776324279e-03
6.807610238975408720e+03 7.290850857064113955e-01 4.294327905929887224e-03
6.814417849214386479e+03 7.235743574216753071e-01 4.206126490485528197e-03
6.821232267063603103e+03 7.177462452251636149e-01 4.061874996791450636e-03
6.828053499330669183e+03 7.130767612461976768e-01 3.857420505512198367e-03
6.834881552830001965e+03 7.068694146051566207e-01 3.864882747211713550e-03
6.841716434382834450e+03 6.997622396440908998e-01 3.735612642741823440e-03
6.848558150817219939e+03 6.946218835645776579e-01 3.693302632829988802e-03
6.855406708968039311e+03 6.917363816426218559e-01 3.649569286067374727e-03
6.862262115677009206e+03 6.870914479614133041e-01 3.650840704399595758e-03
6.869124377792688392e+03 6.885039531304973925e-01 3.634861242108087566e-03
6.875993502170483225e+03 6.879651950249298098e-01 3.442870623823822678e-03
6.882869495672656740e+03 6.877053312821816977e-01 3.398728766741746215e-03
6.889752365168331380e+03 6.852844471087661260e-01 3.340258534115708288e-03
6.896642117533501732e+03 6.798248636142428802e-01 3.313289887259776578e-03
6.903538759651037253e+03 6.764006198987880802e-01 3.248614150258565068e-03
6.910442298410691365e+03 6.728481962969439234e-01 3.204666099550393648e-03
6.917352740709104182e+03 6.697084072736207983e-01 3.130752810745190701e-03
6.924270093449815249e+03 6.660664662191795315e-01 2.945389757398916668e-03
6.931194363543267173e+03 6.648422553874142604e-01 2.649166352155400000e-03
6.938125557906812901e+03 6.603633973960423287e-01 2.657233022994797203e-03
6.945063683464722089e+03 6.593254183093733012e-01 2.620201419249811904e-03
6.952008747148189286e+03 6.581617368312407956e-01 2.518486721008074761e-03
6.958960755895339389e+03 6.568264243313547412e-01 2.459113545936649804e-03
6.965919716651237650e+03 6.573210345392812570e-01 2.435299135051894291e-03
6.972885636367890584e+03 6.571988280385564485e-01 2.371786122239618027e-03
6.979858522004260521e+03 6.588821717078632290e-01 2.354142789751341620e-03
6.986838380526267429e+03 6.579617838143672071e-01 2.265917590924743270e-03
6.993825218906796181e+03 6.575071442492417262e-01 2.298869947676623633e-03
7.000819044125705659e+03 6.591815967299996526e-01 2.213516830104634344e-03
7.007819863169833297e+03 6.597220656400505368e-01 2.225784064628102965e-03
7.014827683033005087e+03 6.601678369119226009e-01 2.301736644103034770e-03
7.021842510716041033e+03 6.641971824072222530e-01 2.346482682020584534e-03
7.028864353226758794e+03 6.677832448797066389e-01 2.431094002863218306e-03
7.035893217579988232e+03 6.719808591841510692e-01 2.514532623463116082e-03
7.042929110797570502e+03 6.744206139382112886e-01 2.484211222013677899e-03
7.049972039908370789e+03 6.759595042439084933e-01 2.615973789771035632e-03
7.057022011948281033e+03 6.768638284014169004e-01 2.553009055310969527e-03
7.064079033960231754e+03 6.778660324300135320e-01 2.575935090602050285e-03
7.071143112994193871e+03 6.739411416000495869e-01 2.549727640763384956e-03
7.078214256107190522e+03 6.669724999254017517e-01 2.743267904339398693e-03
7.085292470363300708e+03 6.586098490330943855e-01 2.901437969296645318e-03
7.092377762833665656e+03 6.547062097641569434e-01 2.834262254292039835e-03
7.099470140596501551e+03 6.503519958149245328e-01 2.760754915791518820e-03
7.106569610737100447e+03 6.442392143990387510e-01 2.821653000327523086e-03
7.113676180347840273e+03 6.401655483086851062e-01 2.949622555553507112e-03
7.120789856528190285e+03 6.348378532069960389e-01 2.988321551688208951e-03
7.127910646384721076e+03 6.312595138488704682e-01 2.968684099703146426e-03
7.135038557031108212e+03 6.305103249391013076e-01 2.990883493914611637e-03
7.142173595588141325e+03 6.289327856080667578e-01 3.076848255525205678e-03
7.149315769183732300e+03 6.269388616164461858e-01 3.059112788314553941e-03
7.156465084952918005e+03 6.254473678643674983e-01 2.870704857426745020e-03
7.163621550037873021e+03 6.216872616493376302e-01 2.866017833423473680e-03
7.170785171587913283e+03 6.176230992579435641e-01 2.860178964206813897e-03
7.177955956759504261e+03 6.119190132472475119e-01 2.970335909131218387e-03
7.185133912716265513e+03 6.057860722091057415e-01 3.129355267275642054e-03
7.192319046628984324e+03 6.022827315946114313e-01 3.192301604916551131e-03
7.199511365675615707e+03 5.989477237670531862e-01 3.081222324280786032e-03
7.206710877041294225e+03 5.979649361840889688e-01 3.068879595962169422e-03
7.213917587918337631e+03 5.968540759229573611e-01 3.030324557163885813e-03
7.221131505506257781e+03 5.948434813583772796e-01 3.011311540186437704e-03
7.228352637011767001e+03 5.976111977234077610e-01 3.221518108326873117e-03
7.235580989648780815e+03 6.001147316965346201e-01 3.325041914719949893e-03
7.242816570638432495e+03 6.019392432466665888e-01 3.237046896592478580e-03
7.250059387209073066e+03 6.039753449227994730e-01 3.156341363863099381e-03
7.257309446596284033e+03 6.037172995522541719e-01 3.144040402272786985e-03
7.264566756042882844e+03 6.030051783343376437e-01 3.146944681962158662e-03
7.271831322798928340e+03 6.013501623272428098e-01 3.152692606164576774e-03
7.279103154121729858e+03 5.972444498194133811e-01 3.216932732266206477e-03
7.286382257275853590e+03 5.952283663389250634e-01 3.174101585649148020e-03
7.293668639533132591e+03 5.925107878952510232e-01 3.229105384856900598e-03
7.300962308172667690e+03 5.887516534836032545e-01 3.355294023386211355e-03
7.308263270480842948e+03 5.834630631685975288e-01 3.548830064958089468e-03
7.315571533751325660e+03 5.757719756430784708e-01 3.744068197675388347e-03
7.322887105285079997e+03 5.688693263279211987e-01 3.996115214674139313e-03
7.330209992390367006e+03 5.612954441781423665e-01 4.406809225332593977e-03
7.337540202382760071e+03 5.530222447552786136e-01 4.543586128684015332e-03
7.344877742585144915e+03 5.469656563951612593e-01 5.090509068273844917e-03
7.352222620327733239e+03 5.428887072375817580e-01 5.947980693697760973e-03
7.359574842948062724e+03 5.399459007764974006e-01 7.272126540933854418e-03
7.366934417791013402e+03 5.380785153261029574e-01 9.100058397161634588e-03
7.374301352208806748e+03 5.381881131955487119e-01 1.118901800609592954e-02
7.381675653561018407e+03 5.362529004313008052e-01 1.440365023383016752e-02
7.389057329214581841e+03 5.332497462331498017e-01 1.891063288801558828e-02
7.396446386543798326e+03 5.267930804464391326e-01 2.557111876265189335e-02
7.403842832930345139e+03 5.184794061837503243e-01 3.454994269666961798e-02
