# starting wavelength: 3388.380
# ending wavelength: 9170.830
# wav flux eflux
3.388508678303093347e+03 6.313195195884957478e-01 4.714838711150572403e-01
3.391897186981397681e+03 6.299915884979684355e-01 3.410809019146578414e-01
3.395289084168380214e+03 5.955235013880725292e-01 2.539134706719712864e-01
3.398684373252549449e+03 5.468301393118265574e-01 1.940646259015453567e-01
3.402083057625803121e+03 5.033730520554707821e-01 1.518288555734913226e-01
3.405485140683430018e+03 4.796406794590311051e-01 1.202256749698840249e-01
3.408890625824114522e+03 4.778630348090178726e-01 9.603357477667888442e-02
3.412299516449939802e+03 4.893301457778689856e-01 8.025120743811167690e-02
3.415711815966390986e+03 5.182284661810870885e-01 6.731076816491039783e-02
3.419127527782358356e+03 5.461615596696687280e-01 5.842812450299868926e-02
3.422546655310141887e+03 5.704182290703855296e-01 5.145291946421459012e-02
3.425969201965453522e+03 6.002981904088020570e-01 4.542539327939784655e-02
3.429395171167419903e+03 6.329071690302632280e-01 4.096764359547860890e-02
3.432824566338588284e+03 6.604052399133125695e-01 3.763427377697139281e-02
3.436257390904928343e+03 6.807885261810895372e-01 3.524141042426460341e-02
3.439693648295834464e+03 7.004144008249522102e-01 3.310869055730548266e-02
3.443133341944131189e+03 7.257714933261032453e-01 3.191663649857099522e-02
3.446576475286076402e+03 7.472147505548045743e-01 3.126567137049252043e-02
3.450023051761363604e+03 7.468869531169113340e-01 3.048643099926422531e-02
3.453473074813126004e+03 7.377365048455254426e-01 3.013103030252455711e-02
3.456926547887940615e+03 7.486813882653260421e-01 2.797452564848109530e-02
3.460383474435829612e+03 7.168680426841118614e-01 2.820461988659598435e-02
3.463843857910266706e+03 6.940901042774915153e-01 2.722034690841575177e-02
3.467307701768178049e+03 6.576510687804713040e-01 2.661848692591299581e-02
3.470775009469947236e+03 6.146327038738360615e-01 2.841116803182856115e-02
3.474245784479418489e+03 5.792333825012448978e-01 2.853464733437079820e-02
3.477720030263898934e+03 5.469909793969037759e-01 2.783666330217332216e-02
3.481197750294164052e+03 5.133599147470478963e-01 2.837323652679645675e-02
3.484678948044459503e+03 4.885604811744000409e-01 2.878933193777476543e-02
3.488163626992504760e+03 4.986125710594669913e-01 2.849380191200165391e-02
3.491651790619498570e+03 5.202155840411415433e-01 2.941435440869998724e-02
3.495143442410119405e+03 5.334480513228033738e-01 3.003553323055583105e-02
3.498638585852530468e+03 5.432053992398833131e-01 2.905530166170588319e-02
3.502137224438384237e+03 5.664911913059311743e-01 2.905966648072041275e-02
3.505639361662823831e+03 6.137396425003698308e-01 2.751480232502763815e-02
3.509145001024487556e+03 6.583336261833406811e-01 2.765344566384674366e-02
3.512654146025513455e+03 6.898429556102757543e-01 2.835823317915426786e-02
3.516166800171540217e+03 7.128901688663339398e-01 2.828292198693056758e-02
3.519682966971712631e+03 7.403171285338054908e-01 2.807870708713677485e-02
3.523202649938685681e+03 7.822995568464655713e-01 2.795585485522836949e-02
3.526725852588625457e+03 8.084011313623143957e-01 2.702046066012344858e-02
3.530252578441215064e+03 8.215487507109217047e-01 2.662325583230974041e-02
3.533782831019657806e+03 8.324472474899373697e-01 2.669310014603301640e-02
3.537316613850678550e+03 8.396632228818396992e-01 2.617099237274829807e-02
3.540853930464530094e+03 8.268625799193913828e-01 2.676889138358786238e-02
3.544394784394995895e+03 7.967498152724311611e-01 2.565921782455313910e-02
3.547939179179392340e+03 7.694104361716593843e-01 2.538160020770715425e-02
3.551487118358572843e+03 7.429664076661252059e-01 2.518671995907813613e-02
3.555038605476932389e+03 7.139000738992821171e-01 2.395575305738495073e-02
3.558593644082410719e+03 6.781523451957301996e-01 2.180769143633417076e-02
3.562152237726494150e+03 6.519881080553397990e-01 2.166158734886166823e-02
3.565714389964221937e+03 6.324226609283659650e-01 2.171822970165787972e-02
3.569280104354187188e+03 6.127032854222282943e-01 2.162690195852316061e-02
3.572849384458542772e+03 5.902203637946652481e-01 2.073927654469469306e-02
3.576422233843002232e+03 5.781396400689413628e-01 2.082376364025477836e-02
3.579998656076846601e+03 5.828361424947137159e-01 2.095755533109999735e-02
3.583578654732924406e+03 5.961560300852496441e-01 1.916184272461203889e-02
3.587162233387658489e+03 6.044063537890954629e-01 1.782547807823626693e-02
3.590749395621047370e+03 5.881580015913162596e-01 1.899705754878055000e-02
3.594340145016669794e+03 5.916352412597311039e-01 1.950426644493664236e-02
3.597934485161687462e+03 6.026308117135906750e-01 1.946111739218473607e-02
3.601532419646850485e+03 6.039923071663111376e-01 1.801224785736808831e-02
3.605133952066498296e+03 6.186427192737303793e-01 1.810768060536000965e-02
3.608739086018566013e+03 6.410171910335682455e-01 1.777757218794665667e-02
3.612347825104585809e+03 6.569036513883921291e-01 1.733899393506200051e-02
3.615960172929691907e+03 6.657125726679680167e-01 1.751099870415780135e-02
3.619576133102622407e+03 6.746712184469888518e-01 1.754485742832932738e-02
3.623195709235726554e+03 6.871058545651893557e-01 1.741124766735265006e-02
3.626818904944963379e+03 6.971318685903409307e-01 1.706039114273805168e-02
3.630445723849909427e+03 6.897518482417557273e-01 1.723253629246669291e-02
3.634076169573760581e+03 6.746092640586612843e-01 1.907608277646718337e-02
3.637710245743335690e+03 6.749811874329739725e-01 1.879687174555967621e-02
3.641347955989080219e+03 6.774268689890090567e-01 1.882535609196345563e-02
3.644989303945070333e+03 6.642772839600418200e-01 1.837460002546003821e-02
3.648634293249016537e+03 6.510236709764256613e-01 1.806848314968734562e-02
3.652282927542266862e+03 6.354025881776097506e-01 1.825850029820601239e-02
3.655935210469810499e+03 6.082251514744300147e-01 1.836260054824373142e-02
3.659591145680281443e+03 5.920841243078043270e-01 1.788045160769524342e-02
3.663250736825963031e+03 5.810981967692384620e-01 1.790609281285071575e-02
3.666913987562790226e+03 5.704264336219216913e-01 1.792627017750878307e-02
3.670580901550354156e+03 5.662442664313857010e-01 1.821132948337055024e-02
3.674251482451905758e+03 5.670496277809630170e-01 1.843779571179033835e-02
3.677925733934358959e+03 5.666619031136963525e-01 1.850178405250954908e-02
3.681603659668294313e+03 5.661819031270570735e-01 1.850305477164174497e-02
3.685285263327964003e+03 5.684865451636629263e-01 1.855182948516793592e-02
3.688970548591293209e+03 5.720926013019087542e-01 1.826252105951244042e-02
3.692659519139885560e+03 5.869701381145219221e-01 1.656231905701464543e-02
3.696352178659026777e+03 5.934795244212067722e-01 1.657263997366073202e-02
3.700048530837686940e+03 5.875542057834700627e-01 1.578615747251664939e-02
3.703748579368525952e+03 5.802404155124459839e-01 1.500319990423539668e-02
3.707452327947895355e+03 5.811963477956296753e-01 1.458715383476589210e-02
3.711159780275844696e+03 5.763228914350927434e-01 1.546344006892673255e-02
3.714870940056121526e+03 5.732866734970398781e-01 1.560443697162894501e-02
3.718585810996179134e+03 5.781822091754018622e-01 1.537677197758412391e-02
3.722304396807176545e+03 5.883381522753590165e-01 1.542448546712582060e-02
3.726026701203984885e+03 6.002519399049528470e-01 1.567337496873877356e-02
3.729752727905190113e+03 6.190486275062421218e-01 1.559443405180819565e-02
3.733482480633096657e+03 6.328477089288827573e-01 1.583352005874851670e-02
3.737215963113731050e+03 6.478115043408591012e-01 1.575281807364251052e-02
3.740953179076846027e+03 6.675325183892334424e-01 1.776889448322083870e-02
3.744694132255923705e+03 6.884952459125812663e-01 1.651686788699962410e-02
3.748438826388181042e+03 7.048158351501206953e-01 1.481958610628161116e-02
3.752187265214570289e+03 7.045272910022277735e-01 1.567014659204050975e-02
3.755939452479786269e+03 7.050842993305781459e-01 1.601185164218803941e-02
3.759695391932267285e+03 6.987444602637140623e-01 1.594343263196566426e-02
3.763455087324201031e+03 6.981286429021298368e-01 1.579732539949958367e-02
3.767218542411526414e+03 6.882011999644576106e-01 1.551895712149206109e-02
3.770985760953939007e+03 6.782571823454597304e-01 1.482230701724887231e-02
3.774756746714894234e+03 6.763594822243506055e-01 1.512986622169958106e-02
3.778531503461610555e+03 6.674084692563569954e-01 1.501155355267723424e-02
3.782310034965073100e+03 6.549294461015418012e-01 1.519614691665162158e-02
3.786092345000039586e+03 6.479575411771903992e-01 1.469935635686150759e-02
3.789878437345040766e+03 6.512690291926744868e-01 1.464937025055825306e-02
3.793668315782387253e+03 6.627243019952228087e-01 1.483970785069872039e-02
3.797461984098170888e+03 6.902921714987830804e-01 1.483102316011559313e-02
3.801259446082270188e+03 7.060688016207165019e-01 1.458867083137169868e-02
3.805060705528353537e+03 7.157339719901387731e-01 1.447174855340565593e-02
3.808865766233883278e+03 7.211125048352394762e-01 1.451258847903156082e-02
3.812674632000118436e+03 7.164733729211039126e-01 1.488958227872600598e-02
3.816487306632119726e+03 7.138824985696349268e-01 1.547154002307961351e-02
3.820303793938753188e+03 7.064595411191842977e-01 1.575802699827567183e-02
3.824124097732693372e+03 6.927518163278864050e-01 1.531855598061265290e-02
3.827948221830427428e+03 6.828892960874890505e-01 1.489828390636921580e-02
3.831776170052258749e+03 6.821054300743328858e-01 1.344989844937697666e-02
3.835607946222312421e+03 7.090575522586309853e-01 1.296722271465014162e-02
3.839443554168536139e+03 7.367264397243236118e-01 1.291619605541370445e-02
3.843282997722705659e+03 7.707165328264526938e-01 1.311007963546609659e-02
3.847126280720429804e+03 8.096181307177895414e-01 1.433191607116047171e-02
3.850973407001151372e+03 8.581403941923181344e-01 1.571418221736044230e-02
3.854824380408153957e+03 9.090356873645281111e-01 1.516446753199078047e-02
3.858679204788563311e+03 9.536004817299619241e-01 1.448032828588765794e-02
3.862537883993353262e+03 9.954746748860964223e-01 1.352193637167584638e-02
3.866400421877347981e+03 1.034218073362288770e+00 1.300693315595210890e-02
3.870266822299226533e+03 1.056976266185427615e+00 1.550139858238879821e-02
3.874137089121526969e+03 1.062231510803144152e+00 1.581561522823834998e-02
3.878011226210649966e+03 1.084800014605196594e+00 1.511584597380893034e-02
3.881889237436861549e+03 1.111098233881738562e+00 1.402512681578933947e-02
3.885771126674299921e+03 1.140622776397346660e+00 1.386327612586712305e-02
3.889656897800975457e+03 1.168075395410675066e+00 1.391094166854356905e-02
3.893546554698777527e+03 1.206302978023971351e+00 1.518938384219676967e-02
3.897440101253477678e+03 1.254896279838548123e+00 1.624418780898733913e-02
3.901337541354732366e+03 1.289637817244877027e+00 1.589719060665072820e-02
3.905238878896088409e+03 1.311780700803259814e+00 1.452612217712077013e-02
3.909144117774985716e+03 1.326741377608543937e+00 1.423236793649365617e-02
3.913053261892762293e+03 1.329185243589761534e+00 1.472045350381507613e-02
3.916966315154656058e+03 1.311945823635304986e+00 1.476538371475911819e-02
3.920883281469812118e+03 1.289323961071411784e+00 1.477124107220902441e-02
3.924804164751283224e+03 1.254136720324004806e+00 1.299387766140130789e-02
3.928728968916035683e+03 1.220795414884196850e+00 1.259348363833594567e-02
3.932657697884953450e+03 1.193341577140581089e+00 1.341426697480771306e-02
3.936590355582839493e+03 1.165049085957799546e+00 1.360773925311689787e-02
3.940526945938423523e+03 1.129394570265731756e+00 1.401598263984375065e-02
3.944467472884363360e+03 1.103147530034808144e+00 1.336385155776809858e-02
3.948411940357249023e+03 1.079715001886084380e+00 1.246570198668083169e-02
3.952360352297607733e+03 1.040872161657592665e+00 1.216059785801423994e-02
3.956312712649906643e+03 1.005362613797490257e+00 1.214987391843485275e-02
3.960269025362557841e+03 9.812921376117345051e-01 1.243472092655896651e-02
3.964229294387921527e+03 9.699779041578653338e-01 1.253086698466552261e-02
3.968193523682310570e+03 9.500125470632967417e-01 1.065226190979867704e-02
3.972161717205994591e+03 9.438481192187694324e-01 1.021537513305987264e-02
3.976133878923201792e+03 9.603769050423194287e-01 8.399192722266322908e-03
3.980110012802126221e+03 9.732692849841172444e-01 7.511073887753534802e-03
3.984090122814929600e+03 9.869028290572959827e-01 7.417821328383573595e-03
3.988074212937745870e+03 9.980168989805063839e-01 7.387639536269182371e-03
3.992062287150684824e+03 1.007973199246045448e+00 7.072743154831494239e-03
3.996054349437837118e+03 1.006471487180833568e+00 7.489619160700898212e-03
4.000050403787276082e+03 1.000256460729463059e+00 7.349014307934601496e-03
4.004050454191064546e+03 9.949024666667735106e-01 7.017568029767867060e-03
4.008054504645257111e+03 9.904537088364319120e-01 6.843151575345206815e-03
4.012062559149903791e+03 9.830736657035078485e-01 6.943362255371508460e-03
4.016074621709055009e+03 9.695275109363806765e-01 6.086448660298004153e-03
4.020090696330765240e+03 9.584416312580378294e-01 5.958711504881515283e-03
4.024110787027097558e+03 9.505788196295781312e-01 6.566511319830984315e-03
4.028134897814125907e+03 9.505474934059980896e-01 6.661064296638465922e-03
4.032163032711941469e+03 9.531142069046097953e-01 7.401304493608544706e-03
4.036195195744654484e+03 9.531964829733537981e-01 7.638938453347256068e-03
4.040231390940400615e+03 9.523746498576837194e-01 7.154766452723946776e-03
4.044271622331342314e+03 9.508846162543799219e-01 7.071588499864590871e-03
4.048315893953675186e+03 9.491847146312690775e-01 7.017992647018292916e-03
4.052364209847629809e+03 9.458973427688827096e-01 6.951726617552254212e-03
4.056416574057479011e+03 9.349970312413801166e-01 7.216087901765008521e-03
4.060472990631537868e+03 9.198907173836861073e-01 7.865919945356833476e-03
4.064533463622170530e+03 9.182111248160447214e-01 1.023440380203906319e-02
4.068597997085794304e+03 9.050237561661740315e-01 1.034616275775352735e-02
4.072666595082881486e+03 8.775306716938500173e-01 1.174605571197727058e-02
4.076739261677965715e+03 8.559111506735294084e-01 1.163287385974186815e-02
4.080816000939644709e+03 8.489301997809957090e-01 1.161556178012644429e-02
4.084896816940585722e+03 8.455134452996728722e-01 1.176332991956785014e-02
4.088981713757527814e+03 8.567276101729472959e-01 1.219763866499260808e-02
4.093070695471286854e+03 8.692841221087100889e-01 1.250314748638025296e-02
4.097163766166759160e+03 8.827553359170828839e-01 1.228796463847500395e-02
4.101260929932927866e+03 8.978673257501184057e-01 1.202634800594638495e-02
4.105362190862862008e+03 9.189945209580235863e-01 1.206925858513017806e-02
4.109467553053726078e+03 9.402644038565770579e-01 1.160224998677745166e-02
4.113577020606780934e+03 9.604263626707437718e-01 1.127471348339100302e-02
4.117690597627389252e+03 9.766338139070368518e-01 1.137479011021376440e-02
4.121808288225018259e+03 9.946721920353691626e-01 1.222319739007138653e-02
4.125930096513244280e+03 1.005701615604273735e+00 1.194649813287511006e-02
4.130056026609759101e+03 1.007021279953075776e+00 1.193881750265460111e-02
4.134186082636369974e+03 9.987749519425224154e-01 1.177756649197505417e-02
4.138320268719007800e+03 9.867346202028346447e-01 1.125752910377321968e-02
4.142458588987728035e+03 9.830019257188004067e-01 1.070834210567203626e-02
4.146601047576717065e+03 9.852732122296311568e-01 9.967168615038308685e-03
4.150747648624294925e+03 9.859766428514677994e-01 9.887303138635797350e-03
4.154898396272920763e+03 9.751038911084320970e-01 1.039741379304706149e-02
4.159053294669195566e+03 9.770812928201927372e-01 1.059403346930473493e-02
4.163212347963865795e+03 9.807651955761091944e-01 1.084830335884505101e-02
4.167375560311830668e+03 9.866059315447310851e-01 1.053993405497366878e-02
4.171542935872143971e+03 9.989487239813691355e-01 1.022447866248587731e-02
4.175714478808017702e+03 1.005517230106907522e+00 1.001924568139410388e-02
4.179890193286827525e+03 1.019249003405578113e+00 9.851537013664566494e-03
4.184070083480115500e+03 1.020891068862405771e+00 9.855774240627232854e-03
4.188254153563597356e+03 1.010409247401083732e+00 9.905742009472005144e-03
4.192442407717161586e+03 9.917295797954114311e-01 1.021172822024342224e-02
4.196634850124880359e+03 9.784001553865148137e-01 9.822593399400185790e-03
4.200831484975006788e+03 9.761065136365585371e-01 9.933844752825051264e-03
4.205032316459983122e+03 9.660993485945200687e-01 9.877939355315893538e-03
4.209237348776444378e+03 9.559173939769588513e-01 1.009438207597741950e-02
4.213446586125221984e+03 9.534234873452139825e-01 1.041662841550914861e-02
4.217660032711349231e+03 9.487949697714853636e-01 1.016558195822824841e-02
4.221877692744061278e+03 9.469538286854493059e-01 1.022979735757314698e-02
4.226099570436806971e+03 9.518913608613692734e-01 1.035080431240047692e-02
4.230325670007245208e+03 9.571619382091637318e-01 8.589172269118112296e-03
4.234555995677254032e+03 9.467368546789892703e-01 8.521525519418340217e-03
4.238790551672932452e+03 9.371239414260539302e-01 8.681773717111186672e-03
4.243029342224606808e+03 9.331566338021457518e-01 8.649398723290447483e-03
4.247272371566832589e+03 9.263460911956126198e-01 7.833991030994901308e-03
4.251519643938400804e+03 9.211553672860676167e-01 7.573687298444966610e-03
4.255771163582340705e+03 9.194147153084423207e-01 7.251835239388249553e-03
4.260026934745924336e+03 9.322812753715161715e-01 7.147351026828576391e-03
4.264286961680671993e+03 9.447305997822519341e-01 7.599043315194854362e-03
4.268551248642354039e+03 9.456867128292921754e-01 8.301682325141980512e-03
4.272819799890998183e+03 9.487347593684818392e-01 8.682181722375375416e-03
4.277092619690890388e+03 9.617393659941629869e-01 8.314880157366805538e-03
4.281369712310583054e+03 9.776832927747814983e-01 7.607861736207024647e-03
4.285651082022895025e+03 9.900495409144495218e-01 7.461009958702935832e-03
4.289936733104918858e+03 1.000084385713925883e+00 7.822646451451172392e-03
4.294226669838025373e+03 1.008982482112152246e+00 8.681423490874187396e-03
4.298520896507864563e+03 1.006030193523608451e+00 8.892045512269165786e-03
4.302819417404373780e+03 9.961100054503800871e-01 8.646096311199644863e-03
4.307122236821779552e+03 9.790671027174577823e-01 8.662327339398298576e-03
4.311429359058603040e+03 9.527528259283121193e-01 1.057788924606165894e-02
4.315740788417662770e+03 9.297394795038411708e-01 1.054671234051317123e-02
4.320056529206081905e+03 9.051521949487495444e-01 1.048729290207597170e-02
4.324376585735290064e+03 8.842353528908072358e-01 1.021725991499869077e-02
4.328700962321026054e+03 8.798063479037573353e-01 9.449396792672261694e-03
4.333029663283348782e+03 8.906350635409806538e-01 1.029231295131017958e-02
4.337362692946633615e+03 9.114050083075041497e-01 1.111464153867244148e-02
4.341700055639581478e+03 9.443026134495535739e-01 1.075022315797053395e-02
4.346041755695222491e+03 9.826879631497349443e-01 7.987432873479144088e-03
4.350387797450919606e+03 1.017175903201871900e+00 7.041159352564748189e-03
4.354738185248371337e+03 1.048948202084064585e+00 7.236403789262190953e-03
4.359092923433621763e+03 1.064296382386292095e+00 7.072495443961836735e-03
4.363452016357056891e+03 1.063844341973645857e+00 8.017850854882603920e-03
4.367815468373414660e+03 1.057325363527874984e+00 7.350751930870201220e-03
4.372183283841789489e+03 1.047739753796157469e+00 7.105584972756595619e-03
4.376555467125633186e+03 1.027967510565171327e+00 8.249042860121810414e-03
4.380932022592760404e+03 1.010545247605058039e+00 9.245004180890869366e-03
4.385312954615354101e+03 9.983150026819594958e-01 9.178591689105586662e-03
4.389698267569970994e+03 1.001158337804929355e+00 9.618178799441661972e-03
4.394087965837542470e+03 1.009540264118240938e+00 1.091603631440267105e-02
4.398482053803381859e+03 1.021327959784936734e+00 1.079429851871350522e-02
4.402880535857186260e+03 1.028500540333111335e+00 1.056968170067189988e-02
4.407283416393044718e+03 1.029730057389961706e+00 1.046745620712567076e-02
4.411690699809440048e+03 1.034544789327131120e+00 1.048170783603522699e-02
4.416102390509250654e+03 1.044981252395141835e+00 1.037120949917654661e-02
4.420518492899761441e+03 1.048540922037062284e+00 1.097809545702848298e-02
4.424939011392662906e+03 1.051921439069488651e+00 1.105488321754162853e-02
4.429363950404056595e+03 1.063454298222604733e+00 1.124792095264341880e-02
4.433793314354462382e+03 1.074595254506774067e+00 1.157805617517239198e-02
4.438227107668818462e+03 1.088286354429418568e+00 1.156045152155244643e-02
4.442665334776488635e+03 1.092292384318243270e+00 1.148658815727676176e-02
4.447108000111265937e+03 1.087281041464561948e+00 1.161788226827459129e-02
4.451555108111379013e+03 1.085343437713840009e+00 1.137483494524747438e-02
4.456006663219492111e+03 1.085178188438232105e+00 1.080076631395491572e-02
4.460462669882713271e+03 1.076030238526584748e+00 1.063144824781948709e-02
4.464923132552597053e+03 1.063737601153027068e+00 9.409366671628659543e-03
4.469388055685150903e+03 1.043742438894992519e+00 8.217853435692326625e-03
4.473857443740837880e+03 1.031200733898617328e+00 7.999193361194104068e-03
4.478331301184580298e+03 1.030551446867966403e+00 8.456062299606693922e-03
4.482809632485766087e+03 1.033232039451734252e+00 8.362833556377678376e-03
4.487292442118253348e+03 1.033731627611603754e+00 8.382298752245288462e-03
4.491779734560373072e+03 1.042375548435073185e+00 8.075994133366693958e-03
4.496271514294934605e+03 1.054069626820767658e+00 8.078378584534928047e-03
4.500767785809231100e+03 1.064472774509328756e+00 8.012821981590798059e-03
4.505268553595042249e+03 1.065562780022260903e+00 7.624148691559543868e-03
4.509773822148638828e+03 1.059139032976472938e+00 6.966791340656570616e-03
4.514283595970789065e+03 1.064950451858741376e+00 6.785702985699634121e-03
4.518797879566761367e+03 1.067390940425861467e+00 7.221438450113160448e-03
4.523316677446328868e+03 1.071724029333793515e+00 8.108158497746391705e-03
4.527839994123776705e+03 1.089112235564564601e+00 8.293016902065911827e-03
4.532367834117902021e+03 1.109024235170857686e+00 8.740112651869223065e-03
4.536900201952022144e+03 1.121182952122670828e+00 8.559449925182996410e-03
4.541437102153975502e+03 1.141319468326186248e+00 8.482973490519098853e-03
4.545978539256130716e+03 1.168550075042435132e+00 8.618941594879823975e-03
4.550524517795388419e+03 1.203228672325763249e+00 8.198530664076475113e-03
4.555075042313184895e+03 1.226809911704690226e+00 8.228727673169504431e-03
4.559630117355500261e+03 1.251501424829033926e+00 8.038909367345392284e-03
4.564189747472856652e+03 1.276350531272364863e+00 7.678878856574340196e-03
4.568753937220330954e+03 1.296359607664740343e+00 7.629019198609843753e-03
4.573322691157552981e+03 1.305366807462087664e+00 6.958672430082713314e-03
4.577896013848711846e+03 1.315438961776033366e+00 6.561984227415009439e-03
4.582473909862562323e+03 1.331330397748848871e+00 7.544640296988230910e-03
4.587056383772426670e+03 1.339500842209503828e+00 7.513340329433702836e-03
4.591643440156200086e+03 1.342880717252850298e+00 7.356049116466359047e-03
4.596235083596357981e+03 1.341230540243536495e+00 7.399052493506197425e-03
4.600831318679955984e+03 1.336503581782141348e+00 7.981478592135245534e-03
4.605432149998637215e+03 1.328549531682755136e+00 8.178989138707520520e-03
4.610037582148637739e+03 1.321788478593332927e+00 6.867053874079212354e-03
4.614647619730787483e+03 1.322476884488900994e+00 6.733366985854361865e-03
4.619262267350520233e+03 1.329366990121594982e+00 6.661335377901663954e-03
4.623881529617872729e+03 1.333385378841022817e+00 6.545474523035449931e-03
4.628505411147491941e+03 1.336740327936141837e+00 6.492350409292240755e-03
4.633133916558640522e+03 1.344999440014279735e+00 6.320280827022837535e-03
4.637767050475200449e+03 1.355051707514445702e+00 5.767694197816879489e-03
4.642404817525677572e+03 1.359528708944770958e+00 6.099245885625890866e-03
4.647047222343205249e+03 1.351854727115202159e+00 5.679381965216964354e-03
4.651694269565549803e+03 1.333562408704116242e+00 6.411957406340632395e-03
4.656345963835116891e+03 1.306902349628059845e+00 7.150208888309068575e-03
4.661002309798953320e+03 1.273053956535562747e+00 7.395206014778283286e-03
4.665663312108753416e+03 1.244673491972283719e+00 6.201671200801619870e-03
4.670328975420864481e+03 1.230849455679325688e+00 6.289652818284573524e-03
4.674999304396286789e+03 1.225229896607561653e+00 7.144850812770144922e-03
4.679674303700684504e+03 1.223164291125342862e+00 8.392800136621450871e-03
4.684353978004386590e+03 1.222562948518457482e+00 8.071887189783202854e-03
4.689038331982392265e+03 1.216911175898861330e+00 7.981464078791489572e-03
4.693727370314376458e+03 1.206838983773231178e+00 7.686860900441004965e-03
4.698421097684692540e+03 1.194275177213972583e+00 7.289500858252532384e-03
4.703119518782378691e+03 1.174805540312795271e+00 7.813753093504679365e-03
4.707822638301162442e+03 1.154134663940825201e+00 7.846598854471392714e-03
4.712530460939465229e+03 1.132243051283612800e+00 7.714116287745000598e-03
4.717242991400406027e+03 1.102927202733287482e+00 6.600998535813477203e-03
4.721960234391808626e+03 1.076264122751019237e+00 5.768580409164354023e-03
4.726682194626201635e+03 1.056955203784090136e+00 5.689309787759071549e-03
4.731408876820829391e+03 1.053395071523795856e+00 5.677586816207000515e-03
4.736140285697651962e+03 1.040702244772099494e+00 7.015879349378892176e-03
4.740876425983350600e+03 1.040596110198263258e+00 7.392305290997439743e-03
4.745617302409335934e+03 1.045424488213085423e+00 8.984685282755195193e-03
4.750362919711747054e+03 1.060013829090519222e+00 8.763035325903499248e-03
4.755113282631459697e+03 1.095559298076538068e+00 8.777624626450035439e-03
4.759868395914093526e+03 1.143030201463396400e+00 1.003001145117434281e-02
4.764628264310008490e+03 1.199118280640612655e+00 1.167806714723208621e-02
4.769392892574320285e+03 1.260838731250378153e+00 1.239690350187294329e-02
4.774162285466896719e+03 1.314319459579334826e+00 1.107108795003009655e-02
4.778936447752364984e+03 1.357550860572107165e+00 1.000296144371835491e-02
4.783715384200118933e+03 1.386020115498547201e+00 1.053386063182041449e-02
4.788499099584319993e+03 1.401156332171155983e+00 1.148723156309557590e-02
4.793287598683906253e+03 1.408959289389097203e+00 1.137518193261773461e-02
4.798080886282591564e+03 1.410483813268755826e+00 1.085292177927884606e-02
4.802878967168876443e+03 1.408311557654229773e+00 1.026758691246542829e-02
4.807681846136046261e+03 1.406530342722336568e+00 9.948276433834141175e-03
4.812489527982183972e+03 1.399863396984422081e+00 9.889208817650464722e-03
4.817302017510168298e+03 1.395586617886371394e+00 9.974323555408710559e-03
4.822119319527679181e+03 1.406977781295926766e+00 8.779936247941801108e-03
4.826941438847208701e+03 1.438912405647273962e+00 4.645820107532856909e-03
4.831768380286057436e+03 1.427228905035387685e+00 3.784929683954675692e-03
4.836600148666345376e+03 1.419008031304743289e+00 5.647471741074138081e-03
4.841436748815013743e+03 1.429002628065905833e+00 5.771575018862440398e-03
4.846278185563829538e+03 1.479508242185675559e+00 8.367980304076238704e-03
4.851124463749395545e+03 1.537509709293428228e+00 8.397676840182416447e-03
4.855975588213146693e+03 1.586541721586455456e+00 8.121333303919297392e-03
4.860831563801360971e+03 1.629727454189663804e+00 8.812855324108742963e-03
4.865692395365163975e+03 1.673931850270581778e+00 9.071633967817727823e-03
4.870558087760530725e+03 1.698188064768050731e+00 9.013352175534911775e-03
4.875428645848292945e+03 1.716483691365867648e+00 8.457360356023764861e-03
4.880304074494142696e+03 1.711580234329638461e+00 9.858618081861185781e-03
4.885184378568638749e+03 1.691336184222086203e+00 7.169833837699987958e-03
4.890069562947209306e+03 1.673855237914374294e+00 6.483413166462943626e-03
4.894959632510157462e+03 1.668775686786440060e+00 6.646508526691334399e-03
4.899854592142669389e+03 1.677099673152892878e+00 7.124136921163930387e-03
4.904754446734813428e+03 1.664503195209196873e+00 7.041464759875861769e-03
4.909659201181550088e+03 1.634515056824064061e+00 7.353985698184355331e-03
4.914568860382732964e+03 1.598630331002623306e+00 7.688323596569603992e-03
4.919483429243117826e+03 1.551286199214714001e+00 7.320202718088488457e-03
4.924402912672362618e+03 1.489243510408475801e+00 8.732260916061169997e-03
4.929327315585036558e+03 1.441276117787499089e+00 8.069301356401487393e-03
4.934256642900622865e+03 1.392833898325711806e+00 7.826127230394368944e-03
4.939190899543525120e+03 1.344273881572833895e+00 7.718771444692331708e-03
4.944130090443070912e+03 1.307560603487518902e+00 7.733634385489502813e-03
4.949074220533515472e+03 1.274789857801044368e+00 7.852434411469469758e-03
4.954023294754050767e+03 1.250000169910588266e+00 7.827283414332551759e-03
4.958977318048806410e+03 1.235772676235342482e+00 8.080848231506645302e-03
4.963936295366856939e+03 1.209215518426089320e+00 1.085429572873203991e-02
4.968900231662225451e+03 1.196233390847479816e+00 1.270135522901873031e-02
4.973869131893889062e+03 1.204620731084302676e+00 1.242296843933263055e-02
4.978843001025784361e+03 1.228912728350948447e+00 1.183571080754350531e-02
4.983821844026811959e+03 1.271021468511836394e+00 1.306638922885326216e-02
4.988805665870840130e+03 1.324048600696553724e+00 1.421261144909631569e-02
4.993794471536712990e+03 1.378489816739345786e+00 1.463740586215904471e-02
4.998788266008251412e+03 1.432596615324872369e+00 1.372099472085990673e-02
5.003787054274261209e+03 1.483343383268732385e+00 1.162306858293018184e-02
5.008790841328536771e+03 1.516468003855918401e+00 1.127238708500007472e-02
5.013799632169867436e+03 1.530072939202328230e+00 1.149461172521651364e-02
5.018813431802038394e+03 1.534371851165121647e+00 1.165011480114498503e-02
5.023832245233842514e+03 1.526477803034324232e+00 1.152053614883113281e-02
5.028856077479077612e+03 1.500126034093961280e+00 1.184326782359159877e-02
5.033884933556558281e+03 1.472481992019263108e+00 1.045522055745139005e-02
5.038918818490116792e+03 1.449608822767232796e+00 1.160978162223780079e-02
5.043957737308608557e+03 1.419548685959616252e+00 1.187132328104770901e-02
5.049001695045918495e+03 1.380858402720525069e+00 1.151488748502605547e-02
5.054050696740966487e+03 1.350039569225682135e+00 8.139983617967644011e-03
5.059104747437709193e+03 1.296616127429520704e+00 8.151435445524107468e-03
5.064163852185148244e+03 1.239031766501028642e+00 7.622157454381949665e-03
5.069228016037335692e+03 1.185071219007208132e+00 7.382620819312014394e-03
5.074297244053374015e+03 1.134794713849218706e+00 7.077326013104607780e-03
5.079371541297429758e+03 1.091395816132116892e+00 7.030642990385260055e-03
5.084450912838728073e+03 1.054959518974697641e+00 7.031448635820895104e-03
5.089535363751569093e+03 1.028670560986630456e+00 7.041483164513604419e-03
5.094624899115322478e+03 1.009283460790272313e+00 7.028863520304032275e-03
5.099719524014439230e+03 1.000158241434358386e+00 7.013873666616554821e-03
5.104819243538455339e+03 9.992169698718815773e-01 7.224801804017569849e-03
5.109924062781995417e+03 1.016642988994181040e+00 7.954481719526101252e-03
5.115033986844779065e+03 1.036882646827449683e+00 7.856320177500810895e-03
5.120149020831625421e+03 1.059740715452515136e+00 7.815444973934056183e-03
5.125269169852458617e+03 1.076053085644633533e+00 7.123417639195744888e-03
5.130394439022313236e+03 1.103520436361659529e+00 6.698199327606429998e-03
5.135524833461337039e+03 1.139430884297821134e+00 5.710845074423797837e-03
5.140660358294800062e+03 1.173919451943281178e+00 5.349218618627273741e-03
5.145801018653096435e+03 1.203131804720301457e+00 5.266252526109045998e-03
5.150946819671751655e+03 1.225656684473702018e+00 5.317565925325736832e-03
5.156097766491425318e+03 1.247869492197900776e+00 5.301054777791310013e-03
5.161253864257918394e+03 1.261909616056485328e+00 5.391114331121060928e-03
5.166415118122177773e+03 1.275928379982290473e+00 5.409723480312177146e-03
5.171581533240301724e+03 1.292567943666474317e+00 5.356063361142753172e-03
5.176753114773543530e+03 1.302620979485949348e+00 5.381603669288793218e-03
5.181929867888318768e+03 1.315457035341620173e+00 5.318847062677853170e-03
5.187111797756208944e+03 1.328436589547455915e+00 5.266870118217257049e-03
5.192298909553966951e+03 1.336029514931011297e+00 5.332191923712882239e-03
5.197491208463522526e+03 1.340836573376164464e+00 5.250191135550614542e-03
5.202688699671987706e+03 1.341445581981963064e+00 4.731573290239084705e-03
5.207891388371661378e+03 1.348025650828626354e+00 3.993696538240472729e-03
5.213099279760034733e+03 1.354328554902202830e+00 3.781882011069109036e-03
5.218312379039796724e+03 1.358957242945018073e+00 3.748067761271631562e-03
5.223530691418837705e+03 1.360418147824893564e+00 3.718649827454846915e-03
5.228754222110258524e+03 1.363755931891499573e+00 3.478731621059453095e-03
5.233982976332370527e+03 1.370763720748358727e+00 3.718067121223148086e-03
5.239216959308704645e+03 1.375248495306898411e+00 3.674710423592985210e-03
5.244456176268015042e+03 1.381056060999585444e+00 3.691958876631727237e-03
5.249700632444284565e+03 1.380522875890046075e+00 3.849398251441905894e-03
5.254950333076731113e+03 1.383278676439583688e+00 3.631004284479150482e-03
5.260205283409809454e+03 1.380184988017564729e+00 3.772993922661342821e-03
5.265465488693221232e+03 1.374647379671658731e+00 3.643793101428200679e-03
5.270730954181915877e+03 1.372804367629155253e+00 3.596974122590206394e-03
5.276001685136099695e+03 1.366210665525118717e+00 3.247703648311877495e-03
5.281277686821237694e+03 1.361495158970582819e+00 3.207221208461699842e-03
5.286558964508059944e+03 1.356689632359983300e+00 3.497945075340501767e-03
5.291845523472569766e+03 1.353445307974688649e+00 3.603295757748784574e-03
5.297137368996044643e+03 1.356644897328158184e+00 3.826920633494987952e-03
5.302434506365042580e+03 1.363140603117753757e+00 4.120251209369730876e-03
5.307736940871409388e+03 1.366628938772291191e+00 4.142802716788230449e-03
5.313044677812282316e+03 1.371546988980445914e+00 4.016372012094837109e-03
5.318357722490096421e+03 1.375613028030896912e+00 3.952154855695169493e-03
5.323676080212588204e+03 1.372144122560817525e+00 4.169089914624831555e-03
5.328999756292802886e+03 1.368661101392683488e+00 4.165814840047273385e-03
5.334328756049097137e+03 1.366752255723258092e+00 4.052106155846083198e-03
5.339663084805148173e+03 1.361558251196737457e+00 4.202395490004233632e-03
5.345002747889954662e+03 1.354350085404449233e+00 4.093061197984148442e-03
5.350347750637846730e+03 1.341298126524304246e+00 4.028658352312847364e-03
5.355698098388485960e+03 1.326840022578080314e+00 3.950994635242407495e-03
5.361053796486876308e+03 1.306484128527293009e+00 4.062306313572042367e-03
5.366414850283365013e+03 1.284110840184884639e+00 4.550589652371624452e-03
5.371781265133649867e+03 1.271619804858852953e+00 4.472068358307524326e-03
5.377153046398785591e+03 1.260793892420193796e+00 4.453183348977812241e-03
5.382530199445186554e+03 1.253153255619134931e+00 4.530966219697158889e-03
5.387912729644633146e+03 1.242252633150889629e+00 4.351550078100633635e-03
5.393300642374279960e+03 1.232550626730050336e+00 4.053129831084379200e-03
5.398693943016655794e+03 1.230970934259090210e+00 4.024032105007895911e-03
5.404092636959673655e+03 1.234150596433936764e+00 4.091511191006875180e-03
5.409496729596635305e+03 1.240411655272181113e+00 4.670847948988327697e-03
5.414906226326233991e+03 1.244962024340589890e+00 4.293337218296432514e-03
5.420321132552561721e+03 1.246887080016565008e+00 3.805589367564148236e-03
5.425741453685116539e+03 1.236827029938871281e+00 4.333050856638639113e-03
5.431167195138803436e+03 1.226150662134154912e+00 4.247709926457017560e-03
5.436598362333943442e+03 1.215123530806926810e+00 4.233500530552844129e-03
5.442034960696279086e+03 1.201908939170053925e+00 4.230040783511761562e-03
5.447476995656978033e+03 1.186454524680403688e+00 4.270002889587269472e-03
5.452924472652636723e+03 1.171840299245222816e+00 4.353671979053783288e-03
5.458377397125291282e+03 1.157189188446561712e+00 4.843337222886257704e-03
5.463835774522417523e+03 1.148406689441084039e+00 4.672606976808130197e-03
5.469299610296941864e+03 1.143362083215875291e+00 4.558748639297158234e-03
5.474768909907241323e+03 1.142381717374242323e+00 4.509771379004798124e-03
5.480243678817149885e+03 1.148401155047697353e+00 4.430004933877325704e-03
5.485723922495968509e+03 1.159779066286753979e+00 4.157363065239491617e-03
5.491209646418466946e+03 1.174184564906539663e+00 4.042883584051464897e-03
5.496700856064887375e+03 1.189252232899667749e+00 4.010495215963907553e-03
5.502197556920953502e+03 1.207846421376360224e+00 4.472705750682245962e-03
5.507699754477876013e+03 1.227958939422856055e+00 5.185869658125681625e-03
5.513207454232356213e+03 1.240270407068709169e+00 5.190783050295264510e-03
5.518720661686590574e+03 1.251588109629388379e+00 5.256105741635066358e-03
5.524239382348278923e+03 1.261560276047959395e+00 5.306736221561029337e-03
5.529763621730628984e+03 1.265476725175405770e+00 5.402906999348531733e-03
5.535293385352360929e+03 1.262093437856998346e+00 5.357158888825890378e-03
5.540828678737715563e+03 1.254886813455521999e+00 5.232733990860840255e-03
5.546369507416455235e+03 1.238735509100977961e+00 5.159317224393117872e-03
5.551915876923872929e+03 1.213497776166354569e+00 5.121550299617977885e-03
5.557467792800798634e+03 1.176550398764199867e+00 5.501539447728145960e-03
5.563025260593602070e+03 1.131356103238129407e+00 5.439858885449640365e-03
5.568588285854197238e+03 1.087324913026630036e+00 5.564293793290282092e-03
5.574156874140053333e+03 1.048629322941198039e+00 5.534507113200652986e-03
5.579731031014194741e+03 1.007063797424651019e+00 5.272066784273429785e-03
5.585310762045211050e+03 9.676424182897048754e-01 5.333353593264906697e-03
5.590896072807257951e+03 9.353789811364092710e-01 5.052606543749761647e-03
5.596486968880067252e+03 9.093927253198600402e-01 4.843020909047023384e-03
5.602083455848949598e+03 8.945976737646377241e-01 4.926513344291738768e-03
5.607685539304799931e+03 8.923114276315278204e-01 4.820388550688503582e-03
5.613293224844106589e+03 9.028549629483223482e-01 3.397354901850107179e-03
5.618906518068952209e+03 9.067356633292259493e-01 3.307556491260655544e-03
5.624525424587023736e+03 9.170293462217397051e-01 3.451933714167257361e-03
5.630149950011612418e+03 9.292993685804549209e-01 3.461130099945029012e-03
5.635780099961625638e+03 9.421778767598539828e-01 3.406829884485321463e-03
5.641415880061589633e+03 9.556451229095758171e-01 3.449812369061019610e-03
5.647057295941652228e+03 9.683633525434669487e-01 3.778736147691946334e-03
5.652704353237596479e+03 9.805591936433560862e-01 3.968886028629806453e-03
5.658357057590835211e+03 9.948457413161517771e-01 3.989425595245274514e-03
5.664015414648428305e+03 1.004863126957760810e+00 3.828120833443018553e-03
5.669679430063079053e+03 1.013198316173101299e+00 3.813793322559721338e-03
5.675349109493143260e+03 1.017403592878446394e+00 3.933153480865553969e-03
5.681024458602638333e+03 1.022187220512313477e+00 3.828767274080722375e-03
5.686705483061243285e+03 1.026590593569160159e+00 3.700992933926561257e-03
5.692392188544306009e+03 1.025477147081508944e+00 3.944474291433162222e-03
5.698084580732852373e+03 1.020144868036447106e+00 4.195384063112393702e-03
5.703782665313587131e+03 9.997108300942072479e-01 5.846830146311974598e-03
5.709486447978903016e+03 9.722248100008108462e-01 7.048626657628466984e-03
5.715195934426883468e+03 9.516100436664496343e-01 6.871209529317142718e-03
5.720911130361312644e+03 9.318993936277871759e-01 6.929965978004113195e-03
5.726632041491675409e+03 9.107384675083095571e-01 6.706685220937052931e-03
5.732358673533169167e+03 8.956515907026453283e-01 6.891054257499569166e-03
5.738091032206703858e+03 8.790975869112970242e-01 6.959049990090592115e-03
5.743829123238912871e+03 8.618962484194110374e-01 7.118922568891246361e-03
5.749572952362153046e+03 8.472332406374728508e-01 6.818835333423573127e-03
5.755322525314517407e+03 8.302108429837719017e-01 6.579550624780988212e-03
5.761077847839834249e+03 8.077602820820450891e-01 6.606793928867836507e-03
5.766838925687675328e+03 7.890913679033666472e-01 6.602900100094027773e-03
5.772605764613364954e+03 7.691530022587228510e-01 6.626266303617001779e-03
5.778378370377980900e+03 7.509017289329974476e-01 6.638459108323683557e-03
5.784156748748360769e+03 7.300916118870723892e-01 6.247452425103446061e-03
5.789940905497111089e+03 7.106238323736219220e-01 5.907171827512552528e-03
5.795730846402610041e+03 6.951114538664520115e-01 5.911273271828544791e-03
5.801526577249013826e+03 6.912982613563738443e-01 5.693898474075828262e-03
5.807328103826264851e+03 6.949223455212792944e-01 5.362350656736377189e-03
5.813135431930093546e+03 7.028483462546090133e-01 4.963915407680470279e-03
5.818948567362025642e+03 7.119430553986779708e-01 3.336156034431614521e-03
5.824767515929389447e+03 7.351528381283808367e-01 3.340806632349085405e-03
5.830592283445320390e+03 7.605511157046087600e-01 3.916412059388405843e-03
5.836422875728768304e+03 7.997459173441655578e-01 4.050053877901088270e-03
5.842259298604498326e+03 8.538687227953816183e-01 5.547567912852361185e-03
5.848101557903105459e+03 9.105454590911242763e-01 6.430713488095300516e-03
5.853949659461010015e+03 9.687040401274812362e-01 6.035169701012963774e-03
5.859803609120473084e+03 1.016097403250815656e+00 6.277667142496798011e-03
5.865663412729595620e+03 1.062030245591980560e+00 6.985765894935207221e-03
5.871529076142326630e+03 1.103420392882599854e+00 7.188883470666292477e-03
5.877400605218471355e+03 1.145540835509171185e+00 7.111237069103746450e-03
5.883278005823691274e+03 1.184661008697452944e+00 7.400037472242367541e-03
5.889161283829516833e+03 1.216772276804671815e+00 7.530221607461927251e-03
5.895050445113348360e+03 1.241664760373551557e+00 7.474546730171110522e-03
5.900945495558464245e+03 1.257096171145809294e+00 7.507332731095792654e-03
5.906846441054024581e+03 1.266633987951717888e+00 7.529900554004305066e-03
5.912753287495080258e+03 1.267762171120872416e+00 7.667438921941181762e-03
5.918666040782577511e+03 1.260683055441761846e+00 7.605175988237860944e-03
5.924584706823361557e+03 1.251625608014035995e+00 7.517160009029832599e-03
5.930509291530187511e+03 1.237341003054646782e+00 7.484182804227257520e-03
5.936439800821719473e+03 1.211809696840106865e+00 7.837615436968528235e-03
5.942376240622543264e+03 1.179214200143152702e+00 6.163465321549777172e-03
5.948318616863167335e+03 1.153574622419726969e+00 5.421940227694145749e-03
5.954266935480032771e+03 1.139523649573023656e+00 6.357771160573694007e-03
5.960221202415515108e+03 1.127398566698982307e+00 5.882587045627829525e-03
5.966181423617932523e+03 1.111017337353266132e+00 4.819716566707235757e-03
5.972147605041552197e+03 1.086580386794537390e+00 5.049363335050653309e-03
5.978119752646595771e+03 1.058653774800677017e+00 4.951530002262754214e-03
5.984097872399243897e+03 1.033691988575943466e+00 4.752924256126373100e-03
5.990081970271645332e+03 1.012810422649384146e+00 4.763180505777333748e-03
5.996072052241918755e+03 9.952101592614525094e-01 4.771138331893914550e-03
6.002068124294162772e+03 9.839381489062767328e-01 4.873951905230590638e-03
6.008070192418459555e+03 9.716463025521296926e-01 4.901366679201008686e-03
6.014078262610879392e+03 9.607230738105623224e-01 4.906489735680495679e-03
6.020092340873492503e+03 9.536649587112941973e-01 4.854069964987274034e-03
6.026112433214368139e+03 9.491288282521271880e-01 4.695343127406940292e-03
6.032138545647584579e+03 9.445366065967163438e-01 4.683702879909650875e-03
6.038170684193233683e+03 9.431064650740901278e-01 4.686137034284131031e-03
6.044208854877429076e+03 9.453415013242588705e-01 4.532679102716799871e-03
6.050253063732308874e+03 9.436207190920156140e-01 4.092773613132969814e-03
6.056303316796042964e+03 9.392141630068412406e-01 3.517155276686144590e-03
6.062359620112841185e+03 9.403776166939925574e-01 3.333397646150060203e-03
6.068421979732956061e+03 9.498982146725541975e-01 3.119905546497707405e-03
6.074490401712690982e+03 9.618945811643726529e-01 2.771192243452714598e-03
6.080564892114405666e+03 9.701777963299740293e-01 2.776735434289143069e-03
6.086645457006521610e+03 9.800886419881411626e-01 2.758003698343455736e-03
6.092732102463530282e+03 9.912998231220757628e-01 2.810543735306561281e-03
6.098824834565995843e+03 1.002249733657384345e+00 2.879302273425048478e-03
6.104923659400564247e+03 1.013979311907533987e+00 2.777500541595920910e-03
6.111028583059966877e+03 1.028771515988047280e+00 3.099465140340058183e-03
6.117139611643028729e+03 1.042847068629962903e+00 3.189255305858131138e-03
6.123256751254673873e+03 1.056685259216814332e+00 2.962464767932909259e-03
6.129380008005929994e+03 1.068321574250838957e+00 3.029513869100911201e-03
6.135509388013938405e+03 1.077926318540319173e+00 2.877043344600814598e-03
6.141644897401954040e+03 1.084485685458890236e+00 2.697881302132062922e-03
6.147786542299358189e+03 1.085031600391945794e+00 2.800347539376272718e-03
6.153934328841659408e+03 1.080739867476104399e+00 2.659582942848897225e-03
6.160088263170503524e+03 1.075709017684531865e+00 2.657100161402926094e-03
6.166248351433675452e+03 1.067632387587130527e+00 2.754437754936790803e-03
6.172414599785111022e+03 1.056946279997155846e+00 2.333525104553267442e-03
6.178587014384898794e+03 1.045965135535291468e+00 2.424197622922703334e-03
6.184765601399285515e+03 1.037401368674897295e+00 2.524369746814869760e-03
6.190950367000687038e+03 1.035107383975715001e+00 2.839793214951012897e-03
6.197141317367689226e+03 1.038151097236462483e+00 2.793675657019507614e-03
6.203338458685059777e+03 1.050727477571288260e+00 3.000983525845913723e-03
6.209541797143746408e+03 1.069677185501937355e+00 3.679678074917589956e-03
6.215751338940892310e+03 1.091266058207072565e+00 4.114723328976486495e-03
6.221967090279835247e+03 1.115137159594471017e+00 4.469672137270727826e-03
6.228189057370116643e+03 1.141850074130436266e+00 3.791286052000426583e-03
6.234417246427488863e+03 1.160574994072997024e+00 3.687751006700232780e-03
6.240651663673918847e+03 1.173929725222772946e+00 4.028834270782366382e-03
6.246892315337594482e+03 1.184924195160333316e+00 4.386262961316127543e-03
6.253139207652934601e+03 1.192016524859672799e+00 4.533780143807733358e-03
6.259392346860589896e+03 1.196190591419841631e+00 4.313196205113966654e-03
6.265651739207452010e+03 1.198378231159322072e+00 3.978238469528329671e-03
6.271917390946661726e+03 1.200073792525939487e+00 3.774770488588231280e-03
6.278189308337610782e+03 1.204676435806288026e+00 4.065429564401974553e-03
6.284467497645950061e+03 1.210138375503165609e+00 4.345198938653151502e-03
6.290751965143597772e+03 1.215044525622055227e+00 3.658144852813285594e-03
6.297042717108744000e+03 1.215283346944010745e+00 3.194108175927448581e-03
6.303339759825854344e+03 1.210551027280495795e+00 2.994264256656425233e-03
6.309643099585682648e+03 1.197466360400123886e+00 3.396135753428014634e-03
6.315952742685270096e+03 1.181269089246677284e+00 3.306721106834369355e-03
6.322268695427957937e+03 1.161442712418091272e+00 2.887427559238346306e-03
6.328590964123387494e+03 1.142824663765544368e+00 2.852428169155565591e-03
6.334919555087512890e+03 1.126414422892943135e+00 2.757963123667711916e-03
6.341254474642602872e+03 1.111057299144770472e+00 2.654406403114845103e-03
6.347595729117247174e+03 1.103190800152989315e+00 2.786127781801369524e-03
6.353943324846366522e+03 1.098687020284192739e+00 3.695504685112668483e-03
6.360297268171215364e+03 1.099528681230276028e+00 4.426561703584170823e-03
6.366657565439388236e+03 1.098776356537259025e+00 4.697222035476707538e-03
6.373024223004829764e+03 1.097056520373992150e+00 3.965726688271841577e-03
6.379397247227837397e+03 1.095290191662654955e+00 3.540040932733361408e-03
6.385776644475066860e+03 1.092638189007023364e+00 4.721964755146542021e-03
6.392162421119543978e+03 1.092769653830003573e+00 8.297833804050146894e-03
6.398554583540665590e+03 1.110278992856815972e+00 1.369796467564276393e-02
6.404953138124208635e+03 1.154474593179468211e+00 1.833901319291835613e-02
6.411358091262334710e+03 1.262309780308174423e+00 1.758084224102848120e-02
6.417769449353599157e+03 1.444720239049344546e+00 1.499687713501377320e-02
6.424187218802954703e+03 1.705955657487497223e+00 1.798465150394711401e-02
6.430611406021760558e+03 2.036940551540343147e+00 2.598152297413596629e-02
6.437042017427784231e+03 2.398681009757016369e+00 3.008183078419419954e-02
6.443479059445214261e+03 2.769817626238079367e+00 2.980606366003204361e-02
6.449922538504661134e+03 3.118279350565371200e+00 2.574430657596942645e-02
6.456372461043168187e+03 3.431784828873905013e+00 2.123653419688174837e-02
6.462828833504213435e+03 3.687024353146594269e+00 2.118524087273208900e-02
6.469291662337719572e+03 3.885260408058631487e+00 2.248439782863017461e-02
6.475760954000059428e+03 4.028250926730675197e+00 2.296132392412231910e-02
6.482236714954061426e+03 4.123204822963018046e+00 2.112883137114039342e-02
6.488718951669017770e+03 4.166825282029920530e+00 1.981083730756673378e-02
6.495207670620688987e+03 4.222733772781952055e+00 1.501731796649287930e-02
6.501702878291312118e+03 4.293469371393678458e+00 1.387627167507362452e-02
6.508204581169605262e+03 4.385749676504304695e+00 1.931069081821528907e-02
6.514712785750777584e+03 4.556500485057449090e+00 2.110998719171403720e-02
6.521227498536530220e+03 4.680778291950975500e+00 1.432466559530781725e-02
6.527748726035069012e+03 4.878692838011291499e+00 1.755941289745760817e-02
6.534276474761106329e+03 5.119725030423265544e+00 1.957041484720508859e-02
6.540810751235869247e+03 5.383253344555909869e+00 2.306304237469272017e-02
6.547351561987107743e+03 5.696276170353076651e+00 3.260484373911650552e-02
6.553898913549096505e+03 5.878838449070119765e+00 3.460234448534706825e-02
6.560452812462647671e+03 5.851387956710301097e+00 4.088003942315891065e-02
6.567013265275112644e+03 5.719655936453080791e+00 4.141892832611194369e-02
6.573580278540390282e+03 5.578470162943636623e+00 4.093708743092102503e-02
6.580153858818932349e+03 5.421881309009975780e+00 4.039545786697273932e-02
6.586734012677753526e+03 5.313269568200645665e+00 3.916338754370470021e-02
6.593320746690433225e+03 5.209677847578212173e+00 2.557172980331141182e-02
6.599914067437126505e+03 4.975577361819397915e+00 2.333410839166609463e-02
6.606513981504565891e+03 4.685155522500651593e+00 1.212165853190682978e-02
6.613120495486072286e+03 4.438727305066657358e+00 8.904005446221675488e-03
6.619733615981560433e+03 4.164546108723694573e+00 6.768873807405021217e-03
6.626353349597544366e+03 3.861173746227799075e+00 6.482151559876983549e-03
6.632979702947143778e+03 3.518873970054916978e+00 1.250552387712889832e-02
6.639612682650093120e+03 3.193802199352166138e+00 9.362005998810573812e-03
6.646252295332745234e+03 2.911810754331188633e+00 7.583736573478593382e-03
6.652898547628080451e+03 2.629260376203681915e+00 6.881620969214592015e-03
6.659551446175711135e+03 2.365672729993124168e+00 6.435999199629119198e-03
6.666210997621888964e+03 2.129517068737288188e+00 5.480248932384582800e-03
6.672877208619513112e+03 1.932619314367927332e+00 5.410136305831239958e-03
6.679550085828134797e+03 1.776818624874542563e+00 5.383876508276277950e-03
6.686229635913964557e+03 1.649172092459207928e+00 6.259545256617080923e-03
6.692915865549881346e+03 1.544546726350257693e+00 6.191533722056611483e-03
6.699608781415433441e+03 1.457789689498268926e+00 6.140107659443723269e-03
6.706308390196851178e+03 1.388241255246875694e+00 5.760782379702471603e-03
6.713014698587049679e+03 1.329399249498545599e+00 5.517876626218651270e-03
6.719727713285638856e+03 1.271498486314042164e+00 5.704264604012904485e-03
6.726447440998927050e+03 1.218853360638087135e+00 5.926509297191243780e-03
6.733173888439928305e+03 1.175484692368219175e+00 5.975212986260520012e-03
6.739907062328370557e+03 1.136203514803879155e+00 5.870791000151239468e-03
6.746646969390701088e+03 1.100440160917606214e+00 5.898425050060805003e-03
6.753393616360093802e+03 1.061915920321375495e+00 5.678097830069799359e-03
6.760147009976456502e+03 1.026789451500060402e+00 4.936641863568863413e-03
6.766907156986434529e+03 9.986514689250918231e-01 4.809170127881715398e-03
6.773674064143423493e+03 9.805082147737953502e-01 4.447935259356746232e-03
6.780447738207569273e+03 9.648190081700284138e-01 4.389064724124035720e-03
6.787228185945778932e+03 9.466091447507719581e-01 5.015828747016367987e-03
6.794015414131727084e+03 9.438428843630654042e-01 6.656350706610430004e-03
6.800809429545861349e+03 9.358290421806740866e-01 7.885108753575205756e-03
6.807610238975408720e+03 9.214444411897241283e-01 7.917196988977102945e-03
6.814417849214386479e+03 9.035870871319316988e-01 7.455735971781510089e-03
6.821232267063603103e+03 8.779672910418302445e-01 7.535121657963720493e-03
6.828053499330669183e+03 8.480785460165018996e-01 7.992862430027371234e-03
6.834881552830001965e+03 8.158486758225311775e-01 8.525012147129964676e-03
6.841716434382834450e+03 7.835170950051481009e-01 9.346578862651383837e-03
6.848558150817219939e+03 7.484270208514335332e-01 8.956734960787341229e-03
6.855406708968039311e+03 7.202188949365455617e-01 8.422293853401820532e-03
6.862262115677009206e+03 7.017161310730917201e-01 8.106327559487373074e-03
6.869124377792688392e+03 6.986277919551647786e-01 8.359663702600286794e-03
6.875993502170483225e+03 7.067318274137398548e-01 9.195746012725949936e-03
6.882869495672656740e+03 7.168417303378812333e-01 8.746500923023321772e-03
6.889752365168331380e+03 7.331123952401072952e-01 8.097770863213882980e-03
6.896642117533501732e+03 7.529911845718960661e-01 6.945050977249644410e-03
6.903538759651037253e+03 7.642085696514357984e-01 7.169496443041531442e-03
6.910442298410691365e+03 7.669971581434114061e-01 6.938028427188364274e-03
6.917352740709104182e+03 7.612199591742488947e-01 5.981275519349319066e-03
6.924270093449815249e+03 7.840042875670475420e-01 7.013161302110917407e-03
6.931194363543267173e+03 8.031269910421091618e-01 7.039481905995575647e-03
6.938125557906812901e+03 8.129002151439779222e-01 6.908580697264191800e-03
6.945063683464722089e+03 8.277758762152384042e-01 6.966027294571254178e-03
6.952008747148189286e+03 8.426773844428216975e-01 6.851287605172756701e-03
6.958960755895339389e+03 8.592887896087010313e-01 6.738747337042650526e-03
6.965919716651237650e+03 8.718922028165880800e-01 6.695244317240503333e-03
6.972885636367890584e+03 8.821781560206422013e-01 6.772222938111656550e-03
6.979858522004260521e+03 8.932251973909846043e-01 6.853937056997143167e-03
6.986838380526267429e+03 9.015697076135613663e-01 6.780153020929359509e-03
6.993825218906796181e+03 9.119607650265596499e-01 6.712330850697311065e-03
7.000819044125705659e+03 9.225050332485645876e-01 6.736845768576501907e-03
7.007819863169833297e+03 9.394506623152008018e-01 6.506639213193765418e-03
7.014827683033005087e+03 9.502309293488653275e-01 6.571835543659047298e-03
7.021842510716041033e+03 9.676065036137239117e-01 6.314098433872712690e-03
7.028864353226758794e+03 9.835750647327137219e-01 6.243679113605699743e-03
7.035893217579988232e+03 9.961058901134020038e-01 6.140814014145799631e-03
7.042929110797570502e+03 1.002384154489180945e+00 6.067939370854036341e-03
7.049972039908370789e+03 9.965108125645847359e-01 5.062095247702242361e-03
7.057022011948281033e+03 1.000977361310736669e+00 3.274320889298393007e-03
7.064079033960231754e+03 9.960832060364119833e-01 3.142011418876768016e-03
7.071143112994193871e+03 9.820512989114706937e-01 3.498119366358125315e-03
7.078214256107190522e+03 9.653187662426891968e-01 3.857244598883988098e-03
7.085292470363300708e+03 9.469074331670181977e-01 3.831022424257780282e-03
7.092377762833665656e+03 9.363452472750153355e-01 4.019657876909596417e-03
7.099470140596501551e+03 9.250043815056276930e-01 4.244096673227198101e-03
7.106569610737100447e+03 9.124245324650194222e-01 4.493492556695894216e-03
7.113676180347840273e+03 8.991732566876929900e-01 4.608763983314928710e-03
7.120789856528190285e+03 8.857880512775497817e-01 4.628755480215762143e-03
7.127910646384721076e+03 8.714098128399475618e-01 4.467550380890685131e-03
7.135038557031108212e+03 8.562714112961468116e-01 4.121467639221098982e-03
7.142173595588141325e+03 8.349249018070719064e-01 5.461248856540147981e-03
7.149315769183732300e+03 8.163778014150767648e-01 5.637311502983626856e-03
7.156465084952918005e+03 8.059489197963798368e-01 5.473528468937236338e-03
7.163621550037873021e+03 8.054434902329843382e-01 5.882434215847039648e-03
7.170785171587913283e+03 8.114812810267603149e-01 6.813813268737918365e-03
7.177955956759504261e+03 8.186018411691530217e-01 6.898179968432148652e-03
7.185133912716265513e+03 8.332444523885659260e-01 6.832659918836807462e-03
7.192319046628984324e+03 8.607312968359177585e-01 6.794173905599881248e-03
7.199511365675615707e+03 8.923160954273422485e-01 6.070917125408943106e-03
7.206710877041294225e+03 9.179012721275966458e-01 6.183181069095615781e-03
7.213917587918337631e+03 9.414950393333652023e-01 6.484964915343408021e-03
7.221131505506257781e+03 9.623407212758949836e-01 6.527591157959801611e-03
7.228352637011767001e+03 9.920001439535827137e-01 6.218638384784919496e-03
7.235580989648780815e+03 1.030814102986775893e+00 6.334882057318047890e-03
7.242816570638432495e+03 1.071553554755299675e+00 6.525040654059493378e-03
7.250059387209073066e+03 1.116400140105448857e+00 6.928430840967218785e-03
7.257309446596284033e+03 1.161188303382491904e+00 6.678163282770451133e-03
7.264566756042882844e+03 1.204109663128158036e+00 5.883684519442818756e-03
7.271831322798928340e+03 1.239723717980226070e+00 5.467542483251537459e-03
7.279103154121729858e+03 1.261526465605572467e+00 5.559881903138142421e-03
7.286382257275853590e+03 1.270974189370505769e+00 5.624164600139343675e-03
7.293668639533132591e+03 1.272762483749059648e+00 5.531804589261357999e-03
7.300962308172667690e+03 1.268430183840134173e+00 5.434934564839946289e-03
7.308263270480842948e+03 1.259121592614767415e+00 5.157276314552248532e-03
7.315571533751325660e+03 1.228540941638140316e+00 4.045836170611157717e-03
7.322887105285079997e+03 1.199088071896535324e+00 3.819914415046955780e-03
7.330209992390367006e+03 1.170308065860191649e+00 3.341103794259863390e-03
7.337540202382760071e+03 1.136586597938443077e+00 3.485713550657319314e-03
7.344877742585144915e+03 1.103078377432870294e+00 3.426312180202144807e-03
7.352222620327733239e+03 1.069646507575584771e+00 3.447350775002101190e-03
7.359574842948062724e+03 1.031421594760030924e+00 3.387807860465615484e-03
7.366934417791013402e+03 9.971132761902923303e-01 3.167455424847490965e-03
7.374301352208806748e+03 9.716482321810321343e-01 3.141668310828375429e-03
7.381675653561018407e+03 9.523827281362333697e-01 3.421776318780597476e-03
7.389057329214581841e+03 9.395090435805504292e-01 3.426295061248547241e-03
7.396446386543798326e+03 9.255801025777106172e-01 3.498290904123445202e-03
7.403842832930345139e+03 9.130024862434644728e-01 3.476881677823123826e-03
7.411246675763277381e+03 9.042077767142411293e-01 3.324519034640999876e-03
7.418657922439043432e+03 8.959578722600815004e-01 3.344513405790718215e-03
7.426076580361484957e+03 8.859915163440333918e-01 3.202949102286831422e-03
7.433502656941848727e+03 8.759328154534475885e-01 3.104390329530052391e-03
7.440936159598792983e+03 8.689812803652531281e-01 3.153369582532980237e-03
7.448377095758394717e+03 8.633466365138318110e-01 3.170632451644448888e-03
7.455825472854155123e+03 8.557116644349362922e-01 2.831580846143240317e-03
7.463281298327012337e+03 8.511363879839194402e-01 2.850479762104141893e-03
7.470744579625341430e+03 8.525707829952728911e-01 3.164151132312389373e-03
7.478215324204968965e+03 8.545363015347469116e-01 3.966445269819349022e-03
7.485693539529176633e+03 8.548885931865172205e-01 3.772747849655423182e-03
7.493179233068708527e+03 8.518650788102931637e-01 3.322567657629036959e-03
7.500672412301779332e+03 8.380339924421971176e-01 5.190997736951339508e-03
7.508173084714083416e+03 8.196363709899360250e-01 6.627716510197180153e-03
7.515681257798800289e+03 8.083589233267833851e-01 6.608958407288557761e-03
7.523196939056601877e+03 7.993443712115213540e-01 8.406384315620489198e-03
7.530720135995660712e+03 7.808127244071696449e-01 8.823458692298655204e-03
7.538250856131659020e+03 7.496472380889734888e-01 8.859691100756472010e-03
7.545789106987793275e+03 7.148195390039376873e-01 8.986886104403932901e-03
7.553334896094783289e+03 6.695915062200585854e-01 9.392422954033398386e-03
7.560888230990880402e+03 6.188535026708474884e-01 1.020408240113372320e-02
7.568449119221873843e+03 5.645245900108966097e-01 1.223725400402196802e-02
7.576017568341098013e+03 5.095585466490109017e-01 1.444918631009542258e-02
7.583593585909441572e+03 4.559883657826510062e-01 1.594036985934458445e-02
7.591177179495353812e+03 4.155704769047384728e-01 1.636480749871559864e-02
7.598768356674851930e+03 3.861688603150245092e-01 1.563248294648450498e-02
7.606367125031529213e+03 3.835541647454556724e-01 1.456296539726606096e-02
7.613973492156563225e+03 4.057177756804817292e-01 1.385680457591328962e-02
7.621587465648722173e+03 4.595565344332745439e-01 1.246371949117033862e-02
7.629209053114373091e+03 5.263605601401376566e-01 1.056516216156652005e-02
7.636838262167490029e+03 5.908657709339614206e-01 7.715476802653680258e-03
7.644475100429660415e+03 6.401042629644592141e-01 6.992385143756604110e-03
7.652119575530092334e+03 6.730846304328815810e-01 5.732602544526631955e-03
7.659771695105625440e+03 7.038526795589734597e-01 5.600591270378336289e-03
7.667431466800733688e+03 7.340392640893765863e-01 5.292821510916323642e-03
7.675098898267536242e+03 7.588123984938602851e-01 4.883154208540910028e-03
7.682773997165806577e+03 7.739376037413400189e-01 3.894885384409708332e-03
7.690456771162975201e+03 7.891607555950364006e-01 3.888500266340268879e-03
7.698147227934140574e+03 8.072112867063897523e-01 4.014290315170120256e-03
7.705845375162077289e+03 8.199922865483033618e-01 4.124763545719859967e-03
7.713551220537241534e+03 8.344812693313310437e-01 4.071528035415201627e-03
7.721264771757782000e+03 8.530792151981262395e-01 4.242699266865671871e-03
7.728986036529541707e+03 8.704808505151647724e-01 4.229537946613126653e-03
7.736715022566074367e+03 8.925625590165428003e-01 3.865515583492998633e-03
7.744451737588642573e+03 9.072478280420271934e-01 3.914049145264004992e-03
7.752196189326234162e+03 9.188216414442489377e-01 4.054969942177853379e-03
7.759948385515562222e+03 9.251352301929538502e-01 3.785550174417921451e-03
7.767708333901080550e+03 9.304770244664246626e-01 3.708377523093523906e-03
7.775476042234984561e+03 9.372185301187098139e-01 3.494591048406192699e-03
7.783251518277222203e+03 9.406690366958547767e-01 3.423989932894239401e-03
7.791034769795502143e+03 9.366422963110928590e-01 3.521986433741209569e-03
7.798825804565300132e+03 9.304023385662573142e-01 3.522849286840878079e-03
7.806624630369868100e+03 9.190073881794664779e-01 3.376092511832295973e-03
7.814431255000240526e+03 9.064563664919143005e-01 3.483731865317307285e-03
7.822245686255242617e+03 8.902412171987923450e-01 3.471314891701295785e-03
7.830067931941501229e+03 8.708249027877195125e-01 3.750825185627509623e-03
7.837897999873444860e+03 8.535443122592488718e-01 3.802440405642723217e-03
7.845735897873320937e+03 8.379349110897198472e-01 3.795687489024314812e-03
7.853581633771196721e+03 8.171657214246288436e-01 3.817917281549836062e-03
7.861435215404970222e+03 8.055608887598495471e-01 3.842717374741491578e-03
7.869296650620378387e+03 8.009299672380135737e-01 4.057606841306059600e-03
7.877165947271001642e+03 7.993919943767400227e-01 4.540080804752688257e-03
7.885043113218274812e+03 8.008568257250595623e-01 4.410553197882994929e-03
7.892928156331495302e+03 8.001063217578904263e-01 4.402648108148223341e-03
7.900821084487829467e+03 7.947752574999373820e-01 4.705599565805795859e-03
7.908721905572319884e+03 7.938176090193714840e-01 4.615171519200064396e-03
7.916630627477895359e+03 7.920405715947634873e-01 4.617336702491845607e-03
7.924547258105375477e+03 7.892357862945909019e-01 4.512452582641651201e-03
7.932471805363483327e+03 7.864955704872735875e-01 4.492288927969718959e-03
7.940404277168850058e+03 7.811182956801644428e-01 4.130979113235219713e-03
7.948344681446021241e+03 7.774386396506058894e-01 4.106760167772764529e-03
7.956293026127469602e+03 7.772931371657980648e-01 4.052619702072711091e-03
7.964249319153599572e+03 7.810750259588320477e-01 4.038492601335303030e-03
7.972213568472756378e+03 7.799568521475367389e-01 4.286260467897307774e-03
7.980185782041231505e+03 7.808232074455323524e-01 4.488014426305096498e-03
7.988165967823275423e+03 7.901872952824919860e-01 4.408495204096243500e-03
7.996154133791101231e+03 7.965864431374347632e-01 4.378782845221395811e-03
8.004150287924895565e+03 8.001772287638145853e-01 4.115426445608173778e-03
8.012154438212822242e+03 8.005908208780166957e-01 3.937873407361066475e-03
8.020166592651037718e+03 8.045136749961838696e-01 3.923546753029171115e-03
8.028186759243691995e+03 8.083718292350757784e-01 3.959988113576177332e-03
8.036214946002938632e+03 8.113641072643797969e-01 3.398637788886278710e-03
8.044251160948943834e+03 8.043061710125019026e-01 3.902773173370458620e-03
8.052295412109895551e+03 7.911818177652149009e-01 3.879887246093670448e-03
8.060347707522008022e+03 7.784763905070056778e-01 3.951033953707293322e-03
8.068408055229532692e+03 7.640515447098913393e-01 4.085862451330720194e-03
8.076476463284764577e+03 7.514888513927322489e-01 4.327001801353894291e-03
8.084552939748052268e+03 7.388987521693946015e-01 4.619713124185990602e-03
8.092637492687803388e+03 7.252335249837751352e-01 4.641976284536722223e-03
8.100730130180493688e+03 7.125124403641099891e-01 4.691607822682770414e-03
8.108830860310677053e+03 7.016646106382598003e-01 4.739304186775252989e-03
8.116939691170990045e+03 6.952169049692374925e-01 4.866308402128446606e-03
8.125056630862163729e+03 6.828866845059436974e-01 5.873544071505315198e-03
8.133181687493028221e+03 6.837853393000815627e-01 6.174562181699086959e-03
8.141314869180524511e+03 6.959586832616556640e-01 7.103747544634718934e-03
8.149456184049707190e+03 7.056656353642658530e-01 7.264382813691659842e-03
8.157605640233759914e+03 7.121548592044103509e-01 7.341146216010362158e-03
8.165763245873996311e+03 7.230902708660449374e-01 7.283793832759502193e-03
8.173929009119872717e+03 7.366326043968972614e-01 7.222636027024873819e-03
8.182102938128995447e+03 7.519033071713430161e-01 7.055075972264873707e-03
8.190285041067127167e+03 7.616251038096248926e-01 7.080050241751806132e-03
8.198475326108196896e+03 7.666069662992250899e-01 7.078422930946263666e-03
8.206673801434308189e+03 7.667168829571083810e-01 7.066170952511478635e-03
8.214880475235744598e+03 7.643810758499388625e-01 7.056415460651273112e-03
8.223095355710984222e+03 7.610897364147063415e-01 6.723876804322389232e-03
8.231318451066697889e+03 7.622585628841869188e-01 6.582376448670546054e-03
8.239549769517767345e+03 7.618990690117001252e-01 6.464568052914822227e-03
8.247789319287287071e+03 7.640533868488436076e-01 6.496821943605825267e-03
8.256037108606577021e+03 7.678934320259127588e-01 6.575378779550505523e-03
8.264293145715186256e+03 7.735600493067554817e-01 6.957915464849851600e-03
8.272557438860903858e+03 7.851994021369086418e-01 6.916789098778622011e-03
8.280829996299768027e+03 7.970878402980894339e-01 5.702735161493669575e-03
8.289110826296069718e+03 8.278533159709844380e-01 6.916075696631066028e-03
8.297399937122369010e+03 8.655753930622057668e-01 6.554474350695762598e-03
8.305697337059495112e+03 8.901583632609465502e-01 7.659952559708750087e-03
8.314003034396557268e+03 9.197639513825220936e-01 7.846826820909712924e-03
8.322317037430955679e+03 9.693317246429901113e-01 8.526486543721687253e-03
8.330639354468388774e+03 1.026789642568444627e+00 8.773527491890979052e-03
8.338969993822860488e+03 1.082599985764113759e+00 9.038557450213854927e-03
8.347308963816685718e+03 1.151506243792358442e+00 9.599222718342483723e-03
8.355656272780506697e+03 1.220738432660749329e+00 9.669647457297630283e-03
8.364011929053289350e+03 1.290823389745265448e+00 9.798434231821265272e-03
8.372375940982345128e+03 1.366056805135943852e+00 9.772057195174734673e-03
8.380748316923331004e+03 1.453546145327380801e+00 9.770813981913498147e-03
8.389129065240256750e+03 1.543133703228155351e+00 9.741296151387530966e-03
8.397518194305499492e+03 1.635805739807418613e+00 9.717001506603846830e-03
8.405915712499807341e+03 1.712985209377924756e+00 1.080010533455898203e-02
8.414321628212310316e+03 1.796132946059645130e+00 1.158410984302787536e-02
8.422735949840525791e+03 1.881888519497789014e+00 1.143366491074610317e-02
8.431158685790369418e+03 1.990320372516003244e+00 1.084947533780000403e-02
8.439589844476162398e+03 2.115460903862983244e+00 1.060560886080913479e-02
8.448029434320640576e+03 2.264329465667761720e+00 1.150603379535362035e-02
8.456477463754963537e+03 2.411577384397160184e+00 1.127463267752197747e-02
8.464933941218721884e+03 2.549662775945554571e+00 1.280992259075260098e-02
8.473398875159942691e+03 2.666853843381502109e+00 1.271960172057932936e-02
8.481872274035105875e+03 2.765840530344516601e+00 1.225169726841049411e-02
8.490354146309144198e+03 2.840801674362944063e+00 9.928951970579804123e-03
8.498844500455456000e+03 2.863853783610841308e+00 9.963862594096100853e-03
8.507343344955914290e+03 2.855072158631087653e+00 9.751569054574082962e-03
8.515850688300872207e+03 2.797713535225470061e+00 1.025694580385139339e-02
8.524366538989177570e+03 2.709068222798974190e+00 1.063556714605237707e-02
8.532890905528169242e+03 2.601840022355342619e+00 8.113171371438797005e-03
8.541423796433698953e+03 2.499616049856062006e+00 6.613711047743746005e-03
8.549965220230136765e+03 2.406348118814055859e+00 6.773173962642285717e-03
8.558515185450369245e+03 2.324103585662835592e+00 8.419714228106613477e-03
8.567073700635823116e+03 2.265484906130583731e+00 7.863764139558719266e-03
8.575640774336461618e+03 2.230664645929056888e+00 8.086485568246280786e-03
8.584216415110800881e+03 2.235006939339327481e+00 8.548057497488957546e-03
8.592800631525913559e+03 2.272150012344990699e+00 9.793850722547963947e-03
8.601393432157443385e+03 2.328965420963790223e+00 1.108635967686012920e-02
8.609994825589603352e+03 2.395686397749559049e+00 1.136661778683113223e-02
8.618604820415195718e+03 2.463909386949264313e+00 1.098187826722344697e-02
8.627223425235613831e+03 2.510917652766972097e+00 1.038242264538799704e-02
8.635850648660851220e+03 2.546654429980755641e+00 8.520963337882063796e-03
8.644486499309516148e+03 2.546033620871257952e+00 8.515245020094949421e-03
8.653130985808827973e+03 2.514257615782061528e+00 1.069956149966057660e-02
8.661784116794638976e+03 2.459472053118840318e+00 1.302142000198406452e-02
8.670445900911438002e+03 2.398489745755838953e+00 1.269778821584057263e-02
8.679116346812352276e+03 2.329481262246055007e+00 1.150094301822520738e-02
8.687795463159167412e+03 2.251214243330721398e+00 1.079738612214891161e-02
8.696483258622329231e+03 2.168846299066921723e+00 1.032736888460697444e-02
8.705179741880954680e+03 2.081776696339658894e+00 1.080717822443136647e-02
8.713884921622837282e+03 1.986925172005395535e+00 1.084606798996646561e-02
8.722598806544463514e+03 1.889822591083797132e+00 1.044696664717120402e-02
8.731321405351010981e+03 1.800852581747584447e+00 9.567725549461380055e-03
8.740052726756364791e+03 1.708230870608137053e+00 9.355919898285164002e-03
8.748792779483124832e+03 1.614702182576332801e+00 9.332494481186439858e-03
8.757541572262609407e+03 1.517569821441058453e+00 1.143697876267654387e-02
8.766299113834875243e+03 1.441838103477992128e+00 1.152370678763526418e-02
8.775065412948713856e+03 1.366447912347441562e+00 1.161886721385148140e-02
8.783840478361664282e+03 1.292016337071985044e+00 1.179320156491281933e-02
8.792624318840029446e+03 1.214240387215919315e+00 1.172803093659711450e-02
8.801416943158872527e+03 1.152067985677323936e+00 1.173437019012848852e-02
8.810218360102035149e+03 1.088184088566274133e+00 1.165795594887120493e-02
8.819028578462139194e+03 1.036947699251795196e+00 1.152854248847097647e-02
8.827847607040604998e+03 9.980463834511587029e-01 1.147344000787300401e-02
8.836675454647647712e+03 9.652455641911098505e-01 1.128592974635791481e-02
8.845512130102299125e+03 9.395012717241221223e-01 1.071605515193185462e-02
8.854357642232404032e+03 9.226392295352154882e-01 1.033657863803807628e-02
8.863211999874638423e+03 8.978177597654207753e-01 1.028259555308421239e-02
8.872075211874516754e+03 8.724923029878288716e-01 1.005441192451440868e-02
8.880947287086393771e+03 8.477983651898263195e-01 9.820215676604007390e-03
8.889828234373482701e+03 8.211048132262961374e-01 9.708610056739282873e-03
8.898718062607858883e+03 7.947791464958577912e-01 9.943516575710907232e-03
8.907616780670470689e+03 7.747968291481889258e-01 9.969201435116707005e-03
8.916524397451143159e+03 7.565820369577385129e-01 1.002793191854938447e-02
8.925440921848598009e+03 7.406065315725337550e-01 1.007745701487209634e-02
8.934366362770449996e+03 7.375756379021851661e-01 1.003164885977166423e-02
8.943300729133223285e+03 7.352997869621211713e-01 9.870320239148234337e-03
8.952244029862358730e+03 7.307593308198384596e-01 9.914785489358242040e-03
8.961196273892224781e+03 7.205725414452464062e-01 9.801339046364437521e-03
8.970157470166119310e+03 7.123856124318631577e-01 9.752512076544055455e-03
8.979127627636287798e+03 7.069005268474488624e-01 9.655822132467309360e-03
8.988106755263928790e+03 7.106978194732522791e-01 9.653783991936162531e-03
8.997094862019195716e+03 7.125762724912204638e-01 9.481373568963056761e-03
9.006091956881216902e+03 7.121204843366327752e-01 9.264550016303952848e-03
9.015098048838101022e+03 7.124996480898907469e-01 9.100585664932025684e-03
9.024113146886942559e+03 7.231816979147797086e-01 7.553874322859009845e-03
9.033137260033832717e+03 7.296215650630060168e-01 7.386008809675172725e-03
9.042170397293868518e+03 7.365164363830594141e-01 7.404907551604537723e-03
9.051212567691165532e+03 7.422729406026963295e-01 7.526383543352404941e-03
9.060263780258859697e+03 7.382794985210330285e-01 7.989058985058557563e-03
9.069324044039121873e+03 7.391644409527937665e-01 8.487379524005243467e-03
9.078393368083163296e+03 7.394245565427060018e-01 8.889438060087701682e-03
9.087471761451250131e+03 7.295734912218432289e-01 1.004940957630834179e-02
9.096559233212705294e+03 7.205231393688381614e-01 1.182733550587855911e-02
9.105655792445919360e+03 7.121306404867382422e-01 1.416181892750962602e-02
9.114761448238368757e+03 7.042033377497961544e-01 1.735521302351022283e-02
9.123876209686610309e+03 6.979961228885354085e-01 2.154781035481534088e-02
9.133000085896299424e+03 6.990664241783439703e-01 2.725747562863675699e-02
9.142133085982199191e+03 7.054947153073216626e-01 3.455221386888813334e-02
9.151275219068184015e+03 7.149144885579337139e-01 4.524532213333285618e-02
9.160426494287255991e+03 7.362639043058404331e-01 6.059664940868365879e-02
9.169586920781546723e+03 7.677846698355054178e-01 8.229067369277105748e-02
