# starting wavelength: 2822.332
# ending wavelength: 10112.371
# wav flux eflux
2.824922261238569263e+03 -4.089990919509111755e+00 1.725770168231040103e+01
2.827747183499808671e+03 -1.913009191399084319e+00 1.257908510015016290e+01
2.830574930683309503e+03 -9.498404800556808913e-01 9.419934924424913092e+00
2.833405505613993682e+03 -2.522717363653720346e-01 7.214820124071546381e+00
2.836238911119608929e+03 -2.128283262496982742e-01 5.649343651073805539e+00
2.839075150030729219e+03 -3.734233403085736036e-01 4.557352861725100013e+00
2.841914225180761150e+03 -1.031713716108456191e+00 3.715333814569572901e+00
2.844756139405942577e+03 -1.510629388894991765e+00 3.351241026081294816e+00
2.847600895545349431e+03 -1.758370209591747502e+00 2.800702842911900081e+00
2.850448496440895724e+03 -1.223371551087043763e+00 2.675858448602765005e+00
2.853298944937337637e+03 -3.176681506175693670e-01 2.525896297776383470e+00
2.856152243882275798e+03 6.646723811519366087e-01 2.348169223036868036e+00
2.859008396126159369e+03 1.508229635218577780e+00 2.167947490866841687e+00
2.861867404522286051e+03 1.932393092952100488e+00 2.032373049332643955e+00
2.864729271926809361e+03 2.386889539031587404e+00 1.907150770975542420e+00
2.867594001198737260e+03 2.510489664891211170e+00 1.798305938926721748e+00
2.870461595199936710e+03 2.342698664151290355e+00 1.709664819605398067e+00
2.873332056795137760e+03 1.795761386854266117e+00 1.659776402495552361e+00
2.876205388851934003e+03 1.501788071101115118e+00 1.653927067804059847e+00
2.879081594240786671e+03 1.128341267367936274e+00 1.627434717624538951e+00
2.881960675835028724e+03 8.572883845377963219e-01 1.474630286072279528e+00
2.884842636510864395e+03 2.039365907696133462e-02 1.540715615165943575e+00
2.887727479147376471e+03 -7.053842997579449214e-01 1.517621820600517646e+00
2.890615206626524468e+03 -1.583887666347402412e+00 1.455782387273644396e+00
2.893505821833151913e+03 -3.020122861673836034e+00 1.104449605809578516e+00
2.896399327654986337e+03 -3.657834606833290092e+00 1.090265899086291013e+00
2.899295726982642009e+03 -4.272759995238242681e+00 1.078786921660258802e+00
2.902195022709625846e+03 -4.818505999891320002e+00 1.053263806786822299e+00
2.905097217732336503e+03 -5.265853514442159877e+00 1.052597764730177188e+00
2.908002314950069831e+03 -5.595661975033141999e+00 1.040696748608403555e+00
2.910910317265020694e+03 -5.708841331982583256e+00 1.061136928291047221e+00
2.913821227582286610e+03 -5.822047885796425959e+00 1.060171460703339008e+00
2.916735048809870023e+03 -6.066610840571120988e+00 1.041841970007532980e+00
2.919651783858680574e+03 -6.008821315132919949e+00 1.054652763646233948e+00
2.922571435642540564e+03 -5.939592760215358425e+00 1.012782702090725628e+00
2.925494007078184040e+03 -5.417564463787641671e+00 9.643762273003269048e-01
2.928419501085263164e+03 -4.785429536275533025e+00 8.766970978776228440e-01
2.931347920586349119e+03 -4.142263986678359267e+00 7.638992650003680884e-01
2.934279268506936660e+03 -3.494759650293706166e+00 6.995205708216037932e-01
2.937213547775444567e+03 -3.039617530475823948e+00 6.730695535948924002e-01
2.940150761323221104e+03 -3.036164410739207398e+00 6.319226481256379202e-01
2.943090912084544925e+03 -2.962544871731680018e+00 6.140592312872891201e-01
2.946034002996630534e+03 -3.377914245572550378e+00 4.426373193151915131e-01
2.948980036999628283e+03 -3.605018057398380549e+00 3.713717952043185666e-01
2.951929017036628920e+03 -3.637520901374465154e+00 3.722663978431033360e-01
2.954880946053666321e+03 -3.754943154288593821e+00 3.677364613794168458e-01
2.957835826999721121e+03 -3.953311422458646973e+00 3.731552968972189910e-01
2.960793662826721629e+03 -4.076322381550591345e+00 3.584329659783857536e-01
2.963754456489549284e+03 -4.143461545495751963e+00 3.542925700169672898e-01
2.966718210946040017e+03 -4.195294299961298101e+00 3.644892062913172581e-01
2.969684929156986982e+03 -4.249221492512482712e+00 3.589177836003450972e-01
2.972654614086145102e+03 -4.113929561467371876e+00 3.786142340597540845e-01
2.975627268700231980e+03 -4.117607128969367203e+00 3.737174621710555589e-01
2.978602895968933353e+03 -4.231249785102908945e+00 3.690894821021731276e-01
2.981581498864903097e+03 -4.328017492422514323e+00 3.695301653726371649e-01
2.984563080363769132e+03 -4.327575276746683741e+00 3.608190327540293785e-01
2.987547643444133882e+03 -4.612320678197401769e+00 3.304048693176859786e-01
2.990535191087578823e+03 -4.783051167554747352e+00 3.255145981712809777e-01
2.993525726278667662e+03 -4.964174294212776672e+00 3.220695970406628472e-01
2.996519252004947248e+03 -5.092802193172854430e+00 3.170345912513005127e-01
2.999515771256953030e+03 -5.224649255262225012e+00 3.252795772325753343e-01
3.002515287028211333e+03 -5.450430297224918341e+00 3.219096998161358192e-01
3.005517802315240260e+03 -5.639322865555267406e+00 3.115775853299975195e-01
3.008523320117556523e+03 -5.757736217744948704e+00 3.065987422737527779e-01
3.011531843437674979e+03 -5.776192567247413479e+00 2.909716949005677900e-01
3.014543375281113640e+03 -5.869856438352528905e+00 2.930661805787261875e-01
3.017557918656395941e+03 -5.983691466849487384e+00 2.799903391814793641e-01
3.020575476575053472e+03 -6.252848479879062005e+00 2.385210003918468435e-01
3.023596052051629158e+03 -6.322005242536278935e+00 2.086715326225679623e-01
3.026619648103681811e+03 -6.060065744323377857e+00 3.156479567290066957e-01
3.029646267751786581e+03 -5.887429956310379353e+00 3.439107489675736207e-01
3.032675914019539505e+03 -5.833388731351909939e+00 3.391095059430888625e-01
3.035708589933559779e+03 -5.770965283194005480e+00 3.438698427903600918e-01
3.038744298523494763e+03 -5.550659848825628906e+00 3.349509433829847560e-01
3.041783042822019070e+03 -5.575831735282749335e+00 3.355238128179157120e-01
3.044824825864842296e+03 -5.553500437837177728e+00 3.278383866218443354e-01
3.047869650690708113e+03 -5.441064572488046203e+00 3.296960484673941982e-01
3.050917520341399722e+03 -5.592928134937436013e+00 3.600718119405234563e-01
3.053968437861742132e+03 -5.603012990346832645e+00 3.600108654200563918e-01
3.057022406299604881e+03 -5.838395044159666369e+00 3.905688250463105748e-01
3.060079428705905229e+03 -5.936338677612129189e+00 3.721802585591832413e-01
3.063139508134612242e+03 -5.944443318558263023e+00 3.788388565642033523e-01
3.066202647642748161e+03 -6.062246287036146875e+00 3.719252382810955826e-01
3.069268850290391583e+03 -6.255412077292274553e+00 3.644801070178687041e-01
3.072338119140682920e+03 -6.349453529035431920e+00 3.730435253839346488e-01
3.075410457259824852e+03 -6.514502334828362606e+00 3.634138894657034657e-01
3.078485867717085512e+03 -6.712888005979621653e+00 3.610833447979613919e-01
3.081564353584803939e+03 -6.846781643090546154e+00 3.476064976028399034e-01
3.084645917938389630e+03 -6.841082405538984723e+00 3.456075690665654787e-01
3.087730563856328899e+03 -6.857705357230946319e+00 3.415391301007748570e-01
3.090818294420186248e+03 -6.901855864626901038e+00 3.409448471032431316e-01
3.093909112714607545e+03 -6.850240831108754591e+00 3.521056044030920207e-01
3.097003021827323209e+03 -6.705107038837377686e+00 3.447613228119489337e-01
3.100100024849151396e+03 -6.515653813238150960e+00 3.478728704974955455e-01
3.103200124874001631e+03 -6.308692930268561483e+00 3.511349746135571381e-01
3.106303324998876633e+03 -6.170230506004607207e+00 3.462110050041017351e-01
3.109409628323876859e+03 -6.145860635431075636e+00 3.346750666139752250e-01
3.112519037952201415e+03 -6.132516067345250121e+00 3.387392142647819848e-01
3.115631556990154877e+03 -6.105113900352971079e+00 3.420079042980000983e-01
3.118747188547145925e+03 -6.131806869614800704e+00 3.221032395098246681e-01
3.121865935735694165e+03 -5.997893819722355246e+00 3.198438656640671951e-01
3.124987801671431043e+03 -5.951166926921033884e+00 3.265604586525677755e-01
3.128112789473103476e+03 -5.879203836686550666e+00 3.265941409525168759e-01
3.131240902262577492e+03 -5.697813979330068612e+00 3.207976042978937792e-01
3.134372143164840963e+03 -5.371111964486136259e+00 3.325051433637108422e-01
3.137506515308006783e+03 -5.244440390262623097e+00 3.356302136219336818e-01
3.140644021823316052e+03 -4.968085750548894453e+00 3.386054068828077690e-01
3.143784665845140353e+03 -4.710028786931086842e+00 3.410758989756886850e-01
3.146928450510986750e+03 -4.580528251859599109e+00 3.324449395759024317e-01
3.150075378961498700e+03 -4.625022756613583752e+00 3.044364078880447688e-01
3.153225454340461056e+03 -4.611769883199652753e+00 3.015970003534757526e-01
3.156378679794802792e+03 -4.501432045324141207e+00 2.822401513946826146e-01
3.159535058474598372e+03 -4.349490968239027033e+00 2.785131595247989922e-01
3.162694593533074112e+03 -4.220300293848907813e+00 2.755264952357198149e-01
3.165857288126608182e+03 -4.233975966787562051e+00 2.814498718603274385e-01
3.169023145414736064e+03 -4.204299042120437591e+00 2.783921440346241449e-01
3.172192168560151458e+03 -4.284561867132326896e+00 2.753647499681697308e-01
3.175364360728712654e+03 -4.213288260168461363e+00 2.779073917659494186e-01
3.178539725089442527e+03 -4.123184429476787649e+00 2.867499870868194245e-01
3.181718264814533086e+03 -4.274332009738729177e+00 2.997448299870796307e-01
3.184899983079348658e+03 -4.330256483125932476e+00 3.022906761557459521e-01
3.188084883062429071e+03 -4.461347353629569135e+00 2.810769052026856896e-01
3.191272967945492383e+03 -4.319972017436644940e+00 3.013354989693111663e-01
3.194464240913438971e+03 -4.223982307054898300e+00 2.924178719520195147e-01
3.197658705154353811e+03 -4.122100904706066160e+00 2.803433389050107860e-01
3.200856363859509202e+03 -3.922706493209340728e+00 2.844818047653157045e-01
3.204057220223369768e+03 -3.954947114803591734e+00 3.020492634002373555e-01
3.207261277443593826e+03 -3.831562051068969854e+00 2.977003229669347162e-01
3.210468538721038840e+03 -3.707395611861515672e+00 3.061161325663246391e-01
3.213679007259760965e+03 -3.537640835463170763e+00 3.096285063269423321e-01
3.216892686267021418e+03 -3.628121319071843764e+00 2.844997929729941033e-01
3.220109578953289656e+03 -3.670594184660641357e+00 2.825585759720730117e-01
3.223329688532243836e+03 -3.603803098374771974e+00 2.785382743269196326e-01
3.226553018220777176e+03 -3.490693507454067035e+00 2.668372866792418363e-01
3.229779571238999324e+03 -3.383338064793916633e+00 2.607353527907499968e-01
3.233009350810239084e+03 -3.117274294794339706e+00 2.848864825262922285e-01
3.236242360161050783e+03 -2.959633748709086021e+00 2.878852513838203731e-01
3.239478602521212906e+03 -2.936000502334971340e+00 2.889727907520234229e-01
3.242718081123734919e+03 -2.892706700238081297e+00 2.912548028046760273e-01
3.245960799204859995e+03 -2.805298162082498603e+00 2.863385664278665921e-01
3.249206760004065927e+03 -2.705906150499319818e+00 2.851257136349119037e-01
3.252455966764071036e+03 -2.446927832451941676e+00 2.872919860964048278e-01
3.255708422730835991e+03 -2.270327231420386394e+00 2.805251540180268566e-01
3.258964131153567905e+03 -2.074572025983948187e+00 2.765754070052132696e-01
3.262223095284722604e+03 -1.767436738615197900e+00 2.993331509579855165e-01
3.265485318380008266e+03 -1.557366647189369013e+00 2.733423005101462411e-01
3.268750803698389518e+03 -1.378819128752975853e+00 2.793019464177938227e-01
3.272019554502088795e+03 -1.391125971320684052e+00 2.650741028475064875e-01
3.275291574056592253e+03 -1.312017126295542235e+00 2.607360726993820932e-01
3.278566865630649772e+03 -1.240976269469093562e+00 2.507347744150671409e-01
3.281845432496281319e+03 -1.251497054290484856e+00 2.477009253564034508e-01
3.285127277928778767e+03 -1.182301841010169108e+00 2.471188989969783922e-01
3.288412405206708627e+03 -1.128450510620969904e+00 2.423040728792079102e-01
3.291700817611916591e+03 -1.228817368671305754e+00 2.453576394010303086e-01
3.294992518429529355e+03 -1.414653494137195100e+00 2.368436271983069830e-01
3.298287510947960072e+03 -1.398980331204683125e+00 2.456450631675647367e-01
3.301585798458909267e+03 -1.317177379144844895e+00 2.504653409787798157e-01
3.304887384257369376e+03 -1.374178571943597493e+00 2.334957974945391090e-01
3.308192271641627485e+03 -1.592295885649189335e+00 2.761285339578399833e-01
3.311500463913270323e+03 -1.437668275325953982e+00 3.075406579776573390e-01
3.314811964377184722e+03 -1.029183117536096592e+00 4.890254131700291773e-01
3.318126776341563072e+03 -9.336332637423271352e-01 4.858286422344586519e-01
3.321444903117905596e+03 -1.067232022991565277e+00 4.474790133255466262e-01
3.324766348021024896e+03 -1.408619244236848145e+00 4.621188853833003152e-01
3.328091114369046863e+03 -1.794874217020621332e+00 4.750772561499004842e-01
3.331419205483417045e+03 -2.268928238425078181e+00 4.982948820129050049e-01
3.334750624688901553e+03 -2.594915459411663239e+00 5.102142709474469795e-01
3.338085375313591612e+03 -3.040958328397830535e+00 5.273666570704087508e-01
3.341423460688906289e+03 -3.348326254527925094e+00 5.042826289376075577e-01
3.344764884149596128e+03 -3.421224823553793204e+00 4.918412883244697165e-01
3.348109649033746791e+03 -3.347360610084817001e+00 4.906330374761753710e-01
3.351457758682781787e+03 -3.282019115872479631e+00 4.757106246303051122e-01
3.354809216441465651e+03 -3.021820697951627555e+00 4.806199708797321279e-01
3.358164025657908041e+03 -2.546839377280110561e+00 5.117916447600121543e-01
3.361522189683567376e+03 -2.099028314391539141e+00 5.099221913148542784e-01
3.364883711873251741e+03 -1.779581410979619527e+00 4.899988512532673091e-01
3.368248595585126168e+03 -1.347225066671056792e+00 4.508766875074230462e-01
3.371616844180712633e+03 -8.533046089244809007e-01 4.271257196939059475e-01
3.374988461024894150e+03 -4.915461579671713821e-01 4.432027910371105217e-01
3.378363449485920228e+03 -3.023888984533786850e-01 4.420267321503534297e-01
3.381741812935407324e+03 -1.891941874783827915e-01 4.423509274135548064e-01
3.385123554748343849e+03 -2.554765786146109274e-01 3.957953163856421375e-01
3.388508678303093347e+03 -4.634694739625801474e-01 2.570554513104781336e-01
3.391897186981397681e+03 -5.131097520464023010e-01 2.536821262018209011e-01
3.395289084168380214e+03 -3.548403597589155356e-01 2.026421518361683216e-01
3.398684373252549449e+03 -1.722357725927250172e-01 2.296322939644991901e-01
3.402083057625803121e+03 -1.490555397301671636e-01 2.267318774689979499e-01
3.405485140683430018e+03 -8.322889646712311462e-02 2.183911109395917649e-01
3.408890625824114522e+03 4.342515882088826551e-02 2.125133187872749740e-01
3.412299516449939802e+03 7.192788750577830403e-02 2.096862979113837955e-01
3.415711815966390986e+03 -1.398926118832044541e-02 2.164941521249465206e-01
3.419127527782358356e+03 3.149444584307325989e-03 2.254818434292698015e-01
3.422546655310141887e+03 3.181631143153253183e-02 2.214253019181899595e-01
3.425969201965453522e+03 4.813737710781736123e-02 2.161154964210407481e-01
3.429395171167419903e+03 5.981992052476237109e-02 2.130649731711097283e-01
3.432824566338588284e+03 6.600697806230952647e-02 2.082190201828749421e-01
3.436257390904928343e+03 9.385383706431672801e-02 1.921390864793388609e-01
3.439693648295834464e+03 1.237504953910157635e-01 1.912619956568294144e-01
3.443133341944131189e+03 1.372879847518410079e-02 1.668500986892626492e-01
3.446576475286076402e+03 7.078883277316949663e-02 1.908027674361074955e-01
3.450023051761363604e+03 9.692216738061072701e-02 1.693342407381966119e-01
3.453473074813126004e+03 -1.353765624967058490e-01 2.334676391897453351e-01
3.456926547887940615e+03 -2.243633696082726059e-01 2.340334262099605656e-01
3.460383474435829612e+03 -3.138665312879362901e-01 2.381423562899241120e-01
3.463843857910266706e+03 -3.829050767532782285e-01 2.297367893484258128e-01
3.467307701768178049e+03 -3.759452134547054403e-01 2.028115024352899753e-01
3.470775009469947236e+03 -1.396008786722292283e-01 2.559516007147681349e-01
3.474245784479418489e+03 1.667970695204756826e-02 2.581324193606024386e-01
3.477720030263898934e+03 1.611004768077453353e-01 2.562071749971055468e-01
3.481197750294164052e+03 3.359270935891975896e-01 2.493291105512880357e-01
3.484678948044459503e+03 5.685397433512507925e-01 2.279663776517500962e-01
3.488163626992504760e+03 7.146727922300168956e-01 2.215785168987944864e-01
3.491651790619498570e+03 7.727617537310116358e-01 2.190342164726625240e-01
3.495143442410119405e+03 7.612484319386859655e-01 2.175099773306698459e-01
3.498638585852530468e+03 6.976086412361974798e-01 2.173540795683135685e-01
3.502137224438384237e+03 5.529343821122769675e-01 2.236863225555421053e-01
3.505639361662823831e+03 3.084175314923824907e-01 2.158756783297397508e-01
3.509145001024487556e+03 1.400892655823847976e-01 1.935966196590834243e-01
3.512654146025513455e+03 5.312483449179367101e-02 2.028749490552860524e-01
3.516166800171540217e+03 -5.467390368064517503e-02 2.020954410857247197e-01
3.519682966971712631e+03 -8.207492428463958323e-02 1.785615633332103269e-01
3.523202649938685681e+03 -9.317842930578468241e-02 1.896424037037880983e-01
3.526725852588625457e+03 -8.692319896238431820e-02 1.695124952446044331e-01
3.530252578441215064e+03 1.167461147820001433e-01 1.728411999587119441e-01
3.533782831019657806e+03 3.827160409555947496e-01 2.194909723232498222e-01
3.537316613850678550e+03 5.243401337079900415e-01 2.187555054440306901e-01
3.540853930464530094e+03 6.752991514213305679e-01 2.136683063744331534e-01
3.544394784394995895e+03 9.066193935574817786e-01 1.831970272047798720e-01
3.547939179179392340e+03 9.561546804856544401e-01 1.839373678965545433e-01
3.551487118358572843e+03 9.777408155650959554e-01 1.951393142005929671e-01
3.555038605476932389e+03 9.237935218216584143e-01 2.055205057440243066e-01
3.558593644082410719e+03 8.364104453951479723e-01 2.006207978428130867e-01
3.562152237726494150e+03 8.173201960696799828e-01 1.995427322168302764e-01
3.565714389964221937e+03 7.625404693048996041e-01 1.955501868928560538e-01
3.569280104354187188e+03 7.033994142749047107e-01 1.938092640998878846e-01
3.572849384458542772e+03 6.171748560783913984e-01 1.882605010235699206e-01
3.576422233843002232e+03 5.257582771631149621e-01 1.840673344522032739e-01
3.579998656076846601e+03 5.330974593441031306e-01 1.732596867761435067e-01
3.583578654732924406e+03 6.668502731216454649e-01 1.529198148083489306e-01
3.587162233387658489e+03 7.040568887104512452e-01 1.503791222787362880e-01
3.590749395621047370e+03 6.991009926088691540e-01 1.464948126406460938e-01
3.594340145016669794e+03 6.377030170083711758e-01 1.330255790893796475e-01
3.597934485161687462e+03 5.809277128965499859e-01 1.225792682017425722e-01
3.601532419646850485e+03 5.768163171403284384e-01 1.221573979618055528e-01
3.605133952066498296e+03 7.367843560197325781e-01 1.491162509836703731e-01
3.608739086018566013e+03 7.904339117749726862e-01 1.913381422001122767e-01
3.612347825104585809e+03 5.880951339682324308e-01 2.724697769591524765e-01
3.615960172929691907e+03 5.627275960719717585e-01 2.779144006941355882e-01
3.619576133102622407e+03 5.629165609300621487e-01 2.775122760797416044e-01
3.623195709235726554e+03 4.995523705413215665e-01 2.755921201731696413e-01
3.626818904944963379e+03 5.652914879103827506e-01 2.860715171427979375e-01
3.630445723849909427e+03 6.353645656580733103e-01 2.904500050904660347e-01
3.634076169573760581e+03 6.580213393423327561e-01 3.162676288223456589e-01
3.637710245743335690e+03 8.288900765028335282e-01 3.189520382595920633e-01
3.641347955989080219e+03 1.103205025359292879e+00 3.485069785652122332e-01
3.644989303945070333e+03 1.124356788522353989e+00 3.576069021258792002e-01
3.648634293249016537e+03 1.199464335608354304e+00 3.581469221209812037e-01
3.652282927542266862e+03 1.194267218338278091e+00 3.757298778671991357e-01
3.655935210469810499e+03 1.105042564565983376e+00 3.935695170884592753e-01
3.659591145680281443e+03 1.188761681693716765e+00 3.940405198877370285e-01
3.663250736825963031e+03 1.290103933805005543e+00 4.139320967425474396e-01
3.666913987562790226e+03 1.300819310063456635e+00 4.229152050867972523e-01
3.670580901550354156e+03 1.236730445132011802e+00 4.255701516034413046e-01
3.674251482451905758e+03 1.413809485275020261e+00 3.895555908724246397e-01
3.677925733934358959e+03 1.462890505319003109e+00 3.542209834681423475e-01
3.681603659668294313e+03 1.257279544356804557e+00 3.240884173045598948e-01
3.685285263327964003e+03 1.226572365790471686e+00 3.255746972165425857e-01
3.688970548591293209e+03 1.276655002024760011e+00 3.411992365729170640e-01
3.692659519139885560e+03 1.154737992758358089e+00 3.386791527592145634e-01
3.696352178659026777e+03 1.051119238918837295e+00 3.691030738047993420e-01
3.700048530837686940e+03 9.772002814020898098e-01 3.679750597611294860e-01
3.703748579368525952e+03 1.024632363676203806e+00 3.479312230437172637e-01
3.707452327947895355e+03 1.375671918770657198e+00 3.964004517706041786e-01
3.711159780275844696e+03 1.736796855905788473e+00 3.503260293769994149e-01
3.714870940056121526e+03 1.853052750900736845e+00 3.649277653228683582e-01
3.718585810996179134e+03 2.078430591558481755e+00 3.685199230228375367e-01
3.722304396807176545e+03 2.194893518087101647e+00 3.607878029742314641e-01
3.726026701203984885e+03 2.229592871951850519e+00 3.612911858658456321e-01
3.729752727905190113e+03 2.269618658227843255e+00 3.612902855489558696e-01
3.733482480633096657e+03 2.364446890382364330e+00 3.470607528329464064e-01
3.737215963113731050e+03 2.354154783446612775e+00 3.512949677479321742e-01
3.740953179076846027e+03 2.002619930796305514e+00 3.797203820663851426e-01
3.744694132255923705e+03 1.770387929408143712e+00 3.905820537330421671e-01
3.748438826388181042e+03 1.482856205215883350e+00 3.795002289157656805e-01
3.752187265214570289e+03 1.166393405970212571e+00 3.885936740254494759e-01
3.755939452479786269e+03 1.079787554829838570e+00 3.911561987271366392e-01
3.759695391932267285e+03 1.244402302232382240e+00 3.757526623654483533e-01
3.763455087324201031e+03 1.310804279981572007e+00 3.763609717087936235e-01
3.767218542411526414e+03 1.321291228753814107e+00 3.382926557022527536e-01
3.770985760953939007e+03 1.653844372504656768e+00 4.386902386286484212e-01
3.774756746714894234e+03 1.991740823346355604e+00 4.085356965158953302e-01
3.778531503461610555e+03 2.279511618820357022e+00 3.280674519723682514e-01
3.782310034965073100e+03 2.265872520499142340e+00 3.624359201039295542e-01
3.786092345000039586e+03 2.112881881959567387e+00 3.636684415573856466e-01
3.789878437345040766e+03 1.912729825155824903e+00 3.554163590999311340e-01
3.793668315782387253e+03 1.778125595388957425e+00 3.443359815069588215e-01
3.797461984098170888e+03 1.555888778822652307e+00 3.460972115692668716e-01
3.801259446082270188e+03 1.329173417001399127e+00 2.991926152691989360e-01
3.805060705528353537e+03 1.310484875748528788e+00 3.101379817072976719e-01
3.808865766233883278e+03 1.465188439060970182e+00 3.017907063258787881e-01
3.812674632000118436e+03 1.643841800715397206e+00 2.950163939832556315e-01
3.816487306632119726e+03 1.769120733804605106e+00 2.841218085710373598e-01
3.820303793938753188e+03 1.978974633057229982e+00 2.607139396280818699e-01
3.824124097732693372e+03 2.058208640117020316e+00 2.668236932177435738e-01
3.827948221830427428e+03 2.064132575409491466e+00 2.747273586250512656e-01
3.831776170052258749e+03 2.049675835528504297e+00 2.746543439757895277e-01
3.835607946222312421e+03 1.944975773699745725e+00 2.367057485743828960e-01
3.839443554168536139e+03 1.810287927095742821e+00 2.347491254561064611e-01
3.843282997722705659e+03 1.937003102106028773e+00 1.682564260716392646e-01
3.847126280720429804e+03 1.902572158634222799e+00 1.941637762112396748e-01
3.850973407001151372e+03 1.990091298175667767e+00 1.788281864673750832e-01
3.854824380408153957e+03 2.126271827842470596e+00 1.734996525715523652e-01
3.858679204788563311e+03 2.383668410232760770e+00 1.785448204538520323e-01
3.862537883993353262e+03 2.721076813112410786e+00 1.820019359998076569e-01
3.866400421877347981e+03 3.065749404059887162e+00 1.841299033729947299e-01
3.870266822299226533e+03 3.242806519533873555e+00 1.954484225270750886e-01
3.874137089121526969e+03 3.344755743585188235e+00 2.089108380719235936e-01
3.878011226210649966e+03 3.549433895136012485e+00 2.162538433954117878e-01
3.881889237436861549e+03 3.603787157816141562e+00 2.183453904783856925e-01
3.885771126674299921e+03 3.543595785279072263e+00 2.355128343841474126e-01
3.889656897800975457e+03 3.505219929053558836e+00 2.371926686347375079e-01
3.893546554698777527e+03 3.366481453473610497e+00 2.402141512696762682e-01
3.897440101253477678e+03 3.232087338899506612e+00 2.218967485254114691e-01
3.901337541354732366e+03 3.160886984311606973e+00 2.350814920850493317e-01
3.905238878896088409e+03 3.144036355534673532e+00 2.397824527189771349e-01
3.909144117774985716e+03 3.157701707486409326e+00 2.208471144335888425e-01
3.913053261892762293e+03 3.072701532270055047e+00 2.373302307011705414e-01
3.916966315154656058e+03 2.941758704386347123e+00 2.370301142797211214e-01
3.920883281469812118e+03 2.736301503269325863e+00 2.251277728501776543e-01
3.924804164751283224e+03 2.595120735248979127e+00 2.259889670579812715e-01
3.928728968916035683e+03 2.345921870778159946e+00 2.377790478924701467e-01
3.932657697884953450e+03 2.124318159567853304e+00 2.358920860900072247e-01
3.936590355582839493e+03 2.028810501469434424e+00 2.370079937754562827e-01
3.940526945938423523e+03 1.991243307203844459e+00 2.368853489561385250e-01
3.944467472884363360e+03 1.957799652160442827e+00 2.329121900398536671e-01
3.948411940357249023e+03 1.917988223870218611e+00 2.358208762238419298e-01
3.952360352297607733e+03 2.054521389028854284e+00 2.164961038435370411e-01
3.956312712649906643e+03 2.124285372360532165e+00 2.205943270929874023e-01
3.960269025362557841e+03 2.221547225274832282e+00 2.239178862195617403e-01
3.964229294387921527e+03 2.318116815183479673e+00 2.240888039875820192e-01
3.968193523682310570e+03 2.262211933487320970e+00 2.244475016628307285e-01
3.972161717205994591e+03 2.324934068569134649e+00 2.338016693767636933e-01
3.976133878923201792e+03 2.614222944327140308e+00 2.493734443031561665e-01
3.980110012802126221e+03 2.710075199277625746e+00 2.509560482109170487e-01
3.984090122814929600e+03 2.805376130632190268e+00 2.532364871960763875e-01
3.988074212937745870e+03 2.746524334213133578e+00 2.352160514096330590e-01
3.992062287150684824e+03 2.872177066553207148e+00 2.616282641312772106e-01
3.996054349437837118e+03 2.996778603654415285e+00 2.567437850652190545e-01
4.000050403787276082e+03 2.937801802807523899e+00 2.618539614064635535e-01
4.004050454191064546e+03 2.736442686761114462e+00 2.531783050936682877e-01
4.008054504645257111e+03 2.550730876057871743e+00 2.604622556714742410e-01
4.012062559149903791e+03 2.341739624978938394e+00 2.624241928590265172e-01
4.016074621709055009e+03 2.130742528903038835e+00 2.524326163034805726e-01
4.020090696330765240e+03 1.924941526653724200e+00 2.490334360344369780e-01
4.024110787027097558e+03 1.919842294179158859e+00 2.593981064730381259e-01
4.028134897814125907e+03 1.824889863276764723e+00 2.426554299089909994e-01
4.032163032711941469e+03 1.944451109755871654e+00 2.482459373810251557e-01
4.036195195744654484e+03 2.065507647488228571e+00 2.210469988629115701e-01
4.040231390940400615e+03 2.059743689156654511e+00 2.274798955264845379e-01
4.044271622331342314e+03 1.996826945176694679e+00 2.210535748950947232e-01
4.048315893953675186e+03 1.974947051371813478e+00 2.211768710432254759e-01
4.052364209847629809e+03 2.080571102471009404e+00 1.983110676322185906e-01
4.056416574057479011e+03 2.093876108893446997e+00 1.807573849111754893e-01
4.060472990631537868e+03 1.967533808820815189e+00 1.621235717752050609e-01
4.064533463622170530e+03 1.868335731987112336e+00 1.530138357487286771e-01
4.068597997085794304e+03 1.945929605728906164e+00 1.366100824910223555e-01
4.072666595082881486e+03 2.027633944054407777e+00 1.362094267150716631e-01
4.076739261677965715e+03 2.058721080383573820e+00 1.227639037547578194e-01
4.080816000939644709e+03 2.259709968166562888e+00 1.392961962274274212e-01
4.084896816940585722e+03 2.416298791217738717e+00 1.421056950007608677e-01
4.088981713757527814e+03 2.541822994203162711e+00 1.418001911207721621e-01
4.093070695471286854e+03 2.591401827416521808e+00 1.418591231107202144e-01
4.097163766166759160e+03 2.542373152473852649e+00 1.343346017792271807e-01
4.101260929932927866e+03 2.447215804140624673e+00 1.699512349366193997e-01
4.105362190862862008e+03 2.475971775831864896e+00 1.707943627512911733e-01
4.109467553053726078e+03 2.575511803558207191e+00 1.643625827566351227e-01
4.113577020606780934e+03 2.672116614818002667e+00 1.996858628983084472e-01
4.117690597627389252e+03 2.534679581605807641e+00 2.094465896770054680e-01
4.121808288225018259e+03 2.534105175471067284e+00 2.163387917331481003e-01
4.125930096513244280e+03 2.515364452538959128e+00 2.245834228816412093e-01
4.130056026609759101e+03 2.416212861116239896e+00 2.146267309251582989e-01
4.134186082636369974e+03 2.286289769267216609e+00 2.364807308054193979e-01
4.138320268719007800e+03 2.280435634203901163e+00 2.368432487205494597e-01
4.142458588987728035e+03 2.044294173588743657e+00 2.717189455795148145e-01
4.146601047576717065e+03 1.895681002492311640e+00 2.704869147854916389e-01
4.150747648624294925e+03 1.900245415661321990e+00 2.734438190153052339e-01
4.154898396272920763e+03 1.982903827722159784e+00 2.817611653093938795e-01
4.159053294669195566e+03 2.098697401971523657e+00 2.852660495885697700e-01
4.163212347963865795e+03 2.191054717928994311e+00 2.897044145431118545e-01
4.167375560311830668e+03 2.437476081716705156e+00 2.714098353751142056e-01
4.171542935872143971e+03 2.378502040502231907e+00 2.798873810154416386e-01
4.175714478808017702e+03 2.153810142861638521e+00 3.089706562663560030e-01
4.179890193286827525e+03 1.893625295005348264e+00 3.032524780738111714e-01
4.184070083480115500e+03 1.790420378770218424e+00 3.017506088415603527e-01
4.188254153563597356e+03 1.706949225564260875e+00 2.968578954778021695e-01
4.192442407717161586e+03 1.697340753251660894e+00 3.212249232459321036e-01
4.196634850124880359e+03 1.515085854414280897e+00 2.784111951863548762e-01
4.200831484975006788e+03 1.608197368361984791e+00 2.765754653575219213e-01
4.205032316459983122e+03 1.941391175155215087e+00 2.921660267475463812e-01
4.209237348776444378e+03 2.264367833948899733e+00 2.923646000586214155e-01
4.213446586125221984e+03 2.637110388094842772e+00 3.047757462483144941e-01
4.217660032711349231e+03 2.973042526300071042e+00 2.577252885071716904e-01
4.221877692744061278e+03 2.992039258954291459e+00 2.437827944227945187e-01
4.226099570436806971e+03 2.975865683695503527e+00 2.437446814927635985e-01
4.230325670007245208e+03 2.983656117749693415e+00 2.430327008211901063e-01
4.234555995677254032e+03 2.891431653175319472e+00 2.447122071890716621e-01
4.238790551672932452e+03 2.741600097655411350e+00 2.370547643551038086e-01
4.243029342224606808e+03 2.597220609640588762e+00 2.384070535536955970e-01
4.247272371566832589e+03 2.505393530994032059e+00 2.339676327061768202e-01
4.251519643938400804e+03 2.362698956702142805e+00 2.316345665966055012e-01
4.255771163582340705e+03 2.212155866518727088e+00 2.327500948974588757e-01
4.260026934745924336e+03 1.905646198660289503e+00 2.090741828240808287e-01
4.264286961680671993e+03 1.932274161048259442e+00 2.263748748929894361e-01
4.268551248642354039e+03 1.996590385690009128e+00 2.091196727382464426e-01
4.272819799890998183e+03 1.996524172776361405e+00 1.876194433353982616e-01
4.277092619690890388e+03 1.844064732502539883e+00 2.193190574709250884e-01
4.281369712310583054e+03 1.712631463668623510e+00 1.831697094551097138e-01
4.285651082022895025e+03 1.716046907456624027e+00 1.814035534129038729e-01
4.289936733104918858e+03 1.718039651193319362e+00 1.833554620472065133e-01
4.294226669838025373e+03 1.780633132294709320e+00 1.794167127010100615e-01
4.298520896507864563e+03 1.767807643289876163e+00 1.847743650774286706e-01
4.302819417404373780e+03 1.765358351237694245e+00 1.914667363667767463e-01
4.307122236821779552e+03 1.803451299127194041e+00 2.015595346562802925e-01
4.311429359058603040e+03 1.861570559514508449e+00 2.061705497015977329e-01
4.315740788417662770e+03 1.887312453964313352e+00 2.069604056201943820e-01
4.320056529206081905e+03 1.944225737269429377e+00 1.969374664803607566e-01
4.324376585735290064e+03 1.925718196993151388e+00 2.024764104733494385e-01
4.328700962321026054e+03 2.007459864004797812e+00 2.047783662557303430e-01
4.333029663283348782e+03 2.120294196665371445e+00 2.014251112682930445e-01
4.337362692946633615e+03 2.162202906904566291e+00 1.947813673115683653e-01
4.341700055639581478e+03 2.216932115753916133e+00 1.959606988135121908e-01
4.346041755695222491e+03 2.352664446647459773e+00 1.650379201976739652e-01
4.350387797450919606e+03 2.431359195788936667e+00 1.647936210112631861e-01
4.354738185248371337e+03 2.440806063023571504e+00 1.546465969797816142e-01
4.359092923433621763e+03 2.374396900584700099e+00 1.366557055743052584e-01
4.363452016357056891e+03 2.396283232769498728e+00 1.451863645832388028e-01
4.367815468373414660e+03 2.393689735993832279e+00 1.459576042458955170e-01
4.372183283841789489e+03 2.279605604164242738e+00 1.467914374161185809e-01
4.376555467125633186e+03 2.238303864266739662e+00 1.480412860335647285e-01
4.380932022592760404e+03 2.123022445723180329e+00 1.479476172815437918e-01
4.385312954615354101e+03 1.831795779942520408e+00 1.399495667514643882e-01
4.389698267569970994e+03 1.667316358606521165e+00 1.451243729498949697e-01
4.394087965837542470e+03 1.577121953204390525e+00 1.498022356205806482e-01
4.398482053803381859e+03 1.488133907196019123e+00 1.532294587520704743e-01
4.402880535857186260e+03 1.602356938951269960e+00 1.724536336066528064e-01
4.407283416393044718e+03 1.781467989271360075e+00 2.425057850534592108e-01
4.411690699809440048e+03 1.891103016942220272e+00 2.362062298705684127e-01
4.416102390509250654e+03 1.975863900408860285e+00 2.357706631938942254e-01
4.420518492899761441e+03 1.965837107188424859e+00 2.355189839176269617e-01
4.424939011392662906e+03 1.988914551376707029e+00 2.262406150249409720e-01
4.429363950404056595e+03 1.871728707265394531e+00 2.297316131015738339e-01
4.433793314354462382e+03 1.698484687291211159e+00 2.311382824121934465e-01
4.438227107668818462e+03 1.558645588596170528e+00 2.286029169979788833e-01
4.442665334776488635e+03 1.261287285124006896e+00 2.285240981750680522e-01
4.447108000111265937e+03 1.191112880965483845e+00 2.264796120655070688e-01
4.451555108111379013e+03 1.256388051601603717e+00 2.556100719705796664e-01
4.456006663219492111e+03 1.301745203790766858e+00 2.457237783694441735e-01
4.460462669882713271e+03 1.428626341530540023e+00 2.430843004761878423e-01
4.464923132552597053e+03 1.749619295880832759e+00 2.513088148161669033e-01
4.469388055685150903e+03 2.002477103211880660e+00 2.587614123917180708e-01
4.473857443740837880e+03 2.067468478189890213e+00 2.703703557491110021e-01
4.478331301184580298e+03 2.226610620526366713e+00 2.909868231973445352e-01
4.482809632485766087e+03 2.132203481996814087e+00 2.933581623435421171e-01
4.487292442118253348e+03 2.174076722926022942e+00 2.946589893260160298e-01
4.491779734560373072e+03 2.290444057031157943e+00 2.761644396837762416e-01
4.496271514294934605e+03 2.314394988362038053e+00 2.830902427558121826e-01
4.500767785809231100e+03 2.343506666120407367e+00 2.825038212898049461e-01
4.505268553595042249e+03 2.248659987199085553e+00 2.775614133085726465e-01
4.509773822148638828e+03 2.248280308653074488e+00 2.775397644919622708e-01
4.514283595970789065e+03 2.295047758874586563e+00 2.871374406555800007e-01
4.518797879566761367e+03 2.344959074838967261e+00 2.882015252660183879e-01
4.523316677446328868e+03 2.350101460882692006e+00 2.713768159298061144e-01
4.527839994123776705e+03 2.272687889629453117e+00 2.669859181122474778e-01
4.532367834117902021e+03 2.208976336745898106e+00 2.740110458077354427e-01
4.536900201952022144e+03 2.220427504493086346e+00 2.512155434618396077e-01
4.541437102153975502e+03 2.132000625260645599e+00 2.441428764975343557e-01
4.545978539256130716e+03 2.049076642895824030e+00 2.398981196179696684e-01
4.550524517795388419e+03 2.054538162257567802e+00 2.167903969599431768e-01
4.555075042313184895e+03 2.057466440909918592e+00 2.079672273637842572e-01
4.559630117355500261e+03 2.027586967040073684e+00 1.929104013612284729e-01
4.564189747472856652e+03 2.238020834028348727e+00 1.591935576363480431e-01
4.568753937220330954e+03 2.142387073709215883e+00 1.283033755726778469e-01
4.573322691157552981e+03 2.095492482902201470e+00 1.273159525167662509e-01
4.577896013848711846e+03 2.088224274276250902e+00 1.264766872835370870e-01
4.582473909862562323e+03 2.100406971391939326e+00 1.293685525197373343e-01
4.587056383772426670e+03 2.124251877172135039e+00 1.226455716497219794e-01
4.591643440156200086e+03 2.109163372518564561e+00 9.624724706281483078e-02
4.596235083596357981e+03 2.205477647532207097e+00 1.113073322895774403e-01
4.600831318679955984e+03 2.248151985835221467e+00 1.125240350469013939e-01
4.605432149998637215e+03 2.301654481763735216e+00 1.051363932849891797e-01
4.610037582148637739e+03 2.352008631659991078e+00 1.158131606076666376e-01
4.614647619730787483e+03 2.199904198839393477e+00 1.940491666063045850e-01
4.619262267350520233e+03 2.270323234747993801e+00 1.928359767177680872e-01
4.623881529617872729e+03 2.384799012315341304e+00 1.951799259573268608e-01
4.628505411147491941e+03 2.530080276265104455e+00 2.025110296122771270e-01
4.633133916558640522e+03 2.626245837423848872e+00 2.040281188179336458e-01
4.637767050475200449e+03 2.617783849967310950e+00 2.159628397579699544e-01
4.642404817525677572e+03 2.785419530129669141e+00 2.335991056561541601e-01
4.647047222343205249e+03 2.828937684936803088e+00 2.399917676028821834e-01
4.651694269565549803e+03 2.909011841549865363e+00 2.343919696272031006e-01
4.656345963835116891e+03 2.903261162964939857e+00 2.212765640367750641e-01
4.661002309798953320e+03 2.817014413602012546e+00 2.332323872272660803e-01
4.665663312108753416e+03 2.658728777567442858e+00 2.319435817869543726e-01
4.670328975420864481e+03 2.305382549094841860e+00 2.384598523367933431e-01
4.674999304396286789e+03 2.098020389538718167e+00 2.356194422847850134e-01
4.679674303700684504e+03 2.021997980947280116e+00 2.482338166075653274e-01
4.684353978004386590e+03 1.972042528309809084e+00 2.474844241557085656e-01
4.689038331982392265e+03 1.945145788090553829e+00 2.416161094624414418e-01
4.693727370314376458e+03 1.939527356489466614e+00 2.428745420274142641e-01
4.698421097684692540e+03 1.975003202506163902e+00 2.354168381478756455e-01
4.703119518782378691e+03 1.867669613638255122e+00 2.240584748622432842e-01
4.707822638301162442e+03 1.786175775480115746e+00 2.269913608214910727e-01
4.712530460939465229e+03 1.822305628251754461e+00 2.298404068333588790e-01
4.717242991400406027e+03 1.874413477706007303e+00 2.303853310940514321e-01
4.721960234391808626e+03 1.907598720533415060e+00 2.358870106352490836e-01
4.726682194626201635e+03 1.901557600694841588e+00 2.145116552029280310e-01
4.731408876820829391e+03 2.038164543534256357e+00 2.029493351684615310e-01
4.736140285697651962e+03 1.968148606485235375e+00 2.077927431876142594e-01
4.740876425983350600e+03 2.069219440315301028e+00 1.929005059579762260e-01
4.745617302409335934e+03 2.104250244574519257e+00 1.883676571900543550e-01
4.750362919711747054e+03 2.121288600358683496e+00 1.908489603077018204e-01
4.755113282631459697e+03 2.005663047136558408e+00 1.893504655181776353e-01
4.759868395914093526e+03 1.757295045976843939e+00 1.842347140166468999e-01
4.764628264310008490e+03 1.601666320545853006e+00 1.686564797108108804e-01
4.769392892574320285e+03 1.537557199062158819e+00 1.683675895727002603e-01
4.774162285466896719e+03 1.500454662816089968e+00 1.663064285026822908e-01
4.778936447752364984e+03 1.611807363134183380e+00 1.701329362822499858e-01
4.783715384200118933e+03 1.704658136409703539e+00 1.778320860492628164e-01
4.788499099584319993e+03 1.808424384946227370e+00 1.784342592569799490e-01
4.793287598683906253e+03 1.976822638247882180e+00 1.476292677764849126e-01
4.798080886282591564e+03 2.048031351285444224e+00 1.490726376511637141e-01
4.802878967168876443e+03 2.049095753158459932e+00 1.521606637195214995e-01
4.807681846136046261e+03 2.075239543037975309e+00 1.538801844333698710e-01
4.812489527982183972e+03 2.139300715225597838e+00 1.650531385644337934e-01
4.817302017510168298e+03 2.096266480748385064e+00 1.607245042906886856e-01
4.822119319527679181e+03 1.964829498747862502e+00 1.785928216056154871e-01
4.826941438847208701e+03 1.695407843178463825e+00 1.607097775224849701e-01
4.831768380286057436e+03 1.878809499235432723e+00 1.846232133819976362e-01
4.836600148666345376e+03 2.107071305619623303e+00 2.176170902737994128e-01
4.841436748815013743e+03 1.800399441478885976e+00 2.437601275771436038e-01
4.846278185563829538e+03 1.640860120278899492e+00 2.636012943804718067e-01
4.851124463749395545e+03 1.664958634364635204e+00 2.688445857532382743e-01
4.855975588213146693e+03 2.052376359611942203e+00 2.958961579966151723e-01
4.860831563801360971e+03 2.218529946534202768e+00 2.952314767485246239e-01
4.865692395365163975e+03 2.599089458620902793e+00 2.364319554799896306e-01
4.870558087760530725e+03 2.337780267967428660e+00 2.647024419352788649e-01
4.875428645848292945e+03 1.998081560490181152e+00 1.947627057557504149e-01
4.880304074494142696e+03 1.750653563615329977e+00 1.728326467105422148e-01
4.885184378568638749e+03 1.740852236572452583e+00 1.738795777421704436e-01
4.890069562947209306e+03 1.908900205763230939e+00 2.279202315497295961e-01
4.894959632510157462e+03 1.856913739675462471e+00 2.280152248839680540e-01
4.899854592142669389e+03 1.855161047617313264e+00 2.225998962915499146e-01
4.904754446734813428e+03 1.777403907108194625e+00 2.210409242341911384e-01
4.909659201181550088e+03 1.626688371501137764e+00 2.211730667588592270e-01
4.914568860382732964e+03 1.388686563328190626e+00 2.253013431718229043e-01
4.919483429243117826e+03 1.780321229144294026e+00 2.667789940746201349e-01
4.924402912672362618e+03 1.863033769914760107e+00 1.804642983439956327e-01
4.929327315585036558e+03 1.964018502369267116e+00 1.816091137121240706e-01
4.934256642900622865e+03 2.180005764552805037e+00 1.897206947926992904e-01
4.939190899543525120e+03 2.322977246416417341e+00 1.957035050256055730e-01
4.944130090443070912e+03 2.488872029751622694e+00 1.767921933774647680e-01
4.949074220533515472e+03 2.536370144354129774e+00 1.771166925318866103e-01
4.954023294754050767e+03 2.732768471645541375e+00 2.505616836334084163e-01
4.958977318048806410e+03 2.429132418781680514e+00 3.306554361083696159e-01
4.963936295366856939e+03 2.057458349021163979e+00 4.637076313445060438e-01
4.968900231662225451e+03 1.847346611178710463e+00 4.521705475316795675e-01
4.973869131893889062e+03 2.019740647706844250e+00 4.501376955419046366e-01
4.978843001025784361e+03 2.440796355966422748e+00 4.851702341521010875e-01
4.983821844026811959e+03 2.758807782536261133e+00 5.069977250093027354e-01
4.988805665870840130e+03 3.065502442180928711e+00 5.132227022362313429e-01
4.993794471536712990e+03 3.427502587485851127e+00 4.914862909099213528e-01
4.998788266008251412e+03 3.609889303437911590e+00 4.841340056782887369e-01
5.003787054274261209e+03 3.602552571800976544e+00 4.572997701701833062e-01
5.008790841328536771e+03 3.497821631032768330e+00 4.673870587789715203e-01
5.013799632169867436e+03 3.143339477127623738e+00 4.651337591313143838e-01
5.018813431802038394e+03 2.626261175592190966e+00 4.748683360041463519e-01
5.023832245233842514e+03 2.121658642469546940e+00 4.556602660148746931e-01
5.028856077479077612e+03 1.537486031912236761e+00 4.326587662704175496e-01
5.033884933556558281e+03 1.131236715710747021e+00 4.176044984480336564e-01
5.038918818490116792e+03 9.536538602476829496e-01 4.045752961320471797e-01
5.043957737308608557e+03 1.021381301618296433e+00 4.045153786765046666e-01
5.049001695045918495e+03 1.368163595673742794e+00 2.825319229639682295e-01
5.054050696740966487e+03 1.519480830373667990e+00 1.857746023568560556e-01
5.059104747437709193e+03 1.565540671430033726e+00 1.437621362162553040e-01
5.064163852185148244e+03 1.733608001785957420e+00 1.410118171067535342e-01
5.069228016037335692e+03 1.813279932927611027e+00 1.493158602081614550e-01
5.074297244053374015e+03 1.841022038106280956e+00 1.392585707645486448e-01
5.079371541297429758e+03 1.924417884669967771e+00 1.339771666248340265e-01
5.084450912838728073e+03 1.844480565308354025e+00 1.303899919574870725e-01
5.089535363751569093e+03 1.701199205984741170e+00 1.253992166700238498e-01
5.094624899115322478e+03 1.459562736184373044e+00 1.591035038063314533e-01
5.099719524014439230e+03 1.387581312523872956e+00 1.540594152734852118e-01
5.104819243538455339e+03 1.343274733124603992e+00 1.433090416219126306e-01
5.109924062781995417e+03 1.417926462657179254e+00 1.643106711264670505e-01
5.115033986844779065e+03 1.372198533561665101e+00 1.614832644230411174e-01
5.120149020831625421e+03 1.479282246809064727e+00 1.503785115819689100e-01
5.125269169852458617e+03 1.510647506132726248e+00 1.504349759443301127e-01
5.130394439022313236e+03 1.530725743440868314e+00 1.604802138101200093e-01
5.135524833461337039e+03 1.663314334425805008e+00 1.566168843639706154e-01
5.140660358294800062e+03 1.815873358949059657e+00 1.615865625863834587e-01
5.145801018653096435e+03 1.903473431413356565e+00 1.615223918152118299e-01
5.150946819671751655e+03 1.981171262479574757e+00 1.709832887098831355e-01
5.156097766491425318e+03 1.951663144406772021e+00 1.701437693311941557e-01
5.161253864257918394e+03 1.810336930773368991e+00 1.883988815103350145e-01
5.166415118122177773e+03 1.852045674308960832e+00 2.107168140839520976e-01
5.171581533240301724e+03 1.633930142789944862e+00 2.147886977828610267e-01
5.176753114773543530e+03 1.607426894008582074e+00 2.201422408176398615e-01
5.181929867888318768e+03 1.500759157101081875e+00 2.200182423955026056e-01
5.187111797756208944e+03 1.521519062186066140e+00 2.547791511521035890e-01
5.192298909553966951e+03 1.226916298089971935e+00 2.615738832996570840e-01
5.197491208463522526e+03 1.187187803235715489e+00 2.657030674289770356e-01
5.202688699671987706e+03 1.195440214446113592e+00 2.556154473701944263e-01
5.207891388371661378e+03 1.400571438236758892e+00 2.622426848964835577e-01
5.213099279760034733e+03 1.598652848117983361e+00 2.617151669857117890e-01
5.218312379039796724e+03 1.961361728993943121e+00 2.623994761388329655e-01
5.223530691418837705e+03 2.201020211032239882e+00 2.662703022992952140e-01
5.228754222110258524e+03 2.371024483121173532e+00 2.640316154525943482e-01
5.233982976332370527e+03 2.391704605225539737e+00 2.697555652385885683e-01
5.239216959308704645e+03 2.260985359282566165e+00 2.712289080373654349e-01
5.244456176268015042e+03 2.176046402697677351e+00 2.807722715730079921e-01
5.249700632444284565e+03 2.005101684588677102e+00 2.779360450100415991e-01
5.254950333076731113e+03 1.874353977024030948e+00 2.778851541137963288e-01
5.260205283409809454e+03 1.673006154550209068e+00 2.545507376394699484e-01
5.265465488693221232e+03 1.562741172793048250e+00 2.574204237856863586e-01
5.270730954181915877e+03 1.431505707057003196e+00 2.357355457666780174e-01
5.276001685136099695e+03 1.405663083449451900e+00 2.414069981362121642e-01
5.281277686821237694e+03 1.312734716369235111e+00 2.321161078387510013e-01
5.286558964508059944e+03 1.480016338232200690e+00 1.740139020940607850e-01
5.291845523472569766e+03 1.458326611339727741e+00 1.541901568304406556e-01
5.297137368996044643e+03 1.369501500166467656e+00 1.825842915267152089e-01
5.302434506365042580e+03 1.412546157075741382e+00 1.819675028250430648e-01
5.307736940871409388e+03 1.331753613934270053e+00 1.877678310737835032e-01
5.313044677812282316e+03 1.219487582238275136e+00 1.909870174586612845e-01
5.318357722490096421e+03 1.289277366377582057e+00 1.945240253985437706e-01
5.323676080212588204e+03 1.372750975885132618e+00 1.999889732262458142e-01
5.328999756292802886e+03 1.491458297819406198e+00 1.811930505953422421e-01
5.334328756049097137e+03 1.495115298404047000e+00 1.902494080477541150e-01
5.339663084805148173e+03 1.440189166783295782e+00 1.892697069106802077e-01
5.345002747889954662e+03 1.433895756012264266e+00 1.937214741598439760e-01
5.350347750637846730e+03 1.396350940776217797e+00 1.822534597513818522e-01
5.355698098388485960e+03 1.451184041504034239e+00 1.861566934717970856e-01
5.361053796486876308e+03 1.454906195271174152e+00 1.792793852009520461e-01
5.366414850283365013e+03 1.384813587324214001e+00 1.820693366898114007e-01
5.371781265133649867e+03 1.343686012364973870e+00 1.751768512260342414e-01
5.377153046398785591e+03 1.347621879948251777e+00 1.817107784478207144e-01
5.382530199445186554e+03 1.371218666869017611e+00 1.755089746448332266e-01
5.387912729644633146e+03 1.298862513033544719e+00 1.854922630195725286e-01
5.393300642374279960e+03 1.365380998425135273e+00 1.771639696309804113e-01
5.398693943016655794e+03 1.378294689792573635e+00 1.781878041144009939e-01
5.404092636959673655e+03 1.440690584237489968e+00 1.596011573633316638e-01
5.409496729596635305e+03 1.489457830952681805e+00 1.450966460877763653e-01
5.414906226326233991e+03 1.506518534594291081e+00 1.355749222202756732e-01
5.420321132552561721e+03 1.666515475255438306e+00 1.380501385387858659e-01
5.425741453685116539e+03 1.714793756954032800e+00 1.331060896584354281e-01
5.431167195138803436e+03 1.707830685395129722e+00 1.361783587846312205e-01
5.436598362333943442e+03 1.679778243140906291e+00 1.284368309948664133e-01
5.442034960696279086e+03 1.690575370979728875e+00 1.304152214476532179e-01
5.447476995656978033e+03 1.667824842816691078e+00 1.369952693000337507e-01
5.452924472652636723e+03 1.502871186428046180e+00 1.405163181223171021e-01
5.458377397125291282e+03 1.444581262089668749e+00 1.450065204643401773e-01
5.463835774522417523e+03 1.352491999418423907e+00 1.438085038021360007e-01
5.469299610296941864e+03 1.380121805354498132e+00 1.576125298523014251e-01
5.474768909907241323e+03 1.313042386844292642e+00 1.566053021201936069e-01
5.480243678817149885e+03 1.312223787137533515e+00 1.602738782985959620e-01
5.485723922495968509e+03 1.297411256770181875e+00 1.578966769036863338e-01
5.491209646418466946e+03 1.205745302593921320e+00 1.603533691880248135e-01
5.496700856064887375e+03 1.257388358274226681e+00 1.628841827316393209e-01
5.502197556920953502e+03 1.417395340807822590e+00 1.694554575624962756e-01
5.507699754477876013e+03 1.527894062590202440e+00 1.663011295758150543e-01
5.513207454232356213e+03 1.641113460304980176e+00 1.638994728534561018e-01
5.518720661686590574e+03 1.748673769913204668e+00 1.623637292094870788e-01
5.524239382348278923e+03 1.802130473803371213e+00 1.636117097752958494e-01
5.529763621730628984e+03 1.808474218214781493e+00 1.549861226854156171e-01
5.535293385352360929e+03 1.741729243115376580e+00 1.550051283620983711e-01
5.540828678737715563e+03 1.559068207607319900e+00 1.617941468084761192e-01
5.546369507416455235e+03 1.417050842762617169e+00 1.562010505902037549e-01
5.551915876923872929e+03 1.318153980904104516e+00 1.582543770687395157e-01
5.557467792800798634e+03 9.971852358995314525e-01 1.718038889315030293e-01
5.563025260593602070e+03 8.617072515163304303e-01 1.762846191288109654e-01
5.568588285854197238e+03 7.361098433993786827e-01 1.615454501164224899e-01
5.574156874140053333e+03 7.582923565075949668e-01 1.597828827220471037e-01
5.579731031014194741e+03 8.349828989245640098e-01 1.590645698531880092e-01
5.585310762045211050e+03 1.008142858376222861e+00 1.502446367851602016e-01
5.590896072807257951e+03 1.217189671189361277e+00 1.569575055283208009e-01
5.596486968880067252e+03 1.373996446917669312e+00 1.586672426608009834e-01
5.602083455848949598e+03 1.432031166130102173e+00 1.637541030435850919e-01
5.607685539304799931e+03 1.447639757644636482e+00 1.560901991115978826e-01
5.613293224844106589e+03 1.442753073122454044e+00 1.587248369128254066e-01
5.618906518068952209e+03 1.368399294825506152e+00 1.614578337259380825e-01
5.624525424587023736e+03 1.298791256229559599e+00 1.587450933667401420e-01
5.630149950011612418e+03 1.226742491244320776e+00 1.574633290758485071e-01
5.635780099961625638e+03 1.176051393523806388e+00 1.548081118972916559e-01
5.641415880061589633e+03 1.200846165624529061e+00 1.636389659797393148e-01
5.647057295941652228e+03 1.193943977122054134e+00 1.645503172633225319e-01
5.652704353237596479e+03 1.243581988244471859e+00 1.649161653554022111e-01
5.658357057590835211e+03 1.296007773720686096e+00 1.600673287324395067e-01
5.664015414648428305e+03 1.270807370881362752e+00 1.532687909016474670e-01
5.669679430063079053e+03 1.293361021596196370e+00 1.255306295324690458e-01
5.675349109493143260e+03 1.259745377157060808e+00 1.236765527229214956e-01
5.681024458602638333e+03 1.165637690578401831e+00 1.174288588464040273e-01
5.686705483061243285e+03 1.172323672756965696e+00 1.205568913527616526e-01
5.692392188544306009e+03 1.114088708439032960e+00 1.214880799636859354e-01
5.698084580732852373e+03 1.131469204926105032e+00 1.066395204233068217e-01
5.703782665313587131e+03 1.171959785278642086e+00 1.064917694801414683e-01
5.709486447978903016e+03 1.159091517716166697e+00 1.112819815199658641e-01
5.715195934426883468e+03 1.148862448197696340e+00 1.072701710024537569e-01
5.720911130361312644e+03 1.146585253575874264e+00 1.133447090178242717e-01
5.726632041491675409e+03 1.130565442680465660e+00 1.150999423335807986e-01
5.732358673533169167e+03 1.109648174342112492e+00 1.163562154817312927e-01
5.738091032206703858e+03 1.181414425209773134e+00 1.273226618018930834e-01
5.743829123238912871e+03 1.178959311071826832e+00 1.250575464647488422e-01
5.749572952362153046e+03 1.092510715347304817e+00 1.239176751314918778e-01
5.755322525314517407e+03 1.192519285588346190e+00 1.322254207558262729e-01
5.761077847839834249e+03 1.200161736033555027e+00 1.314434380107562250e-01
5.766838925687675328e+03 1.151965633863104799e+00 1.365050482703975276e-01
5.772605764613364954e+03 1.107137654508175029e+00 1.348546447288240246e-01
5.778378370377980900e+03 1.033485543258575223e+00 1.322059240565159610e-01
5.784156748748360769e+03 9.255820910810370616e-01 1.380335597786735702e-01
5.789940905497111089e+03 8.549743637637906568e-01 1.330005870638878707e-01
5.795730846402610041e+03 8.183453009581622695e-01 1.338628517690141073e-01
5.801526577249013826e+03 8.220862717192496394e-01 1.336017148856471770e-01
5.807328103826264851e+03 8.810544638701259812e-01 1.335213078779349527e-01
5.813135431930093546e+03 9.193637440506257086e-01 1.356423705570626581e-01
5.818948567362025642e+03 1.030813111419022876e+00 1.449517234334132543e-01
5.824767515929389447e+03 1.150858743124529848e+00 1.472074898907634599e-01
5.830592283445320390e+03 1.148083762692197585e+00 1.480493588092889334e-01
5.836422875728768304e+03 1.141665386086450074e+00 1.483706442773403966e-01
5.842259298604498326e+03 1.084951057536397201e+00 1.419973915441395118e-01
5.848101557903105459e+03 1.108275689049122548e+00 1.373759698994659606e-01
5.853949659461010015e+03 1.016759440385672120e+00 1.399829092113888951e-01
5.859803609120473084e+03 8.748364377196640174e-01 1.256442302249299314e-01
5.865663412729595620e+03 7.843635870010969846e-01 1.255526111487779706e-01
5.871529076142326630e+03 7.620184605958864044e-01 1.263959343361271137e-01
5.877400605218471355e+03 6.839947326152088225e-01 1.203095042852413282e-01
5.883278005823691274e+03 7.367646165736716490e-01 1.136996742269462263e-01
5.889161283829516833e+03 8.996668464236505791e-01 1.231666982910765151e-01
5.895050445113348360e+03 1.162982725924058158e+00 1.636569148922741579e-01
5.900945495558464245e+03 1.350962328183379579e+00 1.690051494295795875e-01
5.906846441054024581e+03 1.464376405699802319e+00 1.616624203971500917e-01
5.912753287495080258e+03 1.466145881606009560e+00 1.696140673562314405e-01
5.918666040782577511e+03 1.470801804705062610e+00 1.650709381806860776e-01
5.924584706823361557e+03 1.315035654892641848e+00 1.749660726376949249e-01
5.930509291530187511e+03 1.178677190012112463e+00 1.823504959141171444e-01
5.936439800821719473e+03 1.126803296248268360e+00 1.937879721602078775e-01
5.942376240622543264e+03 1.148761767751007357e+00 2.217209369294510513e-01
5.948318616863167335e+03 1.020314970380574060e+00 2.299359493175969493e-01
5.954266935480032771e+03 8.612251766990067781e-01 2.234309726520294914e-01
5.960221202415515108e+03 7.482326407173891525e-01 2.232765145880414026e-01
5.966181423617932523e+03 7.138407874338752457e-01 2.301676294116739574e-01
5.972147605041552197e+03 6.663107231206280012e-01 2.196829045345195242e-01
5.978119752646595771e+03 6.885900500929803547e-01 2.169748947707338949e-01
5.984097872399243897e+03 5.761389259321842982e-01 2.249959841790921122e-01
5.990081970271645332e+03 4.694794644369942316e-01 2.163399065178496228e-01
5.996072052241918755e+03 2.212839828709617374e-01 2.031218187229420769e-01
6.002068124294162772e+03 1.941182607790146175e-01 2.018148740230335525e-01
6.008070192418459555e+03 2.534350557779239121e-01 1.983740024856322781e-01
6.014078262610879392e+03 4.512002358805824453e-01 1.984284742227614140e-01
6.020092340873492503e+03 5.638868616855521321e-01 1.988200097176650583e-01
6.026112433214368139e+03 7.251200629050046365e-01 1.991170262375246691e-01
6.032138545647584579e+03 1.002759044425424628e+00 1.850293173758489063e-01
6.038170684193233683e+03 1.041370228734994852e+00 1.812781843266946802e-01
6.044208854877429076e+03 1.043812005065686721e+00 1.734088830080768584e-01
6.050253063732308874e+03 9.734581459951471283e-01 1.656891319127432316e-01
6.056303316796042964e+03 1.104614236496334945e+00 1.272630392136108457e-01
6.062359620112841185e+03 1.134321172624672025e+00 1.245941215220538467e-01
6.068421979732956061e+03 1.036414496237323624e+00 1.204874601164983294e-01
6.074490401712690982e+03 9.300317048500656991e-01 1.107872674563501747e-01
6.080564892114405666e+03 9.398783538463744147e-01 1.171761416282732227e-01
6.086645457006521610e+03 8.932334515522780682e-01 1.166775868010146155e-01
6.092732102463530282e+03 8.790054418329222852e-01 1.186287863258753128e-01
6.098824834565995843e+03 9.826093304407182982e-01 1.200041756004341792e-01
6.104923659400564247e+03 1.146363091969396786e+00 1.152850950220339066e-01
6.111028583059966877e+03 1.218447653256741647e+00 1.215501316588161879e-01
6.117139611643028729e+03 1.319387742430343735e+00 1.189630933740598306e-01
6.123256751254673873e+03 1.287127578960050256e+00 1.262350980806181133e-01
6.129380008005929994e+03 1.349843069526717843e+00 1.203343376982162760e-01
6.135509388013938405e+03 1.343032561707376615e+00 1.185217934291019487e-01
6.141644897401954040e+03 1.334484904432475139e+00 1.219649888647543201e-01
6.147786542299358189e+03 1.317870880093853225e+00 1.183214313061305561e-01
6.153934328841659408e+03 1.239281823320539599e+00 1.249775620354636740e-01
6.160088263170503524e+03 1.149127057046133604e+00 1.274118180313059123e-01
6.166248351433675452e+03 1.082695643583342360e+00 1.312765790249816877e-01
6.172414599785111022e+03 1.060566584740787688e+00 1.299322770643602243e-01
6.178587014384898794e+03 1.002184068652347770e+00 1.299671969755078760e-01
6.184765601399285515e+03 9.557570756795377154e-01 1.269787447654439072e-01
6.190950367000687038e+03 9.218122725078761182e-01 1.277483895214355236e-01
6.197141317367689226e+03 1.031598790391752951e+00 1.190757339897841743e-01
6.203338458685059777e+03 1.018722729813064110e+00 1.212782647620698484e-01
6.209541797143746408e+03 8.645131381445330110e-01 1.086252499043020847e-01
6.215751338940892310e+03 8.277552319112315704e-01 1.093506568992028138e-01
6.221967090279835247e+03 8.600305577413479563e-01 1.068259899554782483e-01
6.228189057370116643e+03 9.339722752216377266e-01 1.034623334586754345e-01
6.234417246427488863e+03 9.122755195040957998e-01 1.020566359338971191e-01
6.240651663673918847e+03 8.438817819168961121e-01 9.804484388945740314e-02
6.246892315337594482e+03 8.384254370333448225e-01 1.011247995738998734e-01
6.253139207652934601e+03 8.842162765620860121e-01 1.018269705450497165e-01
6.259392346860589896e+03 9.423868856124890669e-01 1.041871498608284985e-01
6.265651739207452010e+03 9.784182249050086266e-01 1.042312368211779638e-01
6.271917390946661726e+03 1.060466967713970865e+00 1.021895849458300948e-01
6.278189308337610782e+03 1.071091979081060463e+00 9.972125499265180326e-02
6.284467497645950061e+03 1.101204820862323963e+00 1.059281042506583365e-01
6.290751965143597772e+03 1.104488510903632204e+00 1.256256059478374765e-01
6.297042717108744000e+03 1.199486459948427619e+00 1.332433305513094635e-01
6.303339759825854344e+03 1.282873579322574287e+00 1.404767903244269478e-01
6.309643099585682648e+03 1.325171371131788955e+00 1.412745923763062406e-01
6.315952742685270096e+03 1.363854681677592273e+00 1.333430710621671400e-01
6.322268695427957937e+03 1.418349263536140548e+00 1.319157882310647567e-01
6.328590964123387494e+03 1.395572617677581562e+00 1.278670304815601177e-01
6.334919555087512890e+03 1.386365896209813320e+00 1.302824829797445960e-01
6.341254474642602872e+03 1.386046117041834336e+00 1.280794570790866338e-01
6.347595729117247174e+03 1.417134725117496385e+00 1.295977915508873257e-01
6.353943324846366522e+03 1.383414519369310147e+00 1.311362002949764960e-01
6.360297268171215364e+03 1.323375106301820647e+00 1.299242504559491307e-01
6.366657565439388236e+03 1.164089798073436155e+00 1.355494634873229964e-01
6.373024223004829764e+03 1.067060040733288417e+00 1.441250526054891345e-01
6.379397247227837397e+03 1.053850382548424225e+00 1.464882288075425310e-01
6.385776644475066860e+03 1.030141369876848234e+00 1.484287394652247238e-01
6.392162421119543978e+03 1.055667112952543008e+00 1.443448209738665278e-01
6.398554583540665590e+03 1.056575392225351129e+00 1.407687270423535475e-01
6.404953138124208635e+03 1.054581768087348381e+00 1.446781922159084965e-01
6.411358091262334710e+03 9.386307047459802044e-01 1.233308099382297851e-01
6.417769449353599157e+03 1.022925622930883627e+00 1.054908884654211648e-01
6.424187218802954703e+03 1.109788336279809551e+00 1.036488914258945765e-01
6.430611406021760558e+03 1.108776434700269320e+00 1.035619012756546081e-01
6.437042017427784231e+03 1.094543775914374351e+00 1.033947838370448263e-01
6.443479059445214261e+03 1.037667916310201388e+00 1.066008745601052937e-01
6.449922538504661134e+03 9.839521742345636035e-01 1.071051375013829104e-01
6.456372461043168187e+03 9.203464010046272792e-01 1.068476686565781181e-01
6.462828833504213435e+03 9.120615090611212672e-01 1.048078079942796198e-01
6.469291662337719572e+03 9.282369148423379457e-01 1.035284634909642842e-01
6.475760954000059428e+03 9.667615161794178569e-01 1.034357432335628185e-01
6.482236714954061426e+03 1.040184584685497793e+00 1.031692829212707829e-01
6.488718951669017770e+03 1.120792657198572462e+00 1.025918407184331499e-01
6.495207670620688987e+03 1.296644393217774027e+00 1.777671793774928122e-01
6.501702878291312118e+03 1.216641152301109807e+00 2.164662246137487589e-01
6.508204581169605262e+03 1.109317288787722511e+00 2.904576605684178747e-01
6.514712785750777584e+03 1.271824825443943485e+00 2.892548806174173315e-01
6.521227498536530220e+03 1.755990677684926338e+00 1.117105531027423465e-01
6.527748726035069012e+03 1.985063057063633174e+00 1.406162155833377558e-01
6.534276474761106329e+03 1.512320773380882555e+00 4.166979996866246871e-01
6.540810751235869247e+03 1.995354818469949443e+00 4.235364056738484817e-01
6.547351561987107743e+03 3.352826756210774750e+00 5.295667310078082668e-01
6.553898913549096505e+03 4.386772427335749569e+00 5.188810600001271256e-01
6.560452812462647671e+03 4.673685769278922209e+00 4.959360234721726934e-01
6.567013265275112644e+03 4.141958742405971172e+00 5.360711579739667609e-01
6.573580278540390282e+03 2.593659284207594951e+00 4.916599541349090385e-01
6.580153858818932349e+03 1.409975447522240133e+00 4.295665647426652467e-01
6.586734012677753526e+03 1.100019030881387527e+00 3.811289331079011911e-01
6.593320746690433225e+03 1.511714392250049999e+00 1.747056756765217878e-01
6.599914067437126505e+03 1.409246656441079715e+00 1.324550398223341974e-01
6.606513981504565891e+03 1.483475544959342196e+00 1.306673129444280712e-01
6.613120495486072286e+03 1.419090049545615795e+00 1.463921668483065819e-01
6.619733615981560433e+03 1.262584270940378284e+00 1.268836299624580832e-01
6.626353349597544366e+03 1.335843074983227963e+00 1.321907429668592593e-01
6.632979702947143778e+03 1.438112035427713487e+00 9.503720747532874713e-02
6.639612682650093120e+03 1.393331919471253011e+00 1.148073736942295253e-01
6.646252295332745234e+03 1.436452897907618320e+00 1.249890004023010148e-01
6.652898547628080451e+03 1.376740300443094034e+00 1.241972059378735616e-01
6.659551446175711135e+03 1.294735695605615300e+00 1.212780147283225030e-01
6.666210997621888964e+03 1.210370110023690104e+00 1.210607384118300989e-01
6.672877208619513112e+03 1.102781083796165573e+00 1.203435901382491763e-01
6.679550085828134797e+03 9.368230236802003175e-01 1.218853474523995395e-01
6.686229635913964557e+03 7.878915694074314358e-01 1.190209721166095858e-01
6.692915865549881346e+03 6.763565982428002554e-01 1.210808108079449025e-01
6.699608781415433441e+03 5.704488947702450741e-01 1.234500942996700490e-01
6.706308390196851178e+03 5.103366625028284975e-01 1.268866471708561261e-01
6.713014698587049679e+03 5.233101939014198623e-01 1.271542518819059886e-01
6.719727713285638856e+03 5.784482491517544123e-01 1.297590211177997721e-01
6.726447440998927050e+03 6.590726359358479725e-01 1.351537405517240220e-01
6.733173888439928305e+03 7.413766897433613501e-01 1.308059469979598877e-01
6.739907062328370557e+03 7.708835941340723696e-01 1.311366369893884332e-01
6.746646969390701088e+03 7.756721607360462789e-01 1.341394689347738256e-01
6.753393616360093802e+03 7.611596194957538364e-01 1.519175711490410585e-01
6.760147009976456502e+03 7.357937461523140765e-01 1.644496987445770719e-01
6.766907156986434529e+03 8.550887735085418440e-01 1.815003279586631102e-01
6.773674064143423493e+03 9.370572775926456766e-01 1.740511048422588580e-01
6.780447738207569273e+03 9.268094547855130205e-01 1.727350036603076122e-01
6.787228185945778932e+03 8.654826288605613760e-01 1.749783932685545218e-01
6.794015414131727084e+03 8.268710012615263505e-01 1.781069145408074594e-01
6.800809429545861349e+03 7.577839655407881958e-01 1.837944602815107797e-01
6.807610238975408720e+03 6.979419818634607919e-01 1.839769690126499269e-01
6.814417849214386479e+03 6.841805619466868604e-01 1.809062841500851393e-01
6.821232267063603103e+03 6.372423442949027850e-01 1.821368849712370896e-01
6.828053499330669183e+03 5.614054425150866168e-01 1.780215284720551017e-01
6.834881552830001965e+03 4.409021656375695097e-01 1.712208545192687170e-01
6.841716434382834450e+03 4.456189331288838984e-01 1.676715203440269364e-01
6.848558150817219939e+03 5.223040690444200607e-01 1.683192562961160488e-01
6.855406708968039311e+03 6.576308154761780767e-01 1.682837139078850741e-01
6.862262115677009206e+03 8.424510701552223590e-01 1.748742399483712850e-01
6.869124377792688392e+03 9.998558256936711519e-01 1.686317802161711177e-01
6.875993502170483225e+03 1.073970773977173554e+00 1.697091722279330250e-01
6.882869495672656740e+03 1.097366304791501435e+00 1.688228625134583771e-01
6.889752365168331380e+03 1.043665526764381069e+00 1.433650003815309659e-01
6.896642117533501732e+03 1.220556961533941109e+00 1.052586130101883927e-01
6.903538759651037253e+03 1.219751812077590980e+00 1.042684209263008283e-01
6.910442298410691365e+03 1.144373252256585038e+00 1.054399849976617870e-01
6.917352740709104182e+03 9.343291889430610508e-01 1.234491139237265112e-01
6.924270093449815249e+03 8.329040647114288598e-01 1.204183516890992428e-01
6.931194363543267173e+03 6.391153670131396458e-01 1.109771776679594341e-01
6.938125557906812901e+03 5.846945974920134681e-01 1.119264138659477326e-01
6.945063683464722089e+03 5.545964227525035373e-01 1.189289038751614180e-01
6.952008747148189286e+03 5.295558463180307651e-01 1.253655452646229018e-01
6.958960755895339389e+03 4.558869506943266647e-01 1.302880348474501349e-01
6.965919716651237650e+03 4.111011541154626636e-01 1.354845398316488481e-01
6.972885636367890584e+03 3.866429188673648487e-01 1.442672842779046671e-01
6.979858522004260521e+03 4.803445588847689018e-01 1.460094878837260579e-01
6.986838380526267429e+03 5.979389446069641734e-01 1.481244291672848268e-01
6.993825218906796181e+03 8.227437394885669386e-01 1.397925601148005681e-01
7.000819044125705659e+03 9.085083999379824915e-01 1.380247559387307033e-01
7.007819863169833297e+03 9.517865617725042027e-01 1.376987007779050254e-01
7.014827683033005087e+03 9.259207881209887692e-01 1.454669491149083449e-01
7.021842510716041033e+03 9.541269946932310342e-01 1.475762844625922443e-01
7.028864353226758794e+03 1.066653949328125961e+00 1.443697250027330126e-01
7.035893217579988232e+03 1.118866201628429202e+00 1.454002012023203061e-01
7.042929110797570502e+03 1.214856010557452848e+00 1.511970099638823561e-01
7.049972039908370789e+03 1.153654832830719901e+00 1.474246889101585023e-01
7.057022011948281033e+03 1.061048563515368581e+00 1.486992709434009907e-01
7.064079033960231754e+03 9.042943000487745353e-01 1.500436964405910123e-01
7.071143112994193871e+03 7.795431188503149089e-01 1.467581264527157703e-01
7.078214256107190522e+03 7.370966385814400335e-01 1.485971177796211184e-01
7.085292470363300708e+03 7.967169667931894850e-01 1.477274426974531096e-01
7.092377762833665656e+03 8.222009212370550157e-01 1.425802967220226036e-01
7.099470140596501551e+03 7.877865051957754217e-01 1.347489003257489604e-01
7.106569610737100447e+03 7.085866447347687336e-01 1.295927060703529754e-01
7.113676180347840273e+03 7.183741043404903159e-01 1.282667286655361505e-01
7.120789856528190285e+03 7.178087695556301107e-01 1.285412809343737250e-01
7.127910646384721076e+03 7.429803274446088457e-01 1.254547697880699086e-01
7.135038557031108212e+03 7.989842448158904764e-01 1.216368589037598591e-01
7.142173595588141325e+03 8.443415624567049971e-01 1.209697250211319297e-01
7.149315769183732300e+03 8.429955769631877205e-01 1.182482646535630566e-01
7.156465084952918005e+03 7.666269857745406924e-01 1.075625734041543435e-01
7.163621550037873021e+03 7.011836246200930933e-01 1.100812550258689210e-01
7.170785171587913283e+03 6.083486482447021393e-01 1.086721532594063094e-01
7.177955956759504261e+03 6.620312435856563482e-01 1.019311309156309964e-01
7.185133912716265513e+03 6.347437184067802329e-01 1.032711988041949275e-01
7.192319046628984324e+03 5.038529189828235832e-01 1.401676056138327353e-01
7.199511365675615707e+03 4.354870882621628692e-01 1.519401865982312194e-01
7.206710877041294225e+03 4.964861073116192403e-01 1.476440443382403822e-01
7.213917587918337631e+03 5.624811688308777313e-01 1.540894900796953848e-01
7.221131505506257781e+03 6.278626844014504327e-01 1.548312986763389076e-01
7.228352637011767001e+03 7.447253407360088229e-01 1.535911384379325950e-01
7.235580989648780815e+03 8.849053972132370216e-01 1.541039772919431117e-01
7.242816570638432495e+03 1.072272712761865865e+00 1.596692420746555208e-01
7.250059387209073066e+03 1.181516176212199509e+00 1.569427576160919713e-01
7.257309446596284033e+03 1.248291066007666705e+00 1.559642881185075436e-01
7.264566756042882844e+03 1.218852069150369255e+00 1.582854717462952310e-01
7.271831322798928340e+03 1.113285004739473116e+00 1.659668294456439486e-01
7.279103154121729858e+03 1.039722969525824103e+00 1.579022150562079119e-01
7.286382257275853590e+03 9.681885619095007556e-01 1.571024758736488669e-01
7.293668639533132591e+03 9.322136121833536349e-01 1.576410478455323172e-01
7.300962308172667690e+03 9.398637408489807221e-01 1.576274590555627186e-01
7.308263270480842948e+03 1.020765938601332357e+00 1.622262497663795044e-01
7.315571533751325660e+03 1.142151336913818760e+00 1.476460009502816861e-01
7.322887105285079997e+03 1.093107919564089370e+00 1.559647183109477420e-01
7.330209992390367006e+03 9.228001437565479526e-01 1.475578860351243193e-01
7.337540202382760071e+03 8.661190623739918326e-01 1.416860812310362372e-01
7.344877742585144915e+03 8.330674819262442465e-01 1.441004339720921290e-01
7.352222620327733239e+03 8.788401264514676958e-01 1.427258014603902114e-01
7.359574842948062724e+03 8.886888797842682486e-01 1.368397891416776591e-01
7.366934417791013402e+03 9.829478750340270299e-01 1.606264181994023488e-01
7.374301352208806748e+03 9.620115093767046544e-01 1.639120533477550767e-01
7.381675653561018407e+03 9.930701338709791992e-01 1.589778297884667235e-01
7.389057329214581841e+03 1.039794164586105074e+00 1.595102915789848030e-01
7.396446386543798326e+03 1.031345239588723040e+00 1.692080850815512738e-01
7.403842832930345139e+03 1.193887458884324682e+00 1.912948817989464367e-01
7.411246675763277381e+03 1.101770852489977859e+00 2.440140133244071696e-01
7.418657922439043432e+03 8.602160083883167996e-01 3.037105826291697785e-01
7.426076580361484957e+03 8.489526184217719429e-01 2.958699521746902539e-01
7.433502656941848727e+03 9.301248680050977491e-01 2.916176481860014991e-01
7.440936159598792983e+03 1.212660916601733696e+00 3.172717174124923822e-01
7.448377095758394717e+03 1.508236997169183136e+00 3.147017308867670060e-01
7.455825472854155123e+03 1.786152399811159919e+00 3.101669189071878385e-01
7.463281298327012337e+03 1.968996551675594953e+00 3.102393546325971085e-01
7.470744579625341430e+03 2.055555176139384432e+00 3.087379870263209369e-01
7.478215324204968965e+03 2.096864876991389348e+00 3.000390674823094073e-01
7.485693539529176633e+03 1.958603931745518612e+00 3.093718510539931188e-01
7.493179233068708527e+03 1.720577437518796327e+00 3.107190462273193288e-01
7.500672412301779332e+03 1.478683351698706128e+00 3.113964487969727024e-01
7.508173084714083416e+03 1.425650694161214593e+00 3.146137201406469242e-01
7.515681257798800289e+03 1.159383586133565069e+00 3.105802779161628835e-01
7.523196939056601877e+03 9.230062318131369015e-01 3.008413991369666696e-01
7.530720135995660712e+03 7.842626655658072599e-01 2.937319189476628178e-01
7.538250856131659020e+03 6.706692832014902184e-01 2.940367760642706996e-01
7.545789106987793275e+03 7.933692954587776569e-01 2.400284208430294997e-01
7.553334896094783289e+03 9.053129797938057610e-01 2.227555622561024073e-01
7.560888230990880402e+03 6.430773089876953286e-01 1.465929166007521878e-01
7.568449119221873843e+03 6.999624884467690045e-01 1.524525840682465772e-01
7.576017568341098013e+03 6.235296615135568210e-01 1.552507209889760764e-01
7.583593585909441572e+03 6.315964723198203012e-01 1.480608366851061397e-01
7.591177179495353812e+03 5.167557210609299290e-01 1.478931338583963362e-01
7.598768356674851930e+03 4.919496676014614156e-01 1.470955875290917425e-01
7.606367125031529213e+03 5.420738903491870708e-01 1.460820535956968980e-01
7.613973492156563225e+03 5.700118575211410299e-01 1.471544240545266946e-01
7.621587465648722173e+03 6.488028755792638602e-01 1.349299450978652393e-01
7.629209053114373091e+03 5.711941648671519101e-01 1.313796051284457922e-01
7.636838262167490029e+03 6.102335900555238002e-01 1.336602790272894414e-01
7.644475100429660415e+03 5.989890615265236473e-01 1.317820645411885150e-01
7.652119575530092334e+03 6.646381406976593631e-01 1.217313958194512907e-01
7.659771695105625440e+03 6.180297825974440107e-01 1.201925178256952054e-01
7.667431466800733688e+03 7.173496812990746152e-01 1.194225395555699593e-01
7.675098898267536242e+03 7.816704918100476629e-01 1.263003829404046874e-01
7.682773997165806577e+03 7.516291275658512072e-01 1.332723650648929281e-01
7.690456771162975201e+03 7.478204791056087819e-01 1.260749415480421354e-01
7.698147227934140574e+03 7.392533036567814353e-01 1.269427767478222835e-01
7.705845375162077289e+03 7.291736988205782533e-01 1.286882299503077365e-01
7.713551220537241534e+03 7.499186390467248442e-01 1.252672444143408670e-01
7.721264771757782000e+03 6.940067594631299519e-01 1.220904253697166209e-01
7.728986036529541707e+03 5.316666650050912990e-01 1.276825259204044383e-01
7.736715022566074367e+03 4.038498744602290746e-01 1.164375012290176370e-01
7.744451737588642573e+03 3.198492308801144102e-01 1.171459754699712280e-01
7.752196189326234162e+03 3.448865671853006409e-01 1.179395148896530826e-01
7.759948385515562222e+03 4.307110506503865066e-01 1.228765395402250521e-01
7.767708333901080550e+03 5.918848435175408929e-01 1.564111004739150990e-01
7.775476042234984561e+03 5.957965848647834850e-01 1.627882216935587212e-01
7.783251518277222203e+03 7.145901267623379072e-01 1.530612324617351694e-01
7.791034769795502143e+03 7.757710665888558621e-01 1.530597089071879247e-01
7.798825804565300132e+03 8.528290719259919994e-01 1.527120287259274567e-01
7.806624630369868100e+03 8.247329103372915693e-01 1.676904469207898540e-01
7.814431255000240526e+03 1.026636069805856311e+00 1.906338033930208009e-01
7.822245686255242617e+03 1.104573109693353095e+00 1.943532928492240630e-01
7.830067931941501229e+03 9.883653261241465149e-01 1.912487519877533182e-01
7.837897999873444860e+03 9.678520598420835563e-01 1.886600683825636893e-01
7.845735897873320937e+03 1.001265812710750103e+00 1.900927061891857228e-01
7.853581633771196721e+03 1.100380798259415593e+00 1.961481724884128475e-01
7.861435215404970222e+03 1.152210657902115631e+00 1.924395676042531811e-01
7.869296650620378387e+03 1.071024096120621660e+00 1.951555131367746498e-01
7.877165947271001642e+03 1.013738716628241887e+00 1.951842249079971947e-01
7.885043113218274812e+03 9.076225054642074186e-01 1.946185083989644959e-01
7.892928156331495302e+03 7.865919547142583568e-01 1.884514683614094410e-01
7.900821084487829467e+03 7.042679034089582846e-01 1.917698884800583536e-01
7.908721905572319884e+03 6.220502557809519661e-01 1.915017507348522607e-01
7.916630627477895359e+03 7.046555097401348000e-01 1.805331312441598446e-01
7.924547258105375477e+03 5.942447673173321121e-01 1.772318173350055925e-01
7.932471805363483327e+03 5.840748127264668854e-01 1.750192302654046683e-01
7.940404277168850058e+03 5.750077144617775637e-01 1.766131691102364454e-01
7.948344681446021241e+03 5.261550574517150913e-01 1.737872031439740561e-01
7.956293026127469602e+03 5.103659242183917755e-01 1.714376748983590937e-01
7.964249319153599572e+03 5.498289199813211070e-01 1.610615327266829988e-01
7.972213568472756378e+03 5.838198236291221033e-01 1.359942889307306779e-01
7.980185782041231505e+03 5.179749394271310203e-01 1.250340993426943825e-01
7.988165967823275423e+03 4.949450785221274351e-01 1.264204560307770342e-01
7.996154133791101231e+03 4.717647192092823683e-01 1.231026172652340545e-01
8.004150287924895565e+03 4.333822247659711024e-01 1.219601440022596711e-01
8.012154438212822242e+03 4.142324182338281702e-01 1.208679094137437571e-01
8.020166592651037718e+03 3.104880788854281204e-01 1.239676829910681261e-01
8.028186759243691995e+03 3.836406343857079460e-01 1.317978422579605402e-01
8.036214946002938632e+03 4.063700759941086815e-01 1.301819348113420205e-01
8.044251160948943834e+03 4.085178325617374595e-01 1.284532314502125350e-01
8.052295412109895551e+03 4.428410844296505888e-01 1.269666556767563848e-01
8.060347707522008022e+03 4.746227180770405396e-01 1.404415246306036369e-01
8.068408055229532692e+03 4.751179987641701574e-01 1.435931153480028144e-01
8.076476463284764577e+03 5.079757847089479972e-01 1.380486343009705019e-01
8.084552939748052268e+03 5.298065137216798615e-01 1.339809236665583381e-01
8.092637492687803388e+03 5.139658719900084272e-01 1.345366481460416597e-01
8.100730130180493688e+03 4.996096814860273572e-01 1.368051499198718046e-01
8.108830860310677053e+03 5.461184354033655763e-01 1.360468328448481146e-01
8.116939691170990045e+03 5.263199967671294832e-01 1.347196453937252736e-01
8.125056630862163729e+03 6.076447020241031449e-01 1.416548708490690256e-01
8.133181687493028221e+03 7.004380735993087637e-01 1.427790756166035235e-01
8.141314869180524511e+03 7.259637928259126127e-01 1.379775874475901720e-01
8.149456184049707190e+03 7.494707656198114076e-01 1.354029515717818655e-01
8.157605640233759914e+03 7.279606855298722534e-01 1.387611582908727659e-01
8.165763245873996311e+03 5.572221291214775052e-01 1.717752504629051491e-01
8.173929009119872717e+03 3.754252053957917723e-01 1.637838431539282436e-01
8.182102938128995447e+03 3.005377969713153297e-01 1.663739288246054993e-01
8.190285041067127167e+03 3.035482105322457880e-01 1.666058918476763795e-01
8.198475326108196896e+03 3.008171299606264282e-01 1.632696926174557195e-01
8.206673801434308189e+03 4.461739742954386467e-01 1.675775834156417732e-01
8.214880475235744598e+03 7.144736686938333303e-01 1.747606199089069001e-01
8.223095355710984222e+03 8.502153425466715264e-01 1.743025537612467590e-01
8.231318451066697889e+03 9.979096592147349565e-01 1.793706546646275102e-01
8.239549769517767345e+03 1.162204754586529942e+00 1.747458827430226347e-01
8.247789319287287071e+03 1.356222602930339027e+00 1.829671361370611704e-01
8.256037108606577021e+03 1.341895185748701813e+00 1.812588297323480535e-01
8.264293145715186256e+03 1.284402587668670215e+00 1.800876690748951792e-01
8.272557438860903858e+03 1.089387301836035382e+00 1.772929520552458116e-01
8.280829996299768027e+03 8.208969469051095036e-01 1.868130273942725517e-01
8.289110826296069718e+03 6.542291071694011917e-01 1.834506739194412261e-01
8.297399937122369010e+03 5.069723901837502877e-01 1.814969575655221712e-01
8.305697337059495112e+03 4.781613618931667142e-01 1.864657462737636107e-01
8.314003034396557268e+03 4.583325810067703232e-01 1.814527262984426403e-01
8.322317037430955679e+03 4.443998520736297531e-01 1.859054460817968490e-01
8.330639354468388774e+03 4.607657404589036165e-01 1.778387727991716794e-01
8.338969993822860488e+03 3.843507037990107622e-01 1.843077647351763770e-01
8.347308963816685718e+03 4.622324153108828826e-01 1.790277824954497887e-01
8.355656272780506697e+03 4.171992742553279898e-01 1.784425674590803812e-01
8.364011929053289350e+03 5.345412054708351679e-01 1.754609444784863415e-01
8.372375940982345128e+03 6.181211654788701937e-01 1.742427380987535135e-01
8.380748316923331004e+03 7.947447147371743403e-01 2.401825776892538289e-01
8.389129065240256750e+03 7.302613449604472562e-01 3.837015204846513927e-01
8.397518194305499492e+03 2.195228745164360395e-01 5.104052713101915328e-01
8.405915712499807341e+03 2.210618030205818707e-01 5.274883976561068888e-01
8.414321628212310316e+03 4.647452111418662879e-01 5.197513835083639178e-01
8.422735949840525791e+03 8.515673656105475775e-01 5.307050069284399152e-01
8.431158685790369418e+03 1.262512582400455718e+00 5.554291311546257770e-01
8.439589844476162398e+03 1.564373467284988273e+00 5.522793771242063832e-01
8.448029434320640576e+03 1.920752587068676576e+00 5.701301823022817405e-01
8.456477463754963537e+03 2.226042274109199859e+00 5.584063266709986539e-01
8.464933941218721884e+03 2.313977327332799927e+00 5.596107037794227912e-01
8.473398875159942691e+03 2.239109259750519332e+00 5.683251909244116939e-01
8.481872274035105875e+03 1.966739593309578815e+00 5.804565587326354636e-01
8.490354146309144198e+03 1.762431364810286949e+00 5.854473761332428250e-01
8.498844500455456000e+03 1.149755946649816174e+00 5.807579972384353528e-01
8.507343344955914290e+03 7.273863196721267466e-01 5.810012669232126337e-01
8.515850688300872207e+03 1.980376194488725483e-01 5.697089059407728362e-01
8.524366538989177570e+03 -4.469674489763630909e-02 5.762499433861891784e-01
8.532890905528169242e+03 -3.758955949590281342e-02 5.904600643827025985e-01
8.541423796433698953e+03 5.524110237370591925e-01 5.089456934263361099e-01
8.549965220230136765e+03 1.106078727711323761e+00 4.026109866818829430e-01
8.558515185450369245e+03 5.765960754329956250e-01 1.009618076488283112e-01
8.567073700635823116e+03 5.484685412468232046e-01 1.059944401587450680e-01
8.575640774336461618e+03 5.519825261775151981e-01 1.052454265800157607e-01
8.584216415110800881e+03 5.304720108450551308e-01 1.082366825303315155e-01
8.592800631525913559e+03 4.603524691804139479e-01 1.090896425609369919e-01
8.601393432157443385e+03 3.945736305066556149e-01 1.083163876277428717e-01
8.609994825589603352e+03 3.180197420500585626e-01 1.048414768946423076e-01
8.618604820415195718e+03 3.701811450827092176e-01 1.087937947767876196e-01
8.627223425235613831e+03 3.164084813304765542e-01 1.102885036441241806e-01
8.635850648660851220e+03 3.163146435927155498e-01 1.092396296641746228e-01
8.644486499309516148e+03 3.273645266537433818e-01 1.112453469066339157e-01
8.653130985808827973e+03 3.545422027855618108e-01 9.984773771546479049e-02
8.661784116794638976e+03 3.251403057384829598e-01 9.990565077498966828e-02
8.670445900911438002e+03 3.755264798132054715e-01 1.361747597904955920e-01
8.679116346812352276e+03 3.532367944328445586e-01 1.403657165972479193e-01
8.687795463159167412e+03 2.922012117261170161e-01 1.641682737833049244e-01
8.696483258622329231e+03 4.086468982431521457e-01 1.698035160960590650e-01
8.705179741880954680e+03 4.240626131585562009e-01 1.640100341868332146e-01
8.713884921622837282e+03 5.185229262993896748e-01 1.727067306347845055e-01
8.722598806544463514e+03 7.080552578864562907e-01 1.864201508106400063e-01
8.731321405351010981e+03 6.932405791247794324e-01 2.098148578158012811e-01
8.740052726756364791e+03 7.484437820782781081e-01 2.316115489781206405e-01
8.748792779483124832e+03 7.102366179466568230e-01 2.624265251708305935e-01
8.757541572262609407e+03 7.548353354496674106e-01 2.622331489789129777e-01
8.766299113834875243e+03 8.927017366945451116e-01 2.812094554016805747e-01
8.775065412948713856e+03 9.675386650263072541e-01 2.890196007193599481e-01
8.783840478361664282e+03 1.112615326720492348e+00 2.980502253701898252e-01
8.792624318840029446e+03 1.101540578350942434e+00 3.104421702703077379e-01
8.801416943158872527e+03 1.113002002306276772e+00 3.157526499421378641e-01
8.810218360102035149e+03 1.114070868477739173e+00 3.303498369083828212e-01
8.819028578462139194e+03 1.199037610435008006e+00 3.353020746453354572e-01
8.827847607040604998e+03 1.347093842847104206e+00 3.460958222822205221e-01
8.836675454647647712e+03 1.658592065998472753e+00 3.419979858422309560e-01
8.845512130102299125e+03 1.693142874372506990e+00 3.406413830965233092e-01
8.854357642232404032e+03 1.556442117958086291e+00 3.287216740430392026e-01
8.863211999874638423e+03 1.706067566906182886e+00 3.381205345185281930e-01
8.872075211874516754e+03 1.535708961274593110e+00 3.486213466237914615e-01
8.880947287086393771e+03 1.600235540861158601e+00 3.620178540895687136e-01
8.889828234373482701e+03 1.708644196464827569e+00 3.691840525497775971e-01
8.898718062607858883e+03 1.792642962205914792e+00 3.485614168057826756e-01
8.907616780670470689e+03 1.718996858611254730e+00 3.351098530459812874e-01
8.916524397451143159e+03 1.127708301713763683e+00 2.784004096489566815e-01
8.925440921848598009e+03 9.682471501555864890e-01 2.829178606849719335e-01
8.934366362770449996e+03 8.036876885408585913e-01 2.864166530012386969e-01
8.943300729133223285e+03 7.197050988317809095e-01 2.925382085756035866e-01
8.952244029862358730e+03 7.117920151498731141e-01 2.893283651966024328e-01
8.961196273892224781e+03 7.937019259680960781e-01 2.758264579888895507e-01
8.970157470166119310e+03 6.628777370023515303e-01 2.768579958840901578e-01
8.979127627636287798e+03 6.082128805392830184e-01 2.828818568022506419e-01
8.988106755263928790e+03 6.501604362371334878e-01 2.824451041562861531e-01
8.997094862019195716e+03 6.793059194755735053e-01 2.855749811708231389e-01
9.006091956881216902e+03 7.339805045004862416e-01 2.869283764660939262e-01
9.015098048838101022e+03 8.399480447639114944e-01 2.832503951899512096e-01
9.024113146886942559e+03 9.804909422675054387e-01 2.780923120431009754e-01
9.033137260033832717e+03 1.020883611240599009e+00 2.791352478831392592e-01
9.042170397293868518e+03 7.927596006277959351e-01 2.488357301013703893e-01
9.051212567691165532e+03 8.301374481152949958e-01 2.667541738222360403e-01
9.060263780258859697e+03 9.056688681564615262e-01 2.581152526202831754e-01
9.069324044039121873e+03 8.690838715191712138e-01 2.485929128780352826e-01
9.078393368083163296e+03 6.781855582504907609e-01 2.637282623418476524e-01
9.087471761451250131e+03 3.197805680586979227e-01 2.685843555247670600e-01
9.096559233212705294e+03 9.779274871601378871e-02 2.784305128388117612e-01
9.105655792445919360e+03 -8.612469033840225441e-02 2.778241245508996649e-01
9.114761448238368757e+03 -1.420053398963823099e-01 2.784825101501378630e-01
9.123876209686610309e+03 -3.473553461778454698e-01 2.723115387859321723e-01
9.133000085896299424e+03 -3.972763717891719670e-01 2.962394180286183065e-01
9.142133085982199191e+03 -4.314605300581002556e-01 2.780376660254112453e-01
9.151275219068184015e+03 -5.399795751107505648e-02 3.154073573610486347e-01
9.160426494287255991e+03 3.449002361816018158e-01 3.213017695570339338e-01
9.169586920781546723e+03 6.812280021243671824e-01 3.411545798445316247e-01
9.178756507702330055e+03 1.235231042765970511e+00 3.498842310694177393e-01
9.187935264210036621e+03 1.609808576312293571e+00 3.444074931169474052e-01
9.197123199474248395e+03 1.694552577048146880e+00 3.546615791684948338e-01
9.206320322673725968e+03 1.510614591826160424e+00 3.806363512183173481e-01
9.215526642996403098e+03 1.241865380971707067e+00 4.021202246649334677e-01
9.224742169639403073e+03 1.057606703181010577e+00 4.227744271937918796e-01
9.233966911809044177e+03 9.523274829905911121e-01 4.200254785746234676e-01
9.243200878720857872e+03 8.786248741042302912e-01 4.161104743720286381e-01
9.252444079599581528e+03 1.057710862949795771e+00 4.551027853489481578e-01
9.261696523679183883e+03 1.001953470713296879e+00 4.733885064189436997e-01
9.270958220202865050e+03 1.068368015738699217e+00 4.760603736055365465e-01
9.280229178423071062e+03 7.721147859266902502e-01 5.305091134115813567e-01
9.289509407601497514e+03 9.495952745413109852e-01 5.550250937101133264e-01
9.298798917009102297e+03 1.115911389877251025e+00 5.482893250719351741e-01
9.308097715926114688e+03 1.161893926433717805e+00 5.477809103485266062e-01
9.317405813642044450e+03 1.406181533272023554e+00 5.715779585773796967e-01
9.326723219455689105e+03 1.859261788650910630e+00 5.746021904796058122e-01
9.336049942675148486e+03 1.962885628545263383e+00 5.847422049524449994e-01
9.345385992617826560e+03 2.071690960152940075e+00 5.979992757341141552e-01
9.354731378610447791e+03 2.310083754079578888e+00 6.232276902769658955e-01
9.364086109989060787e+03 2.491281310243731006e+00 6.339620544446143979e-01
9.373450196099052846e+03 2.948271234450133171e+00 6.486391018345131210e-01
9.382823646295155413e+03 2.975335994065798850e+00 6.564286739326919973e-01
9.392206469941453179e+03 3.141478636992095286e+00 6.873105977331326333e-01
9.401598676411396809e+03 2.638891705614940353e+00 6.903255721183009230e-01
9.411000275087812042e+03 2.298456814179591579e+00 6.677976518413811791e-01
9.420411275362903325e+03 2.356159389050358044e+00 6.789254008355064540e-01
9.429831686638268366e+03 2.120197150747094028e+00 6.695086218703748537e-01
9.439261518324910867e+03 2.316877879333766987e+00 6.458859891830069921e-01
9.448700779843238706e+03 2.164100831861061724e+00 6.433036645625815897e-01
9.458149480623085765e+03 2.269057655745336355e+00 6.474063695039929955e-01
9.467607630103711926e+03 1.872440922156652476e+00 6.402914358878465384e-01
9.477075237733817630e+03 1.885610068580947374e+00 6.554966226511905747e-01
9.486552312971554784e+03 1.460271325760922556e+00 6.578132393390322408e-01
9.496038865284530402e+03 1.243133787166497140e+00 6.574482335257413324e-01
9.505534904149817521e+03 9.085344392647336509e-01 6.714628130500841507e-01
9.515040439053969749e+03 7.687893016592030060e-01 6.508611768252784424e-01
9.524555479493026724e+03 9.369586521054742434e-01 6.528740956280327801e-01
9.534080034972523208e+03 6.646774983509869950e-01 6.667374769363070275e-01
9.543614115007500004e+03 9.640565863797918578e-01 6.575183795934966824e-01
9.553157729122509409e+03 8.002205408704878842e-01 6.335155862482143574e-01
9.562710886851635223e+03 7.519851271364059730e-01 6.251042805677194947e-01
9.572273597738490935e+03 8.953145669795337103e-01 6.089995997130320804e-01
9.581845871336232449e+03 1.244248428265265050e+00 5.852053957216102331e-01
9.591427717207570822e+03 1.475490360593338490e+00 5.841054670297923801e-01
9.601019144924781358e+03 1.547222571333627172e+00 5.753483359875796177e-01
9.610620164069710881e+03 1.677307233771857309e+00 5.360790425926600378e-01
9.620230784233783197e+03 1.528624998370025301e+00 5.341868755663063961e-01
9.629851015018019098e+03 1.563313536265980019e+00 5.145164610289927332e-01
9.639480866033041821e+03 1.498125609753929499e+00 4.972606562118233597e-01
9.649120346899077049e+03 1.469549809266227358e+00 4.797146041410697559e-01
9.658769467245980195e+03 1.070661262892146137e+00 4.825820175199993511e-01
9.668428236713229126e+03 8.886551643346336515e-01 4.724284559958087382e-01
9.678096664949945989e+03 6.337825624861703755e-01 4.430941370297435400e-01
9.687774761614899035e+03 3.909679805371709671e-01 4.281588575293531207e-01
9.697462536376517164e+03 3.494796247313947668e-01 4.017165292727737369e-01
9.707159998912895389e+03 2.074535094792883116e-01 3.848126367081096677e-01
9.716867158911813021e+03 4.182230843705012080e-01 3.790015697086626667e-01
9.726584026070726395e+03 3.153079173749085973e-01 3.608648306487040602e-01
9.736310610096801611e+03 3.672176349602263024e-01 3.447096260476129603e-01
9.746046920706901801e+03 3.849187983058754980e-01 3.237753535698797425e-01
9.755792967627610778e+03 1.004790649107479839e-01 3.078355282270505144e-01
9.765548760595242129e+03 -2.898455108924530288e-02 2.933544272545672293e-01
9.775314309355841033e+03 8.752257478020158965e-02 2.695034888473867296e-01
9.785089623665198815e+03 1.561802997702153306e-01 2.568440730095157276e-01
9.794874713288867497e+03 1.357214970681686061e-02 2.451961214560591795e-01
9.804669588002159799e+03 -1.991211784674266627e-01 2.458526508456167770e-01
9.814474257590165507e+03 -2.850756273084237846e-01 2.323611300150398573e-01
9.824288731847758754e+03 -2.352307433514947976e-01 2.137879132409880867e-01
9.834113020579610748e+03 -1.838532902121906565e-01 2.046959882163610356e-01
9.843947133600193411e+03 -1.092826367649868402e-02 1.943895330972787161e-01
9.853791080733795752e+03 4.141209962439998393e-02 1.958403816325450797e-01
9.863644871814532962e+03 1.166591107322772491e-01 2.008323727883432330e-01
9.873508516686351868e+03 2.246121146586428641e-01 2.073790778928064626e-01
9.883382025203040030e+03 3.163472161427022256e-01 2.129333203827503407e-01
9.893265407228247568e+03 4.075912882510698276e-01 2.253236504076738811e-01
9.903158672635478069e+03 4.608027496580505700e-01 2.462226071424674090e-01
9.913061831308117689e+03 6.328283686896272187e-01 2.566447756955027582e-01
9.922974893139427877e+03 7.245946901365301063e-01 2.901617276309189086e-01
9.932897868032570841e+03 7.449441626448338738e-01 3.250683210761524666e-01
9.942830765900607730e+03 7.195096962743785518e-01 3.885184142608560376e-01
9.952773596666511366e+03 6.288559623916541996e-01 4.774312644191418542e-01
9.962726370263180797e+03 4.932297431022460987e-01 5.909619181584983005e-01
9.972689096633446752e+03 3.048081709601194733e-01 7.384764525056158879e-01
9.982661785730084375e+03 9.067464440573147488e-02 9.461833671978600036e-01
9.992644447515816864e+03 -2.971157851584746434e-02 1.250890539395008050e+00
