# starting wavelength: 3639.068
# ending wavelength: 7514.854
# wav flux eflux
3.641347955989080219e+03 3.429142248112206914e-01 5.108545820017578620e+00
3.644989303945070333e+03 3.869188891944401743e-01 3.792132318671271207e+00
3.648634293249016537e+03 6.055366982850782787e-01 2.871638290870848209e+00
3.652282927542266862e+03 4.814238282117646595e-01 2.292847169892899384e+00
3.655935210469810499e+03 7.317590121525945346e-01 1.797701202709569346e+00
3.659591145680281443e+03 9.628415771368896703e-01 1.433494489317250542e+00
3.663250736825963031e+03 1.208862536843853475e+00 1.169912658646380610e+00
3.666913987562790226e+03 1.537159225429243437e+00 9.739130927344434863e-01
3.670580901550354156e+03 1.839724521503545152e+00 8.235189322767403342e-01
3.674251482451905758e+03 2.267694617291836856e+00 7.452243265543045947e-01
3.677925733934358959e+03 2.402784816448742866e+00 6.724832660314197241e-01
3.681603659668294313e+03 2.573860715528774268e+00 6.051782402286863816e-01
3.685285263327964003e+03 2.625237773123628493e+00 5.687846786474176630e-01
3.688970548591293209e+03 2.790263284134813837e+00 5.306054211587106773e-01
3.692659519139885560e+03 2.876223418655665220e+00 5.061985138721866173e-01
3.696352178659026777e+03 2.881911358377077903e+00 4.861520273677391590e-01
3.700048530837686940e+03 2.848500768839174135e+00 4.713903177028616609e-01
3.703748579368525952e+03 2.952996746145819085e+00 4.650240110228055501e-01
3.707452327947895355e+03 2.694177419867063605e+00 4.726396623435904498e-01
3.711159780275844696e+03 2.637742905244444991e+00 4.806154816121818718e-01
3.714870940056121526e+03 2.507263273185931673e+00 4.569264772021086607e-01
3.718585810996179134e+03 2.465205685433920824e+00 4.166590298032559203e-01
3.722304396807176545e+03 2.368200357659501876e+00 4.195327197320752877e-01
3.726026701203984885e+03 2.267773740533551408e+00 4.194184616934957810e-01
3.729752727905190113e+03 2.246427655873490803e+00 4.264368938685525467e-01
3.733482480633096657e+03 2.357249317060579052e+00 4.441980426670011362e-01
3.737215963113731050e+03 2.430261790690029677e+00 4.447459477413027717e-01
3.740953179076846027e+03 2.437734320976529201e+00 4.446861466493766679e-01
3.744694132255923705e+03 2.261445125438899417e+00 4.391082595164825242e-01
3.748438826388181042e+03 2.161951914065137537e+00 4.352394956263715975e-01
3.752187265214570289e+03 2.203805351852905048e+00 4.340666845703216592e-01
3.755939452479786269e+03 2.297479483945503720e+00 4.224323458961273259e-01
3.759695391932267285e+03 2.403851394388579976e+00 4.109812845055838548e-01
3.763455087324201031e+03 2.136623737923815547e+00 3.967770910550171837e-01
3.767218542411526414e+03 2.253704681534246301e+00 4.098239277136301872e-01
3.770985760953939007e+03 2.150241586212395362e+00 4.137648613627368244e-01
3.774756746714894234e+03 1.744008048223225193e+00 4.238686682137086659e-01
3.778531503461610555e+03 1.249769048940628569e+00 4.291562293810850526e-01
3.782310034965073100e+03 1.106811826186938630e+00 4.328197504385041805e-01
3.786092345000039586e+03 8.445201277933923611e-01 4.178122856309274269e-01
3.789878437345040766e+03 7.702560780202303281e-01 4.117246328380383402e-01
3.793668315782387253e+03 6.646035491106296877e-01 4.187061190349020134e-01
3.797461984098170888e+03 7.692368765888308868e-01 4.243464460493029944e-01
3.801259446082270188e+03 8.611379325815788910e-01 4.062050668646675078e-01
3.805060705528353537e+03 8.042826578500791301e-01 3.888971412228559577e-01
3.808865766233883278e+03 9.937021496960929401e-01 3.866389769312388314e-01
3.812674632000118436e+03 1.201998465740784727e+00 3.976354447273285908e-01
3.816487306632119726e+03 1.598207499503388362e+00 3.873596578997155482e-01
3.820303793938753188e+03 1.940444654802393032e+00 3.882276356015728624e-01
3.824124097732693372e+03 2.236074099564219431e+00 3.827393130485057804e-01
3.827948221830427428e+03 2.317774287301925806e+00 3.782094214231305207e-01
3.831776170052258749e+03 2.310317264215694166e+00 3.578055661782156838e-01
3.835607946222312421e+03 2.608676270756803639e+00 3.585034256914341189e-01
3.839443554168536139e+03 2.608897775383703710e+00 3.607241821384232772e-01
3.843282997722705659e+03 2.395878228825081724e+00 3.777180586532552509e-01
3.847126280720429804e+03 2.258226897284671075e+00 3.793323346752328629e-01
3.850973407001151372e+03 2.325045698981829556e+00 3.736669931912172116e-01
3.854824380408153957e+03 2.136989087708129897e+00 3.736316474048224645e-01
3.858679204788563311e+03 1.769981324332656758e+00 4.125842302258876937e-01
3.862537883993353262e+03 1.473453999132287917e+00 3.984518016559326359e-01
3.866400421877347981e+03 1.396987737114163686e+00 4.074117611778940162e-01
3.870266822299226533e+03 1.378753514695128857e+00 4.168834767562611399e-01
3.874137089121526969e+03 1.417112419695824022e+00 4.234100597782401443e-01
3.878011226210649966e+03 1.664686319328249953e+00 4.151678795524719745e-01
3.881889237436861549e+03 1.894220306643151774e+00 3.986755076598586522e-01
3.885771126674299921e+03 2.033127152560910478e+00 3.953815058310897745e-01
3.889656897800975457e+03 2.274607726425459830e+00 4.030965683918679709e-01
3.893546554698777527e+03 2.438166657309808638e+00 4.009535312546950725e-01
3.897440101253477678e+03 2.735103465844655801e+00 3.998595189010152873e-01
3.901337541354732366e+03 3.143258078733396133e+00 4.070871056050511250e-01
3.905238878896088409e+03 3.482398363324542334e+00 4.063841351879716179e-01
3.909144117774985716e+03 3.642725110390691690e+00 4.009358835419335465e-01
3.913053261892762293e+03 3.926114921748721898e+00 4.249168840130466696e-01
3.916966315154656058e+03 4.009583454058414986e+00 4.237852301374464559e-01
3.920883281469812118e+03 4.106952169086106608e+00 4.317767194288804622e-01
3.924804164751283224e+03 3.782747281633923819e+00 4.724103436265026379e-01
3.928728968916035683e+03 3.332551057694100649e+00 4.828757867987946706e-01
3.932657697884953450e+03 2.946961147709695972e+00 4.856642072028866663e-01
3.936590355582839493e+03 2.825557023604591933e+00 4.843391925809985565e-01
3.940526945938423523e+03 2.718886199557664529e+00 4.834611920521098560e-01
3.944467472884363360e+03 2.668017020675492290e+00 4.776398240806831730e-01
3.948411940357249023e+03 2.616061528612382947e+00 4.777836481388952894e-01
3.952360352297607733e+03 2.617843028760855173e+00 4.822878897968682632e-01
3.956312712649906643e+03 2.316969200044207700e+00 4.717111069293441483e-01
3.960269025362557841e+03 2.365199708387665911e+00 4.425324210058381724e-01
3.964229294387921527e+03 2.332101476051560596e+00 4.257325882195422961e-01
3.968193523682310570e+03 2.354564340449341042e+00 4.218473700564500661e-01
3.972161717205994591e+03 2.099254730612751807e+00 4.275295923179581181e-01
3.976133878923201792e+03 1.871481437284665983e+00 4.404183124599575505e-01
3.980110012802126221e+03 1.751414522547266595e+00 4.494097597029066415e-01
3.984090122814929600e+03 1.665560213311974902e+00 4.488514028940288614e-01
3.988074212937745870e+03 1.316679933931708124e+00 4.266658876969005587e-01
3.992062287150684824e+03 1.097089918664889918e+00 4.228815903181785130e-01
3.996054349437837118e+03 1.057200872539465042e+00 4.411809063239154893e-01
4.000050403787276082e+03 1.026100246584794373e+00 4.436952925385718172e-01
4.004050454191064546e+03 1.289404319379182873e+00 4.033961870210905354e-01
4.008054504645257111e+03 1.564881457161254152e+00 3.788376106929242093e-01
4.012062559149903791e+03 1.699758176860977521e+00 3.693497066525348038e-01
4.016074621709055009e+03 1.296457853599431109e+00 3.463899148053765642e-01
4.020090696330765240e+03 1.104836918604163554e+00 3.519938507973172648e-01
4.024110787027097558e+03 1.365035913850602523e+00 4.010273364913528593e-01
4.028134897814125907e+03 1.330270117322849277e+00 4.457426436903176858e-01
4.032163032711941469e+03 1.421055585388709019e+00 4.402948159040209752e-01
4.036195195744654484e+03 1.645925765633272420e+00 4.376019429587059140e-01
4.040231390940400615e+03 2.099951974427003876e+00 4.388652530524970174e-01
4.044271622331342314e+03 2.543588121662563317e+00 4.963985473101443224e-01
4.048315893953675186e+03 2.705432326225102546e+00 5.717755986951608138e-01
4.052364209847629809e+03 2.330659635692307941e+00 6.151798557164216419e-01
4.056416574057479011e+03 1.649919725708944185e+00 6.621334046162161702e-01
4.060472990631537868e+03 1.389768677957132326e+00 6.602597318937457604e-01
4.064533463622170530e+03 1.404082486497347348e+00 6.546279623640279821e-01
4.068597997085794304e+03 1.445116137219844443e+00 6.330097008670335645e-01
4.072666595082881486e+03 1.619306336220005749e+00 6.418340670882028975e-01
4.076739261677965715e+03 1.992445119335292114e+00 6.507136254357764882e-01
4.080816000939644709e+03 2.361699189207901117e+00 6.620951808906271330e-01
4.084896816940585722e+03 2.692680084336146251e+00 6.570882503510513395e-01
4.088981713757527814e+03 2.792206660784851469e+00 6.559685219742843465e-01
4.093070695471286854e+03 2.856483384216107702e+00 6.367108701968268170e-01
4.097163766166759160e+03 2.657411006374243989e+00 6.358484457922441990e-01
4.101260929932927866e+03 2.485894228937755912e+00 6.261890361019520901e-01
4.105362190862862008e+03 1.972274376807581664e+00 5.683845702971822567e-01
4.109467553053726078e+03 1.651889317197995810e+00 5.569751428852830477e-01
4.113577020606780934e+03 1.146253693565630227e+00 5.375604698612967969e-01
4.117690597627389252e+03 8.958567429926286296e-01 5.386536422456709161e-01
4.121808288225018259e+03 9.990816897613503667e-01 5.446991340287782313e-01
4.125930096513244280e+03 1.475874401420487203e+00 3.819851277976662463e-01
4.130056026609759101e+03 1.341748182077034945e+00 3.666795261918670001e-01
4.134186082636369974e+03 1.185229818572409721e+00 3.394760129456673159e-01
4.138320268719007800e+03 1.211224343487512067e+00 3.423022191356666077e-01
4.142458588987728035e+03 1.025366941315341451e+00 3.452309877526625881e-01
4.146601047576717065e+03 1.075415512326821199e+00 3.477742518907029901e-01
4.150747648624294925e+03 1.171664629682095837e+00 3.542887886666672981e-01
4.154898396272920763e+03 1.109745449919965044e+00 3.395108955643134641e-01
4.159053294669195566e+03 1.499253946627797207e+00 3.620442331868974906e-01
4.163212347963865795e+03 1.805398344229817598e+00 3.185081651124226365e-01
4.167375560311830668e+03 1.901435655135702785e+00 3.166910539670308444e-01
4.171542935872143971e+03 1.885176084085742332e+00 3.191766488949228098e-01
4.175714478808017702e+03 1.947745242150008549e+00 3.201910532811544918e-01
4.179890193286827525e+03 1.803082900793130827e+00 3.204011945045534548e-01
4.184070083480115500e+03 1.795716725007761472e+00 3.171927868593655830e-01
4.188254153563597356e+03 1.582876685943792161e+00 3.325741638274759548e-01
4.192442407717161586e+03 1.435376693983894114e+00 3.234356598490301105e-01
4.196634850124880359e+03 1.537956445238112035e+00 3.158593615981809544e-01
4.200831484975006788e+03 1.953333450408383243e+00 3.243508558966872179e-01
4.205032316459983122e+03 1.974417199243728938e+00 3.193051903108763412e-01
4.209237348776444378e+03 2.065790183275467484e+00 3.229394275839038153e-01
4.213446586125221984e+03 2.543744024630671063e+00 3.155718565245309581e-01
4.217660032711349231e+03 2.949130163300603069e+00 3.156860597369885446e-01
4.221877692744061278e+03 3.268193652032501006e+00 3.159289632398773473e-01
4.226099570436806971e+03 3.534048876654339644e+00 3.119863956674198135e-01
4.230325670007245208e+03 3.686278734128053181e+00 3.133224660335317546e-01
4.234555995677254032e+03 3.596646560163992312e+00 3.071117699071009843e-01
4.238790551672932452e+03 3.521647079509584444e+00 2.936815356888299311e-01
4.243029342224606808e+03 3.260414101616256222e+00 2.916648603642117976e-01
4.247272371566832589e+03 2.927095854051425139e+00 2.924812562046968933e-01
4.251519643938400804e+03 2.567601113998688511e+00 2.944536356759296369e-01
4.255771163582340705e+03 2.083122480284462341e+00 2.937659516262279835e-01
4.260026934745924336e+03 1.844661379646853394e+00 2.922103939229783176e-01
4.264286961680671993e+03 1.653419970829523633e+00 2.892678894902178666e-01
4.268551248642354039e+03 1.404163360899057578e+00 2.638968695049656032e-01
4.272819799890998183e+03 1.526744317493398118e+00 2.749383455507785068e-01
4.277092619690890388e+03 1.999469602912463451e+00 3.308311588059447694e-01
4.281369712310583054e+03 2.334246189989172215e+00 2.876330799970761021e-01
4.285651082022895025e+03 2.420189852499563088e+00 2.984906657559535659e-01
4.289936733104918858e+03 2.439651036952359409e+00 2.981509062429607559e-01
4.294226669838025373e+03 2.458152013247890455e+00 3.057206942780282821e-01
4.298520896507864563e+03 2.463830215122698508e+00 3.065958035258179448e-01
4.302819417404373780e+03 2.475661295660153804e+00 3.038971264270993733e-01
4.307122236821779552e+03 2.517530025099587121e+00 2.996330686637382890e-01
4.311429359058603040e+03 2.583600732705355618e+00 3.073454361183702299e-01
4.315740788417662770e+03 2.489716597170803958e+00 2.959500535741306781e-01
4.320056529206081905e+03 2.435560094090726935e+00 2.917944539330278864e-01
4.324376585735290064e+03 2.414662964173849957e+00 2.929831118306284177e-01
4.328700962321026054e+03 2.635173063640273927e+00 2.766555484014528998e-01
4.333029663283348782e+03 2.776639494774831185e+00 2.725785458668286143e-01
4.337362692946633615e+03 2.718449933104248650e+00 2.690482315436302230e-01
4.341700055639581478e+03 2.649461050700280929e+00 2.697473512743385760e-01
4.346041755695222491e+03 2.435725689462479249e+00 2.665552175694879122e-01
4.350387797450919606e+03 2.127193879528133547e+00 2.540040169847322948e-01
4.354738185248371337e+03 1.963484950201550117e+00 2.618352438893687961e-01
4.359092923433621763e+03 2.233539771921677186e+00 2.454068514596994544e-01
4.363452016357056891e+03 2.275777460111179540e+00 2.434424052836434427e-01
4.367815468373414660e+03 2.600515243056626513e+00 2.780214117875142721e-01
4.372183283841789489e+03 2.782134023099418485e+00 2.729927001625407912e-01
4.376555467125633186e+03 2.854750712233892429e+00 2.618779873284090565e-01
4.380932022592760404e+03 2.494589472720876167e+00 2.748740548888121693e-01
4.385312954615354101e+03 2.310979468294252825e+00 2.804778476427917666e-01
4.389698267569970994e+03 2.328727147958352006e+00 2.866804373818081508e-01
4.394087965837542470e+03 2.299867235286236600e+00 2.847503055595021482e-01
4.398482053803381859e+03 2.103213352417206305e+00 2.821274535659534788e-01
4.402880535857186260e+03 1.922244273859957442e+00 2.801557385398742994e-01
4.407283416393044718e+03 1.719755548606111573e+00 2.761916501271008406e-01
4.411690699809440048e+03 1.589004661356891335e+00 2.767650117103829244e-01
4.416102390509250654e+03 1.561487753007578139e+00 2.761685447129554327e-01
4.420518492899761441e+03 1.681101849822264294e+00 2.743298246495380899e-01
4.424939011392662906e+03 1.807168879260466765e+00 2.687280083919352247e-01
4.429363950404056595e+03 2.012666383588145091e+00 2.582295660287889372e-01
4.433793314354462382e+03 2.105482888708899214e+00 2.604197405435821899e-01
4.438227107668818462e+03 2.070170276524180064e+00 2.456991962999694468e-01
4.442665334776488635e+03 2.162908759810237669e+00 2.463505932943182430e-01
4.447108000111265937e+03 2.099491861862964104e+00 2.404900765324915202e-01
4.451555108111379013e+03 2.411717299255189850e+00 2.088153869497383075e-01
4.456006663219492111e+03 2.411684717399680267e+00 2.006005096780849595e-01
4.460462669882713271e+03 2.386189348066601656e+00 1.994951725603479886e-01
4.464923132552597053e+03 2.145963462048280146e+00 1.956725774784141003e-01
4.469388055685150903e+03 1.750872648151392985e+00 2.207676556268904910e-01
4.473857443740837880e+03 1.633117212523644390e+00 2.207792949912477376e-01
4.478331301184580298e+03 1.543532095155613071e+00 2.167427550802595304e-01
4.482809632485766087e+03 1.466656995842848143e+00 2.199727292956101532e-01
4.487292442118253348e+03 1.881606449294167316e+00 2.614982653241563204e-01
4.491779734560373072e+03 2.328144370263152130e+00 2.613473934179265101e-01
4.496271514294934605e+03 2.824983932955048793e+00 2.682345116251017014e-01
4.500767785809231100e+03 3.217822858700674526e+00 2.607452000878608955e-01
4.505268553595042249e+03 3.509346480711736493e+00 2.584510916919308676e-01
4.509773822148638828e+03 3.582632687738147581e+00 2.500462328964473402e-01
4.514283595970789065e+03 3.395478930203502888e+00 2.690439234745157782e-01
4.518797879566761367e+03 3.138617478566207541e+00 2.959227262586968665e-01
4.523316677446328868e+03 2.813269105702964623e+00 2.797958322308570223e-01
4.527839994123776705e+03 2.570005412231832764e+00 2.703147115113166410e-01
4.532367834117902021e+03 2.386579262433382365e+00 2.651177661891552240e-01
4.536900201952022144e+03 2.361276058068449757e+00 2.662720821330726295e-01
4.541437102153975502e+03 2.348470876328486057e+00 2.714179096207990360e-01
4.545978539256130716e+03 2.410537249265860105e+00 2.682357843617368398e-01
4.550524517795388419e+03 2.658225638462554663e+00 2.465456980773966800e-01
4.555075042313184895e+03 2.749652947358613542e+00 2.438528900171723357e-01
4.559630117355500261e+03 3.063879477336184376e+00 2.237848371016376292e-01
4.564189747472856652e+03 3.006505247474544618e+00 2.217668456138310873e-01
4.568753937220330954e+03 2.860680735605530600e+00 2.085910538146698301e-01
4.573322691157552981e+03 2.816900021781012065e+00 1.979994140341603537e-01
4.577896013848711846e+03 2.608614507590322429e+00 1.879795032763410811e-01
4.582473909862562323e+03 2.375110793329298531e+00 1.936564593308252868e-01
4.587056383772426670e+03 2.067301398589566741e+00 1.920248264726873710e-01
4.591643440156200086e+03 1.872871066828934117e+00 1.909355436823717278e-01
4.596235083596357981e+03 1.816601932236471040e+00 1.865101292827809898e-01
4.600831318679955984e+03 1.726986190735806836e+00 1.846071707456161115e-01
4.605432149998637215e+03 1.645697083202602551e+00 1.851498866728878145e-01
4.610037582148637739e+03 1.552777168899351912e+00 1.698623727122756388e-01
4.614647619730787483e+03 1.528466982316656342e+00 1.670362025508106418e-01
4.619262267350520233e+03 1.541786064463618988e+00 1.620320319478186499e-01
4.623881529617872729e+03 1.508474276028083150e+00 1.690626055399646055e-01
4.628505411147491941e+03 1.466749940936410423e+00 1.668140187653351370e-01
4.633133916558640522e+03 1.480630795131385069e+00 1.600152884712659207e-01
4.637767050475200449e+03 1.358573454075549636e+00 1.598601039051677219e-01
4.642404817525677572e+03 1.345669824864780262e+00 1.610206956435894510e-01
4.647047222343205249e+03 1.251308778547899347e+00 1.672180198607113588e-01
4.651694269565549803e+03 1.159592005915680346e+00 1.648426983463287809e-01
4.656345963835116891e+03 1.126614723922508832e+00 1.728107040248887671e-01
4.661002309798953320e+03 1.214310673335095458e+00 1.624295143807621966e-01
4.665663312108753416e+03 1.171422172397963202e+00 1.573112385122200918e-01
4.670328975420864481e+03 1.032073989216184762e+00 1.647189486941668668e-01
4.674999304396286789e+03 9.056153553367136677e-01 1.638297399432319390e-01
4.679674303700684504e+03 7.904448609222050059e-01 1.553623777459409994e-01
4.684353978004386590e+03 6.804080340757105994e-01 1.477572073424692212e-01
4.689038331982392265e+03 5.612250252574800813e-01 1.572479882512030358e-01
4.693727370314376458e+03 6.249154924882902584e-01 1.682149246946437471e-01
4.698421097684692540e+03 6.751838233177207549e-01 1.655305683274608808e-01
4.703119518782378691e+03 7.527608786512618444e-01 1.742512545591449469e-01
4.707822638301162442e+03 7.977794107474937002e-01 1.745180905114662451e-01
4.712530460939465229e+03 7.574247907846453076e-01 1.778224857748403887e-01
4.717242991400406027e+03 8.647987130294130242e-01 1.793033421190256549e-01
4.721960234391808626e+03 9.013263825072337365e-01 1.786266440462960237e-01
4.726682194626201635e+03 8.877245737059450414e-01 1.809556560205732301e-01
4.731408876820829391e+03 7.924417520617421662e-01 1.814536198060851813e-01
4.736140285697651962e+03 6.889991650411593227e-01 1.749478794874984311e-01
4.740876425983350600e+03 6.251566029196280461e-01 1.695688841399735636e-01
4.745617302409335934e+03 6.170583614117929327e-01 1.684618284483622164e-01
4.750362919711747054e+03 6.200256741568924701e-01 1.643885678997288047e-01
4.755113282631459697e+03 6.142109792229233367e-01 1.623475170215729901e-01
4.759868395914093526e+03 6.361086201466236156e-01 1.620913795845353722e-01
4.764628264310008490e+03 6.635523489583623480e-01 1.688565410956713309e-01
4.769392892574320285e+03 6.998005306007987203e-01 1.618205153969491938e-01
4.774162285466896719e+03 6.405246811986669009e-01 1.655422200667894250e-01
4.778936447752364984e+03 5.378514541935233151e-01 1.679618817199019232e-01
4.783715384200118933e+03 5.983106695366402494e-01 1.604166534096337637e-01
4.788499099584319993e+03 6.806162765295843409e-01 1.624529362626468409e-01
4.793287598683906253e+03 6.685113872970985804e-01 1.601009938869647764e-01
4.798080886282591564e+03 7.801123357091859223e-01 1.600912222447243294e-01
4.802878967168876443e+03 7.025333168145484475e-01 1.591012098534021757e-01
4.807681846136046261e+03 6.844796468904639219e-01 1.655753805888549590e-01
4.812489527982183972e+03 6.366455436469271589e-01 2.164483712876124899e-01
4.817302017510168298e+03 9.176364022604279747e-01 2.231965414832093875e-01
4.822119319527679181e+03 1.580136963974889897e+00 2.150206921069637012e-01
4.826941438847208701e+03 1.665169147367084435e+00 2.001120818300418935e-01
4.831768380286057436e+03 2.420338261392944723e+00 1.979514477247506510e-01
4.836600148666345376e+03 3.745424275551374471e+00 1.812095326042520715e-01
4.841436748815013743e+03 5.683960741963726804e+00 2.281088143376285848e-01
4.846278185563829538e+03 7.551336397833253500e+00 2.415832897719338290e-01
4.851124463749395545e+03 8.220198396847580469e+00 2.343291505860083390e-01
4.855975588213146693e+03 7.800300502294535754e+00 2.637196618213012433e-01
4.860831563801360971e+03 6.430878620568881487e+00 2.227612681252490734e-01
4.865692395365163975e+03 4.736586691956116368e+00 2.111558722113489051e-01
4.870558087760530725e+03 3.352103672972932102e+00 2.054937269326085891e-01
4.875428645848292945e+03 2.624776284609568577e+00 2.047283360628535387e-01
4.880304074494142696e+03 2.236427461526525384e+00 1.911154818677512357e-01
4.885184378568638749e+03 1.779729351023467299e+00 1.830178854168323654e-01
4.890069562947209306e+03 1.736253118374633253e+00 1.820682439787918439e-01
4.894959632510157462e+03 1.979253887095113074e+00 1.922309527624800063e-01
4.899854592142669389e+03 2.223098147733918672e+00 1.837805945121958329e-01
4.904754446734813428e+03 2.303624876319234183e+00 2.062811557442823240e-01
4.909659201181550088e+03 2.523479955746513959e+00 2.029967095510494535e-01
4.914568860382732964e+03 2.628899572584016742e+00 2.045806828902746732e-01
4.919483429243117826e+03 2.560041163914267059e+00 2.123324759835488462e-01
4.924402912672362618e+03 2.104076747109620449e+00 1.455530631372018158e-01
4.929327315585036558e+03 1.799039776241444955e+00 1.480668069762394734e-01
4.934256642900622865e+03 1.533536237968915694e+00 1.483730628945142682e-01
4.939190899543525120e+03 1.152217891701528218e+00 1.349940136318683315e-01
4.944130090443070912e+03 9.558049199152904851e-01 1.517421889922564715e-01
4.949074220533515472e+03 7.101775597075753454e-01 1.529122602761940897e-01
4.954023294754050767e+03 5.082362567090816796e-01 1.563050051795730200e-01
4.958977318048806410e+03 4.740841043061605475e-01 1.576445374788127685e-01
4.963936295366856939e+03 5.023855611950854838e-01 1.585116936455210623e-01
4.968900231662225451e+03 7.027359117473703787e-01 1.547141338462101889e-01
4.973869131893889062e+03 9.170252535735046173e-01 1.537987991009795719e-01
4.978843001025784361e+03 1.127365519509748060e+00 1.437207002464639394e-01
4.983821844026811959e+03 1.430010335008502498e+00 1.462672454039894432e-01
4.988805665870840130e+03 1.771670730550261030e+00 1.462598348558751538e-01
4.993794471536712990e+03 2.205450899421606437e+00 1.488734781394447093e-01
4.998788266008251412e+03 2.486106745433987797e+00 1.358743325964128779e-01
5.003787054274261209e+03 2.524588341238897193e+00 1.333688213391257260e-01
5.008790841328536771e+03 2.405757082252342194e+00 1.492664549497729753e-01
5.013799632169867436e+03 2.293101775639165840e+00 1.500947984540488556e-01
5.018813431802038394e+03 2.003156733866431782e+00 1.555987465583501539e-01
5.023832245233842514e+03 1.718379605947889299e+00 1.469624019489083333e-01
5.028856077479077612e+03 1.437810248158271298e+00 1.414817890173565018e-01
5.033884933556558281e+03 1.189713586826343095e+00 1.441137777793668751e-01
5.038918818490116792e+03 1.057702601582380719e+00 1.431673244652461041e-01
5.043957737308608557e+03 9.965562719945850745e-01 1.346940945455459004e-01
5.049001695045918495e+03 8.218211421916792325e-01 1.345160092282454423e-01
5.054050696740966487e+03 7.286369512585542108e-01 1.349086115308033851e-01
5.059104747437709193e+03 6.748776093935280329e-01 1.334628370972377742e-01
5.064163852185148244e+03 6.480696954540710042e-01 1.310100722233732140e-01
5.069228016037335692e+03 6.321004789572370886e-01 1.306000418323383649e-01
5.074297244053374015e+03 7.297707904849028981e-01 1.348002422573826853e-01
5.079371541297429758e+03 7.653760427289588719e-01 1.367420059823747924e-01
5.084450912838728073e+03 8.692679628771737832e-01 1.398314535316080576e-01
5.089535363751569093e+03 9.205281040762617328e-01 1.347689984364552618e-01
5.094624899115322478e+03 9.922836158957477615e-01 1.331265024755214910e-01
5.099719524014439230e+03 9.655085384531008064e-01 1.357232479030468231e-01
5.104819243538455339e+03 8.931358185023906548e-01 1.351253261189126476e-01
5.109924062781995417e+03 9.355961420365548342e-01 1.406872024041910529e-01
5.115033986844779065e+03 7.828496108695850442e-01 1.400065727492950385e-01
5.120149020831625421e+03 6.835558043918090743e-01 1.363513644298552374e-01
5.125269169852458617e+03 6.770355188407840563e-01 1.404323536922440219e-01
5.130394439022313236e+03 8.220232279093757644e-01 1.388835396322842808e-01
5.135524833461337039e+03 1.080160005959985181e+00 1.409042893239811356e-01
5.140660358294800062e+03 1.563017567976396904e+00 1.499644039248978766e-01
5.145801018653096435e+03 2.005265431879504234e+00 1.455902346546243120e-01
5.150946819671751655e+03 2.357778586298408641e+00 1.359741778381772237e-01
5.156097766491425318e+03 2.567417817284581627e+00 1.359654086544939133e-01
5.161253864257918394e+03 2.677809009462937428e+00 1.371763553498788202e-01
5.166415118122177773e+03 2.721312263278829136e+00 1.396700326406375980e-01
5.171581533240301724e+03 2.764374489355065467e+00 1.381503619844367259e-01
5.176753114773543530e+03 2.605784610821301417e+00 1.399267992370487046e-01
5.181929867888318768e+03 2.374331002952556613e+00 1.473362220401981393e-01
5.187111797756208944e+03 2.060770376985087360e+00 1.394900524354261429e-01
5.192298909553966951e+03 1.789669694681491174e+00 1.413769133696244629e-01
5.197491208463522526e+03 1.656814012839668004e+00 1.462586615887971342e-01
5.202688699671987706e+03 1.564790240035797364e+00 1.446466206300096868e-01
5.207891388371661378e+03 1.653211744323156429e+00 1.326298321886722198e-01
5.213099279760034733e+03 1.689233598063100361e+00 1.320398427083158410e-01
5.218312379039796724e+03 1.715248770962247704e+00 1.321814476214969725e-01
5.223530691418837705e+03 1.738822126159537351e+00 1.308142096779543184e-01
5.228754222110258524e+03 1.677434539086054777e+00 1.267099461831355800e-01
5.233982976332370527e+03 1.734503562067582605e+00 1.286077380913744073e-01
5.239216959308704645e+03 1.813652855014820542e+00 1.236868880915096142e-01
5.244456176268015042e+03 1.916268419356854213e+00 1.247700040437575153e-01
5.249700632444284565e+03 1.983628820480469512e+00 1.228663471571944804e-01
5.254950333076731113e+03 2.013384465402266787e+00 1.213683300881051169e-01
5.260205283409809454e+03 2.161680805741872380e+00 1.357563157329425563e-01
5.265465488693221232e+03 2.237482959305951979e+00 1.334418585243982436e-01
5.270730954181915877e+03 2.185442041492573040e+00 1.361011070132512879e-01
5.276001685136099695e+03 2.105156986831456578e+00 1.407719900628733867e-01
5.281277686821237694e+03 2.064104214741173671e+00 1.437089605166413930e-01
5.286558964508059944e+03 1.931116027290281645e+00 1.339721173236209095e-01
5.291845523472569766e+03 1.850851852819232590e+00 1.265385932710670347e-01
5.297137368996044643e+03 1.805519118232409292e+00 1.268812449534901798e-01
5.302434506365042580e+03 1.812252838929810261e+00 1.272262469667509999e-01
5.307736940871409388e+03 1.835156045260731172e+00 1.317120778301398842e-01
5.313044677812282316e+03 1.839316929012433155e+00 1.292728761222710909e-01
5.318357722490096421e+03 1.742731899254953865e+00 1.409617576177317755e-01
5.323676080212588204e+03 1.735721133047965381e+00 1.382863366154803431e-01
5.328999756292802886e+03 1.724066061363420665e+00 1.373304114031007050e-01
5.334328756049097137e+03 1.688570098031171529e+00 1.370047157037216357e-01
5.339663084805148173e+03 1.608859997330719382e+00 1.324861879339879756e-01
5.345002747889954662e+03 1.448430814196444372e+00 1.308242855485217127e-01
5.350347750637846730e+03 1.310262549316655978e+00 1.315394656549097319e-01
5.355698098388485960e+03 1.199630515598859803e+00 1.293127013466264519e-01
5.361053796486876308e+03 1.252262634216966930e+00 1.240281895634551684e-01
5.366414850283365013e+03 1.236921091415342788e+00 1.206601013471799294e-01
5.371781265133649867e+03 1.171518150727013818e+00 1.212528179746498042e-01
5.377153046398785591e+03 1.046778707021896349e+00 1.181212996644136759e-01
5.382530199445186554e+03 9.747738959018954485e-01 1.204821468127828255e-01
5.387912729644633146e+03 8.803888138913329442e-01 1.160221661017478562e-01
5.393300642374279960e+03 8.070185641243980967e-01 1.137629148899184789e-01
5.398693943016655794e+03 7.625862882578701152e-01 1.114407127546037102e-01
5.404092636959673655e+03 8.060496425166172596e-01 1.096829856888016097e-01
5.409496729596635305e+03 9.463493424314980418e-01 1.135762536619916024e-01
5.414906226326233991e+03 9.928584035804872698e-01 1.117309492435296925e-01
5.420321132552561721e+03 9.986739923019738452e-01 1.010312840319740058e-01
5.425741453685116539e+03 9.864809523059775431e-01 1.024663392282851720e-01
5.431167195138803436e+03 9.994322306010623436e-01 1.024841713068149474e-01
5.436598362333943442e+03 9.970959367931238049e-01 1.009885118867919901e-01
5.442034960696279086e+03 1.009075933005891157e+00 1.001793526112840921e-01
5.447476995656978033e+03 8.927734591903084826e-01 1.009318950222581612e-01
5.452924472652636723e+03 7.653817427329474565e-01 1.041375181929304478e-01
5.458377397125291282e+03 6.457889451946168258e-01 1.081123087482082634e-01
5.463835774522417523e+03 6.594749836677629151e-01 1.126160011431662084e-01
5.469299610296941864e+03 6.572372043226661908e-01 1.123788003006445518e-01
5.474768909907241323e+03 6.539741708363396855e-01 1.171325273622993990e-01
5.480243678817149885e+03 6.522776642943897141e-01 1.152653514832111814e-01
5.485723922495968509e+03 6.420178993288925273e-01 1.190319664451034848e-01
5.491209646418466946e+03 6.812517509193234400e-01 1.191561606263462775e-01
5.496700856064887375e+03 7.638090945273086074e-01 1.204442752750803924e-01
5.502197556920953502e+03 7.508130912568565796e-01 1.237557060061673930e-01
5.507699754477876013e+03 7.781690563517240644e-01 1.243993775105842331e-01
5.513207454232356213e+03 8.761769495308258104e-01 1.245372371905623943e-01
5.518720661686590574e+03 9.537161442348182083e-01 1.235417220404662342e-01
5.524239382348278923e+03 1.010363919433693081e+00 1.211542258790360427e-01
5.529763621730628984e+03 9.190789648546894286e-01 1.241211555189832005e-01
5.535293385352360929e+03 8.472404274168114924e-01 1.248152113062343804e-01
5.540828678737715563e+03 8.058217666457423434e-01 1.257332329937206616e-01
5.546369507416455235e+03 7.682350098245088743e-01 1.246875375640093264e-01
5.551915876923872929e+03 7.280014453966048293e-01 1.240784382250198076e-01
5.557467792800798634e+03 5.926920226310627982e-01 1.166720104716771900e-01
5.563025260593602070e+03 4.711786744274140126e-01 1.127447395018570941e-01
5.568588285854197238e+03 4.562748859788302580e-01 1.122480253728392330e-01
5.574156874140053333e+03 4.693569609041698953e-01 1.085951158883383671e-01
5.579731031014194741e+03 5.256904140916588419e-01 1.087926782939173942e-01
5.585310762045211050e+03 5.709884116027011958e-01 1.017135014445591790e-01
5.590896072807257951e+03 5.780957247446668612e-01 1.006927402226150958e-01
5.596486968880067252e+03 5.931806080292594263e-01 1.001404773754781125e-01
5.602083455848949598e+03 6.212701314215131054e-01 9.764902862106902837e-02
5.607685539304799931e+03 5.170559250876962665e-01 9.833265088348773497e-02
5.613293224844106589e+03 5.798784791888793588e-01 1.094066613336657501e-01
5.618906518068952209e+03 5.946701381628187733e-01 1.096824580611332478e-01
5.624525424587023736e+03 5.198108276409517670e-01 1.163483024755758710e-01
5.630149950011612418e+03 5.040024240910179198e-01 1.149728256534936349e-01
5.635780099961625638e+03 4.772020200113206156e-01 1.141618010363236457e-01
5.641415880061589633e+03 4.714260997108064011e-01 1.106777820158571235e-01
5.647057295941652228e+03 5.521636735946120478e-01 1.173835239673338415e-01
5.652704353237596479e+03 5.381286120559969355e-01 1.161861403073020382e-01
5.658357057590835211e+03 4.990811205496086811e-01 1.168242521436029246e-01
5.664015414648428305e+03 5.118778368876950591e-01 1.174994213316781083e-01
5.669679430063079053e+03 4.758168786170946518e-01 1.177535574851150402e-01
5.675349109493143260e+03 4.405506386044812928e-01 1.161954132252110833e-01
5.681024458602638333e+03 4.279336376019359234e-01 1.173178193585799334e-01
5.686705483061243285e+03 4.504115572496596998e-01 1.191715761647700461e-01
5.692392188544306009e+03 5.105100427406707997e-01 1.208328581082308978e-01
5.698084580732852373e+03 5.546105277754185270e-01 1.244404740130504866e-01
5.703782665313587131e+03 5.045141352832748227e-01 1.234762525516441972e-01
5.709486447978903016e+03 4.507366709251631187e-01 1.220272438891172595e-01
5.715195934426883468e+03 4.036473888113488173e-01 1.204539853698365082e-01
5.720911130361312644e+03 4.780083533250101824e-01 1.117143146378307278e-01
5.726632041491675409e+03 5.228372140180003180e-01 1.070295597861958825e-01
5.732358673533169167e+03 5.461059167967852179e-01 1.065595217860385857e-01
5.738091032206703858e+03 4.502329410987691571e-01 1.051471341864464587e-01
5.743829123238912871e+03 3.751563828093972264e-01 1.014328040496349087e-01
5.749572952362153046e+03 3.461447947520121526e-01 9.991811853035383051e-02
5.755322525314517407e+03 4.044243321983222450e-01 9.525249158393768456e-02
5.761077847839834249e+03 3.866999357426967876e-01 9.345725194001613945e-02
5.766838925687675328e+03 3.760067535875269429e-01 9.500877115213675339e-02
5.772605764613364954e+03 4.213436761828057708e-01 9.592617403927392039e-02
5.778378370377980900e+03 4.570861586302088497e-01 9.384465881943991616e-02
5.784156748748360769e+03 4.808253044659170361e-01 9.602623474042593088e-02
5.789940905497111089e+03 4.631693758155016050e-01 9.917054545201355042e-02
5.795730846402610041e+03 5.434983667935958662e-01 1.029841802352707281e-01
5.801526577249013826e+03 5.958182120101221946e-01 9.783782978945068654e-02
5.807328103826264851e+03 6.842056356151552388e-01 9.178009929655352173e-02
5.813135431930093546e+03 6.872763309092728701e-01 8.890087649170749784e-02
5.818948567362025642e+03 6.629087614828580444e-01 8.895118105482494042e-02
5.824767515929389447e+03 6.191724671317642148e-01 9.180402628527273290e-02
5.830592283445320390e+03 6.488889155973360801e-01 8.897654235198926287e-02
5.836422875728768304e+03 6.778674055777373919e-01 8.938963612624155342e-02
5.842259298604498326e+03 8.904245324393799121e-01 9.404179232968987168e-02
5.848101557903105459e+03 1.055859793815880243e+00 8.960932447591779537e-02
5.853949659461010015e+03 1.283816456459123900e+00 9.226350441708329464e-02
5.859803609120473084e+03 1.569947856130359920e+00 9.691007749591877551e-02
5.865663412729595620e+03 1.859444360700763355e+00 9.874628094598333905e-02
5.871529076142326630e+03 2.078219511815309506e+00 9.821820128756818258e-02
5.877400605218471355e+03 2.134931013687523471e+00 1.018543131296552468e-01
5.883278005823691274e+03 2.121394263453037166e+00 1.000401918230490739e-01
5.889161283829516833e+03 2.020823835776606181e+00 9.964205977351857368e-02
5.895050445113348360e+03 1.826645309405578121e+00 1.025663890999612693e-01
5.900945495558464245e+03 1.550769136278707938e+00 9.033759960016843338e-02
5.906846441054024581e+03 1.360934038100521715e+00 9.296436261797956513e-02
5.912753287495080258e+03 1.113477396263183872e+00 8.926657781017546811e-02
5.918666040782577511e+03 9.046360350204076806e-01 9.141674858949419558e-02
5.924584706823361557e+03 7.697587908670711077e-01 9.261503925161355955e-02
5.930509291530187511e+03 7.318819216278269479e-01 9.977991390222280821e-02
5.936439800821719473e+03 6.439753359697513169e-01 1.022753639779674789e-01
5.942376240622543264e+03 5.831690122723534042e-01 1.035523419580277465e-01
5.948318616863167335e+03 5.214528119570072118e-01 1.031732987855793343e-01
5.954266935480032771e+03 5.885694431547210392e-01 1.040054154696938293e-01
5.960221202415515108e+03 5.571973259542728485e-01 1.019642513322401300e-01
5.966181423617932523e+03 5.406870258393960960e-01 1.024373455314362275e-01
5.972147605041552197e+03 5.567844144676956653e-01 1.042493494552899913e-01
5.978119752646595771e+03 6.186008419621875642e-01 1.016338484851165291e-01
5.984097872399243897e+03 6.555181970233127098e-01 1.003909912469548027e-01
5.990081970271645332e+03 6.475694411292454156e-01 1.012769791399517894e-01
5.996072052241918755e+03 6.183475482510081278e-01 9.930250786774232064e-02
6.002068124294162772e+03 6.128139043021788579e-01 9.998562539634700541e-02
6.008070192418459555e+03 5.595477084594546735e-01 1.022933622147922245e-01
6.014078262610879392e+03 5.676553558298409463e-01 1.029957888826528722e-01
6.020092340873492503e+03 5.687910164739805596e-01 1.050972904249454914e-01
6.026112433214368139e+03 6.015478445016714248e-01 1.011800880358082882e-01
6.032138545647584579e+03 5.600146172968309966e-01 9.981239041091939657e-02
6.038170684193233683e+03 5.823540498190655779e-01 9.786953064070712249e-02
6.044208854877429076e+03 6.320164543189603634e-01 9.647866269778856974e-02
6.050253063732308874e+03 6.604251432278964717e-01 8.461689370663168230e-02
6.056303316796042964e+03 6.018993090860501605e-01 8.313111797549201099e-02
6.062359620112841185e+03 5.592518204784205915e-01 8.398739765474891317e-02
6.068421979732956061e+03 4.705028916677110873e-01 8.776435643403382447e-02
6.074490401712690982e+03 3.890769378433970305e-01 8.621048273064964296e-02
6.080564892114405666e+03 3.908464325883261870e-01 8.759238739315437783e-02
6.086645457006521610e+03 4.598286530460756194e-01 8.921758587089677339e-02
6.092732102463530282e+03 5.071265581302005776e-01 9.020005721217748407e-02
6.098824834565995843e+03 5.836894956840175119e-01 9.074877910796677605e-02
6.104923659400564247e+03 7.043383332145758402e-01 9.130380131629878271e-02
6.111028583059966877e+03 7.767775826753158253e-01 9.189104060893890646e-02
6.117139611643028729e+03 8.400239171023171636e-01 9.325322045693629214e-02
6.123256751254673873e+03 8.478341852212787355e-01 9.564328153172248215e-02
6.129380008005929994e+03 8.309163776480369412e-01 9.526919681838746934e-02
6.135509388013938405e+03 8.668156836347056249e-01 9.646574094507530395e-02
6.141644897401954040e+03 8.179557445483491840e-01 9.700195975649733571e-02
6.147786542299358189e+03 6.412983988087003207e-01 1.026570004922662538e-01
6.153934328841659408e+03 5.315590527110379826e-01 1.135653691788827552e-01
6.160088263170503524e+03 5.457519619842873260e-01 1.243884394850992142e-01
6.166248351433675452e+03 5.303638875538646547e-01 1.254077218572255681e-01
6.172414599785111022e+03 5.088117674974205196e-01 1.221055419409066145e-01
6.178587014384898794e+03 4.414246507247379103e-01 1.242810894657498250e-01
6.184765601399285515e+03 2.837330895483985982e-01 1.294890298786984806e-01
6.190950367000687038e+03 1.530781960556779620e-01 1.300769651538048466e-01
6.197141317367689226e+03 1.042886622985164102e-01 1.345790991016470317e-01
6.203338458685059777e+03 1.180074619410782510e-01 1.368684432679968532e-01
6.209541797143746408e+03 1.447053299693445982e-01 1.358170513004804125e-01
6.215751338940892310e+03 2.082627042421616448e-01 1.326071496217575696e-01
6.221967090279835247e+03 4.100636628975591891e-01 1.389080583133028568e-01
6.228189057370116643e+03 6.421045921062297213e-01 1.396518651542336953e-01
6.234417246427488863e+03 8.535433294999441589e-01 1.408602524743914897e-01
6.240651663673918847e+03 1.063052718294979604e+00 1.407318392850720745e-01
6.246892315337594482e+03 1.120294773447237269e+00 1.473768438443805451e-01
6.253139207652934601e+03 1.226384417548034289e+00 1.467573361864052683e-01
6.259392346860589896e+03 1.266705733281453305e+00 1.475744124304401994e-01
6.265651739207452010e+03 1.094865206213402331e+00 1.428395093769777580e-01
6.271917390946661726e+03 8.399051046466139425e-01 9.992069463318811740e-02
6.278189308337610782e+03 9.179505212954013338e-01 9.452881752582498187e-02
6.284467497645950061e+03 9.138385495163308114e-01 9.277682282688835824e-02
6.290751965143597772e+03 9.417030922262938919e-01 9.536543147096751549e-02
6.297042717108744000e+03 1.005132997633876091e+00 9.222908944469339343e-02
6.303339759825854344e+03 1.017191051312783756e+00 9.333627418674940446e-02
6.309643099585682648e+03 1.036726472622912176e+00 9.182738330418621642e-02
6.315952742685270096e+03 9.627418627308633736e-01 8.364656060255520886e-02
6.322268695427957937e+03 8.674491722727095677e-01 7.941776728227871451e-02
6.328590964123387494e+03 7.419488808628328380e-01 7.857684932299725811e-02
6.334919555087512890e+03 7.128930073862110861e-01 8.131074918160162424e-02
6.341254474642602872e+03 6.531609540471249309e-01 8.586545767303267740e-02
6.347595729117247174e+03 6.234932103228131295e-01 8.607283485215735941e-02
6.353943324846366522e+03 6.382002721671357071e-01 8.643784417482273941e-02
6.360297268171215364e+03 6.796916492656762676e-01 8.580146005016572874e-02
6.366657565439388236e+03 6.437581443555893124e-01 8.540783885732970704e-02
6.373024223004829764e+03 6.545137459048270268e-01 8.289842770351722734e-02
6.379397247227837397e+03 6.383600991681727121e-01 8.324182190432019568e-02
6.385776644475066860e+03 5.698160328353787385e-01 8.462719227535596411e-02
6.392162421119543978e+03 5.749009612090527632e-01 8.345837396830695087e-02
6.398554583540665590e+03 6.345149203413741335e-01 8.529008775419412436e-02
6.404953138124208635e+03 6.660940736584837207e-01 8.468489709491391904e-02
6.411358091262334710e+03 7.540115436965205697e-01 8.583128262444834899e-02
6.417769449353599157e+03 9.223062813505863433e-01 8.936056076282494764e-02
6.424187218802954703e+03 1.063979886670366026e+00 9.488357625430017539e-02
6.430611406021760558e+03 1.125527730155460704e+00 9.155308606430892504e-02
6.437042017427784231e+03 1.170567876913584771e+00 9.056989916411933850e-02
6.443479059445214261e+03 1.257435773618074126e+00 9.269886638597009398e-02
6.449922538504661134e+03 1.304349943770024334e+00 1.045004410093851172e-01
6.456372461043168187e+03 1.263780796469659240e+00 1.083957895521563547e-01
6.462828833504213435e+03 1.155925185825767754e+00 1.152940703781942383e-01
6.469291662337719572e+03 1.165615512815652455e+00 1.346153068068380865e-01
6.475760954000059428e+03 9.604610015111809673e-01 1.362876281015942548e-01
6.482236714954061426e+03 5.855221359080369226e-01 2.258082242528991201e-01
6.488718951669017770e+03 5.585960132703036152e-01 2.633991540390996366e-01
6.495207670620688987e+03 1.930998166874200450e-01 6.501704682280091685e-01
6.501702878291312118e+03 9.278208349041321412e-01 7.854096589169301534e-01
6.508204581169605262e+03 3.953010476424733355e+00 7.209337648715631319e-01
6.514712785750777584e+03 8.642549128633639555e+00 7.370448141607157666e-01
6.521227498536530220e+03 1.152433222438070359e+01 3.625869008499391644e-01
6.527748726035069012e+03 1.727151208926777315e+01 5.976049978250620454e-01
6.534276474761106329e+03 2.679089577394520916e+01 7.873244884521838349e-01
6.540810751235869247e+03 3.751069773750614900e+01 9.999746943410741107e-01
6.547351561987107743e+03 4.415199275831572834e+01 9.350017188261657841e-01
6.553898913549096505e+03 4.537995971729881717e+01 9.105692746819514793e-01
6.560452812462647671e+03 4.064468208304277397e+01 9.491623170765537409e-01
6.567013265275112644e+03 3.147263622973843766e+01 9.186682461386214138e-01
6.573580278540390282e+03 2.116068821806601363e+01 6.988184069770745355e-01
6.580153858818932349e+03 1.425738501816145920e+01 6.436218720720013886e-01
6.586734012677753526e+03 1.005732835229022548e+01 5.264275070476034379e-01
6.593320746690433225e+03 6.220694091112564550e+00 3.859088075088870640e-01
6.599914067437126505e+03 4.970934458475987583e+00 2.114174830653494652e-01
6.606513981504565891e+03 3.965007229986280635e+00 1.931524173083999929e-01
6.613120495486072286e+03 2.741489759737727905e+00 1.885941728842628062e-01
6.619733615981560433e+03 1.726125482352258045e+00 1.707269756934074179e-01
6.626353349597544366e+03 1.176867775527032034e+00 1.494838159258340959e-01
6.632979702947143778e+03 1.159443158867350387e+00 1.680617837917120772e-01
6.639612682650093120e+03 8.978449291856236414e-01 1.549247615910030462e-01
6.646252295332745234e+03 7.067673923963082583e-01 1.177940310428286091e-01
6.652898547628080451e+03 6.680379336185955363e-01 1.080873600270985946e-01
6.659551446175711135e+03 7.461741976574340907e-01 9.998481232433970023e-02
6.666210997621888964e+03 6.905914563973283293e-01 9.660616816897366066e-02
6.672877208619513112e+03 6.800538022234542401e-01 9.293371411951649452e-02
6.679550085828134797e+03 6.379444516602091886e-01 9.289640952674066421e-02
6.686229635913964557e+03 5.574225082076516014e-01 9.063040827834674407e-02
6.692915865549881346e+03 4.376649111589567820e-01 8.570944773932480387e-02
6.699608781415433441e+03 3.817115859478110163e-01 8.629984219045271077e-02
6.706308390196851178e+03 2.693407068861152220e-01 8.511946851707052897e-02
6.713014698587049679e+03 3.033560893492294186e-01 8.850429711001599198e-02
6.719727713285638856e+03 4.140332826021040913e-01 9.296912290818203084e-02
6.726447440998927050e+03 3.935397648335997589e-01 9.022362493237336134e-02
6.733173888439928305e+03 4.267155815389486184e-01 8.530600312281880204e-02
6.739907062328370557e+03 4.354526658190283062e-01 8.345818103498010843e-02
6.746646969390701088e+03 3.430061261956250385e-01 8.797234292539972411e-02
6.753393616360093802e+03 2.856647141422813951e-01 8.784673798800735067e-02
6.760147009976456502e+03 2.852566861972705148e-01 8.445811691442356439e-02
6.766907156986434529e+03 3.651866123533208941e-01 8.760158240839939492e-02
6.773674064143423493e+03 3.475312513675078430e-01 8.449513873812242171e-02
6.780447738207569273e+03 3.517443882041879077e-01 8.795778622799026170e-02
6.787228185945778932e+03 3.313573594181449256e-01 9.458418632875252585e-02
6.794015414131727084e+03 3.431484342700537593e-01 9.217276808074215122e-02
6.800809429545861349e+03 3.488137294049323267e-01 9.498309624953989172e-02
6.807610238975408720e+03 5.061263429505298284e-01 1.000258534170941072e-01
6.814417849214386479e+03 4.886394253348809724e-01 9.828850983360309934e-02
6.821232267063603103e+03 5.518798242806055576e-01 9.966891126573627913e-02
6.828053499330669183e+03 5.894536543975050780e-01 9.642646969470114460e-02
6.834881552830001965e+03 5.131509036067338769e-01 9.300248536601869731e-02
6.841716434382834450e+03 4.582577652301649263e-01 9.233573497193993396e-02
6.848558150817219939e+03 5.044680303262653043e-01 9.499979227645388713e-02
6.855406708968039311e+03 4.734429841861240718e-01 9.413341505003394727e-02
6.862262115677009206e+03 4.344825065384252949e-01 9.328800502114269200e-02
6.869124377792688392e+03 4.659140116500782303e-01 8.981866112327410723e-02
6.875993502170483225e+03 4.998578928944339972e-01 8.823742109318165328e-02
6.882869495672656740e+03 5.592573958500600684e-01 8.956468078294094193e-02
6.889752365168331380e+03 4.953992734463808501e-01 8.747891657575238011e-02
6.896642117533501732e+03 4.895347013409056536e-01 8.680193854015640087e-02
6.903538759651037253e+03 5.031277566156947545e-01 8.712400281911851507e-02
6.910442298410691365e+03 5.072450843356539618e-01 8.239938692047756030e-02
6.917352740709104182e+03 4.596639847144157187e-01 8.457112252282508735e-02
6.924270093449815249e+03 3.548991036486970341e-01 8.552571026371923180e-02
6.931194363543267173e+03 3.748641554117143615e-01 9.120639954675323346e-02
6.938125557906812901e+03 4.057265683629387443e-01 1.016649571446291284e-01
6.945063683464722089e+03 3.866407519956455152e-01 9.744983558170321192e-02
6.952008747148189286e+03 3.735026837564963120e-01 1.001783767267287878e-01
6.958960755895339389e+03 4.207870485027960239e-01 1.024301569168700049e-01
6.965919716651237650e+03 4.245193054922843379e-01 1.001615072072669088e-01
6.972885636367890584e+03 4.016678729520877233e-01 9.844681582395560515e-02
6.979858522004260521e+03 3.942405425307768940e-01 9.843155030537992234e-02
6.986838380526267429e+03 4.569972026162524292e-01 9.724582893849216536e-02
6.993825218906796181e+03 4.706994972229570084e-01 9.592787319548864988e-02
7.000819044125705659e+03 4.708548900539998305e-01 9.590964714855280959e-02
7.007819863169833297e+03 5.277212754960535213e-01 9.567419791278350405e-02
7.014827683033005087e+03 5.686466533723574246e-01 9.432949388644186473e-02
7.021842510716041033e+03 6.242254159220885779e-01 9.514712317626052018e-02
7.028864353226758794e+03 6.681265649500933712e-01 9.495615362969064832e-02
7.035893217579988232e+03 6.987635748042408945e-01 9.485214457146408373e-02
7.042929110797570502e+03 7.553973102707812748e-01 9.404614122635750195e-02
7.049972039908370789e+03 7.896947115371273362e-01 9.687253297986203604e-02
7.057022011948281033e+03 7.557003722749214836e-01 9.637204451103131841e-02
7.064079033960231754e+03 7.468561487995719617e-01 9.716202013770382229e-02
7.071143112994193871e+03 6.688547641423737700e-01 9.648322864608968596e-02
7.078214256107190522e+03 6.380589339842565044e-01 8.776513318811426934e-02
7.085292470363300708e+03 6.512325291277835104e-01 9.178383192656017209e-02
7.092377762833665656e+03 6.626046469948170259e-01 8.452904350627267471e-02
7.099470140596501551e+03 5.729148792028939674e-01 8.406983168574649889e-02
7.106569610737100447e+03 5.643934015207344723e-01 8.590403583158059964e-02
7.113676180347840273e+03 5.245423262146766685e-01 8.428320757290599929e-02
7.120789856528190285e+03 6.348185176568675869e-01 8.825960346010548740e-02
7.127910646384721076e+03 6.632241733914614468e-01 9.139207145878835981e-02
7.135038557031108212e+03 7.358747416160862365e-01 9.086416146869857879e-02
7.142173595588141325e+03 7.302438117961989050e-01 8.705609128210908820e-02
7.149315769183732300e+03 7.019002257600502892e-01 9.295239325953318088e-02
7.156465084952918005e+03 6.720187239889310327e-01 9.406290403579763149e-02
7.163621550037873021e+03 6.599016018393846217e-01 9.789011074312850558e-02
7.170785171587913283e+03 6.078705096302042810e-01 9.967432906773043833e-02
7.177955956759504261e+03 5.952958459470808483e-01 1.021035566034856484e-01
7.185133912716265513e+03 5.850798447460734408e-01 1.059825184437536011e-01
7.192319046628984324e+03 5.848616293549311340e-01 1.081308017397236837e-01
7.199511365675615707e+03 6.495098589066800043e-01 1.071012080517745879e-01
7.206710877041294225e+03 6.604546500118514407e-01 1.076372400571176530e-01
7.213917587918337631e+03 6.462115074328479425e-01 1.070142792796471010e-01
7.221131505506257781e+03 6.323810471348751960e-01 1.063051414082875762e-01
7.228352637011767001e+03 6.698611191887081651e-01 1.080704488914598083e-01
7.235580989648780815e+03 7.313276894303005760e-01 1.068523244096184072e-01
7.242816570638432495e+03 7.553595589752697403e-01 1.094589598880108955e-01
7.250059387209073066e+03 7.719155617218249610e-01 1.074806415528581915e-01
7.257309446596284033e+03 7.983344673134498137e-01 1.078008950291385881e-01
7.264566756042882844e+03 7.639283164976217178e-01 1.045181106319955089e-01
7.271831322798928340e+03 7.830941773330586386e-01 1.058984130841136989e-01
7.279103154121729858e+03 7.554243157466076219e-01 1.040306940847958717e-01
7.286382257275853590e+03 7.502333011861417322e-01 1.040717162796259559e-01
7.293668639533132591e+03 8.112210522762862697e-01 9.794782095978737946e-02
7.300962308172667690e+03 7.863615436158130079e-01 9.772989238678132795e-02
7.308263270480842948e+03 8.501215532239330130e-01 9.576480995238606519e-02
7.315571533751325660e+03 8.745375918745882382e-01 9.431263162214560680e-02
7.322887105285079997e+03 8.935991052053939843e-01 9.351172586239395179e-02
7.330209992390367006e+03 8.892996226404150661e-01 9.142782568046839420e-02
7.337540202382760071e+03 9.068317841644142341e-01 8.618649065439278056e-02
7.344877742585144915e+03 8.185223658500476729e-01 9.326604430425405878e-02
7.352222620327733239e+03 7.143108265917014199e-01 9.491309930376058690e-02
7.359574842948062724e+03 6.806773094928969536e-01 8.941393401976101274e-02
7.366934417791013402e+03 6.939346131307834176e-01 8.626683369041837635e-02
7.374301352208806748e+03 6.606990967438830520e-01 8.993029730177061476e-02
7.381675653561018407e+03 6.391292804878530021e-01 9.235011680434111747e-02
7.389057329214581841e+03 6.478085146952603512e-01 9.315908544430598348e-02
7.396446386543798326e+03 6.220857632673184590e-01 9.297765975304796149e-02
7.403842832930345139e+03 5.911152286252951971e-01 9.423909953537509820e-02
7.411246675763277381e+03 5.733445589230268258e-01 9.618740205532226584e-02
7.418657922439043432e+03 5.656786800904726187e-01 1.001581114178543147e-01
7.426076580361484957e+03 5.451827875094852338e-01 1.057579443350813719e-01
7.433502656941848727e+03 5.323303049202344761e-01 1.142909067682105623e-01
7.440936159598792983e+03 5.607605402500849268e-01 1.237086355706504548e-01
7.448377095758394717e+03 5.591298252573753125e-01 1.394261706773021192e-01
7.455825472854155123e+03 5.377386615365368217e-01 1.610891420647239947e-01
7.463281298327012337e+03 5.020579042588162455e-01 1.851026733105431976e-01
7.470744579625341430e+03 4.979811087086688515e-01 2.208889529129263174e-01
7.478215324204968965e+03 5.049307160719576082e-01 2.709211783074825797e-01
7.485693539529176633e+03 5.136841977010331295e-01 3.403646617872024271e-01
7.493179233068708527e+03 5.077819343520485473e-01 4.366981908412859159e-01
7.500672412301779332e+03 4.877088296102596310e-01 5.714268411827427840e-01
7.508173084714083416e+03 4.570589109982499121e-01 7.602545104167535150e-01
