# starting wavelength: 3753.230
# ending wavelength: 7237.800
# wav flux eflux
3.755939452479786269e+03 -8.853440826495156957e-02 1.144289615805575977e+00
3.759695391932267285e+03 -1.777932722146975952e-01 8.245358118442814854e-01
3.763455087324201031e+03 -2.070589001962348241e-01 6.194462574938023325e-01
3.767218542411526414e+03 -1.579950543290506160e-01 4.767813173750838907e-01
3.770985760953939007e+03 -8.032405669674971826e-02 3.774592832631841199e-01
3.774756746714894234e+03 -1.355774109443624864e-02 2.994030417634074293e-01
3.778531503461610555e+03 4.472691537146897267e-02 2.446042356927223549e-01
3.782310034965073100e+03 1.055882339133779879e-01 2.095283268580172276e-01
3.786092345000039586e+03 1.582079845547630648e-01 1.761163275581868193e-01
3.789878437345040766e+03 1.991811426467960944e-01 1.540903908335229111e-01
3.793668315782387253e+03 2.147495427336836293e-01 1.364153257704975031e-01
3.797461984098170888e+03 1.976873901068326722e-01 1.250388088400007369e-01
3.801259446082270188e+03 1.822145330448476375e-01 1.153757493058294170e-01
3.805060705528353537e+03 1.498969414943938649e-01 1.079189877717566248e-01
3.808865766233883278e+03 1.338684288311673132e-01 1.020926553229003497e-01
3.812674632000118436e+03 1.118829469894359607e-01 9.797668327389852383e-02
3.816487306632119726e+03 8.072477664403747422e-02 9.369913158857799684e-02
3.820303793938753188e+03 4.199407468961504492e-02 9.336887167040919255e-02
3.824124097732693372e+03 -4.202343337301808757e-04 8.891297811309600840e-02
3.827948221830427428e+03 -1.562611890099702139e-02 8.890404268166100799e-02
3.831776170052258749e+03 -5.908862984877742003e-02 8.726036387512185744e-02
3.835607946222312421e+03 -1.852756428644437847e-02 8.256379833801527623e-02
3.839443554168536139e+03 -4.014994356144252485e-02 8.434374886882879674e-02
3.843282997722705659e+03 -4.042430518145030682e-02 8.436924202256643190e-02
3.847126280720429804e+03 -7.123577204397384122e-02 8.240660809430444544e-02
3.850973407001151372e+03 -2.110820860895865764e-02 8.591240226848659289e-02
3.854824380408153957e+03 5.229113575680233161e-03 8.333423083826600741e-02
3.858679204788563311e+03 5.128297393516954156e-02 8.008142329385388447e-02
3.862537883993353262e+03 2.797935837534822751e-02 7.744130074779416451e-02
3.866400421877347981e+03 5.449949633899797696e-02 7.601371664377595816e-02
3.870266822299226533e+03 9.126449105317785415e-02 7.117266015828806192e-02
3.874137089121526969e+03 1.004712838404339115e-01 7.224270541730862250e-02
3.878011226210649966e+03 7.329803144192419129e-02 6.709353192581184178e-02
3.881889237436861549e+03 8.711022308310746587e-02 6.917237590729116703e-02
3.885771126674299921e+03 1.023576786232403002e-01 6.787164294856994073e-02
3.889656897800975457e+03 6.248018043294258084e-02 7.086887729085182552e-02
3.893546554698777527e+03 3.595185491007625578e-02 7.211919220535405184e-02
3.897440101253477678e+03 6.846219537690888951e-03 7.180364429997257436e-02
3.901337541354732366e+03 -5.668532777222873298e-03 7.270073940522937816e-02
3.905238878896088409e+03 3.941654721868095845e-03 7.326495689960746405e-02
3.909144117774985716e+03 -1.590869239653291967e-03 7.274150016935895802e-02
3.913053261892762293e+03 -2.076377929186039306e-02 7.162599949731034144e-02
3.916966315154656058e+03 4.875667168843661470e-03 6.808845006696019608e-02
3.920883281469812118e+03 2.706282930397777009e-03 6.817647395284870404e-02
3.924804164751283224e+03 1.181005889902842637e-02 6.799096715099856025e-02
3.928728968916035683e+03 4.520356189672065927e-02 6.991478245663035329e-02
3.932657697884953450e+03 6.564858457779398915e-02 7.116559380634768228e-02
3.936590355582839493e+03 7.809990954166171062e-02 7.246850995155958153e-02
3.940526945938423523e+03 9.326438961642175007e-02 7.287504455237894807e-02
3.944467472884363360e+03 1.029453466160580033e-01 7.296593577892905580e-02
3.948411940357249023e+03 1.407897529061202246e-01 6.805881549950974774e-02
3.952360352297607733e+03 1.341406951391086178e-01 7.028344827176126464e-02
3.956312712649906643e+03 1.174091656348869583e-01 7.070318631126951137e-02
3.960269025362557841e+03 1.076182751810389610e-01 6.917738109141033376e-02
3.964229294387921527e+03 1.212131584883015811e-01 6.620844748924345491e-02
3.968193523682310570e+03 1.491701952344392512e-01 6.484157897969053397e-02
3.972161717205994591e+03 1.274613763196332239e-01 6.078937910221370727e-02
3.976133878923201792e+03 1.326965019224935205e-01 6.013332551805352505e-02
3.980110012802126221e+03 1.529770454524443102e-01 6.047908419828329496e-02
3.984090122814929600e+03 1.716646678996153752e-01 6.121749100044589914e-02
3.988074212937745870e+03 2.001480159212382925e-01 6.448500227731933376e-02
3.992062287150684824e+03 2.265248293439764693e-01 6.153837747880332859e-02
3.996054349437837118e+03 2.550522591826939744e-01 6.046443286613668172e-02
4.000050403787276082e+03 2.707429721524179378e-01 5.766283575395975830e-02
4.004050454191064546e+03 2.830590851471923575e-01 5.751920712857357121e-02
4.008054504645257111e+03 2.898338752287946685e-01 5.806778909226485708e-02
4.012062559149903791e+03 3.306881683332600352e-01 5.296333361914776217e-02
4.016074621709055009e+03 3.366243718518969752e-01 5.493836317710940054e-02
4.020090696330765240e+03 3.330533260932970752e-01 5.472076565672185505e-02
4.024110787027097558e+03 2.818096043496345904e-01 6.008851395923012206e-02
4.028134897814125907e+03 2.560571106559989540e-01 6.027379821716940395e-02
4.032163032711941469e+03 2.362556846886005590e-01 6.138012325768609639e-02
4.036195195744654484e+03 2.012909724025802038e-01 5.597056440016580370e-02
4.040231390940400615e+03 2.208617734900486240e-01 5.505511845552905209e-02
4.044271622331342314e+03 2.067904893790206977e-01 5.629794181975495554e-02
4.048315893953675186e+03 2.444729384490696988e-01 5.690677678026417191e-02
4.052364209847629809e+03 3.116540617089645915e-01 6.493665449387439614e-02
4.056416574057479011e+03 3.440783783928428874e-01 6.648119927898313297e-02
4.060472990631537868e+03 4.016959243591652906e-01 6.633122829262370901e-02
4.064533463622170530e+03 4.771356838970497449e-01 7.141045841376229830e-02
4.068597997085794304e+03 5.013649614546979993e-01 7.165311223525396012e-02
4.072666595082881486e+03 5.280342249853928749e-01 7.503776705014057746e-02
4.076739261677965715e+03 5.595933274393831702e-01 7.789127508168725011e-02
4.080816000939644709e+03 5.554501327299226077e-01 8.519918619108023117e-02
4.084896816940585722e+03 5.432943730196607701e-01 8.055858507454542738e-02
4.088981713757527814e+03 5.754118593578986252e-01 8.623716118572166689e-02
4.093070695471286854e+03 5.762689288251789943e-01 8.486737323481054196e-02
4.097163766166759160e+03 5.881103683829181916e-01 9.213078367569563221e-02
4.101260929932927866e+03 5.927257230922440279e-01 8.909394994925171063e-02
4.105362190862862008e+03 6.094354879000544178e-01 8.900455737495555075e-02
4.109467553053726078e+03 5.941068457282716597e-01 8.878455513268376786e-02
4.113577020606780934e+03 6.098746230365611476e-01 8.737107144429950845e-02
4.117690597627389252e+03 6.501413652888177186e-01 8.687988963386496233e-02
4.121808288225018259e+03 6.779253860671546894e-01 8.616677966951698242e-02
4.125930096513244280e+03 6.822059871676359188e-01 8.541151228828004760e-02
4.130056026609759101e+03 6.699130148648215766e-01 8.210691158654805089e-02
4.134186082636369974e+03 6.741937994943889567e-01 8.229459119742442430e-02
4.138320268719007800e+03 6.750156687939483646e-01 8.078983478252586836e-02
4.142458588987728035e+03 6.402621163829848028e-01 7.767270337727574803e-02
4.146601047576717065e+03 6.955631701150323254e-01 7.182034340386492244e-02
4.150747648624294925e+03 6.722604317057605527e-01 7.091090303495557745e-02
4.154898396272920763e+03 6.355727395069508123e-01 7.099321509542291797e-02
4.159053294669195566e+03 6.403823800541977862e-01 6.466005517536761726e-02
4.163212347963865795e+03 6.099431195431788133e-01 6.258724785495617393e-02
4.167375560311830668e+03 5.923075012560851116e-01 6.194348006939758705e-02
4.171542935872143971e+03 6.184617293825260820e-01 6.123472379737621152e-02
4.175714478808017702e+03 6.025888418951066416e-01 6.252109067443087365e-02
4.179890193286827525e+03 6.260706359983860825e-01 5.143441497432105214e-02
4.184070083480115500e+03 6.187702776859417275e-01 4.917847830020867506e-02
4.188254153563597356e+03 6.154325782635828856e-01 4.462453040938342552e-02
4.192442407717161586e+03 6.036628188077199919e-01 4.496655815976315085e-02
4.196634850124880359e+03 6.237301009675773056e-01 4.403573459357967151e-02
4.200831484975006788e+03 6.338002928176084128e-01 4.310727044168728012e-02
4.205032316459983122e+03 6.404335797297402433e-01 4.519678488725927673e-02
4.209237348776444378e+03 6.778387768158451454e-01 4.648187190280899522e-02
4.213446586125221984e+03 7.168179258519122854e-01 4.448057676382489306e-02
4.217660032711349231e+03 7.310120977164897837e-01 4.307402823920385843e-02
4.221877692744061278e+03 7.503134303212083411e-01 4.279784180636833635e-02
4.226099570436806971e+03 7.691301253868185750e-01 4.526782229621150594e-02
4.230325670007245208e+03 7.871585518885338972e-01 4.189021166776821237e-02
4.234555995677254032e+03 7.790607356433497666e-01 3.995571497467404615e-02
4.238790551672932452e+03 8.134789248948901541e-01 3.649825549216093035e-02
4.243029342224606808e+03 8.120876959510270332e-01 4.008809746349088765e-02
4.247272371566832589e+03 8.231609655017524396e-01 4.535849129231914190e-02
4.251519643938400804e+03 8.345844495805206931e-01 4.422113530159900441e-02
4.255771163582340705e+03 8.573004003725304134e-01 4.480397902428617102e-02
4.260026934745924336e+03 8.591062469801117318e-01 4.485813305779019766e-02
4.264286961680671993e+03 8.712443431619805168e-01 4.514639630141450977e-02
4.268551248642354039e+03 8.844161803113721465e-01 4.642435873236793603e-02
4.272819799890998183e+03 8.624833250043122401e-01 4.745132978949175018e-02
4.277092619690890388e+03 8.377425487251140002e-01 4.945348189635037639e-02
4.281369712310583054e+03 8.144864225646523126e-01 4.942664235499407560e-02
4.285651082022895025e+03 7.852087655821733403e-01 4.668963641957263322e-02
4.289936733104918858e+03 7.933773485141675241e-01 4.569910064901029634e-02
4.294226669838025373e+03 7.998162340929949599e-01 4.550356878010652917e-02
4.298520896507864563e+03 8.116897526267522478e-01 4.510578144363769360e-02
4.302819417404373780e+03 8.349735528132413709e-01 4.547258590503321096e-02
4.307122236821779552e+03 8.611618829369945827e-01 4.551338034129710775e-02
4.311429359058603040e+03 8.989023328344942776e-01 4.070781879490747990e-02
4.315740788417662770e+03 9.455386769927951462e-01 4.147727168038773532e-02
4.320056529206081905e+03 1.008293309140855687e+00 4.152544391563638831e-02
4.324376585735290064e+03 1.033119583564844568e+00 4.093701993676494150e-02
4.328700962321026054e+03 1.035097840189350027e+00 4.264385967734255628e-02
4.333029663283348782e+03 1.057890782041675859e+00 3.746428475427582977e-02
4.337362692946633615e+03 1.084184814521103268e+00 3.625216306770168151e-02
4.341700055639581478e+03 1.113781464070968674e+00 3.601876306945436812e-02
4.346041755695222491e+03 1.154144180513754003e+00 3.558758105874325339e-02
4.350387797450919606e+03 1.216741137328946731e+00 3.415353694846974542e-02
4.354738185248371337e+03 1.236870212963261828e+00 3.456994783529456633e-02
4.359092923433621763e+03 1.199498441374741597e+00 3.985816090517539656e-02
4.363452016357056891e+03 1.177098648492533872e+00 3.879305426677943230e-02
4.367815468373414660e+03 1.140339780111770729e+00 3.910351166842881976e-02
4.372183283841789489e+03 1.099513035151638007e+00 4.082706878981565146e-02
4.376555467125633186e+03 1.072631057097440221e+00 4.183498702223224092e-02
4.380932022592760404e+03 1.033293437053212527e+00 4.154255594456668366e-02
4.385312954615354101e+03 1.029970922868545857e+00 4.217650882701674819e-02
4.389698267569970994e+03 1.040011402832578868e+00 4.509788583617340557e-02
4.394087965837542470e+03 1.021073431614022864e+00 4.510100422692745609e-02
4.398482053803381859e+03 1.028058883318342387e+00 4.610231578970546557e-02
4.402880535857186260e+03 1.058463980742803567e+00 4.282685751702781929e-02
4.407283416393044718e+03 1.074121361047447376e+00 4.418885961617037561e-02
4.411690699809440048e+03 1.079458640076597531e+00 4.283480616354768539e-02
4.416102390509250654e+03 1.085020862684856979e+00 4.189523820977663487e-02
4.420518492899761441e+03 1.114688079397422760e+00 4.092157800416627161e-02
4.424939011392662906e+03 1.130195830224560716e+00 4.162254808598143951e-02
4.429363950404056595e+03 1.172086226121936470e+00 4.502176579015442631e-02
4.433793314354462382e+03 1.205932050811356460e+00 4.149580506650493023e-02
4.438227107668818462e+03 1.185072940750591330e+00 4.530259198948674570e-02
4.442665334776488635e+03 1.164459910300396972e+00 4.305555409228769420e-02
4.447108000111265937e+03 1.154342010349188596e+00 4.449364305828044930e-02
4.451555108111379013e+03 1.146709400989866623e+00 4.566791885418004793e-02
4.456006663219492111e+03 1.101033921667232462e+00 4.484563718516442615e-02
4.460462669882713271e+03 1.107853160125552128e+00 4.639244472913961470e-02
4.464923132552597053e+03 1.086567357699991909e+00 4.355575654692343812e-02
4.469388055685150903e+03 1.085300306292886541e+00 4.236931981995550184e-02
4.473857443740837880e+03 1.111386386482839939e+00 4.240680426887857152e-02
4.478331301184580298e+03 1.130325276896674280e+00 4.121706108348187347e-02
4.482809632485766087e+03 1.162863502103414381e+00 4.201212116704539090e-02
4.487292442118253348e+03 1.221128468134182521e+00 3.930377029001325823e-02
4.491779734560373072e+03 1.215723383296471116e+00 3.832683101791970609e-02
4.496271514294934605e+03 1.245058943358614334e+00 3.804169355285691445e-02
4.500767785809231100e+03 1.240825466085177853e+00 3.683780201390276371e-02
4.505268553595042249e+03 1.215154087766585844e+00 3.775715742154063526e-02
4.509773822148638828e+03 1.205581070342895300e+00 3.740909542012466060e-02
4.514283595970789065e+03 1.191204843798675528e+00 3.795344679473210137e-02
4.518797879566761367e+03 1.186020694901225303e+00 3.784728391612868920e-02
4.523316677446328868e+03 1.165544015013769030e+00 3.533864657734425707e-02
4.527839994123776705e+03 1.163849518681656203e+00 3.497158046294433081e-02
4.532367834117902021e+03 1.152260442133938190e+00 3.403319622179196147e-02
4.536900201952022144e+03 1.161087886136831671e+00 3.335576581559867443e-02
4.541437102153975502e+03 1.140609856491196616e+00 3.195991576740786488e-02
4.545978539256130716e+03 1.144104473197061989e+00 2.884773536479006209e-02
4.550524517795388419e+03 1.144209175820013691e+00 2.962179049067164421e-02
4.555075042313184895e+03 1.141938060699826840e+00 2.867818367688948489e-02
4.559630117355500261e+03 1.147579456769068695e+00 2.860972977468252340e-02
4.564189747472856652e+03 1.135905408411286510e+00 2.689192616064016439e-02
4.568753937220330954e+03 1.140895518029875433e+00 2.687283565627524712e-02
4.573322691157552981e+03 1.138099457928433145e+00 2.586224470293551139e-02
4.577896013848711846e+03 1.119958151937152424e+00 2.372402497285091769e-02
4.582473909862562323e+03 1.134842237053716341e+00 2.242193015800708969e-02
4.587056383772426670e+03 1.149685076817872131e+00 2.281303377385034137e-02
4.591643440156200086e+03 1.142327372222567305e+00 2.193330277375205029e-02
4.596235083596357981e+03 1.115219681546765207e+00 2.626496847905124624e-02
4.600831318679955984e+03 1.092334065980244517e+00 2.387950484081141633e-02
4.605432149998637215e+03 1.075727890524804442e+00 2.301543351773613008e-02
4.610037582148637739e+03 1.062809952890915177e+00 2.313845914664889800e-02
4.614647619730787483e+03 1.073531016793299875e+00 2.524192501194721244e-02
4.619262267350520233e+03 1.084830863532099787e+00 2.637093552111482997e-02
4.623881529617872729e+03 1.103313331910948936e+00 2.621490755706911910e-02
4.628505411147491941e+03 1.112325731526115469e+00 2.557270704306727899e-02
4.633133916558640522e+03 1.111812184357680700e+00 2.595476721525904334e-02
4.637767050475200449e+03 1.118552612980714622e+00 2.602228562203766707e-02
4.642404817525677572e+03 1.135190904087456376e+00 2.843346208562774410e-02
4.647047222343205249e+03 1.125267906338947910e+00 3.153738351384546140e-02
4.651694269565549803e+03 1.115282400525993811e+00 3.275229381196328310e-02
4.656345963835116891e+03 1.115897225317140862e+00 3.268614798408558952e-02
4.661002309798953320e+03 1.130540392131833327e+00 3.205299015920019812e-02
4.665663312108753416e+03 1.156575133465791883e+00 3.504090773597697689e-02
4.670328975420864481e+03 1.188576117092737361e+00 3.597379422775592167e-02
4.674999304396286789e+03 1.197551696758315076e+00 3.437200209859387484e-02
4.679674303700684504e+03 1.193469505426839605e+00 3.432355811328714063e-02
4.684353978004386590e+03 1.189495207161568757e+00 3.417758820608780140e-02
4.689038331982392265e+03 1.195285161680301966e+00 3.345127765745356530e-02
4.693727370314376458e+03 1.173389871862265954e+00 3.376523342378252857e-02
4.698421097684692540e+03 1.149787401694632782e+00 3.307043323768291826e-02
4.703119518782378691e+03 1.137585986762490675e+00 3.420667874534524810e-02
4.707822638301162442e+03 1.105124825281450507e+00 3.363193462625570923e-02
4.712530460939465229e+03 1.081828395714260260e+00 3.354188577365917884e-02
4.717242991400406027e+03 1.062303979343097726e+00 3.270294617731769882e-02
4.721960234391808626e+03 1.055066186203189593e+00 3.257862418759333023e-02
4.726682194626201635e+03 1.061832369428012290e+00 3.074460092208334411e-02
4.731408876820829391e+03 1.082166218495701493e+00 2.800740205385380405e-02
4.736140285697651962e+03 1.085671781634791389e+00 2.660454410906336678e-02
4.740876425983350600e+03 1.085228062851951725e+00 2.567318526057028177e-02
4.745617302409335934e+03 1.089666808227458539e+00 2.426297237625948261e-02
4.750362919711747054e+03 1.105119826673535144e+00 2.494645627363401008e-02
4.755113282631459697e+03 1.116957845366114199e+00 2.330770080112629442e-02
4.759868395914093526e+03 1.130975619247218455e+00 2.108011233801607501e-02
4.764628264310008490e+03 1.115669920440489182e+00 2.017692647235144396e-02
4.769392892574320285e+03 1.099816840944745744e+00 2.076745633058292573e-02
4.774162285466896719e+03 1.074999333415496583e+00 2.273282898689850395e-02
4.778936447752364984e+03 1.073826926796006775e+00 2.253924554903974017e-02
4.783715384200118933e+03 1.066454588391104519e+00 1.992651578085559427e-02
4.788499099584319993e+03 1.100188726978875930e+00 2.590341674177342249e-02
4.793287598683906253e+03 1.123159219886209703e+00 2.495761190732456725e-02
4.798080886282591564e+03 1.125296801603697050e+00 2.423416280894376273e-02
4.802878967168876443e+03 1.112930083082702248e+00 2.686322652688703447e-02
4.807681846136046261e+03 1.120488442210601621e+00 2.760632939178983558e-02
4.812489527982183972e+03 1.140888122873208399e+00 3.175524400191730157e-02
4.817302017510168298e+03 1.115118103923399273e+00 4.030316761753479499e-02
4.822119319527679181e+03 1.076637908833847135e+00 4.968120671456489196e-02
4.826941438847208701e+03 1.043841609289509975e+00 3.687227527300129121e-02
4.831768380286057436e+03 1.099291501613548938e+00 4.256669681158092161e-02
4.836600148666345376e+03 1.216948025324162463e+00 4.584297560717612297e-02
4.841436748815013743e+03 1.197973307304534440e+00 7.440898840943514780e-02
4.846278185563829538e+03 1.269447631199952964e+00 8.095279639135691263e-02
4.851124463749395545e+03 1.411002800808548674e+00 8.568942336385254599e-02
4.855975588213146693e+03 1.565447116738085453e+00 8.859907874744732403e-02
4.860831563801360971e+03 1.631150983921896280e+00 8.610761295285603023e-02
4.865692395365163975e+03 1.530684118546113748e+00 9.435645272252228544e-02
4.870558087760530725e+03 1.336745584175272450e+00 8.446577186306275520e-02
4.875428645848292945e+03 1.187943011823576756e+00 7.969834196111867664e-02
4.880304074494142696e+03 1.145501574549935953e+00 7.669495190858093003e-02
4.885184378568638749e+03 1.226581671790707206e+00 4.210481960261637513e-02
4.890069562947209306e+03 1.205795627376623047e+00 3.808085407749518814e-02
4.894959632510157462e+03 1.205883780914895009e+00 3.645549875040975107e-02
4.899854592142669389e+03 1.155020378143361892e+00 2.853346221456534021e-02
4.904754446734813428e+03 1.147486357058695949e+00 2.623828327253503387e-02
4.909659201181550088e+03 1.171792776087107635e+00 2.296920618507396553e-02
4.914568860382732964e+03 1.215511440101603391e+00 2.486882293963072615e-02
4.919483429243117826e+03 1.242357731084122507e+00 2.991106776543704313e-02
4.924402912672362618e+03 1.161599040049624110e+00 3.146752168358018381e-02
4.929327315585036558e+03 1.178143198029057315e+00 3.038264374535576753e-02
4.934256642900622865e+03 1.161880890551404866e+00 2.963674297232434668e-02
4.939190899543525120e+03 1.159006899491650922e+00 2.939898663290426914e-02
4.944130090443070912e+03 1.154254318522571321e+00 2.968074785679428867e-02
4.949074220533515472e+03 1.154881852388457197e+00 2.984936867968945168e-02
4.954023294754050767e+03 1.161081249951686045e+00 3.154589981141523586e-02
4.958977318048806410e+03 1.190356509319950629e+00 4.254981674782626344e-02
4.963936295366856939e+03 1.125092962242587813e+00 5.650169583924673222e-02
4.968900231662225451e+03 1.070131112285349406e+00 6.544789616403269561e-02
4.973869131893889062e+03 1.042333907770887302e+00 6.400502043702790966e-02
4.978843001025784361e+03 1.055803641097893708e+00 6.310181282085765286e-02
4.983821844026811959e+03 1.080671893841982589e+00 6.371398765709158918e-02
4.988805665870840130e+03 1.138473944018131956e+00 6.355628619281081249e-02
4.993794471536712990e+03 1.187227086717624003e+00 6.339384284650477486e-02
4.998788266008251412e+03 1.224803414422099834e+00 6.344146419563387318e-02
5.003787054274261209e+03 1.269498180043158619e+00 6.092579377769626048e-02
5.008790841328536771e+03 1.306906178001469021e+00 5.897255238505431929e-02
5.013799632169867436e+03 1.315285580611186056e+00 5.866084196967474851e-02
5.018813431802038394e+03 1.310806168747721046e+00 5.860014257402354487e-02
5.023832245233842514e+03 1.293950751922372522e+00 5.827691025340268893e-02
5.028856077479077612e+03 1.236734120108541113e+00 5.584564666814211681e-02
5.033884933556558281e+03 1.181167511076156362e+00 5.390686385800876751e-02
5.038918818490116792e+03 1.131408726696417011e+00 5.146533869057780264e-02
5.043957737308608557e+03 1.103611223741599145e+00 5.186928975614284870e-02
5.049001695045918495e+03 1.107063823839657069e+00 4.860599082935028459e-02
5.054050696740966487e+03 1.147355299444424270e+00 3.402145834534976709e-02
5.059104747437709193e+03 1.122625230143050379e+00 2.398054781156273504e-02
5.064163852185148244e+03 1.091127950932045065e+00 1.757122445664622071e-02
5.069228016037335692e+03 1.069304499982703049e+00 1.642156546757938401e-02
5.074297244053374015e+03 1.076216126548581009e+00 1.617019021154312772e-02
5.079371541297429758e+03 1.083277976871867443e+00 1.728849293040254226e-02
5.084450912838728073e+03 1.097988876517676626e+00 1.902138920230674046e-02
5.089535363751569093e+03 1.103112105235491969e+00 1.922628260867519784e-02
5.094624899115322478e+03 1.110009334532123138e+00 1.946311750866309628e-02
5.099719524014439230e+03 1.106031209915828262e+00 1.878165371565111014e-02
5.104819243538455339e+03 1.104140426195583835e+00 1.842983389320865251e-02
5.109924062781995417e+03 1.107583710552645151e+00 1.819877747915446542e-02
5.115033986844779065e+03 1.098464236961350871e+00 1.971186997342212754e-02
5.120149020831625421e+03 1.083385021383193703e+00 2.182891116223895783e-02
5.125269169852458617e+03 1.079087315550662840e+00 2.078093809030175099e-02
5.130394439022313236e+03 1.087186884533144049e+00 2.140185117611991331e-02
5.135524833461337039e+03 1.100200428364047189e+00 2.198279539246474762e-02
5.140660358294800062e+03 1.117419111416234401e+00 2.342199222745802376e-02
5.145801018653096435e+03 1.126323883934493120e+00 2.405346956600684302e-02
5.150946819671751655e+03 1.136727671213716651e+00 2.390686023126962698e-02
5.156097766491425318e+03 1.152595960036003842e+00 2.265801980911258742e-02
5.161253864257918394e+03 1.137972090374486323e+00 2.493202418813432811e-02
5.166415118122177773e+03 1.123716993517613671e+00 2.435944374571624715e-02
5.171581533240301724e+03 1.104584912984224010e+00 2.446713855133282600e-02
5.176753114773543530e+03 1.078944854596760372e+00 2.379580851661030477e-02
5.181929867888318768e+03 1.078904907299813365e+00 2.460907375954514420e-02
5.187111797756208944e+03 1.034680383268884230e+00 2.767365470674282985e-02
5.192298909553966951e+03 1.045217239988887492e+00 3.110471033790471532e-02
5.197491208463522526e+03 1.048064017154541672e+00 3.111938247165250970e-02
5.202688699671987706e+03 1.056627436793241559e+00 3.150856439918898327e-02
5.207891388371661378e+03 1.071600311147641760e+00 2.980761661664708614e-02
5.213099279760034733e+03 1.074809020232927015e+00 3.104548025492461297e-02
5.218312379039796724e+03 1.078379871879388663e+00 3.046045103230715645e-02
5.223530691418837705e+03 1.085632020519902374e+00 2.994445890227281568e-02
5.228754222110258524e+03 1.089637802777914777e+00 2.984786157151027991e-02
5.233982976332370527e+03 1.091252309728586445e+00 2.964902671527393577e-02
5.239216959308704645e+03 1.088864931045065765e+00 2.960375797611035364e-02
5.244456176268015042e+03 1.093447183733673223e+00 2.954826580829029298e-02
5.249700632444284565e+03 1.080493662784514752e+00 2.841840056735720627e-02
5.254950333076731113e+03 1.102454045238765890e+00 2.798872134165765815e-02
5.260205283409809454e+03 1.108622689322764865e+00 2.823430482051587920e-02
5.265465488693221232e+03 1.113331661672056105e+00 2.829988107796897051e-02
5.270730954181915877e+03 1.116298859461291704e+00 2.837105033387129008e-02
5.276001685136099695e+03 1.127441050384812682e+00 2.854225332146968774e-02
5.281277686821237694e+03 1.142517143679170344e+00 2.800961840562897140e-02
5.286558964508059944e+03 1.141361201387695701e+00 2.615668346643602177e-02
5.291845523472569766e+03 1.129244880248792215e+00 2.325070932823131847e-02
5.297137368996044643e+03 1.151278639039125418e+00 1.791300740322696039e-02
5.302434506365042580e+03 1.153191695923778015e+00 1.802721319130966282e-02
5.307736940871409388e+03 1.154549606102434511e+00 1.809198947935722335e-02
5.313044677812282316e+03 1.147053275405770512e+00 1.742649646606305586e-02
5.318357722490096421e+03 1.142487044091165860e+00 1.725758384688043032e-02
5.323676080212588204e+03 1.132132123249111944e+00 1.802071453843749269e-02
5.328999756292802886e+03 1.128828010020237471e+00 1.779419243441888315e-02
5.334328756049097137e+03 1.120600796070470917e+00 2.051889563806611610e-02
5.339663084805148173e+03 1.115293506150684344e+00 2.065408889432247125e-02
5.345002747889954662e+03 1.117637457815696900e+00 2.056249029769649517e-02
5.350347750637846730e+03 1.123972142580553113e+00 2.156387458321311346e-02
5.355698098388485960e+03 1.130184561021682965e+00 2.239531678149844079e-02
5.361053796486876308e+03 1.143475795730498401e+00 2.056255414808126278e-02
5.366414850283365013e+03 1.125058693165627455e+00 2.146772733576965408e-02
5.371781265133649867e+03 1.114018033750887815e+00 2.088995098610377590e-02
5.377153046398785591e+03 1.098568209060490464e+00 2.185200392817267939e-02
5.382530199445186554e+03 1.079700576198964646e+00 2.160875421413729208e-02
5.387912729644633146e+03 1.069288261777473714e+00 2.110087576011725197e-02
5.393300642374279960e+03 1.048487918665519381e+00 2.085830524115181439e-02
5.398693943016655794e+03 1.046381267153017713e+00 2.121740852004831007e-02
5.404092636959673655e+03 1.044238959969057579e+00 2.136777104785969258e-02
5.409496729596635305e+03 1.044875128573865775e+00 2.122388035249181751e-02
5.414906226326233991e+03 1.065878677243576433e+00 1.995130890037378688e-02
5.420321132552561721e+03 1.080568543069433618e+00 2.032470020866724084e-02
5.425741453685116539e+03 1.103384525378428682e+00 1.909973153481739003e-02
5.431167195138803436e+03 1.122094251960018774e+00 1.940451009385938536e-02
5.436598362333943442e+03 1.131508402607152242e+00 1.917299307055804480e-02
5.442034960696279086e+03 1.117378531149518350e+00 1.592388074008472751e-02
5.447476995656978033e+03 1.112584364627431821e+00 1.661597561551562269e-02
5.452924472652636723e+03 1.108685251207016664e+00 1.687683983916828806e-02
5.458377397125291282e+03 1.107640549199511826e+00 1.649274523584508614e-02
5.463835774522417523e+03 1.114640362757447711e+00 1.639536041013856665e-02
5.469299610296941864e+03 1.104335877586477110e+00 1.600751778541934997e-02
5.474768909907241323e+03 1.101236854237408691e+00 1.628591932894153660e-02
5.480243678817149885e+03 1.094026599625336216e+00 1.514319461824184705e-02
5.485723922495968509e+03 1.095918398690668427e+00 1.674653577216472788e-02
5.491209646418466946e+03 1.086739308906153667e+00 1.707581992360042086e-02
5.496700856064887375e+03 1.078657584355519283e+00 1.727765757550296308e-02
5.502197556920953502e+03 1.078144534182347236e+00 1.632856287710271817e-02
5.507699754477876013e+03 1.081259236709581018e+00 1.667963179033193563e-02
5.513207454232356213e+03 1.073111289840093185e+00 1.659754083640997691e-02
5.518720661686590574e+03 1.062028462856436706e+00 1.638155838089715849e-02
5.524239382348278923e+03 1.038740469678111733e+00 1.664404936101353955e-02
5.529763621730628984e+03 1.014246382554284676e+00 1.720562589161613379e-02
5.535293385352360929e+03 1.003595873296177610e+00 1.714687495636366826e-02
5.540828678737715563e+03 1.005299526248919051e+00 1.726096617858561763e-02
5.546369507416455235e+03 9.945434803578594440e-01 1.715838531970850095e-02
5.551915876923872929e+03 9.903569074148431683e-01 1.741393299072548084e-02
5.557467792800798634e+03 9.904326478233718145e-01 1.791620116122441195e-02
5.563025260593602070e+03 9.845290506034457545e-01 1.779786870132217536e-02
5.568588285854197238e+03 9.833641007612502483e-01 1.775288735484926647e-02
5.574156874140053333e+03 9.773345047749478764e-01 1.773733066750721177e-02
5.579731031014194741e+03 9.702683871101233093e-01 1.789574786589445340e-02
5.585310762045211050e+03 9.677890967261589816e-01 1.785852997439242931e-02
5.590896072807257951e+03 9.742881557758138467e-01 1.812392187434666221e-02
5.596486968880067252e+03 9.713554044761201212e-01 1.620082377846281813e-02
5.602083455848949598e+03 9.674027264545380644e-01 1.555047562359208359e-02
5.607685539304799931e+03 9.699991568232791961e-01 1.578568737733144003e-02
5.613293224844106589e+03 9.778148553611635263e-01 1.564403296964684068e-02
5.618906518068952209e+03 9.990313290018620895e-01 1.507652263031949297e-02
5.624525424587023736e+03 1.022289526632389034e+00 1.571040375666444763e-02
5.630149950011612418e+03 1.031500310618961747e+00 1.547991266440111244e-02
5.635780099961625638e+03 1.023297070053878155e+00 1.651127841003053459e-02
5.641415880061589633e+03 1.020332316004204598e+00 1.643320476794452728e-02
5.647057295941652228e+03 1.009096476634811168e+00 1.666906976767660448e-02
5.652704353237596479e+03 9.996733908527206669e-01 1.579603707373915603e-02
5.658357057590835211e+03 9.991612066259337732e-01 1.583182034670088667e-02
5.664015414648428305e+03 9.989670137523456450e-01 1.614617225470280429e-02
5.669679430063079053e+03 9.872676844601812052e-01 1.599217389797143868e-02
5.675349109493143260e+03 9.741243456014473390e-01 1.623337451596853012e-02
5.681024458602638333e+03 9.696452821237431241e-01 1.579139216367907508e-02
5.686705483061243285e+03 9.648297827195143617e-01 1.566875670775207119e-02
5.692392188544306009e+03 9.453615339116162586e-01 1.583951799666255544e-02
5.698084580732852373e+03 9.439759406999832514e-01 1.687886096726531893e-02
5.703782665313587131e+03 9.291122938847409252e-01 1.821409181318801168e-02
5.709486447978903016e+03 9.261137225658487848e-01 1.877863789879339815e-02
5.715195934426883468e+03 9.170118736249048830e-01 1.838911870996872214e-02
5.720911130361312644e+03 9.203482001751714936e-01 1.880805748529539370e-02
5.726632041491675409e+03 9.283716501115425457e-01 1.877127011984361729e-02
5.732358673533169167e+03 9.424369827087063500e-01 1.873756577523139760e-02
5.738091032206703858e+03 9.530753498910400356e-01 1.763145161260504939e-02
5.743829123238912871e+03 9.628573473517508807e-01 1.782618439277090794e-02
5.749572952362153046e+03 9.650103798157195767e-01 1.832677960296933209e-02
5.755322525314517407e+03 9.667316539003999454e-01 1.805396166946449804e-02
5.761077847839834249e+03 9.639733521043418740e-01 1.775771079901098878e-02
5.766838925687675328e+03 9.687606007229058180e-01 1.782951096381525657e-02
5.772605764613364954e+03 9.710085804917101271e-01 1.835460325874261472e-02
5.778378370377980900e+03 9.745726886090517738e-01 1.810044290174742457e-02
5.784156748748360769e+03 9.842971410792430431e-01 1.825487529908109002e-02
5.789940905497111089e+03 1.002488831602886155e+00 1.925602969393273856e-02
5.795730846402610041e+03 1.014664466402421805e+00 1.969605011944174089e-02
5.801526577249013826e+03 1.027736194128545666e+00 2.015439176111780487e-02
5.807328103826264851e+03 1.043793559964521611e+00 1.879747101280989513e-02
5.813135431930093546e+03 1.043729350812286238e+00 1.683810461943720249e-02
5.818948567362025642e+03 1.045148293863516153e+00 1.700695845495716133e-02
5.824767515929389447e+03 1.018414780607359127e+00 2.024759891771598860e-02
5.830592283445320390e+03 9.967446027288814348e-01 2.608326046096082554e-02
5.836422875728768304e+03 9.920452971584926560e-01 2.446444869768774413e-02
5.842259298604498326e+03 1.006231045715791028e+00 2.372652713915259295e-02
5.848101557903105459e+03 1.046761174243189041e+00 2.797463671725054779e-02
5.853949659461010015e+03 1.082259967069435058e+00 2.982633159185899344e-02
5.859803609120473084e+03 1.119265112274495655e+00 2.990746649058787648e-02
5.865663412729595620e+03 1.135145214756578369e+00 2.848252915917988751e-02
5.871529076142326630e+03 1.137581800164137347e+00 2.918033221420208295e-02
5.877400605218471355e+03 1.138274342549242313e+00 2.946156935554665457e-02
5.883278005823691274e+03 1.117498483160436429e+00 2.976834402255345430e-02
5.889161283829516833e+03 1.093803729168369765e+00 2.959532563242543018e-02
5.895050445113348360e+03 1.067633970851053160e+00 2.961846401890095085e-02
5.900945495558464245e+03 1.046457134799595234e+00 2.914988890895413992e-02
5.906846441054024581e+03 1.004450231273614991e+00 2.687241110658484047e-02
5.912753287495080258e+03 9.923976403181991035e-01 2.722830811558317465e-02
5.918666040782577511e+03 9.902410350953876339e-01 2.730353696398808358e-02
5.924584706823361557e+03 1.014482224580617542e+00 2.547673348122873188e-02
5.930509291530187511e+03 1.051362419167909179e+00 2.043574071543759543e-02
5.936439800821719473e+03 1.050010574715117162e+00 2.028329168658324008e-02
5.942376240622543264e+03 1.035767048598009943e+00 1.884847643637955344e-02
5.948318616863167335e+03 1.035924411834229009e+00 1.850225956997069571e-02
5.954266935480032771e+03 1.028355844689272880e+00 1.665914731260840012e-02
5.960221202415515108e+03 1.043043506184501812e+00 1.717774779303377769e-02
5.966181423617932523e+03 1.063154863558779750e+00 1.777502220986725348e-02
5.972147605041552197e+03 1.074171601153082412e+00 1.718261271774765980e-02
5.978119752646595771e+03 1.078949075612272157e+00 1.761798578584098871e-02
5.984097872399243897e+03 1.065223277710506622e+00 1.810373872016104654e-02
5.990081970271645332e+03 1.061513260750379661e+00 1.815649394735282390e-02
5.996072052241918755e+03 1.049178492194611234e+00 1.744946164380141787e-02
6.002068124294162772e+03 1.035655401206496906e+00 1.662793903219689229e-02
6.008070192418459555e+03 1.034252052721400306e+00 1.678549127687375270e-02
6.014078262610879392e+03 1.025800842064919172e+00 1.698958377672328893e-02
6.020092340873492503e+03 1.002673420884765632e+00 1.820944398761335445e-02
6.026112433214368139e+03 1.001183605883493088e+00 1.959026506387497729e-02
6.032138545647584579e+03 9.927561824481183628e-01 2.045817820648470481e-02
6.038170684193233683e+03 9.797617620493566104e-01 2.294970796990345938e-02
6.044208854877429076e+03 9.993565484444045799e-01 2.160217772145675910e-02
6.050253063732308874e+03 1.006091274243427813e+00 2.157912070329518622e-02
6.056303316796042964e+03 1.018742098783278482e+00 2.142478903352264263e-02
6.062359620112841185e+03 1.030755079812743169e+00 2.309945648996977394e-02
6.068421979732956061e+03 1.032229243467167379e+00 2.297914162899735227e-02
6.074490401712690982e+03 1.030274068312181601e+00 2.327975076286889489e-02
6.080564892114405666e+03 1.033237833262188321e+00 2.237560965366373542e-02
6.086645457006521610e+03 1.018898508681676640e+00 2.404977542583302749e-02
6.092732102463530282e+03 1.002983394827798413e+00 2.399004400543804441e-02
6.098824834565995843e+03 9.776979349783914142e-01 2.336443999563972071e-02
6.104923659400564247e+03 9.543808747187036978e-01 2.305768277351269435e-02
6.111028583059966877e+03 9.318110257350775694e-01 2.304839443105509769e-02
6.117139611643028729e+03 9.087593536132252403e-01 2.285158150745365130e-02
6.123256751254673873e+03 9.115098200107487614e-01 2.419583113270338745e-02
6.129380008005929994e+03 9.101776635848887187e-01 2.446570592181358458e-02
6.135509388013938405e+03 9.038453339099904449e-01 2.447216725890330458e-02
6.141644897401954040e+03 9.193325353647142650e-01 2.053619790448155819e-02
6.147786542299358189e+03 9.204875630981992352e-01 2.000097633404220032e-02
6.153934328841659408e+03 8.974105201614451799e-01 1.722907533419923767e-02
6.160088263170503524e+03 8.960516429349546508e-01 1.741924185039785480e-02
6.166248351433675452e+03 8.710396060017180364e-01 1.900676528947701019e-02
6.172414599785111022e+03 8.506421332569886751e-01 1.854651341511611568e-02
6.178587014384898794e+03 8.488491482844136016e-01 1.899449540277031723e-02
6.184765601399285515e+03 8.421765970521982725e-01 1.843443645378065390e-02
6.190950367000687038e+03 8.304146479425090766e-01 1.864245384538180603e-02
6.197141317367689226e+03 8.447450928714670404e-01 1.825932083795344177e-02
6.203338458685059777e+03 8.505527468241992350e-01 1.810568274841856465e-02
6.209541797143746408e+03 8.641454873101366285e-01 1.772989352706065211e-02
6.215751338940892310e+03 8.759041452741506140e-01 1.774887883942534786e-02
6.221967090279835247e+03 8.817299278944411567e-01 1.774893627355913703e-02
6.228189057370116643e+03 8.893811416469447062e-01 1.872545781271985413e-02
6.234417246427488863e+03 8.752833791961021070e-01 1.846225487042531949e-02
6.240651663673918847e+03 8.720591354412938756e-01 1.775909979982757264e-02
6.246892315337594482e+03 8.502802594137059966e-01 1.970881899501932683e-02
6.253139207652934601e+03 8.488480795372197463e-01 2.043464628916604603e-02
6.259392346860589896e+03 8.345811053506118071e-01 1.898421519334616073e-02
6.265651739207452010e+03 8.244990547665782543e-01 1.870427726818395600e-02
6.271917390946661726e+03 8.148004836121005567e-01 1.911430880542909494e-02
6.278189308337610782e+03 8.272454833448599221e-01 1.867848140960550254e-02
6.284467497645950061e+03 8.335279414653175012e-01 1.814315660621252171e-02
6.290751965143597772e+03 8.441747264034790144e-01 1.761261137657020581e-02
6.297042717108744000e+03 8.647276818929388043e-01 1.795877636804115926e-02
6.303339759825854344e+03 8.861304114828360001e-01 1.750007212504364751e-02
6.309643099585682648e+03 9.016627743921746818e-01 1.772199913125017609e-02
6.315952742685270096e+03 9.212902362726366201e-01 1.766724296359440186e-02
6.322268695427957937e+03 9.280194088244576589e-01 1.776667577056581168e-02
6.328590964123387494e+03 9.317213633946850315e-01 1.883737800527982703e-02
6.334919555087512890e+03 9.454509561051537281e-01 1.908001271250893069e-02
6.341254474642602872e+03 9.625986852406833716e-01 1.966100090684628002e-02
6.347595729117247174e+03 9.714735342710366650e-01 1.941352130987153424e-02
6.353943324846366522e+03 9.756334746326780216e-01 1.943659315295219112e-02
6.360297268171215364e+03 9.786104385191006783e-01 1.970223261136552079e-02
6.366657565439388236e+03 9.730693068305512616e-01 1.941551769214223608e-02
6.373024223004829764e+03 9.830687826711412836e-01 1.731970852473961597e-02
6.379397247227837397e+03 9.921392451053722139e-01 1.737159724061429142e-02
6.385776644475066860e+03 1.002873308033634503e+00 1.716927007320373857e-02
6.392162421119543978e+03 1.006942121945354929e+00 1.623423778948637070e-02
6.398554583540665590e+03 1.017111125547586870e+00 1.629808152504130803e-02
6.404953138124208635e+03 1.024206454817693679e+00 1.676182721474551648e-02
6.411358091262334710e+03 1.036145270147663888e+00 1.663196996460850410e-02
6.417769449353599157e+03 1.060989805487393411e+00 1.864977671562381700e-02
6.424187218802954703e+03 1.074572640101147059e+00 1.784883400562292666e-02
6.430611406021760558e+03 1.092973299793978947e+00 1.742682520951010366e-02
6.437042017427784231e+03 1.104112966100981197e+00 1.698911363398409799e-02
6.443479059445214261e+03 1.100604113924144478e+00 1.723219337415413804e-02
6.449922538504661134e+03 1.100155762929539316e+00 1.707904814502711130e-02
6.456372461043168187e+03 1.113571372499420065e+00 1.622836824205398099e-02
6.462828833504213435e+03 1.113986604564653593e+00 1.589321068814465027e-02
6.469291662337719572e+03 1.113425451043515757e+00 1.499440429728430765e-02
6.475760954000059428e+03 1.116656010581994263e+00 1.479647615426744195e-02
6.482236714954061426e+03 1.122550392898736149e+00 1.419302903862529851e-02
6.488718951669017770e+03 1.132270539173761081e+00 1.390573762365364570e-02
6.495207670620688987e+03 1.190402981920452019e+00 4.693451745659276558e-02
6.501702878291312118e+03 1.217297858460489879e+00 9.983039970696716559e-02
6.508204581169605262e+03 1.005802405450823445e+00 1.569207395516909187e-01
6.514712785750777584e+03 9.798036114402410846e-01 1.637062734652949547e-01
6.521227498536530220e+03 1.213384819017551353e+00 1.535561973878422394e-02
6.527748726035069012e+03 1.297221109792901617e+00 6.329500467737131375e-02
6.534276474761106329e+03 1.091653448656242587e+00 1.954138169844107653e-01
6.540810751235869247e+03 1.033390103435039453e+00 2.417683857495628030e-01
6.547351561987107743e+03 1.627138435524687177e+00 2.799244264885208944e-01
6.553898913549096505e+03 2.395298314458716771e+00 3.031339091168936961e-01
6.560452812462647671e+03 2.835226023419844310e+00 2.816683591955667088e-01
6.567013265275112644e+03 2.701327163469835480e+00 3.020582981146887613e-01
6.573580278540390282e+03 2.037692381008176845e+00 3.046982975456169473e-01
6.580153858818932349e+03 1.208998471955184062e+00 2.507927210191909229e-01
6.586734012677753526e+03 8.857866090510954082e-01 2.438374908948402475e-01
6.593320746690433225e+03 1.205879497715610871e+00 7.491509299716113401e-02
6.599914067437126505e+03 1.179158981512322679e+00 2.710409416081024231e-02
6.606513981504565891e+03 1.160368917344384077e+00 2.539370180199266788e-02
6.613120495486072286e+03 1.147157051343231648e+00 2.528700214792172288e-02
6.619733615981560433e+03 1.118348123158498186e+00 2.095161783528728949e-02
6.626353349597544366e+03 1.108577904090885635e+00 2.052838072519200599e-02
6.632979702947143778e+03 1.098970159590937135e+00 2.636295790592759966e-02
6.639612682650093120e+03 1.064114847452001911e+00 2.043812246078035438e-02
6.646252295332745234e+03 1.064830017624437186e+00 1.985089782629947258e-02
6.652898547628080451e+03 1.068930047970968467e+00 1.899386439656316691e-02
6.659551446175711135e+03 1.092280378349132608e+00 2.134994219390164497e-02
6.666210997621888964e+03 1.090982411315479572e+00 2.124423559252579252e-02
6.672877208619513112e+03 1.099820046039408084e+00 2.035707913737240179e-02
6.679550085828134797e+03 1.103268815703574379e+00 2.061221185355770202e-02
6.686229635913964557e+03 1.100616974246944713e+00 2.026451866152763001e-02
6.692915865549881346e+03 1.103994594824037945e+00 1.980283590304044578e-02
6.699608781415433441e+03 1.088537413822517230e+00 1.991165632706800442e-02
6.706308390196851178e+03 1.076277506640939574e+00 2.044735875162350183e-02
6.713014698587049679e+03 1.054699123803240601e+00 2.023704259349559317e-02
6.719727713285638856e+03 1.023031717906745630e+00 1.980078626197856809e-02
6.726447440998927050e+03 9.829594757193036436e-01 1.971873974791414977e-02
6.733173888439928305e+03 9.652446633417427480e-01 1.877910279701314536e-02
6.739907062328370557e+03 9.452012431001828308e-01 2.002510896087970546e-02
6.746646969390701088e+03 9.343434585970002981e-01 1.938180216121098906e-02
6.753393616360093802e+03 9.231838297181246267e-01 1.927225732635065233e-02
6.760147009976456502e+03 9.175723294189860324e-01 1.877644707287538794e-02
6.766907156986434529e+03 9.062721097682505667e-01 1.890779157930443793e-02
6.773674064143423493e+03 8.991181732566123630e-01 1.862480335138617937e-02
6.780447738207569273e+03 9.097663915048265215e-01 1.867959843575760920e-02
6.787228185945778932e+03 9.246480867917387103e-01 1.582313065722754097e-02
6.794015414131727084e+03 9.255006166679082824e-01 1.697454501030825486e-02
6.800809429545861349e+03 9.132239299670745769e-01 1.729062339072683779e-02
6.807610238975408720e+03 8.940303530893621842e-01 1.758440702651989374e-02
6.814417849214386479e+03 8.611479055506491287e-01 1.861283844034665111e-02
6.821232267063603103e+03 8.281591566356210077e-01 1.913522087544920064e-02
6.828053499330669183e+03 7.917888915040596221e-01 1.840961403836032309e-02
6.834881552830001965e+03 7.814210719624787860e-01 1.895618411749897675e-02
6.841716434382834450e+03 7.735263740391259413e-01 1.881502416814689535e-02
6.848558150817219939e+03 7.771448261269998659e-01 1.860449862614366873e-02
6.855406708968039311e+03 7.811606408987549210e-01 1.863107278428148897e-02
6.862262115677009206e+03 7.761065131995676936e-01 1.875757965749458647e-02
6.869124377792688392e+03 7.755806144287544779e-01 1.831181129577464858e-02
6.875993502170483225e+03 7.732475914137006967e-01 1.739449453307632953e-02
6.882869495672656740e+03 7.860619393391859999e-01 1.602790721238927726e-02
6.889752365168331380e+03 7.821878985628816228e-01 1.653457845204368490e-02
6.896642117533501732e+03 7.801141918803217168e-01 1.613361179899078929e-02
6.903538759651037253e+03 7.761301624935043053e-01 1.459967264185789773e-02
6.910442298410691365e+03 7.767662634287749723e-01 1.385189800688266942e-02
6.917352740709104182e+03 7.637176496625976974e-01 1.468388283301277214e-02
6.924270093449815249e+03 7.650771199567029113e-01 1.479280022450089362e-02
6.931194363543267173e+03 7.551706782728200285e-01 1.504275844884097983e-02
6.938125557906812901e+03 7.633600332203500649e-01 1.412149820812651571e-02
6.945063683464722089e+03 7.617829252106372850e-01 1.387128373537267929e-02
6.952008747148189286e+03 7.648321688605198565e-01 1.399332471831099198e-02
6.958960755895339389e+03 7.649752407337143678e-01 1.391820994981657865e-02
6.965919716651237650e+03 7.555078738870503186e-01 1.550905962431131657e-02
6.972885636367890584e+03 7.565626092160325777e-01 1.523050650711370649e-02
6.979858522004260521e+03 7.765167868168399989e-01 1.828262268787467573e-02
6.986838380526267429e+03 7.680608941458609840e-01 1.906722666644486072e-02
6.993825218906796181e+03 7.636162362680946059e-01 1.939083226317999537e-02
7.000819044125705659e+03 7.730397421150780879e-01 1.958632930053270244e-02
7.007819863169833297e+03 7.810097343937035808e-01 1.910403417666343973e-02
7.014827683033005087e+03 8.051680583457667684e-01 2.044085648495206492e-02
7.021842510716041033e+03 8.212338572177743101e-01 2.009868103639356890e-02
7.028864353226758794e+03 8.402740447607596197e-01 2.024280358254236523e-02
7.035893217579988232e+03 8.443682643172496505e-01 1.990026392004851097e-02
7.042929110797570502e+03 8.396274143441093685e-01 1.977971738028731427e-02
7.049972039908370789e+03 8.335113441728049244e-01 1.951746293001016888e-02
7.057022011948281033e+03 8.245951388797908566e-01 1.928479439042118243e-02
7.064079033960231754e+03 8.207900584677171318e-01 1.880482611117677630e-02
7.071143112994193871e+03 8.085005462513256136e-01 1.855104302542594577e-02
7.078214256107190522e+03 7.888791032866298014e-01 1.909915982451313235e-02
7.085292470363300708e+03 7.776651937527437886e-01 1.887769877844984109e-02
7.092377762833665656e+03 7.678862316149870360e-01 1.878322281850427350e-02
7.099470140596501551e+03 7.481489492424854282e-01 1.873623106959500934e-02
7.106569610737100447e+03 7.303859469089186707e-01 1.862820632337776339e-02
7.113676180347840273e+03 7.256236853550782628e-01 1.958876626056837295e-02
7.120789856528190285e+03 7.146513801872846905e-01 1.922683573311512531e-02
7.127910646384721076e+03 7.065802467845690993e-01 1.965977690436369191e-02
7.135038557031108212e+03 6.957923990605534570e-01 2.046784341060005341e-02
7.142173595588141325e+03 6.904437524527671233e-01 2.137309914330128360e-02
7.149315769183732300e+03 6.860781677785043886e-01 2.273416297410858766e-02
7.156465084952918005e+03 6.842810286702323275e-01 2.462376687125557989e-02
7.163621550037873021e+03 6.836345343079456294e-01 2.703173699677680758e-02
7.170785171587913283e+03 6.794474331607723849e-01 3.067143238492375801e-02
7.177955956759504261e+03 6.775399136309546710e-01 3.564216966715756663e-02
7.185133912716265513e+03 6.784525232040341525e-01 3.918597960798009955e-02
7.192319046628984324e+03 6.680020666751483871e-01 4.309271318980509996e-02
7.199511365675615707e+03 6.489676109550376326e-01 5.094064101023777075e-02
7.206710877041294225e+03 6.396836220746917601e-01 6.310514939969547044e-02
7.213917587918337631e+03 6.300930338282434429e-01 8.049001247083834021e-02
7.221131505506257781e+03 6.370672240757166982e-01 1.032888092142224407e-01
7.228352637011767001e+03 6.456906033593545757e-01 1.381155969801370897e-01
7.235580989648780815e+03 6.583775925003030327e-01 1.824921242518462716e-01
