# starting wavelength: 3098.814
# ending wavelength: 10276.680
# wav flux eflux
3.100100024849151396e+03 3.265374712117039113e+00 8.359502558773861114e-02
3.103200124874001631e+03 3.222193183368313729e+00 7.627336720543741178e-02
3.106303324998876633e+03 3.259176673747819830e+00 8.638817843245738537e-02
3.109409628323876859e+03 3.274830899297174192e+00 8.774574745283933441e-02
3.112519037952201415e+03 3.246770869353414302e+00 8.362411680900304345e-02
3.115631556990154877e+03 3.210679510446965423e+00 8.091770877762738401e-02
3.118747188547145925e+03 3.166580785314990987e+00 7.833359041829679459e-02
3.121865935735694165e+03 3.175910418808213009e+00 7.584334436333196872e-02
3.124987801671431043e+03 3.173971465096552702e+00 7.446612709932828866e-02
3.128112789473103476e+03 3.149802209959119192e+00 7.417728759055321197e-02
3.131240902262577492e+03 3.177209381889852580e+00 7.151893963992693448e-02
3.134372143164840963e+03 3.239461655984241961e+00 7.581244324756961084e-02
3.137506515308006783e+03 3.250953418741377110e+00 7.898801728295469504e-02
3.140644021823316052e+03 3.240553736746735858e+00 7.826892242332957050e-02
3.143784665845140353e+03 3.198927080291624758e+00 8.087437810014119766e-02
3.146928450510986750e+03 3.138028703739650815e+00 8.670195315251362500e-02
3.150075378961498700e+03 3.120708228471256174e+00 8.645571425634188123e-02
3.153225454340461056e+03 3.116588655037640265e+00 8.570031987833684473e-02
3.156378679794802792e+03 3.090835994876920623e+00 8.515703739850090381e-02
3.159535058474598372e+03 3.000815429691290781e+00 9.610584720743917120e-02
3.162694593533074112e+03 2.925817329916808873e+00 1.126490805291456565e-01
3.165857288126608182e+03 2.918908620887622263e+00 1.143835547334602215e-01
3.169023145414736064e+03 2.954962474404274175e+00 1.167584135072797930e-01
3.172192168560151458e+03 2.956156592902526636e+00 1.186070210162530753e-01
3.175364360728712654e+03 2.951039329836322445e+00 1.176100367605723701e-01
3.178539725089442527e+03 2.935228379372169183e+00 1.165725920611869193e-01
3.181718264814533086e+03 2.907173883372177858e+00 1.149452662691187732e-01
3.184899983079348658e+03 2.901831462977968457e+00 1.128123965950517255e-01
3.188084883062429071e+03 2.894507321187406390e+00 1.113378545038250650e-01
3.191272967945492383e+03 2.865115857473222949e+00 1.103121925791507307e-01
3.194464240913438971e+03 2.834080696523649578e+00 1.109141706930240473e-01
3.197658705154353811e+03 2.811524111756507960e+00 1.089948594491883388e-01
3.200856363859509202e+03 2.802050114468514597e+00 1.096869989809227536e-01
3.204057220223369768e+03 2.810594455732666308e+00 1.067757314150563769e-01
3.207261277443593826e+03 2.795464947351424811e+00 1.053162062890823231e-01
3.210468538721038840e+03 2.762048128802081504e+00 1.058273606857962068e-01
3.213679007259760965e+03 2.726174486109687045e+00 1.029893608575980085e-01
3.216892686267021418e+03 2.718070411829754285e+00 1.035715664344909331e-01
3.220109578953289656e+03 2.764205843620282543e+00 1.013838863231465159e-01
3.223329688532243836e+03 2.797457312162510146e+00 9.880241347034224297e-02
3.226553018220777176e+03 2.787278528097148822e+00 9.764712529546087927e-02
3.229779571238999324e+03 2.775054853101198038e+00 9.445735093173052155e-02
3.233009350810239084e+03 2.776442534848501786e+00 9.365281196067445912e-02
3.236242360161050783e+03 2.791523009863288163e+00 9.224871240781069848e-02
3.239478602521212906e+03 2.806096888485710039e+00 9.298932830788944615e-02
3.242718081123734919e+03 2.828623068452685629e+00 9.111374458075446880e-02
3.245960799204859995e+03 2.867386563836452851e+00 8.557781050579087168e-02
3.249206760004065927e+03 2.927257135596979865e+00 8.212604325387228010e-02
3.252455966764071036e+03 2.959599136884796700e+00 8.071620841005787417e-02
3.255708422730835991e+03 2.972186892559114835e+00 7.948035318705692909e-02
3.258964131153567905e+03 2.973253708016797781e+00 7.833312074455117680e-02
3.262223095284722604e+03 2.997401761038831491e+00 7.647292460998751651e-02
3.265485318380008266e+03 3.029811165774083381e+00 7.542251901548473192e-02
3.268750803698389518e+03 3.046751285092989203e+00 7.261822621734637107e-02
3.272019554502088795e+03 3.013462670534657217e+00 5.594134492303643597e-02
3.275291574056592253e+03 3.012908364162689701e+00 5.554991132781209040e-02
3.278566865630649772e+03 3.055030514599692548e+00 3.689551225358485287e-02
3.281845432496281319e+03 3.074316214624956967e+00 3.618657742373049269e-02
3.285127277928778767e+03 3.086216839227991837e+00 3.571704263036386273e-02
3.288412405206708627e+03 3.092680577505920958e+00 3.464876046967738099e-02
3.291700817611916591e+03 3.099298392252917811e+00 3.516324463147139229e-02
3.294992518429529355e+03 3.115270775355318378e+00 3.514637894113972760e-02
3.298287510947960072e+03 3.113460734032812205e+00 3.480145014300948386e-02
3.301585798458909267e+03 3.093138446351747284e+00 3.386967487031300461e-02
3.304887384257369376e+03 3.074695490218981586e+00 3.312917703927015234e-02
3.308192271641627485e+03 3.074863343642015412e+00 2.986532576676641931e-02
3.311500463913270323e+03 3.056726225548555664e+00 2.889118858911577867e-02
3.314811964377184722e+03 3.042307619201279678e+00 2.838797182298588920e-02
3.318126776341563072e+03 3.011677397171947046e+00 2.715629838594474030e-02
3.321444903117905596e+03 2.974193644304864215e+00 2.637375895233256065e-02
3.324766348021024896e+03 2.935701875188917676e+00 2.623129070137686022e-02
3.328091114369046863e+03 2.910230411595681410e+00 2.350028607542321846e-02
3.331419205483417045e+03 2.871789023563835030e+00 2.355868882164189118e-02
3.334750624688901553e+03 2.833177189768294024e+00 2.324125776596364795e-02
3.338085375313591612e+03 2.790895791128994219e+00 2.285209183314133516e-02
3.341423460688906289e+03 2.744153428772208247e+00 2.419559713114483382e-02
3.344764884149596128e+03 2.713380771977088379e+00 2.489176485272228539e-02
3.348109649033746791e+03 2.690102326549552725e+00 2.460430911527860046e-02
3.351457758682781787e+03 2.702230303899341379e+00 2.888389947461669077e-02
3.354809216441465651e+03 2.716799877974855448e+00 3.251742313582229454e-02
3.358164025657908041e+03 2.744506772949125484e+00 3.433654584475420712e-02
3.361522189683567376e+03 2.744548902079166464e+00 3.423843933098713599e-02
3.364883711873251741e+03 2.741271448042582826e+00 3.422168303538725836e-02
3.368248595585126168e+03 2.769638851760098497e+00 3.576257019923562847e-02
3.371616844180712633e+03 2.799441380666802814e+00 3.430902652125111807e-02
3.374988461024894150e+03 2.809910042272169672e+00 3.239558219611529677e-02
3.378363449485920228e+03 2.811197052219059245e+00 3.286922907609127892e-02
3.381741812935407324e+03 2.810135251210881702e+00 3.384502328955343170e-02
3.385123554748343849e+03 2.811732277445293970e+00 3.380651540112988851e-02
3.388508678303093347e+03 2.819210691990844175e+00 3.288706116217334635e-02
3.391897186981397681e+03 2.826865561932460302e+00 3.329662006001946756e-02
3.395289084168380214e+03 2.826693819238297767e+00 3.313008620785000413e-02
3.398684373252549449e+03 2.828875920772576880e+00 3.295588351191078291e-02
3.402083057625803121e+03 2.829543442310201939e+00 3.260721611587327762e-02
3.405485140683430018e+03 2.829412489844568945e+00 3.129397162189442166e-02
3.408890625824114522e+03 2.821124829633453679e+00 3.010484993299377549e-02
3.412299516449939802e+03 2.818008400946392378e+00 3.012555934487598508e-02
3.415711815966390986e+03 2.832621205820950117e+00 3.092535728700698816e-02
3.419127527782358356e+03 2.857459478301164424e+00 3.140499420972412553e-02
3.422546655310141887e+03 2.872845656394508396e+00 3.038511851843098133e-02
3.425969201965453522e+03 2.875208170353604320e+00 2.954940355348773667e-02
3.429395171167419903e+03 2.867938749992237746e+00 2.942432683431113472e-02
3.432824566338588284e+03 2.861377235716810130e+00 3.034497731017396852e-02
3.436257390904928343e+03 2.838210412299910779e+00 3.243685754358935358e-02
3.439693648295834464e+03 2.821681772092564877e+00 3.258154516661231764e-02
3.443133341944131189e+03 2.802350090894200285e+00 3.050244704494910544e-02
3.446576475286076402e+03 2.788119065570324739e+00 2.906304631933506744e-02
3.450023051761363604e+03 2.775902213273616859e+00 2.884204013347008155e-02
3.453473074813126004e+03 2.767194771693829214e+00 2.809412852756876244e-02
3.456926547887940615e+03 2.748116688377308936e+00 3.077384882264556226e-02
3.460383474435829612e+03 2.748059634659217654e+00 3.049823657842053864e-02
3.463843857910266706e+03 2.769965205366248906e+00 3.476038514441658067e-02
3.467307701768178049e+03 2.797600911339348073e+00 3.363514746793171140e-02
3.470775009469947236e+03 2.808154659567723588e+00 3.192384814519647063e-02
3.474245784479418489e+03 2.807076378685751994e+00 3.195317346283714499e-02
3.477720030263898934e+03 2.809139073060022529e+00 3.266039760206460724e-02
3.481197750294164052e+03 2.809730511841639800e+00 3.277756732340347812e-02
3.484678948044459503e+03 2.817136288333500715e+00 3.253437853670993612e-02
3.488163626992504760e+03 2.824608261728984715e+00 3.325641495131322761e-02
3.491651790619498570e+03 2.830813362755654428e+00 3.239870610558485270e-02
3.495143442410119405e+03 2.835366593792339351e+00 3.186188761741968328e-02
3.498638585852530468e+03 2.844500697747501139e+00 3.186476916122753245e-02
3.502137224438384237e+03 2.842979163096202466e+00 3.180742469704188335e-02
3.505639361662823831e+03 2.833759457492204259e+00 3.083707986152445929e-02
3.509145001024487556e+03 2.841764898312059806e+00 3.090222063910291750e-02
3.512654146025513455e+03 2.851036013196693197e+00 3.056924288079680002e-02
3.516166800171540217e+03 2.870609216852675338e+00 2.891541938559589672e-02
3.519682966971712631e+03 2.872954990913314077e+00 2.960767923963798787e-02
3.523202649938685681e+03 2.874144446015282739e+00 2.968349636914032613e-02
3.526725852588625457e+03 2.881642222083512284e+00 3.050365534696732051e-02
3.530252578441215064e+03 2.893488357588321236e+00 3.216446915264073447e-02
3.533782831019657806e+03 2.894478134510418688e+00 3.171213409422859314e-02
3.537316613850678550e+03 2.900054907231724766e+00 3.059776656598985067e-02
3.540853930464530094e+03 2.896754672759055627e+00 2.920300449717860153e-02
3.544394784394995895e+03 2.868101914441007150e+00 3.018187719111762451e-02
3.547939179179392340e+03 2.823706634260362502e+00 2.712186629216610870e-02
3.551487118358572843e+03 2.785195064611154514e+00 2.493125634081391762e-02
3.555038605476932389e+03 2.781368154956681771e+00 2.258233146729285434e-02
3.558593644082410719e+03 2.782864005768335147e+00 2.135521004657667601e-02
3.562152237726494150e+03 2.783417112200754495e+00 2.126676086991146838e-02
3.565714389964221937e+03 2.777532324185602697e+00 2.110359112943826013e-02
3.569280104354187188e+03 2.777172821423502302e+00 2.089720083176493590e-02
3.572849384458542772e+03 2.785417729464400693e+00 2.187414179535405317e-02
3.576422233843002232e+03 2.789521410698370563e+00 2.203583692041814410e-02
3.579998656076846601e+03 2.793437418533740058e+00 2.246828681892135485e-02
3.583578654732924406e+03 2.807957880390085315e+00 2.197291508083172584e-02
3.587162233387658489e+03 2.819468524601165704e+00 2.081486126540312356e-02
3.590749395621047370e+03 2.834643828791346021e+00 1.951990093281663965e-02
3.594340145016669794e+03 2.839919747805131234e+00 2.036247682865100633e-02
3.597934485161687462e+03 2.842391567796323404e+00 2.065126545396286581e-02
3.601532419646850485e+03 2.848391727847082944e+00 2.033555611074857120e-02
3.605133952066498296e+03 2.839667595815342782e+00 1.990327825241628573e-02
3.608739086018566013e+03 2.820441661846535553e+00 1.544442790421930549e-02
3.612347825104585809e+03 2.807733218400934483e+00 1.228247036653788704e-02
3.615960172929691907e+03 2.815609099432955897e+00 1.158002423368613941e-02
3.619576133102622407e+03 2.819794870686019639e+00 1.017564628956509759e-02
3.623195709235726554e+03 2.824761058407545544e+00 9.865377545632474793e-03
3.626818904944963379e+03 2.829000949884995730e+00 9.258949060781366744e-03
3.630445723849909427e+03 2.829875615521377785e+00 9.638380426031298992e-03
3.634076169573760581e+03 2.833618685396888548e+00 9.824935597064888768e-03
3.637710245743335690e+03 2.831507335138189863e+00 9.489219388995960569e-03
3.641347955989080219e+03 2.831903393914541489e+00 1.021391652441297655e-02
3.644989303945070333e+03 2.831925608972377439e+00 1.053389697176252728e-02
3.648634293249016537e+03 2.821189419820198108e+00 1.068645925109695805e-02
3.652282927542266862e+03 2.806930215559128694e+00 1.136769163541693529e-02
3.655935210469810499e+03 2.793927230982334198e+00 1.166771201594463646e-02
3.659591145680281443e+03 2.783732567837918559e+00 1.131750813623069382e-02
3.663250736825963031e+03 2.773058725904802735e+00 1.080390269590320203e-02
3.666913987562790226e+03 2.762099966708939647e+00 1.047034278172134097e-02
3.670580901550354156e+03 2.752914673485921782e+00 1.049216321885228405e-02
3.674251482451905758e+03 2.742229183554433902e+00 1.056023887588191344e-02
3.677925733934358959e+03 2.736656645437435476e+00 1.093359515269459563e-02
3.681603659668294313e+03 2.730093348285060451e+00 1.088627592006781789e-02
3.685285263327964003e+03 2.723856331691565380e+00 1.099851045054512852e-02
3.688970548591293209e+03 2.718698716721839936e+00 1.135065993390415445e-02
3.692659519139885560e+03 2.726432252339507034e+00 1.198086314536135968e-02
3.696352178659026777e+03 2.731837561944430171e+00 1.156326583386787024e-02
3.700048530837686940e+03 2.730792270878288353e+00 1.241087626196811684e-02
3.703748579368525952e+03 2.734959712202349014e+00 1.272216294694263408e-02
3.707452327947895355e+03 2.740050082482966776e+00 1.298779628971881775e-02
3.711159780275844696e+03 2.735703801716797390e+00 1.252545506950461345e-02
3.714870940056121526e+03 2.730593760160350492e+00 1.269795117522735765e-02
3.718585810996179134e+03 2.728422855786508450e+00 1.334972019798764432e-02
3.722304396807176545e+03 2.732934273424345140e+00 1.394776066849305433e-02
3.726026701203984885e+03 2.752874312036081239e+00 1.582470893456612918e-02
3.729752727905190113e+03 2.778552290031654159e+00 2.364616481492580122e-02
3.733482480633096657e+03 2.774741867131716333e+00 2.384363717994017126e-02
3.737215963113731050e+03 2.751906475914363881e+00 2.593431648508644216e-02
3.740953179076846027e+03 2.727695699157209219e+00 2.722004724900991060e-02
3.744694132255923705e+03 2.712699601961078955e+00 2.804464002883515564e-02
3.748438826388181042e+03 2.687283234873325100e+00 2.956943204676243386e-02
3.752187265214570289e+03 2.668810712137085428e+00 2.965634003697230001e-02
3.755939452479786269e+03 2.687225325494711825e+00 3.170957524186485132e-02
3.759695391932267285e+03 2.715230465019908834e+00 3.484960629567002144e-02
3.763455087324201031e+03 2.722304891190285403e+00 3.588039547074543117e-02
3.767218542411526414e+03 2.738333645443663311e+00 3.579631163708671404e-02
3.770985760953939007e+03 2.753815848519546972e+00 3.465464493479031988e-02
3.774756746714894234e+03 2.758117946158447964e+00 3.485698044614560231e-02
3.778531503461610555e+03 2.762173711590512504e+00 3.519633036494235201e-02
3.782310034965073100e+03 2.784141473350616458e+00 3.402604265312193094e-02
3.786092345000039586e+03 2.789720033060885118e+00 3.499402333748780763e-02
3.789878437345040766e+03 2.768841588738828463e+00 3.444868866749781905e-02
3.793668315782387253e+03 2.753645192468136660e+00 3.147626858395533023e-02
3.797461984098170888e+03 2.748898016438667824e+00 3.466680832615300772e-02
3.801259446082270188e+03 2.755000382433556716e+00 3.288038298246578894e-02
3.805060705528353537e+03 2.748244781738445663e+00 2.863293028655761185e-02
3.808865766233883278e+03 2.722636834815649554e+00 3.067365062451983884e-02
3.812674632000118436e+03 2.701119208061630417e+00 3.025193178839426927e-02
3.816487306632119726e+03 2.686736727187512219e+00 3.012171826490910378e-02
3.820303793938753188e+03 2.662507741511760173e+00 2.977107762860551482e-02
3.824124097732693372e+03 2.624619055256154798e+00 2.538465713557069500e-02
3.827948221830427428e+03 2.594016659105084610e+00 2.410799654432848119e-02
3.831776170052258749e+03 2.587679248326250292e+00 2.294260420140751405e-02
3.835607946222312421e+03 2.580665192314920642e+00 2.286321467001404054e-02
3.839443554168536139e+03 2.581003777697509438e+00 2.333735915978560685e-02
3.843282997722705659e+03 2.589103320347208026e+00 2.415254900233288621e-02
3.847126280720429804e+03 2.632939987170811236e+00 2.806493807020516915e-02
3.850973407001151372e+03 2.678007894159314617e+00 3.267676564318917898e-02
3.854824380408153957e+03 2.701460479581877294e+00 3.191050016512695514e-02
3.858679204788563311e+03 2.694985447898848197e+00 3.171054561843318631e-02
3.862537883993353262e+03 2.677675524122985706e+00 3.223049011079277826e-02
3.866400421877347981e+03 2.666786716578724015e+00 3.214603542686610832e-02
3.870266822299226533e+03 2.669961481032323114e+00 3.113193322347597783e-02
3.874137089121526969e+03 2.668736269122966576e+00 3.121213727349252121e-02
3.878011226210649966e+03 2.655729321197748405e+00 2.899738179103453564e-02
3.881889237436861549e+03 2.638592930510850643e+00 2.700369936709715035e-02
3.885771126674299921e+03 2.619356769130887219e+00 2.674717516664069580e-02
3.889656897800975457e+03 2.643609136966733608e+00 3.057341328656038026e-02
3.893546554698777527e+03 2.702359205084125193e+00 4.794461931560026202e-02
3.897440101253477678e+03 2.734949041009927306e+00 4.774962566930003594e-02
3.901337541354732366e+03 2.715041042124941573e+00 4.479484025012592935e-02
3.905238878896088409e+03 2.660076282898608202e+00 4.886594614020989269e-02
3.909144117774985716e+03 2.580354319781419825e+00 5.373828477792834402e-02
3.913053261892762293e+03 2.490055427085711148e+00 5.278495608709872500e-02
3.916966315154656058e+03 2.397660152036109160e+00 4.580822016506684580e-02
3.920883281469812118e+03 2.334362344865007266e+00 4.455629008803115715e-02
3.924804164751283224e+03 2.351506411371830030e+00 4.914519864665439081e-02
3.928728968916035683e+03 2.425299761834764034e+00 6.901707533311199350e-02
3.932657697884953450e+03 2.473652380679976837e+00 7.318863012616044772e-02
3.936590355582839493e+03 2.473576952318906841e+00 7.021989524119033599e-02
3.940526945938423523e+03 2.467858041547576153e+00 7.064150732723459281e-02
3.944467472884363360e+03 2.462516531538981646e+00 7.269055048966167887e-02
3.948411940357249023e+03 2.463833878774489783e+00 7.428515634009165425e-02
3.952360352297607733e+03 2.468687638903580339e+00 7.469137717688799361e-02
3.956312712649906643e+03 2.463238588311945421e+00 7.142150806247567207e-02
3.960269025362557841e+03 2.439871646226123403e+00 6.226531510776061457e-02
3.964229294387921527e+03 2.441779335465002809e+00 6.042531070172284940e-02
3.968193523682310570e+03 2.501055724718106443e+00 5.934320999753009418e-02
3.972161717205994591e+03 2.563822783095790037e+00 5.456799429375457089e-02
3.976133878923201792e+03 2.603548786744315446e+00 5.217949784565677207e-02
3.980110012802126221e+03 2.623386714587435886e+00 5.052979764082225766e-02
3.984090122814929600e+03 2.623105783022288140e+00 5.036337317919973439e-02
3.988074212937745870e+03 2.597510992937115404e+00 5.157696328117986756e-02
3.992062287150684824e+03 2.533733886628572129e+00 4.938905174183903096e-02
3.996054349437837118e+03 2.442097617871022308e+00 3.138042324224136342e-02
4.000050403787276082e+03 2.378183685907733214e+00 2.432298858890600060e-02
4.004050454191064546e+03 2.374733767844289911e+00 1.676494509073652231e-02
4.008054504645257111e+03 2.380058680408657423e+00 8.204648262326825342e-03
4.012062559149903791e+03 2.372449201758453086e+00 6.273330883933759226e-03
4.016074621709055009e+03 2.357473794873815365e+00 7.238677857632138703e-03
4.020090696330765240e+03 2.347318457895486876e+00 7.547078422753618170e-03
4.024110787027097558e+03 2.346694487073960111e+00 8.734357981416803612e-03
4.028134897814125907e+03 2.339824805060757296e+00 8.865905257714804671e-03
4.032163032711941469e+03 2.331921646587705066e+00 8.699393185163923833e-03
4.036195195744654484e+03 2.322116721602316414e+00 8.802372677239602219e-03
4.040231390940400615e+03 2.307454460962070186e+00 9.239263485008161400e-03
4.044271622331342314e+03 2.300603434969715977e+00 9.028426270226531242e-03
4.048315893953675186e+03 2.291751622488749529e+00 9.817643705365957513e-03
4.052364209847629809e+03 2.290507882742915946e+00 1.348127527437276846e-02
4.056416574057479011e+03 2.336323512297129756e+00 2.638857807205009440e-02
4.060472990631537868e+03 2.375842577607258477e+00 3.164301200355506410e-02
4.064533463622170530e+03 2.372794951210787762e+00 3.279399107863514851e-02
4.068597997085794304e+03 2.355018488219057460e+00 3.795488662000880142e-02
4.072666595082881486e+03 2.352475333259110180e+00 4.046969061308723636e-02
4.076739261677965715e+03 2.372942932625152324e+00 4.042040161030554385e-02
4.080816000939644709e+03 2.415818056441517037e+00 4.003336996345962379e-02
4.084896816940585722e+03 2.481898952378366108e+00 4.148075863398612007e-02
4.088981713757527814e+03 2.554506263153582424e+00 4.480959029074971234e-02
4.093070695471286854e+03 2.609166453888041914e+00 4.618780894022681688e-02
4.097163766166759160e+03 2.647561454500689138e+00 4.599411001040400876e-02
4.101260929932927866e+03 2.678482496117367440e+00 4.421312301755577628e-02
4.105362190862862008e+03 2.678551335642324727e+00 4.275588634829063234e-02
4.109467553053726078e+03 2.663506265366304859e+00 4.308299969293103576e-02
4.113577020606780934e+03 2.630588841165165892e+00 4.369216903721783590e-02
4.117690597627389252e+03 2.580427767541573214e+00 4.360374734689943105e-02
4.121808288225018259e+03 2.512348090903178566e+00 4.300229561092707570e-02
4.125930096513244280e+03 2.429040770735047872e+00 3.828398004975012980e-02
4.130056026609759101e+03 2.344045112699053135e+00 2.982471191485604883e-02
4.134186082636369974e+03 2.306364067719241628e+00 3.047229465653949337e-02
4.138320268719007800e+03 2.329137567124146102e+00 1.209606068180533664e-02
4.142458588987728035e+03 2.312312737244086147e+00 9.953848682224675573e-03
4.146601047576717065e+03 2.290238632814398212e+00 1.045271153841560371e-02
4.150747648624294925e+03 2.263558715230052254e+00 1.085851566200020206e-02
4.154898396272920763e+03 2.235484420967191355e+00 1.013585324671145357e-02
4.159053294669195566e+03 2.211660809111933634e+00 7.839503880628276300e-03
4.163212347963865795e+03 2.195643703390945056e+00 7.771893566667849133e-03
4.167375560311830668e+03 2.191923817934778640e+00 7.283276324882965135e-03
4.171542935872143971e+03 2.190263957073194767e+00 7.375461856704548270e-03
4.175714478808017702e+03 2.181410560985853841e+00 7.160727941089253812e-03
4.179890193286827525e+03 2.173046065272993932e+00 7.262217720114105129e-03
4.184070083480115500e+03 2.162423022006832785e+00 7.473795005355200749e-03
4.188254153563597356e+03 2.160044387465206661e+00 9.394619986043975524e-03
4.192442407717161586e+03 2.151387502818599362e+00 9.762165001867910072e-03
4.196634850124880359e+03 2.133670062151627356e+00 1.013478279943084460e-02
4.200831484975006788e+03 2.109175697396583171e+00 1.068440504712377115e-02
4.205032316459983122e+03 2.083241725750789808e+00 1.001527982756649296e-02
4.209237348776444378e+03 2.061975379544694231e+00 9.587510522445927275e-03
4.213446586125221984e+03 2.053306172984937117e+00 9.671045689020755023e-03
4.217660032711349231e+03 2.053169678040585922e+00 9.787801412505703694e-03
4.221877692744061278e+03 2.054960969116420788e+00 9.907787265003274030e-03
4.226099570436806971e+03 2.064142159200728521e+00 1.047590791045711033e-02
4.230325670007245208e+03 2.071125458802064223e+00 1.048900254437811624e-02
4.234555995677254032e+03 2.080011597421274061e+00 1.032837475447554582e-02
4.238790551672932452e+03 2.086552248360109996e+00 1.001327463796183349e-02
4.243029342224606808e+03 2.092356081440489568e+00 9.809940848439733033e-03
4.247272371566832589e+03 2.093812618586794461e+00 9.873210880214521382e-03
4.251519643938400804e+03 2.097715690664810673e+00 9.668790609026872360e-03
4.255771163582340705e+03 2.093777221914683739e+00 9.423742774404013714e-03
4.260026934745924336e+03 2.080215615532400530e+00 8.458272498149673607e-03
4.264286961680671993e+03 2.067282556558341255e+00 7.405029633666369848e-03
4.268551248642354039e+03 2.067538840972774850e+00 6.022960796502619014e-03
4.272819799890998183e+03 2.071250079634892494e+00 4.875940167251828321e-03
4.277092619690890388e+03 2.071583186263617371e+00 4.530372853239143793e-03
4.281369712310583054e+03 2.072051847398760582e+00 6.850556118597755581e-03
4.285651082022895025e+03 2.071837834846936399e+00 1.388660531302629564e-02
4.289936733104918858e+03 2.097284854293561818e+00 1.569499145510924384e-02
4.294226669838025373e+03 2.173762390735744177e+00 3.660532502094315799e-02
4.298520896507864563e+03 2.214722063183399481e+00 3.848427341913211036e-02
4.302819417404373780e+03 2.219187521397911755e+00 4.346330821932464089e-02
4.307122236821779552e+03 2.228761748217075400e+00 4.750447115386730729e-02
4.311429359058603040e+03 2.275798431700980284e+00 4.766927577487784645e-02
4.315740788417662770e+03 2.343235601170253091e+00 4.757763837509568217e-02
4.320056529206081905e+03 2.422495420254891396e+00 4.913130433618038279e-02
4.324376585735290064e+03 2.521958997299824201e+00 5.026016724953055737e-02
4.328700962321026054e+03 2.604601672649506039e+00 5.115655110185908516e-02
4.333029663283348782e+03 2.680180935654541408e+00 5.154225599274054465e-02
4.337362692946633615e+03 2.739802882508399762e+00 5.120349102069440134e-02
4.341700055639581478e+03 2.769949477417718686e+00 5.032358334557560792e-02
4.346041755695222491e+03 2.764698916690148334e+00 5.023156470552900960e-02
4.350387797450919606e+03 2.725343138593905756e+00 5.129462200260176408e-02
4.354738185248371337e+03 2.660121567320192337e+00 5.259217461883876343e-02
4.359092923433621763e+03 2.571033087120098148e+00 5.315372731829366010e-02
4.363452016357056891e+03 2.457419220788912728e+00 5.097482765868854848e-02
4.367815468373414660e+03 2.316235921643611029e+00 3.775323715293889965e-02
4.372183283841789489e+03 2.235436193577622355e+00 3.768761671317160528e-02
4.376555467125633186e+03 2.224519041466582969e+00 2.122230906061864028e-02
4.380932022592760404e+03 2.205435461151145748e+00 9.041967845533462403e-03
4.385312954615354101e+03 2.162903691889989322e+00 7.212120583378514582e-03
4.389698267569970994e+03 2.134880938197183387e+00 6.989091813802154364e-03
4.394087965837542470e+03 2.118975733308164244e+00 6.859007972940174037e-03
4.398482053803381859e+03 2.104869061149520881e+00 6.856014843297477540e-03
4.402880535857186260e+03 2.096946920197795272e+00 6.756143932889716042e-03
4.407283416393044718e+03 2.091001676907097373e+00 6.878670777065776232e-03
4.411690699809440048e+03 2.082790386689652884e+00 6.800128424842549063e-03
4.416102390509250654e+03 2.072832415863689715e+00 6.548054483166454096e-03
4.420518492899761441e+03 2.069549728042507031e+00 6.023595343596675929e-03
4.424939011392662906e+03 2.060103735599196018e+00 7.116158232110375223e-03
4.429363950404056595e+03 2.050920462467666905e+00 8.224093777694190324e-03
4.433793314354462382e+03 2.045697018099110753e+00 8.551377602544464607e-03
4.438227107668818462e+03 2.048528169171988988e+00 1.049996280480185000e-02
4.442665334776488635e+03 2.039712922008340978e+00 1.087874218606902331e-02
4.447108000111265937e+03 2.019768236410822926e+00 1.087397471205626097e-02
4.451555108111379013e+03 1.993266185912557775e+00 1.171340100500038901e-02
4.456006663219492111e+03 1.977024875966793438e+00 1.268703657522968556e-02
4.460462669882713271e+03 1.964457385864466277e+00 1.289279186469798402e-02
4.464923132552597053e+03 1.953375401757161178e+00 1.263691651129080287e-02
4.469388055685150903e+03 1.948884256865725417e+00 1.247359964687129626e-02
4.473857443740837880e+03 1.947830613805683564e+00 1.348339770136007185e-02
4.478331301184580298e+03 1.947322439450379195e+00 1.406322415350849155e-02
4.482809632485766087e+03 1.942791278650136455e+00 1.416281699295661792e-02
4.487292442118253348e+03 1.937266285422679646e+00 1.421744747420208149e-02
4.491779734560373072e+03 1.940489563973768261e+00 1.483262433544641455e-02
4.496271514294934605e+03 1.948440519734342180e+00 1.497096624718635693e-02
4.500767785809231100e+03 1.966445272772060937e+00 1.515730649133012996e-02
4.505268553595042249e+03 1.981104025306998917e+00 1.547492894225915502e-02
4.509773822148638828e+03 1.978317734578930676e+00 1.544370949682665611e-02
4.514283595970789065e+03 1.963415943879242898e+00 1.429835938906857604e-02
4.518797879566761367e+03 1.949567742369531231e+00 1.445582173296331395e-02
4.523316677446328868e+03 1.943861566220487225e+00 1.424573240546399798e-02
4.527839994123776705e+03 1.942812474660456701e+00 1.453985754721673872e-02
4.532367834117902021e+03 1.942861841675467716e+00 1.443318584889431017e-02
4.536900201952022144e+03 1.942584395732952052e+00 1.526688609839594625e-02
4.541437102153975502e+03 1.928181839702916234e+00 1.495081756019795045e-02
4.545978539256130716e+03 1.907208863540166499e+00 1.488982577652326125e-02
4.550524517795388419e+03 1.889268759086882188e+00 1.486845217702995048e-02
4.555075042313184895e+03 1.877798943573026680e+00 1.498695849837291920e-02
4.559630117355500261e+03 1.879712949906196418e+00 1.445873601517907482e-02
4.564189747472856652e+03 1.887202538375567062e+00 1.372740587284977144e-02
4.568753937220330954e+03 1.889495167229603645e+00 1.374166412374683982e-02
4.573322691157552981e+03 1.887153890461483741e+00 1.339422192195058661e-02
4.577896013848711846e+03 1.879047076115335280e+00 1.302825282951908074e-02
4.582473909862562323e+03 1.870125425639782790e+00 1.285969424627179253e-02
4.587056383772426670e+03 1.866354010996590373e+00 1.285889656525945890e-02
4.591643440156200086e+03 1.865551008714134484e+00 1.157974987509431328e-02
4.596235083596357981e+03 1.860208333697748406e+00 1.064726772642483714e-02
4.600831318679955984e+03 1.847392912572126233e+00 1.073734683944928964e-02
4.605432149998637215e+03 1.825861647416463507e+00 1.098800894510370413e-02
4.610037582148637739e+03 1.798403238580330799e+00 9.336099640517491957e-03
4.614647619730787483e+03 1.773769635973484693e+00 6.592301995801908877e-03
4.619262267350520233e+03 1.756669667809081847e+00 6.001884311627313229e-03
4.623881529617872729e+03 1.758178634580937594e+00 4.438708817175534248e-03
4.628505411147491941e+03 1.755680708407149071e+00 3.760919097594063194e-03
4.633133916558640522e+03 1.755437305402489212e+00 3.928365212744640116e-03
4.637767050475200449e+03 1.754958614327941868e+00 3.836714965339884167e-03
4.642404817525677572e+03 1.753230337881885204e+00 3.898647918078779109e-03
4.647047222343205249e+03 1.749183335349456359e+00 3.862148021450062356e-03
4.651694269565549803e+03 1.742339321704111210e+00 3.941539686906332142e-03
4.656345963835116891e+03 1.731589307152222812e+00 3.840271069076115623e-03
4.661002309798953320e+03 1.718851409632185412e+00 3.408509675639169283e-03
4.665663312108753416e+03 1.706429451947745202e+00 3.283042558849578931e-03
4.670328975420864481e+03 1.692551273813088786e+00 3.480236445033394084e-03
4.674999304396286789e+03 1.680436812055196460e+00 3.592776113819785844e-03
4.679674303700684504e+03 1.668735239096193146e+00 3.301755533258294694e-03
4.684353978004386590e+03 1.661432342833101483e+00 3.586531707742090635e-03
4.689038331982392265e+03 1.654259795307473135e+00 3.619020761819124413e-03
4.693727370314376458e+03 1.647495587633089009e+00 3.612293302271846803e-03
4.698421097684692540e+03 1.640241630612963908e+00 3.532689317590768669e-03
4.703119518782378691e+03 1.637707024274955625e+00 3.613183432056288596e-03
4.707822638301162442e+03 1.636023696917426662e+00 3.605078942262925079e-03
4.712530460939465229e+03 1.635289575039658994e+00 3.484643748327230853e-03
4.717242991400406027e+03 1.630494304837635688e+00 3.359820651324592258e-03
4.721960234391808626e+03 1.627940546000669064e+00 3.168916951823890892e-03
4.726682194626201635e+03 1.624450157180547416e+00 3.248094500590867351e-03
4.731408876820829391e+03 1.618701141150992173e+00 3.174390715082600796e-03
4.736140285697651962e+03 1.614894569346069009e+00 3.165082342050347299e-03
4.740876425983350600e+03 1.611571879642845317e+00 3.081837948066178112e-03
4.745617302409335934e+03 1.610231711584802827e+00 3.159157540162372407e-03
4.750362919711747054e+03 1.611344515004034417e+00 3.036009576144471211e-03
4.755113282631459697e+03 1.609800091346393680e+00 3.195042572755406839e-03
4.759868395914093526e+03 1.608858059570474008e+00 3.038810454124016031e-03
4.764628264310008490e+03 1.610608467646162500e+00 3.332185592248209770e-03
4.769392892574320285e+03 1.613889997988632530e+00 3.400348718986308943e-03
4.774162285466896719e+03 1.619459947855053539e+00 3.091025083620409057e-03
4.778936447752364984e+03 1.623535680349141863e+00 2.854394766789249832e-03
4.783715384200118933e+03 1.627462157083315208e+00 2.909978020552407996e-03
4.788499099584319993e+03 1.634308130526325398e+00 3.010617389558491955e-03
4.793287598683906253e+03 1.641896263711425163e+00 3.363152901052812987e-03
4.798080886282591564e+03 1.633904072600144808e+00 1.399658818411477802e-02
4.802878967168876443e+03 1.660234933141877089e+00 1.608036206904276538e-02
4.807681846136046261e+03 1.751035748879943510e+00 4.057598829175255994e-02
4.812489527982183972e+03 1.778825694769416987e+00 4.134393822858544593e-02
4.817302017510168298e+03 1.770716125551765607e+00 5.276712332542545653e-02
4.822119319527679181e+03 1.749180861364602269e+00 6.748159357604241460e-02
4.826941438847208701e+03 1.944272888380499609e+00 3.148969377515482143e-02
4.831768380286057436e+03 2.066437959293760507e+00 4.914220375337265828e-02
4.836600148666345376e+03 2.030457177330012186e+00 7.485472755900164643e-02
4.841436748815013743e+03 2.012024207985150248e+00 9.175965942026004241e-02
4.846278185563829538e+03 2.265471144754162669e+00 8.812013980054246576e-02
4.851124463749395545e+03 2.684408891577512168e+00 1.120629255143362202e-01
4.855975588213146693e+03 3.122550459330630357e+00 1.083869352939039604e-01
4.860831563801360971e+03 3.362304332865447165e+00 8.622407373806767472e-02
4.865692395365163975e+03 3.180626794838220306e+00 1.007167213618605506e-01
4.870558087760530725e+03 2.716274678075029758e+00 3.939132742156906813e-02
4.875428645848292945e+03 2.405917500544071608e+00 3.809945997553085273e-02
4.880304074494142696e+03 2.261648182337806290e+00 1.245338518028660420e-02
4.885184378568638749e+03 2.141028870293462560e+00 8.622504779578536727e-03
4.890069562947209306e+03 2.057346333893370183e+00 1.029665194552853436e-02
4.894959632510157462e+03 2.003183349945142577e+00 2.114021021405982498e-02
4.899854592142669389e+03 1.885788085663374414e+00 2.201124686989721843e-02
4.904754446734813428e+03 1.732568138731441554e+00 3.300485991781697270e-02
4.909659201181550088e+03 1.647536055889475382e+00 3.039481248779327474e-02
4.914568860382732964e+03 1.645911828853304559e+00 3.329359556633906814e-02
4.919483429243117826e+03 1.696558093419202162e+00 3.568852678008426621e-02
4.924402912672362618e+03 1.700058293934938458e+00 2.083580874975884956e-02
4.929327315585036558e+03 1.700344511993849839e+00 2.048611670309146565e-02
4.934256642900622865e+03 1.697610269091432089e+00 1.996683248508810890e-02
4.939190899543525120e+03 1.694135430268321141e+00 1.941384950337385687e-02
4.944130090443070912e+03 1.683427655252044408e+00 1.960630950054238764e-02
4.949074220533515472e+03 1.660428667362310540e+00 1.963576014022790778e-02
4.954023294754050767e+03 1.620595664469555608e+00 1.720313359935270181e-02
4.958977318048806410e+03 1.581652146210331900e+00 1.092055322911626540e-02
4.963936295366856939e+03 1.593150503662370765e+00 1.729519311583302410e-02
4.968900231662225451e+03 1.616487002471901357e+00 1.781781584884980368e-02
4.973869131893889062e+03 1.602887621997391987e+00 1.740461078569928779e-02
4.978843001025784361e+03 1.570695873646895668e+00 1.978765801903950919e-02
4.983821844026811959e+03 1.543508048267790977e+00 2.080091233635252349e-02
4.988805665870840130e+03 1.527930386100387894e+00 2.157854466867845794e-02
4.993794471536712990e+03 1.525646150104799093e+00 2.083216613450455251e-02
4.998788266008251412e+03 1.527572665938568663e+00 2.078843068173984523e-02
5.003787054274261209e+03 1.543559494053950765e+00 2.072516736165219350e-02
5.008790841328536771e+03 1.561112705567494041e+00 2.141602940153138415e-02
5.013799632169867436e+03 1.583052369424187589e+00 2.119374053065836705e-02
5.018813431802038394e+03 1.607611564151405492e+00 2.134547702175350337e-02
5.023832245233842514e+03 1.628107798101558368e+00 2.028128094079915955e-02
5.028856077479077612e+03 1.648968123248199413e+00 1.941517427183567929e-02
5.033884933556558281e+03 1.660785242343254753e+00 1.903530838210719389e-02
5.038918818490116792e+03 1.660560012777818395e+00 1.926441884442975025e-02
5.043957737308608557e+03 1.651854093220025632e+00 1.903424088857782331e-02
5.049001695045918495e+03 1.620216511716162433e+00 1.422195868902108480e-02
5.054050696740966487e+03 1.592342868048025384e+00 1.042829586717983897e-02
5.059104747437709193e+03 1.590646843379060149e+00 8.222758115865404227e-03
5.064163852185148244e+03 1.589088485355401481e+00 3.946439502074195090e-03
5.069228016037335692e+03 1.584082335317534174e+00 3.324966090113002076e-03
5.074297244053374015e+03 1.577786014328757203e+00 3.228491242298833774e-03
5.079371541297429758e+03 1.570147351247250134e+00 3.253422083004925587e-03
5.084450912838728073e+03 1.559614588819204339e+00 2.668145804748392729e-03
5.089535363751569093e+03 1.554807173936419096e+00 2.690330960445831698e-03
5.094624899115322478e+03 1.551201904378331164e+00 2.784227550338742255e-03
5.099719524014439230e+03 1.542584640280802555e+00 5.226727133577279902e-03
5.104819243538455339e+03 1.540726848595870280e+00 6.333898996524163667e-03
5.109924062781995417e+03 1.563306709624520785e+00 1.193537435179260406e-02
5.115033986844779065e+03 1.591665527187565932e+00 1.738679057862434901e-02
5.120149020831625421e+03 1.587917466043439418e+00 1.712946496125583931e-02
5.125269169852458617e+03 1.566373616979407135e+00 1.894676847007873560e-02
5.130394439022313236e+03 1.545571043972381986e+00 2.080981766156731957e-02
5.135524833461337039e+03 1.524251492929129315e+00 2.121110804926772814e-02
5.140660358294800062e+03 1.517629725104270300e+00 2.072058553251106272e-02
5.145801018653096435e+03 1.516043910745443535e+00 2.044403910441994557e-02
5.150946819671751655e+03 1.519829685244721729e+00 2.042484183037778650e-02
5.156097766491425318e+03 1.526930932648961958e+00 2.007793756492876058e-02
5.161253864257918394e+03 1.532476066635671819e+00 2.034373051778033681e-02
5.166415118122177773e+03 1.539692999660836392e+00 2.002282189204478841e-02
5.171581533240301724e+03 1.550963397123985121e+00 1.957298710010879628e-02
5.176753114773543530e+03 1.567281806514004394e+00 1.869015228416803440e-02
5.181929867888318768e+03 1.572933047031655152e+00 1.785900097285522681e-02
5.187111797756208944e+03 1.570421035615481298e+00 1.827873737161485324e-02
5.192298909553966951e+03 1.557409891195498997e+00 1.808865988131572178e-02
5.197491208463522526e+03 1.533445336231009648e+00 1.566190332800219617e-02
5.202688699671987706e+03 1.504597234956396745e+00 1.142083457710828080e-02
5.207891388371661378e+03 1.495938645230361130e+00 1.104433610931227633e-02
5.213099279760034733e+03 1.508687191009134176e+00 6.594638782316603748e-03
5.218312379039796724e+03 1.515784241544128941e+00 5.630247425249637269e-03
5.223530691418837705e+03 1.515274985565854271e+00 5.354763242455849899e-03
5.228754222110258524e+03 1.513334503978453371e+00 4.986010986184817757e-03
5.233982976332370527e+03 1.512879210052640921e+00 4.705341061029393382e-03
5.239216959308704645e+03 1.516033071466535320e+00 4.444910687288039682e-03
5.244456176268015042e+03 1.519409092804712591e+00 4.325346535373042652e-03
5.249700632444284565e+03 1.521348131408814641e+00 4.445076297617605969e-03
5.254950333076731113e+03 1.526552810372057811e+00 5.024006774338893484e-03
5.260205283409809454e+03 1.534546910290403465e+00 6.994306835027817339e-03
5.265465488693221232e+03 1.526359380780435648e+00 6.980535621510323627e-03
5.270730954181915877e+03 1.512629720962862745e+00 7.331594399518063035e-03
5.276001685136099695e+03 1.499478533059207308e+00 7.646522745544156140e-03
5.281277686821237694e+03 1.490427411702387461e+00 7.669335755131204309e-03
5.286558964508059944e+03 1.482299612676780232e+00 7.398255834227402718e-03
5.291845523472569766e+03 1.479340194999940294e+00 7.281223141832933281e-03
5.297137368996044643e+03 1.475389834761821506e+00 7.144013140595911054e-03
5.302434506365042580e+03 1.471024743621119457e+00 7.219813512263876555e-03
5.307736940871409388e+03 1.468415127062813630e+00 7.229123494750624643e-03
5.313044677812282316e+03 1.465456944726997390e+00 6.954141183520472745e-03
5.318357722490096421e+03 1.461352845655549348e+00 6.489518230643125801e-03
5.323676080212588204e+03 1.451804271615753539e+00 6.386796667002423919e-03
5.328999756292802886e+03 1.440684939023315625e+00 6.556988413164101595e-03
5.334328756049097137e+03 1.428346947435038761e+00 6.724907921992141074e-03
5.339663084805148173e+03 1.416263190571792174e+00 6.588191585681830477e-03
5.345002747889954662e+03 1.408928015657172184e+00 6.538535004541917023e-03
5.350347750637846730e+03 1.398589903150137870e+00 6.172832792972891836e-03
5.355698098388485960e+03 1.391287887396118750e+00 6.181411092923045497e-03
5.361053796486876308e+03 1.387348639075099754e+00 4.171940599083606357e-03
5.366414850283365013e+03 1.378712668689217713e+00 4.261341101598846610e-03
5.371781265133649867e+03 1.370671059768619804e+00 4.491022536648666373e-03
5.377153046398785591e+03 1.367091590585224115e+00 4.307428295087101754e-03
5.382530199445186554e+03 1.361916065198085946e+00 4.221375136329032565e-03
5.387912729644633146e+03 1.358966974366902170e+00 4.042632401983004171e-03
5.393300642374279960e+03 1.359051167117992343e+00 3.834649636561038126e-03
5.398693943016655794e+03 1.364667562757805763e+00 4.299498866443366395e-03
5.404092636959673655e+03 1.371949685362661819e+00 4.912624072274377439e-03
5.409496729596635305e+03 1.375326693273247081e+00 4.624815259672010459e-03
5.414906226326233991e+03 1.378191460752767439e+00 4.498092083178141867e-03
5.420321132552561721e+03 1.382573554856373788e+00 4.363420860613159528e-03
5.425741453685116539e+03 1.387531080617095736e+00 4.299341636475606521e-03
5.431167195138803436e+03 1.389769864201669813e+00 4.163431231474708748e-03
5.436598362333943442e+03 1.387602893154516792e+00 3.991804702913594356e-03
5.442034960696279086e+03 1.383466502577473278e+00 3.725945363241858505e-03
5.447476995656978033e+03 1.377118402859308866e+00 3.817718626786837169e-03
5.452924472652636723e+03 1.372927955426317181e+00 3.663816299144415697e-03
5.458377397125291282e+03 1.370036301788598365e+00 3.524426133716911016e-03
5.463835774522417523e+03 1.362169852108180201e+00 3.675372051373017920e-03
5.469299610296941864e+03 1.358330495018807760e+00 3.764863392771412853e-03
5.474768909907241323e+03 1.357158804773280547e+00 4.167740729926140870e-03
5.480243678817149885e+03 1.353681067396264481e+00 4.027438522780669820e-03
5.485723922495968509e+03 1.348843531380483185e+00 3.867174819540603048e-03
5.491209646418466946e+03 1.342856780543664197e+00 3.739531776276281902e-03
5.496700856064887375e+03 1.340166070584789981e+00 3.657520311147637645e-03
5.502197556920953502e+03 1.338062933803609189e+00 3.544707403527867610e-03
5.507699754477876013e+03 1.334794805326088074e+00 3.362492799849668614e-03
5.513207454232356213e+03 1.333118452095545470e+00 3.154134574437014726e-03
5.518720661686590574e+03 1.331448574781045169e+00 2.953839546148315578e-03
5.524239382348278923e+03 1.329590794923095842e+00 2.841030691029410374e-03
5.529763621730628984e+03 1.326463603371437205e+00 2.705872372492657170e-03
5.535293385352360929e+03 1.324551236726318582e+00 2.613996528087155543e-03
5.540828678737715563e+03 1.320928433816961123e+00 2.586030752152009091e-03
5.546369507416455235e+03 1.318152552152899837e+00 2.540321287448983785e-03
5.551915876923872929e+03 1.317943220326636133e+00 2.483477463282966237e-03
5.557467792800798634e+03 1.316639971917933583e+00 2.363544807935227376e-03
5.563025260593602070e+03 1.315145834090013954e+00 2.431912731433116814e-03
5.568588285854197238e+03 1.308965098026073193e+00 2.623309021442644419e-03
5.574156874140053333e+03 1.304757041007352791e+00 2.520728462285039967e-03
5.579731031014194741e+03 1.304661137917769720e+00 2.391841466279529330e-03
5.585310762045211050e+03 1.302709646429759838e+00 2.295089571697619089e-03
5.590896072807257951e+03 1.300877975161386146e+00 2.887745722650165124e-03
5.596486968880067252e+03 1.295399015204411253e+00 3.488148347786294064e-03
5.602083455848949598e+03 1.285303272302371180e+00 3.926924228976416860e-03
5.607685539304799931e+03 1.278759470105451435e+00 3.916691500813903291e-03
5.613293224844106589e+03 1.272420342372079904e+00 3.705773616847396826e-03
5.618906518068952209e+03 1.271040855188472651e+00 3.695006918699448358e-03
5.624525424587023736e+03 1.277698066571206548e+00 4.323009915013832118e-03
5.630149950011612418e+03 1.281205724586539585e+00 4.112127796474817666e-03
5.635780099961625638e+03 1.288058073362015721e+00 4.166514068955433879e-03
5.641415880061589633e+03 1.292503325554305249e+00 3.919986333519632354e-03
5.647057295941652228e+03 1.293305694001219530e+00 3.772784206515438377e-03
5.652704353237596479e+03 1.291181821483436076e+00 3.746445299684658323e-03
5.658357057590835211e+03 1.288368570002089708e+00 3.732465651052683901e-03
5.664015414648428305e+03 1.285038193637541903e+00 3.689645059125640659e-03
5.669679430063079053e+03 1.278731325658660767e+00 3.765000218035886772e-03
5.675349109493143260e+03 1.271863847632263234e+00 3.387442851855341098e-03
5.681024458602638333e+03 1.266285154314572781e+00 3.492555420117539767e-03
5.686705483061243285e+03 1.258144095368943560e+00 3.474307242905786460e-03
5.692392188544306009e+03 1.250299736164366848e+00 3.501794443658538640e-03
5.698084580732852373e+03 1.245848594227284334e+00 3.444795624652581024e-03
5.703782665313587131e+03 1.244438217317919815e+00 3.043174766297993862e-03
5.709486447978903016e+03 1.241672204074840025e+00 3.044925034375851533e-03
5.715195934426883468e+03 1.241451255190438419e+00 2.999687231977329720e-03
5.720911130361312644e+03 1.240993325400192804e+00 2.883907651453422680e-03
5.726632041491675409e+03 1.240510248933331283e+00 2.620033715327542770e-03
5.732358673533169167e+03 1.246347264820105938e+00 2.999517027725532095e-03
5.738091032206703858e+03 1.248940053252852067e+00 3.124189334527313275e-03
5.743829123238912871e+03 1.251632875836868886e+00 2.868940394570999950e-03
5.749572952362153046e+03 1.256081373965336923e+00 2.603999522632372346e-03
5.755322525314517407e+03 1.256790531288066948e+00 2.694715131270087119e-03
5.761077847839834249e+03 1.251774736776415820e+00 3.922895490263932777e-03
5.766838925687675328e+03 1.249408728650909906e+00 3.832720475931916237e-03
5.772605764613364954e+03 1.251491380886644578e+00 4.457747164235479134e-03
5.778378370377980900e+03 1.251947568006707145e+00 5.369713815107430253e-03
5.784156748748360769e+03 1.248609325216402999e+00 5.379943350918782626e-03
5.789940905497111089e+03 1.243830578648816187e+00 5.283037729763301847e-03
5.795730846402610041e+03 1.238062444553875041e+00 5.503224980639304272e-03
5.801526577249013826e+03 1.231551682085678889e+00 5.733888547640766421e-03
5.807328103826264851e+03 1.226909703708788602e+00 6.039792310719193855e-03
5.813135431930093546e+03 1.224443479610062280e+00 6.004676431827356449e-03
5.818948567362025642e+03 1.227052065642395329e+00 5.892037937975022448e-03
5.824767515929389447e+03 1.234057574000938073e+00 5.918575019805498091e-03
5.830592283445320390e+03 1.244603098103334693e+00 6.151515639639154771e-03
5.836422875728768304e+03 1.258626101530195163e+00 6.769967045562734140e-03
5.842259298604498326e+03 1.278466824561772741e+00 7.279787236078904926e-03
5.848101557903105459e+03 1.300059856239415224e+00 7.350456821974187503e-03
5.853949659461010015e+03 1.317332019598124848e+00 7.436888594707358885e-03
5.859803609120473084e+03 1.333554253867305528e+00 6.836583988034107030e-03
5.865663412729595620e+03 1.341632091403292204e+00 6.916933018426057664e-03
5.871529076142326630e+03 1.327419004948652947e+00 5.878725257718694919e-03
5.877400605218471355e+03 1.309768648034560057e+00 4.037131394548698626e-03
5.883278005823691274e+03 1.296773559790420194e+00 3.289957671460326614e-03
5.889161283829516833e+03 1.293718467381577808e+00 3.008290045529739103e-03
5.895050445113348360e+03 1.285192407104859491e+00 3.087772099600229019e-03
5.900945495558464245e+03 1.274116309488188215e+00 2.983040580105055309e-03
5.906846441054024581e+03 1.267788723102038384e+00 3.080011750737390776e-03
5.912753287495080258e+03 1.265122616662532451e+00 2.636408952433494293e-03
5.918666040782577511e+03 1.259532060407887011e+00 2.735360204807712938e-03
5.924584706823361557e+03 1.255233343938174206e+00 2.667233689755256140e-03
5.930509291530187511e+03 1.246814619410264502e+00 2.722948496397070792e-03
5.936439800821719473e+03 1.234773203580564971e+00 2.133030580439339990e-03
5.942376240622543264e+03 1.227425149286544892e+00 2.177737806953729000e-03
5.948318616863167335e+03 1.220355314898111443e+00 2.280491015563231201e-03
5.954266935480032771e+03 1.214536157830417018e+00 2.462713340253183756e-03
5.960221202415515108e+03 1.212126753905649501e+00 2.257966026624759395e-03
5.966181423617932523e+03 1.208653971856113563e+00 2.313127716959064491e-03
5.972147605041552197e+03 1.204474689128336662e+00 1.832190430559026400e-03
5.978119752646595771e+03 1.194682410619239299e+00 1.528159889256692442e-03
5.984097872399243897e+03 1.185733092749151840e+00 1.630400249625710892e-03
5.990081970271645332e+03 1.176249986137601455e+00 1.920559915452571889e-03
5.996072052241918755e+03 1.165718134934268013e+00 1.892519941408142038e-03
6.002068124294162772e+03 1.156576698833137851e+00 1.906677383380497338e-03
6.008070192418459555e+03 1.146262207359200147e+00 1.946988067756722299e-03
6.014078262610879392e+03 1.136247034444368476e+00 1.808086750936134220e-03
6.020092340873492503e+03 1.129410133165817953e+00 1.869590179594613454e-03
6.026112433214368139e+03 1.123369619225650373e+00 1.946756295116825733e-03
6.032138545647584579e+03 1.118444242964540258e+00 2.099266871014517262e-03
6.038170684193233683e+03 1.116087109497293950e+00 2.251181853558305735e-03
6.044208854877429076e+03 1.114852687040874146e+00 2.103529058282092509e-03
6.050253063732308874e+03 1.113221276312099661e+00 2.051620260331685121e-03
6.056303316796042964e+03 1.111788821486070278e+00 2.178117551744607715e-03
6.062359620112841185e+03 1.106016698639159523e+00 2.459054667072868312e-03
6.068421979732956061e+03 1.101873236297479464e+00 2.770682516057850538e-03
6.074490401712690982e+03 1.095410574390485170e+00 2.510074624149987062e-03
6.080564892114405666e+03 1.091074358498150376e+00 2.493263673382741397e-03
6.086645457006521610e+03 1.089636383342014181e+00 2.696295843484199616e-03
6.092732102463530282e+03 1.088131840492376323e+00 2.788182865386389011e-03
6.098824834565995843e+03 1.086659956888092582e+00 2.828633543246613161e-03
6.104923659400564247e+03 1.082981891937165431e+00 2.817743977881757497e-03
6.111028583059966877e+03 1.083765770516013527e+00 2.656927374420698772e-03
6.117139611643028729e+03 1.084889019204532845e+00 2.715291045102922584e-03
6.123256751254673873e+03 1.085662656427399231e+00 2.852409435207728990e-03
6.129380008005929994e+03 1.084677514311132906e+00 2.910786013109920977e-03
6.135509388013938405e+03 1.084083007574545565e+00 3.026975162480981685e-03
6.141644897401954040e+03 1.084688424076239555e+00 3.132969461478064734e-03
6.147786542299358189e+03 1.087578134412475750e+00 3.255331358495409770e-03
6.153934328841659408e+03 1.092379081391896545e+00 3.505747266281688569e-03
6.160088263170503524e+03 1.094481798274194562e+00 3.735955994509799604e-03
6.166248351433675452e+03 1.097045731362298993e+00 4.080831764527127412e-03
6.172414599785111022e+03 1.099108571182360272e+00 3.797593138146487888e-03
6.178587014384898794e+03 1.096056795913781245e+00 3.374760149976659216e-03
6.184765601399285515e+03 1.085947424639876147e+00 3.288282366834665519e-03
6.190950367000687038e+03 1.078236846759258016e+00 3.672174460358527178e-03
6.197141317367689226e+03 1.070203850490265785e+00 3.779190533764105377e-03
6.203338458685059777e+03 1.066602498407590582e+00 3.853842916789407529e-03
6.209541797143746408e+03 1.064801289019942754e+00 3.931678028444525463e-03
6.215751338940892310e+03 1.064418081455825948e+00 4.039126721657339443e-03
6.221967090279835247e+03 1.065226601151485930e+00 4.103690875737442748e-03
6.228189057370116643e+03 1.067971319002252395e+00 4.185239800444813182e-03
6.234417246427488863e+03 1.076226178916037002e+00 4.457515204703328508e-03
6.240651663673918847e+03 1.088241785437038089e+00 3.702130564539817762e-03
6.246892315337594482e+03 1.096978395246715365e+00 3.038821991770829234e-03
6.253139207652934601e+03 1.098568048581195056e+00 3.186619355839125870e-03
6.259392346860589896e+03 1.095694837197684679e+00 3.513537186650839486e-03
6.265651739207452010e+03 1.087563819597064718e+00 3.381380835671821909e-03
6.271917390946661726e+03 1.081062542644319668e+00 4.084469730302639837e-03
6.278189308337610782e+03 1.078626447677638378e+00 4.210424982259250437e-03
6.284467497645950061e+03 1.083148582191119980e+00 6.073119428465530503e-03
6.290751965143597772e+03 1.078818923860533685e+00 6.417442628790377170e-03
6.297042717108744000e+03 1.074717642179991550e+00 6.343026325742034781e-03
6.303339759825854344e+03 1.070639133628426221e+00 6.465135367818720252e-03
6.309643099585682648e+03 1.064953371125880288e+00 6.642062097158912652e-03
6.315952742685270096e+03 1.056815492126619072e+00 6.767245096138770413e-03
6.322268695427957937e+03 1.047212825238042377e+00 7.093106639669199617e-03
6.328590964123387494e+03 1.038076898236603318e+00 7.464798632770600594e-03
6.334919555087512890e+03 1.031104508555900523e+00 7.615549738347248028e-03
6.341254474642602872e+03 1.024911051879467072e+00 7.378471795931720000e-03
6.347595729117247174e+03 1.022498675428140436e+00 7.252905095693211630e-03
6.353943324846366522e+03 1.024417278142164989e+00 7.495162547821500494e-03
6.360297268171215364e+03 1.032186292329888566e+00 7.725635518494183146e-03
6.366657565439388236e+03 1.042784804968384327e+00 7.483690617524278547e-03
6.373024223004829764e+03 1.051657206206161321e+00 7.206006803047274555e-03
6.379397247227837397e+03 1.057141488056880574e+00 7.192888768332001900e-03
6.385776644475066860e+03 1.059074200112613662e+00 7.275138793188543063e-03
6.392162421119543978e+03 1.051456102237676049e+00 6.386197826894501363e-03
6.398554583540665590e+03 1.050358693953991285e+00 6.181263928042525849e-03
6.404953138124208635e+03 1.054293472433873502e+00 5.177155241150937885e-03
6.411358091262334710e+03 1.050936606220794989e+00 5.245616091440148676e-03
6.417769449353599157e+03 1.042627828486274666e+00 3.680794677494428867e-03
6.424187218802954703e+03 1.040934946031097930e+00 3.143720437186603781e-03
6.430611406021760558e+03 1.047617202551544668e+00 2.490737941633337088e-03
6.437042017427784231e+03 1.054677198257385484e+00 2.321145146881448563e-03
6.443479059445214261e+03 1.062569158054010199e+00 2.511153909953819669e-03
6.449922538504661134e+03 1.069184024020339630e+00 2.658745402443268065e-03
6.456372461043168187e+03 1.077149965997854730e+00 2.812147993159997035e-03
6.462828833504213435e+03 1.087272213158925638e+00 3.013066501922762042e-03
6.469291662337719572e+03 1.098225851088676652e+00 2.930125274727019783e-03
6.475760954000059428e+03 1.099355960505795426e+00 8.563714065932766240e-03
6.482236714954061426e+03 1.110065280507365859e+00 1.134896931960325574e-02
6.488718951669017770e+03 1.191450147628430933e+00 3.601936317610290872e-02
6.495207670620688987e+03 1.221569126825124529e+00 3.982941293924058962e-02
6.501702878291312118e+03 1.180308998462747727e+00 5.311910729424156735e-02
6.508204581169605262e+03 1.107742456900882244e+00 8.110234711591129964e-02
6.514712785750777584e+03 1.159064962264339194e+00 8.445922673941827497e-02
6.521227498536530220e+03 1.492589169492835266e+00 4.414819787355724751e-02
6.527748726035069012e+03 1.468167559262116839e+00 6.197640305512030351e-02
6.534276474761106329e+03 1.458145380315352346e+00 9.652208941931969544e-02
6.540810751235869247e+03 1.765655061819612071e+00 8.971409409246468292e-02
6.547351561987107743e+03 2.447056922457883754e+00 1.218129681842221035e-01
6.553898913549096505e+03 3.162907081821107802e+00 1.286370547568633782e-01
6.560452812462647671e+03 3.555471481722741522e+00 9.922236979177327665e-02
6.567013265275112644e+03 3.401391847071370655e+00 1.154245548473872424e-01
6.573580278540390282e+03 2.748043489102161452e+00 8.149322293602515033e-02
6.580153858818932349e+03 2.118492161717870026e+00 4.009748507243285354e-02
6.586734012677753526e+03 1.816052331982091594e+00 3.385078347479905658e-02
6.593320746690433225e+03 1.667945427567443240e+00 9.763965933295447319e-03
6.599914067437126505e+03 1.547403066898394686e+00 4.573053215882984766e-03
6.606513981504565891e+03 1.438617798064215192e+00 3.463796708335951414e-03
6.613120495486072286e+03 1.352226370074988360e+00 2.627613237144075208e-03
6.619733615981560433e+03 1.282705343356874028e+00 2.376110673766348991e-03
6.626353349597544366e+03 1.229874936543854380e+00 2.173113287991375060e-03
6.632979702947143778e+03 1.198668685867119610e+00 8.641319231967543868e-03
6.639612682650093120e+03 1.149851558359193948e+00 3.817375960196021673e-03
6.646252295332745234e+03 1.116535057655546392e+00 2.201234830787511098e-03
6.652898547628080451e+03 1.090439455252123269e+00 1.805261304365017192e-03
6.659551446175711135e+03 1.068866012358827389e+00 1.554281794850500545e-03
6.666210997621888964e+03 1.050659780690544665e+00 1.439589603876796024e-03
6.672877208619513112e+03 1.033453797568310906e+00 1.529887980279765521e-03
6.679550085828134797e+03 1.019072958527576178e+00 1.547632473563607773e-03
6.686229635913964557e+03 1.005687117945908593e+00 1.478650000579538994e-03
6.692915865549881346e+03 9.936366125928649540e-01 1.442601339065226803e-03
6.699608781415433441e+03 9.809611675763185712e-01 1.458444143360025603e-03
6.706308390196851178e+03 9.685263504783115929e-01 1.524411246632989677e-03
6.713014698587049679e+03 9.570289801662081874e-01 1.462426658716849907e-03
6.719727713285638856e+03 9.436888176404232276e-01 1.740406654969317178e-03
6.726447440998927050e+03 9.322156147332160137e-01 1.590310920350946440e-03
6.733173888439928305e+03 9.248247768074354669e-01 1.936859199702111595e-03
6.739907062328370557e+03 9.178482189117682655e-01 1.939048250123738418e-03
6.746646969390701088e+03 9.099080378560191473e-01 2.066160283651937053e-03
6.753393616360093802e+03 9.043400782079397127e-01 2.074538373507862996e-03
6.760147009976456502e+03 8.997539407020891389e-01 2.063977543918352458e-03
6.766907156986434529e+03 8.951972369202005897e-01 2.129897313624032514e-03
6.773674064143423493e+03 8.925934896633551663e-01 2.299614859588563261e-03
6.780447738207569273e+03 8.873929674417876390e-01 2.313284797621360540e-03
6.787228185945778932e+03 8.834417721765583931e-01 2.285531508345922582e-03
6.794015414131727084e+03 8.797460832445322954e-01 2.273698180726995213e-03
6.800809429545861349e+03 8.746171819540574655e-01 2.233439625937225486e-03
6.807610238975408720e+03 8.722125537066117706e-01 2.300484012114616811e-03
6.814417849214386479e+03 8.682375084297132561e-01 2.299942562905883496e-03
6.821232267063603103e+03 8.653132397680555199e-01 2.275563308592730340e-03
6.828053499330669183e+03 8.633798687595276578e-01 2.243380344762999513e-03
6.834881552830001965e+03 8.614719614232917433e-01 2.175370250647553315e-03
6.841716434382834450e+03 8.599165977417480011e-01 2.192903171571746346e-03
6.848558150817219939e+03 8.586513912899069734e-01 2.040207368306672965e-03
6.855406708968039311e+03 8.603722983861178397e-01 2.347521835513666048e-03
6.862262115677009206e+03 8.623127150012845910e-01 2.333709552722804809e-03
6.869124377792688392e+03 8.611962261118710771e-01 2.264160338134448263e-03
6.875993502170483225e+03 8.562621666270278098e-01 2.837688175868483941e-03
6.882869495672656740e+03 8.571435610289638296e-01 2.852807054143416919e-03
6.889752365168331380e+03 8.563993050769307391e-01 2.763297150837987996e-03
6.896642117533501732e+03 8.565065364941145676e-01 2.722583454464985384e-03
6.903538759651037253e+03 8.563769590958781874e-01 2.664155366299874629e-03
6.910442298410691365e+03 8.574354102329236893e-01 2.747503552075056775e-03
6.917352740709104182e+03 8.548759760289633691e-01 2.764228508021797023e-03
6.924270093449815249e+03 8.538225167119588566e-01 2.704090919646553928e-03
6.931194363543267173e+03 8.544966571223963081e-01 2.758668505402342517e-03
6.938125557906812901e+03 8.531317792265646904e-01 2.607661206766445378e-03
6.945063683464722089e+03 8.522017783156490278e-01 2.551887119272381980e-03
6.952008747148189286e+03 8.506756428439646855e-01 2.534291622760844343e-03
6.958960755895339389e+03 8.429275508101242709e-01 3.191622728154615892e-03
6.965919716651237650e+03 8.367029283584908050e-01 3.184778225880377858e-03
6.972885636367890584e+03 8.348031456577628129e-01 3.046901200856239923e-03
6.979858522004260521e+03 8.328902777296525173e-01 2.868677470252707466e-03
6.986838380526267429e+03 8.331619861358802170e-01 2.781153058445434874e-03
6.993825218906796181e+03 8.342233400776286611e-01 2.602245257962244873e-03
7.000819044125705659e+03 8.356646150549089658e-01 2.497223023453268645e-03
7.007819863169833297e+03 8.377461242797228369e-01 2.271932713307641197e-03
7.014827683033005087e+03 8.416706361690268201e-01 2.156333366829822889e-03
7.021842510716041033e+03 8.482373528345752423e-01 2.099711203963416234e-03
7.028864353226758794e+03 8.596125568687424945e-01 2.641166904628576822e-03
7.035893217579988232e+03 8.668320263472211185e-01 2.567806018540362556e-03
7.042929110797570502e+03 8.674782805809926334e-01 2.477563043171887407e-03
7.049972039908370789e+03 8.682631690127929902e-01 2.349008193792363752e-03
7.057022011948281033e+03 8.656756520992521242e-01 2.201820733186685142e-03
7.064079033960231754e+03 8.550291471461681780e-01 2.912846088346032498e-03
7.071143112994193871e+03 8.502308413865568015e-01 2.794067829375382513e-03
7.078214256107190522e+03 8.489464851923793631e-01 3.008287183135869864e-03
7.085292470363300708e+03 8.399545939441751541e-01 3.417392188715108210e-03
7.092377762833665656e+03 8.316200305315410990e-01 4.083974827554529008e-03
7.099470140596501551e+03 8.268844558616664786e-01 3.783221180053830592e-03
7.106569610737100447e+03 8.271727626619883589e-01 4.521630242509335103e-03
7.113676180347840273e+03 8.182629144859446813e-01 4.593468602950810664e-03
7.120789856528190285e+03 7.996571536148384673e-01 5.716968195962557168e-03
7.127910646384721076e+03 7.935828476731018322e-01 4.977737106695206797e-03
7.135038557031108212e+03 7.968383794415603294e-01 4.769308154876176868e-03
7.142173595588141325e+03 8.006356928518555405e-01 4.357770883209627355e-03
7.149315769183732300e+03 8.035228071742359646e-01 3.932047028014221297e-03
7.156465084952918005e+03 8.008644512524758508e-01 3.514891144655675915e-03
7.163621550037873021e+03 8.011089794525568797e-01 2.987664406292318484e-03
7.170785171587913283e+03 7.994537223210367305e-01 2.855205459854911944e-03
7.177955956759504261e+03 7.986807402917066590e-01 2.728252707271745531e-03
7.185133912716265513e+03 7.950275596941398515e-01 2.810425148808999921e-03
7.192319046628984324e+03 7.909112877350525928e-01 2.922269522149361417e-03
7.199511365675615707e+03 7.873216189829104206e-01 2.882188012479881649e-03
7.206710877041294225e+03 7.855392153634717101e-01 2.794339941794629981e-03
7.213917587918337631e+03 7.863390769529032820e-01 2.828284506498458979e-03
7.221131505506257781e+03 7.894465186064437701e-01 3.091011995927688688e-03
7.228352637011767001e+03 7.906332129949916743e-01 3.042856004082775817e-03
7.235580989648780815e+03 7.938691722632348347e-01 2.981839461157437341e-03
7.242816570638432495e+03 7.988876731157010802e-01 2.634262338329684209e-03
7.250059387209073066e+03 8.029519091251727803e-01 2.243519168492005746e-03
7.257309446596284033e+03 8.020069459124286038e-01 2.252000927011140255e-03
7.264566756042882844e+03 7.987849754544441572e-01 2.248684356304538751e-03
7.271831322798928340e+03 7.965669045084542432e-01 2.200752515553542395e-03
7.279103154121729858e+03 7.944803027858498012e-01 2.183072908570116155e-03
7.286382257275853590e+03 7.923220492390889991e-01 2.188830520687135885e-03
7.293668639533132591e+03 7.873729729737722893e-01 1.614127426203404089e-03
7.300962308172667690e+03 7.856135860010606820e-01 1.685518008862449402e-03
7.308263270480842948e+03 7.831949133763690396e-01 1.732816073404152852e-03
7.315571533751325660e+03 7.817141819315422957e-01 1.410387642509536169e-03
7.322887105285079997e+03 7.793376779034717483e-01 1.275900151259388212e-03
7.330209992390367006e+03 7.734665017747871518e-01 1.485231484180242825e-03
7.337540202382760071e+03 7.687216335826714264e-01 1.489635352059337850e-03
7.344877742585144915e+03 7.640473004233239163e-01 1.444234051195693270e-03
7.352222620327733239e+03 7.599717437803696907e-01 1.487637899203668977e-03
7.359574842948062724e+03 7.555334943854629115e-01 1.457644715180828748e-03
7.366934417791013402e+03 7.503715584773523739e-01 1.306375796900230077e-03
7.374301352208806748e+03 7.462805932715799173e-01 1.280628731182416281e-03
7.381675653561018407e+03 7.433499516155557263e-01 1.310046190824017652e-03
7.389057329214581841e+03 7.426296537085764760e-01 1.247219985209174591e-03
7.396446386543798326e+03 7.408318399561311107e-01 1.238982223151708284e-03
7.403842832930345139e+03 7.387274064511805127e-01 1.235095180956039288e-03
7.411246675763277381e+03 7.374776045276442149e-01 1.249877664858128120e-03
7.418657922439043432e+03 7.375337320009208719e-01 1.386222078793540808e-03
7.426076580361484957e+03 7.344681585554919678e-01 1.517909964349784067e-03
7.433502656941848727e+03 7.317804948854840230e-01 1.675773427508330578e-03
7.440936159598792983e+03 7.317604305837841494e-01 1.804009474810930672e-03
7.448377095758394717e+03 7.334653051365561671e-01 2.086012853388550300e-03
7.455825472854155123e+03 7.314951150118060852e-01 2.233368271618725240e-03
7.463281298327012337e+03 7.327469601727978343e-01 2.318632864123743639e-03
7.470744579625341430e+03 7.295949835450832310e-01 2.358620962231764828e-03
7.478215324204968965e+03 7.294420727198864807e-01 2.520612170427227218e-03
7.485693539529176633e+03 7.260355518656924634e-01 2.620789592381339832e-03
7.493179233068708527e+03 7.243946717917604250e-01 2.635539068820379194e-03
7.500672412301779332e+03 7.201178234713645487e-01 2.679465168624481797e-03
7.508173084714083416e+03 7.182799829820328830e-01 2.702355702541877139e-03
7.515681257798800289e+03 7.165129902622078273e-01 2.843665614932514626e-03
7.523196939056601877e+03 7.128372444474444514e-01 2.835440113259850119e-03
7.530720135995660712e+03 7.096537410856844641e-01 2.870043067182121918e-03
7.538250856131659020e+03 7.071683184660356725e-01 2.887563083029295787e-03
7.545789106987793275e+03 7.044340219867470942e-01 2.854794734712246245e-03
7.553334896094783289e+03 7.017067193128733171e-01 2.879822744252223850e-03
7.560888230990880402e+03 7.027929460950150808e-01 2.889160119367845895e-03
7.568449119221873843e+03 6.999191498890611207e-01 2.878501292570477283e-03
7.576017568341098013e+03 6.953517726896704110e-01 2.829467828924461196e-03
7.583593585909441572e+03 6.922631549543137863e-01 2.792257373011922377e-03
7.591177179495353812e+03 6.909699493640327761e-01 2.706612027852592795e-03
7.598768356674851930e+03 6.864878984194039413e-01 2.572301729480333705e-03
7.606367125031529213e+03 6.850413567677335891e-01 2.454872701123032332e-03
7.613973492156563225e+03 6.838218585855253551e-01 2.406232167099624838e-03
7.621587465648722173e+03 6.861627838292481130e-01 2.279173549727711058e-03
7.629209053114373091e+03 6.849855769223009982e-01 2.259507921275765753e-03
7.636838262167490029e+03 6.858573533774847686e-01 2.544795598266284906e-03
7.644475100429660415e+03 6.835940357909435772e-01 2.618235727201480897e-03
7.652119575530092334e+03 6.856980461048278741e-01 3.007577987123046925e-03
7.659771695105625440e+03 6.912746782612897434e-01 2.873246107699746563e-03
7.667431466800733688e+03 6.901038024356899170e-01 3.177323688205266339e-03
7.675098898267536242e+03 6.904721316382140817e-01 3.679300315029769564e-03
7.682773997165806577e+03 6.908469928224300061e-01 4.377991637409519611e-03
7.690456771162975201e+03 6.884135535583112420e-01 4.813355661897833482e-03
7.698147227934140574e+03 6.759281494299493875e-01 5.162013487304896973e-03
7.705845375162077289e+03 6.735124473887386110e-01 5.362924243604001370e-03
7.713551220537241534e+03 6.734060853415974046e-01 5.234239353921865678e-03
7.721264771757782000e+03 6.670187252193198191e-01 5.598563081010280058e-03
7.728986036529541707e+03 6.661701790102849685e-01 6.047118180686456013e-03
7.736715022566074367e+03 6.612508740898992432e-01 6.686834165391903305e-03
7.744451737588642573e+03 6.566798754722196207e-01 7.109398235182006094e-03
7.752196189326234162e+03 6.516787443175680039e-01 7.366393138725822222e-03
7.759948385515562222e+03 6.468190734107992501e-01 7.508747818582123604e-03
7.767708333901080550e+03 6.476772094752285547e-01 7.974854520419240658e-03
7.775476042234984561e+03 6.545098083087536045e-01 8.252683654888591513e-03
7.783251518277222203e+03 6.625568299816224638e-01 8.471290528636441289e-03
7.791034769795502143e+03 6.698496415040618990e-01 8.840257566521137964e-03
7.798825804565300132e+03 6.815685095143816374e-01 8.869123057492522486e-03
7.806624630369868100e+03 6.950032460513264621e-01 8.763375033235079950e-03
7.814431255000240526e+03 7.034633952900938292e-01 9.187554832648424721e-03
7.822245686255242617e+03 7.011417367452909000e-01 8.979975991123385903e-03
7.830067931941501229e+03 6.892656308319170533e-01 5.558200219461038004e-03
7.837897999873444860e+03 6.938506854144368408e-01 4.830893760647923287e-03
7.845735897873320937e+03 7.174877119576734685e-01 3.445845869828853374e-03
7.853581633771196721e+03 7.343259434535553964e-01 3.362479424578144159e-03
7.861435215404970222e+03 7.487015843461740650e-01 3.173244352962178126e-03
7.869296650620378387e+03 7.578355977784091424e-01 2.843811574856215055e-03
7.877165947271001642e+03 7.579983522659518025e-01 2.844471561794832768e-03
7.885043113218274812e+03 7.509707327627913598e-01 3.029879855401235167e-03
7.892928156331495302e+03 7.385387031040717698e-01 3.651159275757924049e-03
7.900821084487829467e+03 7.225839967767158090e-01 3.815815053315898750e-03
7.908721905572319884e+03 7.084696013903415412e-01 3.882993749065050820e-03
7.916630627477895359e+03 6.906524703072622895e-01 3.628786508028526963e-03
7.924547258105375477e+03 6.720551067551180369e-01 2.843148868870543858e-03
7.932471805363483327e+03 6.575023986838951506e-01 2.948545109138337155e-03
7.940404277168850058e+03 6.464524890390541678e-01 2.902678187914709516e-03
7.948344681446021241e+03 6.408895837356792802e-01 2.953411246701858131e-03
7.956293026127469602e+03 6.383089002934899669e-01 2.901788452799567136e-03
7.964249319153599572e+03 6.401058615344155101e-01 2.696546678735421351e-03
7.972213568472756378e+03 6.387275757034832635e-01 2.634444908878293048e-03
7.980185782041231505e+03 6.360538461633780116e-01 2.630806925757436712e-03
7.988165967823275423e+03 6.303661007138192662e-01 2.788563201290418340e-03
7.996154133791101231e+03 6.287721040098530612e-01 2.776558962499567178e-03
8.004150287924895565e+03 6.275927821720322930e-01 2.770014556922215706e-03
8.012154438212822242e+03 6.281779854004267971e-01 2.934751493499519227e-03
8.020166592651037718e+03 6.271969415846965212e-01 2.882444951811987798e-03
8.028186759243691995e+03 6.254019514095033871e-01 2.867819591392258699e-03
8.036214946002938632e+03 6.224718542824491108e-01 2.973649415697542445e-03
8.044251160948943834e+03 6.184150865131825547e-01 2.794908298036740280e-03
8.052295412109895551e+03 6.177317508047092121e-01 2.715183920058053535e-03
8.060347707522008022e+03 6.196346642997039300e-01 2.849618576826091175e-03
8.068408055229532692e+03 6.208825275658221843e-01 2.866577920681310631e-03
8.076476463284764577e+03 6.223009003396802186e-01 2.634943237663339797e-03
8.084552939748052268e+03 6.219459097846896656e-01 2.481951091514836543e-03
8.092637492687803388e+03 6.173417693927812921e-01 2.257380359355313105e-03
8.100730130180493688e+03 6.143740501900639694e-01 2.237975450840839608e-03
8.108830860310677053e+03 6.145350822125054124e-01 2.367203522858528624e-03
8.116939691170990045e+03 6.126743916024457448e-01 2.214210880794664077e-03
8.125056630862163729e+03 6.086637920890667353e-01 2.435832313576111446e-03
8.133181687493028221e+03 6.051192313427615765e-01 2.388457210455070985e-03
8.141314869180524511e+03 6.033558663461741078e-01 2.087536471965601229e-03
8.149456184049707190e+03 6.030293565131069622e-01 2.007239879913744803e-03
8.157605640233759914e+03 6.051536367935909100e-01 2.052451160653299966e-03
8.165763245873996311e+03 6.128403477652334397e-01 2.064297064690766726e-03
8.173929009119872717e+03 6.201550068524821491e-01 1.959780503497237335e-03
8.182102938128995447e+03 6.288561410612421021e-01 1.956401186803572150e-03
8.190285041067127167e+03 6.380243583772559068e-01 2.023298917655420599e-03
8.198475326108196896e+03 6.464905533184445163e-01 2.270553611591270490e-03
8.206673801434308189e+03 6.503930757597514711e-01 2.063674565982528356e-03
8.214880475235744598e+03 6.496443009781224243e-01 2.330955661870708420e-03
8.223095355710984222e+03 6.498551306036695063e-01 2.248990610823974057e-03
8.231318451066697889e+03 6.452079762739407753e-01 2.457145574763766951e-03
8.239549769517767345e+03 6.414067369193173773e-01 2.280733108005852591e-03
8.247789319287287071e+03 6.379020842223466214e-01 2.037609140173025218e-03
8.256037108606577021e+03 6.358361274119019857e-01 2.295736044622716590e-03
8.264293145715186256e+03 6.326413975144064006e-01 2.273461153477961301e-03
8.272557438860903858e+03 6.253893832941203046e-01 2.242958034965294306e-03
8.280829996299768027e+03 6.171343523109092954e-01 2.201746145810174783e-03
8.289110826296069718e+03 6.083804921179549741e-01 2.184864351056445969e-03
8.297399937122369010e+03 6.000057675212435715e-01 2.186547532756841303e-03
8.305697337059495112e+03 5.917873892325147267e-01 2.202813045579536319e-03
8.314003034396557268e+03 5.850320009427387724e-01 1.951860166781644408e-03
8.322317037430955679e+03 5.854537990447057361e-01 2.183389977838712769e-03
8.330639354468388774e+03 5.882081539230230582e-01 2.601437825034409561e-03
8.338969993822860488e+03 5.876592720672286774e-01 2.439151893721783725e-03
8.347308963816685718e+03 5.881874255614679692e-01 2.216624484567637689e-03
8.355656272780506697e+03 5.924298751927138396e-01 2.121953083432157657e-03
8.364011929053289350e+03 5.896901407014889518e-01 2.235825520722533981e-03
8.372375940982345128e+03 5.816391599557219072e-01 3.184236658950699572e-03
8.380748316923331004e+03 5.753545344972103015e-01 3.328609000999455461e-03
8.389129065240256750e+03 5.758235421581335833e-01 2.865499564123415600e-03
8.397518194305499492e+03 5.800443576834852788e-01 2.710832674295831669e-03
8.405915712499807341e+03 5.856083713260734624e-01 2.712423433849477875e-03
8.414321628212310316e+03 5.941229013469804254e-01 2.904851221713219359e-03
8.422735949840525791e+03 5.994356957344739723e-01 2.689926000510957631e-03
8.431158685790369418e+03 6.014288043343738455e-01 2.434448359460263285e-03
8.439589844476162398e+03 5.979708669151244660e-01 2.838389440224966913e-03
8.448029434320640576e+03 5.979191439630906491e-01 2.934150938376140633e-03
8.456477463754963537e+03 5.995429813203593250e-01 3.260538085587519602e-03
8.464933941218721884e+03 5.942106645298591561e-01 3.276957312999782823e-03
8.473398875159942691e+03 5.825095103567740074e-01 3.538417618779102474e-03
8.481872274035105875e+03 5.703874105147737072e-01 3.595005692946464174e-03
8.490354146309144198e+03 5.599281549997138230e-01 3.522942014264908092e-03
8.498844500455456000e+03 5.504432568708085283e-01 3.399168616989130080e-03
8.507343344955914290e+03 5.438788053403876832e-01 3.415720149165927134e-03
8.515850688300872207e+03 5.413090569627144744e-01 3.402396740321350904e-03
8.524366538989177570e+03 5.401593568819206270e-01 3.236124603472533608e-03
8.532890905528169242e+03 5.368386371937823309e-01 3.238934881941781928e-03
8.541423796433698953e+03 5.332862817373853481e-01 3.194740761408853668e-03
8.549965220230136765e+03 5.309789254439304385e-01 3.236718613728164617e-03
8.558515185450369245e+03 5.293639567138685997e-01 3.262019906296967277e-03
8.567073700635823116e+03 5.308248977457149520e-01 3.344801491285008012e-03
8.575640774336461618e+03 5.346324304950071937e-01 3.429153594663033548e-03
8.584216415110800881e+03 5.356193091393265382e-01 3.369609755854573348e-03
8.592800631525913559e+03 5.341272981467981573e-01 3.362787052010107920e-03
8.601393432157443385e+03 5.289293373713801483e-01 3.093834881046820737e-03
8.609994825589603352e+03 5.244967228947441384e-01 2.832574813102546694e-03
8.618604820415195718e+03 5.266434401945362387e-01 2.118906009472789568e-03
8.627223425235613831e+03 5.267383390240826246e-01 1.975592170947600666e-03
8.635850648660851220e+03 5.227920782727345506e-01 1.980626418548582599e-03
8.644486499309516148e+03 5.198247420201336233e-01 1.906314041675939708e-03
8.653130985808827973e+03 5.186779069896891858e-01 1.860045866952816235e-03
8.661784116794638976e+03 5.185229990243722664e-01 1.905512922211909750e-03
8.670445900911438002e+03 5.203087417558799332e-01 2.089945389774893955e-03
8.679116346812352276e+03 5.237111708109726260e-01 2.221617559626784966e-03
8.687795463159167412e+03 5.285720464190535317e-01 2.164875106824379770e-03
8.696483258622329231e+03 5.314076574285496735e-01 2.184604414273928243e-03
8.705179741880954680e+03 5.325466902315713069e-01 2.387717254253322093e-03
8.713884921622837282e+03 5.313354723524698064e-01 2.643446820978117336e-03
8.722598806544463514e+03 5.264128111133786758e-01 2.436903210732618234e-03
8.731321405351010981e+03 5.226989789991153268e-01 2.354384847774941558e-03
8.740052726756364791e+03 5.253750553179459271e-01 2.159786467644909252e-03
8.748792779483124832e+03 5.222637660003714988e-01 2.200066039353245576e-03
8.757541572262609407e+03 5.189022391657698297e-01 2.353263209429384828e-03
8.766299113834875243e+03 5.161858023032813714e-01 2.505787079032255338e-03
8.775065412948713856e+03 5.116230677418304174e-01 2.579518505619418558e-03
8.783840478361664282e+03 5.109231672634222399e-01 2.564457046022755940e-03
8.792624318840029446e+03 5.112560121159500648e-01 2.340253439135210872e-03
8.801416943158872527e+03 5.063623589288970273e-01 2.395982351204984859e-03
8.810218360102035149e+03 4.986085425799115511e-01 2.297620372834266282e-03
8.819028578462139194e+03 4.933985015508178251e-01 2.313166668228650111e-03
8.827847607040604998e+03 4.900466761702954033e-01 2.456463197214437798e-03
8.836675454647647712e+03 4.862743021434451363e-01 2.431737188809112230e-03
8.845512130102299125e+03 4.889762352535925727e-01 2.411097236345218203e-03
8.854357642232404032e+03 4.921065236485264727e-01 2.375922160434645967e-03
8.863211999874638423e+03 4.958728955432182839e-01 2.403120351775884372e-03
8.872075211874516754e+03 4.984523243955860661e-01 2.658616951581570416e-03
8.880947287086393771e+03 4.988350467884871131e-01 2.743941175684958943e-03
8.889828234373482701e+03 4.978754092410745402e-01 2.874070896781313975e-03
8.898718062607858883e+03 4.961206888389577685e-01 2.984271980932410098e-03
8.907616780670470689e+03 4.898149666554148518e-01 3.044325228911528257e-03
8.916524397451143159e+03 4.869342337717628144e-01 3.121619551006893714e-03
8.925440921848598009e+03 4.832531626912399125e-01 3.178340514058968988e-03
8.934366362770449996e+03 4.806782991570264230e-01 3.135030373666791107e-03
8.943300729133223285e+03 4.741393605242593678e-01 3.419306671376607949e-03
8.952244029862358730e+03 4.673950708836581147e-01 3.235414694782993116e-03
8.961196273892224781e+03 4.638513232903646033e-01 3.195145316041005362e-03
8.970157470166119310e+03 4.647279960596897297e-01 3.405197696089676783e-03
8.979127627636287798e+03 4.660126485939698471e-01 3.626085489093574480e-03
8.988106755263928790e+03 4.716675851584545831e-01 2.903140296922567063e-03
8.997094862019195716e+03 4.754238446123782436e-01 2.654094315752345782e-03
9.006091956881216902e+03 4.758163795157841491e-01 2.651590766105743624e-03
9.015098048838101022e+03 4.753616271974875351e-01 2.642707672415078261e-03
9.024113146886942559e+03 4.757678217675954668e-01 2.673706063197685886e-03
9.033137260033832717e+03 4.750333156955307556e-01 2.798308878478459466e-03
9.042170397293868518e+03 4.738448553792162232e-01 2.923216192244076743e-03
9.051212567691165532e+03 4.720768097623787019e-01 2.963099605895608713e-03
9.060263780258859697e+03 4.706053420854243163e-01 2.748507035302143447e-03
9.069324044039121873e+03 4.742342342236708364e-01 2.999596028911145386e-03
9.078393368083163296e+03 4.766225504564165494e-01 3.037169338037274974e-03
9.087471761451250131e+03 4.812893978708067677e-01 2.843472814971457173e-03
9.096559233212705294e+03 4.836455802269867266e-01 2.748361685097557624e-03
9.105655792445919360e+03 4.850831454440018842e-01 2.742032866315019437e-03
9.114761448238368757e+03 4.829648749634743998e-01 2.729106042294223052e-03
9.123876209686610309e+03 4.821770817941987142e-01 2.633172904557751215e-03
9.133000085896299424e+03 4.836134971259757886e-01 2.626276317845625992e-03
9.142133085982199191e+03 4.869551221534275109e-01 2.724796774586376192e-03
9.151275219068184015e+03 4.854121088711874088e-01 3.458519881824486872e-03
9.160426494287255991e+03 4.871240527855131286e-01 3.601793728096483113e-03
9.169586920781546723e+03 4.939243620812793223e-01 3.419258785235362950e-03
9.178756507702330055e+03 5.056415277177913614e-01 3.894118502994984438e-03
9.187935264210036621e+03 5.195915762020590911e-01 4.460399330720714144e-03
9.197123199474248395e+03 5.323746538157708708e-01 4.197238865311359729e-03
9.206320322673725968e+03 5.397415613394910272e-01 3.606163734993163457e-03
9.215526642996403098e+03 5.390637341743353961e-01 3.652524093560822159e-03
9.224742169639403073e+03 5.354311817879422453e-01 3.629977528342459136e-03
9.233966911809044177e+03 5.266230893695563742e-01 3.569370553216434563e-03
9.243200878720857872e+03 5.140259522127945679e-01 3.687286105075956305e-03
9.252444079599581528e+03 4.966634277943400844e-01 3.907387135659053448e-03
9.261696523679183883e+03 4.814687453369534964e-01 3.748914264708105154e-03
9.270958220202865050e+03 4.665728301116850441e-01 3.576647362393910526e-03
9.280229178423071062e+03 4.542156555060144485e-01 3.503990204118642357e-03
9.289509407601497514e+03 4.430067540997436049e-01 3.409844615321982152e-03
9.298798917009102297e+03 4.387138727282684503e-01 3.468814853400485881e-03
9.308097715926114688e+03 4.359712301273902524e-01 3.078976994789916002e-03
9.317405813642044450e+03 4.357985070885061485e-01 2.680504374300572961e-03
9.326723219455689105e+03 4.345594335063636682e-01 2.330361057998117137e-03
9.336049942675148486e+03 4.359837420026029253e-01 2.443008510267712183e-03
9.345385992617826560e+03 4.352508281171749704e-01 2.619410708921276251e-03
9.354731378610447791e+03 4.359385295996630605e-01 2.792018175996991130e-03
9.364086109989060787e+03 4.378165953277369793e-01 2.881798134843690552e-03
9.373450196099052846e+03 4.357719923753173297e-01 3.003321469880911292e-03
9.382823646295155413e+03 4.353098430166608690e-01 2.891095368348227130e-03
9.392206469941453179e+03 4.371186399237146358e-01 3.037808221647247345e-03
9.401598676411396809e+03 4.359361766443728969e-01 2.955666860736540225e-03
9.411000275087812042e+03 4.360715441920732238e-01 2.864026441926223899e-03
9.420411275362903325e+03 4.325937271942418283e-01 2.832175727121350687e-03
9.429831686638268366e+03 4.277234545335061311e-01 2.719045545876014325e-03
9.439261518324910867e+03 4.242698097089296905e-01 2.766573829226915467e-03
9.448700779843238706e+03 4.175507616312634784e-01 2.850915609868504529e-03
9.458149480623085765e+03 4.077422801647371808e-01 3.329424664512190598e-03
9.467607630103711926e+03 3.989455997467791781e-01 3.388548646045846501e-03
9.477075237733817630e+03 3.948699716275907434e-01 3.333475486801626593e-03
9.486552312971554784e+03 3.960700324255448934e-01 3.250543944405020601e-03
9.496038865284530402e+03 4.025417017183126056e-01 3.666094491832013434e-03
9.505534904149817521e+03 4.077739603517630540e-01 3.702640627284088486e-03
9.515040439053969749e+03 4.162754197186222527e-01 3.618038702761587708e-03
9.524555479493026724e+03 4.253087439433282380e-01 3.406945765064953863e-03
9.534080034972523208e+03 4.321285553903838061e-01 3.305376513596420228e-03
9.543614115007500004e+03 4.386868561305482528e-01 2.961531098227362328e-03
9.553157729122509409e+03 4.406801673456639534e-01 2.945357676934085619e-03
9.562710886851635223e+03 4.402721105177928584e-01 2.929088858159291722e-03
9.572273597738490935e+03 4.395622330827542168e-01 2.938864243692604957e-03
9.581845871336232449e+03 4.342894778372772269e-01 2.872683627678444818e-03
9.591427717207570822e+03 4.238076832888840739e-01 2.916850485643402574e-03
9.601019144924781358e+03 4.141529147708986058e-01 2.926226108936556911e-03
9.610620164069710881e+03 4.059183057677577811e-01 2.792923371766843545e-03
9.620230784233783197e+03 3.999642821700676310e-01 2.812673845369869502e-03
9.629851015018019098e+03 3.956441166514212404e-01 2.792027547088370577e-03
9.639480866033041821e+03 3.955233522562164872e-01 2.557197263878308729e-03
9.649120346899077049e+03 3.910752270957231769e-01 2.569121763834809370e-03
9.658769467245980195e+03 3.854755768192274501e-01 2.725151881933429374e-03
9.668428236713229126e+03 3.813186062377167396e-01 2.722518315647711688e-03
9.678096664949945989e+03 3.785687582507261673e-01 2.728445717406878177e-03
9.687774761614899035e+03 3.788945502726274728e-01 2.799917788165463741e-03
9.697462536376517164e+03 3.816372201504414918e-01 2.645355181738087529e-03
9.707159998912895389e+03 3.816732527904303507e-01 2.686250155947651763e-03
9.716867158911813021e+03 3.797941046518240604e-01 2.900133905912865608e-03
9.726584026070726395e+03 3.785966820037796055e-01 2.982497837354863585e-03
9.736310610096801611e+03 3.753732109294056762e-01 3.017218294777938067e-03
9.746046920706901801e+03 3.711447415463194344e-01 3.068094414070570743e-03
9.755792967627610778e+03 3.667723426626698369e-01 3.127540927825992519e-03
9.765548760595242129e+03 3.630827218453507310e-01 3.223627277004070032e-03
9.775314309355841033e+03 3.572887462797906810e-01 3.396251447820807651e-03
9.785089623665198815e+03 3.549156714645140820e-01 3.509541477827409287e-03
9.794874713288867497e+03 3.563886125173305608e-01 3.458928003514975206e-03
9.804669588002159799e+03 3.551170849708356614e-01 3.482857944648965181e-03
9.814474257590165507e+03 3.519256762565646790e-01 3.482841389910205660e-03
9.824288731847758754e+03 3.477378434430120624e-01 3.426876603177454305e-03
9.834113020579610748e+03 3.477776219183983941e-01 3.570368864402618039e-03
9.843947133600193411e+03 3.478484940554377181e-01 3.670819618727230987e-03
9.853791080733795752e+03 3.462075667202368368e-01 3.833933418828103581e-03
9.863644871814532962e+03 3.460429316587771420e-01 3.944800152420198901e-03
9.873508516686351868e+03 3.499272364991486972e-01 4.007665340264818590e-03
9.883382025203040030e+03 3.542531520488868546e-01 4.132230980691167788e-03
9.893265407228247568e+03 3.586541360474577722e-01 4.370091391665841679e-03
9.903158672635478069e+03 3.589608816922700840e-01 4.662208103390363262e-03
9.913061831308117689e+03 3.587326526795655557e-01 4.885752011518712350e-03
9.922974893139427877e+03 3.627406846925073092e-01 5.686122760119236702e-03
9.932897868032570841e+03 3.682498249953625735e-01 6.752823184757243170e-03
9.942830765900607730e+03 3.758575989335243284e-01 8.479725765363444953e-03
9.952773596666511366e+03 3.849188753712311506e-01 1.087262494847275954e-02
9.962726370263180797e+03 3.932617063352903952e-01 1.457643708716718431e-02
9.972689096633446752e+03 4.015715280895333361e-01 2.006853642485891334e-02
9.982661785730084375e+03 4.076212419491858086e-01 2.841533976465768219e-02
9.992644447515816864e+03 4.093608193698957676e-01 3.335452681104084105e-02
