# starting wavelength: 3632.812
# ending wavelength: 7363.770
# wav flux eflux
3.634076169573760581e+03 7.573627974622094694e-01 2.972204258564042356e-01
3.637710245743335690e+03 7.477403035891961869e-01 2.176770418202974566e-01
3.641347955989080219e+03 7.532732167608107154e-01 1.623856002781716712e-01
3.644989303945070333e+03 7.761582283310016761e-01 1.327629424920848400e-01
3.648634293249016537e+03 7.786032191682416004e-01 1.028008988949414282e-01
3.652282927542266862e+03 7.778260612240330829e-01 8.144536358184155389e-02
3.655935210469810499e+03 7.698080429961438043e-01 6.972359453858484324e-02
3.659591145680281443e+03 7.736659227376654346e-01 5.849343396558889796e-02
3.663250736825963031e+03 7.760911092055261529e-01 4.948461547192226778e-02
3.666913987562790226e+03 7.578981363533201510e-01 4.726310349302046548e-02
3.670580901550354156e+03 7.379489113979356141e-01 4.263428851777587014e-02
3.674251482451905758e+03 7.217988501020441428e-01 3.854350322257139166e-02
3.677925733934358959e+03 7.217695360033281604e-01 3.578668792682875022e-02
3.681603659668294313e+03 7.171182621537119939e-01 3.326435649284464197e-02
3.685285263327964003e+03 7.202958369509094849e-01 3.148310463617969707e-02
3.688970548591293209e+03 7.210893517969751976e-01 3.009255763356288860e-02
3.692659519139885560e+03 7.316935581851301551e-01 2.896847885065784861e-02
3.696352178659026777e+03 7.399900371071840288e-01 2.813939975724960227e-02
3.700048530837686940e+03 7.531020251706207480e-01 2.773543296681271059e-02
3.703748579368525952e+03 7.600926164323364986e-01 2.671607489968818444e-02
3.707452327947895355e+03 7.746833072379510909e-01 2.684544556766694026e-02
3.711159780275844696e+03 7.925771142858210050e-01 2.795352694018398906e-02
3.714870940056121526e+03 8.334609020599460516e-01 2.603308713561941837e-02
3.718585810996179134e+03 8.444175218039166042e-01 2.610453132677924976e-02
3.722304396807176545e+03 8.556783330441629642e-01 2.593929407528013098e-02
3.726026701203984885e+03 8.467938215659935874e-01 2.666705645928724860e-02
3.729752727905190113e+03 8.492935037011621890e-01 2.679162266151118368e-02
3.733482480633096657e+03 8.509022523233630286e-01 2.772926350484196042e-02
3.737215963113731050e+03 8.359031649519443885e-01 2.819376840264299980e-02
3.740953179076846027e+03 8.347564037061138142e-01 2.838261809933317545e-02
3.744694132255923705e+03 8.418943541049629387e-01 2.906220172578210040e-02
3.748438826388181042e+03 8.438273527210681246e-01 2.913522449872193651e-02
3.752187265214570289e+03 8.457694250982314976e-01 2.950336476317739001e-02
3.755939452479786269e+03 8.425818924458950976e-01 2.973218898801532548e-02
3.759695391932267285e+03 8.235363677191817056e-01 3.001488384163938233e-02
3.763455087324201031e+03 8.170503281033147935e-01 3.014008468140201222e-02
3.767218542411526414e+03 8.118090539997065980e-01 3.036841807812450458e-02
3.770985760953939007e+03 7.897157155577260168e-01 3.105711084103481359e-02
3.774756746714894234e+03 7.804405145481635442e-01 3.065662567940883806e-02
3.778531503461610555e+03 7.987634466384326837e-01 3.047012827759856129e-02
3.782310034965073100e+03 8.348945475055216114e-01 2.923143554160801544e-02
3.786092345000039586e+03 8.704311687187110680e-01 2.726128342858092149e-02
3.789878437345040766e+03 8.857421328300060237e-01 2.695958251748417633e-02
3.793668315782387253e+03 8.873506251589625693e-01 2.646299174451640854e-02
3.797461984098170888e+03 8.976403216624562198e-01 2.647320751503626224e-02
3.801259446082270188e+03 9.064301166142341160e-01 2.572402094918588983e-02
3.805060705528353537e+03 9.034466263129945496e-01 2.571869970170646835e-02
3.808865766233883278e+03 9.014776321934854231e-01 2.614001955947747174e-02
3.812674632000118436e+03 8.935398002881559387e-01 2.577373559351752580e-02
3.816487306632119726e+03 8.904871418359394664e-01 2.595444751118629670e-02
3.820303793938753188e+03 8.855475247509468906e-01 2.551369212974724868e-02
3.824124097732693372e+03 8.844925868788277024e-01 2.589078825757051144e-02
3.827948221830427428e+03 8.951849729048675375e-01 2.563089265282793988e-02
3.831776170052258749e+03 9.108529219171177527e-01 2.530119428007560761e-02
3.835607946222312421e+03 9.295557170669216385e-01 2.531927487730733020e-02
3.839443554168536139e+03 9.414004668383710861e-01 2.550756808356989536e-02
3.843282997722705659e+03 9.592161156138655498e-01 2.664250546675984294e-02
3.847126280720429804e+03 9.625448167116587017e-01 2.643785915394887207e-02
3.850973407001151372e+03 9.629362987167883192e-01 2.618588286201048790e-02
3.854824380408153957e+03 9.761055699408913711e-01 2.575439128481620335e-02
3.858679204788563311e+03 9.965689208279532307e-01 2.349138082917739956e-02
3.862537883993353262e+03 1.008207850016173301e+00 2.249454915101239613e-02
3.866400421877347981e+03 1.017526847385732847e+00 2.161706187234781543e-02
3.870266822299226533e+03 9.992642731794034727e-01 2.294095118658701429e-02
3.874137089121526969e+03 9.904424418590244139e-01 2.365823066545119299e-02
3.878011226210649966e+03 9.683639500192336991e-01 2.413421249204185728e-02
3.881889237436861549e+03 9.344925585012886504e-01 1.824865713440869744e-02
3.885771126674299921e+03 9.324343227330350592e-01 1.842855927834589208e-02
3.889656897800975457e+03 9.483212287075889479e-01 2.138781837922554621e-02
3.893546554698777527e+03 9.647344170131075813e-01 2.492043381984095432e-02
3.897440101253477678e+03 9.832997714492567320e-01 2.574450016543353148e-02
3.901337541354732366e+03 9.983664993832088719e-01 2.483103784565788771e-02
3.905238878896088409e+03 1.000786513998620064e+00 2.496411350122801701e-02
3.909144117774985716e+03 9.988874847769142473e-01 2.460411337305951768e-02
3.913053261892762293e+03 9.976445522639790786e-01 2.465537826657673154e-02
3.916966315154656058e+03 9.898484425709661583e-01 2.600457525354043023e-02
3.920883281469812118e+03 9.908773855128538699e-01 2.660141095507223205e-02
3.924804164751283224e+03 9.753996239593083484e-01 2.565911940464924226e-02
3.928728968916035683e+03 9.639518129677049352e-01 2.450923059512792948e-02
3.932657697884953450e+03 9.502503737816598850e-01 2.521573602971497255e-02
3.936590355582839493e+03 9.451949757532184249e-01 2.601052408121357767e-02
3.940526945938423523e+03 9.312707874534306152e-01 2.528652686772984992e-02
3.944467472884363360e+03 9.113705238776272921e-01 2.492144948879713995e-02
3.948411940357249023e+03 8.920033676477190365e-01 2.498343487994801604e-02
3.952360352297607733e+03 8.784500424314733991e-01 2.523641486055616667e-02
3.956312712649906643e+03 8.682745760857286665e-01 2.479024852852204988e-02
3.960269025362557841e+03 8.526668412152260679e-01 2.663584083020564472e-02
3.964229294387921527e+03 8.433189529489089065e-01 2.605517112097792062e-02
3.968193523682310570e+03 8.376775683437043263e-01 2.430645545864710752e-02
3.972161717205994591e+03 8.397277473097525258e-01 2.246764211138106704e-02
3.976133878923201792e+03 8.444353043949845983e-01 2.163293061009066015e-02
3.980110012802126221e+03 8.879333351342537650e-01 2.117396208346569372e-02
3.984090122814929600e+03 9.475796866440436839e-01 1.863408004836268270e-02
3.988074212937745870e+03 9.983951134440185449e-01 1.760910808127199093e-02
3.992062287150684824e+03 1.048324312749583820e+00 1.623700143229283438e-02
3.996054349437837118e+03 1.079405092758928042e+00 1.629299803570867858e-02
4.000050403787276082e+03 1.085812995768483225e+00 1.802688004901376387e-02
4.004050454191064546e+03 1.079787132034377706e+00 1.592535153472641671e-02
4.008054504645257111e+03 1.085097831854775041e+00 1.606667577417742257e-02
4.012062559149903791e+03 1.074798482929289367e+00 1.638026461744396256e-02
4.016074621709055009e+03 1.099363915079441201e+00 1.878130937102576864e-02
4.020090696330765240e+03 1.111027594432181242e+00 1.918730606275688769e-02
4.024110787027097558e+03 1.113258526145135097e+00 1.915210995212991707e-02
4.028134897814125907e+03 1.122168752347790566e+00 1.812503152115445965e-02
4.032163032711941469e+03 1.106903005935581330e+00 1.937659260549011095e-02
4.036195195744654484e+03 1.103054401804860252e+00 1.917276967277933147e-02
4.040231390940400615e+03 1.084155774404897743e+00 1.924348678233796239e-02
4.044271622331342314e+03 1.080469547219842896e+00 1.925143404566556637e-02
4.048315893953675186e+03 1.075920968570403202e+00 1.900027089051170570e-02
4.052364209847629809e+03 1.063048757230108832e+00 1.922367030201691668e-02
4.056416574057479011e+03 1.046198883396422419e+00 1.764697767761664454e-02
4.060472990631537868e+03 1.051669644699819495e+00 1.748344257982897137e-02
4.064533463622170530e+03 1.080156029370329396e+00 2.031319911431725411e-02
4.068597997085794304e+03 1.105701696614361351e+00 2.041877428537809333e-02
4.072666595082881486e+03 1.114410368483619740e+00 1.894842224462982977e-02
4.076739261677965715e+03 1.100801174015329176e+00 1.917519818347146118e-02
4.080816000939644709e+03 1.068395462643926264e+00 2.017663188308172623e-02
4.084896816940585722e+03 1.022521449463027921e+00 2.322025778655121067e-02
4.088981713757527814e+03 9.860497419007256958e-01 2.162337082923888529e-02
4.093070695471286854e+03 9.664875793687888184e-01 1.979450356357630864e-02
4.097163766166759160e+03 9.539521936500348076e-01 1.967826429808255603e-02
4.101260929932927866e+03 9.559837730928412158e-01 1.933619544772105167e-02
4.105362190862862008e+03 9.764133331558948470e-01 2.051097318074656881e-02
4.109467553053726078e+03 9.871494714380937285e-01 2.041321799818547264e-02
4.113577020606780934e+03 1.008012545071818922e+00 1.961281735894992301e-02
4.117690597627389252e+03 1.033874645932760350e+00 1.941372379291812084e-02
4.121808288225018259e+03 1.067766592286759630e+00 1.535824552238339823e-02
4.125930096513244280e+03 1.083713519439787998e+00 1.461546494906332608e-02
4.130056026609759101e+03 1.070026838148198101e+00 1.547910267286662679e-02
4.134186082636369974e+03 1.046044613141905444e+00 1.418005804209150969e-02
4.138320268719007800e+03 1.028220990384431488e+00 1.245691830114643156e-02
4.142458588987728035e+03 1.015624509822236954e+00 1.255244454152232639e-02
4.146601047576717065e+03 1.000296869293961111e+00 1.285257603296688714e-02
4.150747648624294925e+03 9.969644446078373967e-01 1.295188278395453980e-02
4.154898396272920763e+03 1.002663540069022030e+00 1.303255648980074059e-02
4.159053294669195566e+03 9.994334215597645565e-01 1.291890898634057844e-02
4.163212347963865795e+03 9.949977959171064645e-01 1.272385002308323333e-02
4.167375560311830668e+03 9.900205032803587324e-01 1.236838430304079348e-02
4.171542935872143971e+03 9.931199071121195043e-01 1.215620677650028000e-02
4.175714478808017702e+03 9.979253778950835096e-01 1.196077400603428632e-02
4.179890193286827525e+03 1.006055348259618620e+00 1.189770440156254390e-02
4.184070083480115500e+03 1.010069541566743556e+00 1.277951255284185891e-02
4.188254153563597356e+03 1.017557983626071749e+00 1.332572691585720559e-02
4.192442407717161586e+03 1.023759992197846191e+00 1.314314440401172929e-02
4.196634850124880359e+03 1.030806676097198782e+00 1.302842114942920522e-02
4.200831484975006788e+03 1.050178390255127603e+00 1.328877340984368181e-02
4.205032316459983122e+03 1.056043668868108965e+00 1.299274780090657264e-02
4.209237348776444378e+03 1.057264294062528975e+00 1.279182178529620142e-02
4.213446586125221984e+03 1.051977898025625136e+00 1.265794920147069076e-02
4.217660032711349231e+03 1.060723307145998717e+00 1.209674361068393753e-02
4.221877692744061278e+03 1.064485907383832641e+00 1.207896084050651825e-02
4.226099570436806971e+03 1.059998192845341691e+00 1.154630194343483213e-02
4.230325670007245208e+03 1.063914062160104645e+00 1.258019794217754561e-02
4.234555995677254032e+03 1.067623532673624975e+00 1.260602580509907408e-02
4.238790551672932452e+03 1.066676684343959902e+00 1.248240060802152315e-02
4.243029342224606808e+03 1.069604025624116383e+00 1.259528768382772897e-02
4.247272371566832589e+03 1.061637588156566281e+00 1.322422584209671965e-02
4.251519643938400804e+03 1.057731107596498799e+00 1.315967493410636832e-02
4.255771163582340705e+03 1.056688297799537102e+00 1.353284806068161435e-02
4.260026934745924336e+03 1.071381586353369775e+00 1.418396828959235349e-02
4.264286961680671993e+03 1.074231952919248778e+00 1.369531969313069267e-02
4.268551248642354039e+03 1.081558564220058472e+00 1.420304763196772978e-02
4.272819799890998183e+03 1.084154097981729459e+00 1.345742456440230175e-02
4.277092619690890388e+03 1.075181819744641221e+00 1.336650559336726232e-02
4.281369712310583054e+03 1.063661916509884175e+00 1.385098159668635663e-02
4.285651082022895025e+03 1.044756452713310191e+00 1.498980132792095653e-02
4.289936733104918858e+03 1.034797661362144572e+00 1.526478318662048868e-02
4.294226669838025373e+03 1.017144309332492558e+00 1.566279889183232188e-02
4.298520896507864563e+03 1.001241695656954978e+00 1.564459295772781255e-02
4.302819417404373780e+03 9.937464032704835804e-01 1.550269529098565954e-02
4.307122236821779552e+03 9.935687944226740953e-01 1.648029735382595951e-02
4.311429359058603040e+03 9.967384465750580569e-01 1.751204022690986198e-02
4.315740788417662770e+03 9.971303114521170574e-01 1.626419203753606130e-02
4.320056529206081905e+03 9.823960959896805845e-01 1.664458296735684198e-02
4.324376585735290064e+03 9.824666811702604807e-01 1.546478342409403003e-02
4.328700962321026054e+03 9.600692905652143949e-01 1.674288633544917387e-02
4.333029663283348782e+03 9.445751798465072957e-01 1.639582135959836637e-02
4.337362692946633615e+03 9.297337864838385313e-01 1.509181835719602613e-02
4.341700055639581478e+03 9.199928500987184510e-01 1.484740598680370748e-02
4.346041755695222491e+03 9.249432691309481536e-01 1.464981600252877013e-02
4.350387797450919606e+03 9.530058647260960525e-01 1.633949876206818377e-02
4.354738185248371337e+03 9.813199949580785342e-01 1.630452636321501336e-02
4.359092923433621763e+03 1.004459196084231731e+00 1.562218658652521353e-02
4.363452016357056891e+03 1.024629119933872845e+00 1.532414055623839734e-02
4.367815468373414660e+03 1.044977863236189464e+00 1.540106195590732266e-02
4.372183283841789489e+03 1.058111815754796181e+00 1.566081188223438642e-02
4.376555467125633186e+03 1.071201178677233745e+00 1.545825844576144067e-02
4.380932022592760404e+03 1.060633714053440091e+00 1.384443571197981754e-02
4.385312954615354101e+03 1.056891550598930030e+00 1.360238432641681927e-02
4.389698267569970994e+03 1.051423227658257353e+00 1.331384216647063523e-02
4.394087965837542470e+03 1.056116108451829128e+00 1.298960345693449259e-02
4.398482053803381859e+03 1.059349919019012987e+00 1.275118779793558282e-02
4.402880535857186260e+03 1.050548982216380711e+00 1.252053868091086188e-02
4.407283416393044718e+03 1.049183572829430089e+00 1.213036442093856290e-02
4.411690699809440048e+03 1.046175444019181056e+00 1.182603898745681129e-02
4.416102390509250654e+03 1.041010014369771364e+00 1.175795630862356243e-02
4.420518492899761441e+03 1.042652009957916182e+00 1.180389675661598463e-02
4.424939011392662906e+03 1.046546086543248100e+00 1.253129595516950384e-02
4.429363950404056595e+03 1.044658065051651041e+00 1.185452362030000109e-02
4.433793314354462382e+03 1.053327479589616367e+00 1.150407163489506474e-02
4.438227107668818462e+03 1.051561348204180346e+00 1.189641677982483138e-02
4.442665334776488635e+03 1.050264429551043932e+00 1.185926899733344593e-02
4.447108000111265937e+03 1.047527062190999780e+00 1.169802666316758881e-02
4.451555108111379013e+03 1.048433396626009317e+00 1.189630363608887471e-02
4.456006663219492111e+03 1.049619977392499903e+00 1.152983640920905543e-02
4.460462669882713271e+03 1.056561543724638952e+00 1.167397476058636835e-02
4.464923132552597053e+03 1.060270458529894544e+00 1.152034840465159492e-02
4.469388055685150903e+03 1.064759025357786326e+00 1.149493920795358233e-02
4.473857443740837880e+03 1.064540539345660175e+00 1.160066671139205370e-02
4.478331301184580298e+03 1.074072935967629761e+00 1.155905721390339258e-02
4.482809632485766087e+03 1.080543777922351012e+00 1.188027507318072107e-02
4.487292442118253348e+03 1.091697303024220522e+00 1.225275276417154419e-02
4.491779734560373072e+03 1.104556040783622128e+00 1.230286771324085905e-02
4.496271514294934605e+03 1.110087980140975983e+00 1.239202267521483276e-02
4.500767785809231100e+03 1.102277662629630672e+00 1.248373082679261545e-02
4.505268553595042249e+03 1.098928909096864359e+00 1.248361644537299142e-02
4.509773822148638828e+03 1.102573822849544527e+00 1.227845008354872328e-02
4.514283595970789065e+03 1.095324548829632150e+00 1.172917816796176238e-02
4.518797879566761367e+03 1.100274074759012732e+00 1.109669074931607206e-02
4.523316677446328868e+03 1.085017507019398142e+00 1.140968316741679082e-02
4.527839994123776705e+03 1.088967369303525112e+00 1.124778565712436507e-02
4.532367834117902021e+03 1.079496967440517707e+00 1.078982954848752875e-02
4.536900201952022144e+03 1.065104321639397611e+00 1.098206827184007930e-02
4.541437102153975502e+03 1.065172587788288716e+00 1.100780010722549399e-02
4.545978539256130716e+03 1.083097647080156101e+00 1.228744008827893641e-02
4.550524517795388419e+03 1.087024145051985968e+00 1.222091234340001026e-02
4.555075042313184895e+03 1.100811795920750402e+00 1.161483734715788169e-02
4.559630117355500261e+03 1.108980686767500057e+00 1.172721864621152459e-02
4.564189747472856652e+03 1.115124059851185567e+00 1.183081949502171222e-02
4.568753937220330954e+03 1.112848965777945454e+00 1.151308741289166007e-02
4.573322691157552981e+03 1.112464931144880431e+00 1.091423887549131805e-02
4.577896013848711846e+03 1.108191304366583196e+00 1.075984308702838954e-02
4.582473909862562323e+03 1.100138795726390173e+00 1.129504676719197270e-02
4.587056383772426670e+03 1.087705114713701571e+00 1.110795926511966465e-02
4.591643440156200086e+03 1.077614265819897721e+00 1.086577616051806125e-02
4.596235083596357981e+03 1.080106290557629078e+00 1.103370914702196497e-02
4.600831318679955984e+03 1.078704386115989511e+00 1.109640812105595724e-02
4.605432149998637215e+03 1.083272422331220897e+00 1.108345355897398174e-02
4.610037582148637739e+03 1.088864765639418586e+00 1.119457494199765056e-02
4.614647619730787483e+03 1.107094082874395147e+00 1.067860775043108848e-02
4.619262267350520233e+03 1.111244893561844638e+00 1.064577468013152423e-02
4.623881529617872729e+03 1.104220235088109181e+00 1.043407231947229320e-02
4.628505411147491941e+03 1.097336761660566484e+00 1.061869955908278235e-02
4.633133916558640522e+03 1.099567282820049785e+00 1.042199028402529364e-02
4.637767050475200449e+03 1.093766694291087083e+00 1.042667167717347201e-02
4.642404817525677572e+03 1.078891476985166298e+00 1.067431327979574338e-02
4.647047222343205249e+03 1.062688659487167842e+00 1.050698069893005876e-02
4.651694269565549803e+03 1.049529994483256123e+00 1.065174565005244482e-02
4.656345963835116891e+03 1.038773250676822135e+00 1.061806562304223531e-02
4.661002309798953320e+03 1.034962560251267760e+00 1.082353948936666359e-02
4.665663312108753416e+03 1.032089130739924032e+00 1.079216307772355027e-02
4.670328975420864481e+03 1.031716452720197630e+00 1.073922689437233936e-02
4.674999304396286789e+03 1.035885107471304689e+00 1.133337116197756164e-02
4.679674303700684504e+03 1.035210442542138676e+00 1.096834754171643195e-02
4.684353978004386590e+03 1.030206384762039518e+00 1.124232385226543902e-02
4.689038331982392265e+03 1.034868189963719987e+00 1.106830893399837062e-02
4.693727370314376458e+03 1.036951139579962433e+00 1.087559548933601447e-02
4.698421097684692540e+03 1.043738217241935606e+00 1.143231492465855703e-02
4.703119518782378691e+03 1.054416423481703946e+00 1.088586359064916062e-02
4.707822638301162442e+03 1.051413718130860708e+00 1.079325078363039224e-02
4.712530460939465229e+03 1.050077632078496581e+00 1.043582334096751670e-02
4.717242991400406027e+03 1.046115554820995719e+00 1.073063146940496891e-02
4.721960234391808626e+03 1.046720930650085757e+00 1.062621140981834765e-02
4.726682194626201635e+03 1.065900918039367706e+00 1.085344844944838814e-02
4.731408876820829391e+03 1.067177415350545555e+00 1.108950941880706628e-02
4.736140285697651962e+03 1.068294769946960043e+00 1.160946236239613141e-02
4.740876425983350600e+03 1.067326347412095977e+00 1.132353054875445686e-02
4.745617302409335934e+03 1.067222045936461416e+00 1.118604287059789607e-02
4.750362919711747054e+03 1.066378989903651320e+00 1.118985103124239475e-02
4.755113282631459697e+03 1.065709951359417040e+00 1.113231348773926349e-02
4.759868395914093526e+03 1.064455219234526462e+00 1.112609710737847389e-02
4.764628264310008490e+03 1.078240887150999194e+00 1.105140378907802819e-02
4.769392892574320285e+03 1.083871209614844178e+00 1.097312328508970140e-02
4.774162285466896719e+03 1.080839016051996726e+00 1.135270179854411428e-02
4.778936447752364984e+03 1.088006854082436359e+00 1.116850615055537017e-02
4.783715384200118933e+03 1.096033291398233800e+00 1.148904403426202932e-02
4.788499099584319993e+03 1.101329517362662269e+00 1.148865848273587960e-02
4.793287598683906253e+03 1.108169838209683844e+00 1.096843237923537766e-02
4.798080886282591564e+03 1.110322735724592835e+00 1.065112689395509085e-02
4.802878967168876443e+03 1.116450741414844794e+00 1.059305672648981796e-02
4.807681846136046261e+03 1.115142744630802651e+00 1.039994895461983371e-02
4.812489527982183972e+03 1.117847837474090777e+00 1.046598921598800719e-02
4.817302017510168298e+03 1.117290852287031955e+00 1.032677100889958441e-02
4.822119319527679181e+03 1.112791637032545911e+00 9.641082904931151318e-03
4.826941438847208701e+03 1.111408238814899807e+00 1.367047065202955762e-02
4.831768380286057436e+03 1.092155705590140968e+00 1.395923964710316621e-02
4.836600148666345376e+03 1.082188188678532503e+00 1.328906920604940034e-02
4.841436748815013743e+03 1.053066180704872012e+00 1.379701680297849842e-02
4.846278185563829538e+03 1.014008001448342577e+00 9.840266701559836557e-03
4.851124463749395545e+03 1.003590320399756486e+00 1.023134121876744483e-02
4.855975588213146693e+03 1.015051590552905836e+00 1.089388158708077571e-02
4.860831563801360971e+03 1.006986948745091981e+00 1.124769575899594275e-02
4.865692395365163975e+03 9.973981073748341419e-01 1.173277979050755399e-02
4.870558087760530725e+03 9.865100198302727552e-01 1.095688853571363114e-02
4.875428645848292945e+03 9.856553710612467878e-01 1.058887206847328871e-02
4.880304074494142696e+03 9.970799438968962480e-01 9.675930682762581836e-03
4.885184378568638749e+03 1.032743029849312544e+00 8.716309149049673854e-03
4.890069562947209306e+03 1.048727313037387088e+00 8.792404386817300604e-03
4.894959632510157462e+03 1.057365051424791869e+00 1.052934103083421648e-02
4.899854592142669389e+03 1.066224936056944683e+00 1.033130454390296209e-02
4.904754446734813428e+03 1.075906662660820023e+00 9.933058845486236396e-03
4.909659201181550088e+03 1.073063129361546686e+00 9.852975956672225741e-03
4.914568860382732964e+03 1.061930560933046941e+00 1.084253199493532757e-02
4.919483429243117826e+03 1.063273365431822270e+00 1.108254733030629435e-02
4.924402912672362618e+03 1.064484077985136334e+00 8.432537869527951743e-03
4.929327315585036558e+03 1.067194415653091699e+00 8.505852395309319511e-03
4.934256642900622865e+03 1.066309732143864597e+00 8.479371171490324849e-03
4.939190899543525120e+03 1.071008798650143090e+00 8.637946994539610901e-03
4.944130090443070912e+03 1.078702659459853219e+00 8.913711084310152119e-03
4.949074220533515472e+03 1.085845402056803577e+00 8.732720698985717636e-03
4.954023294754050767e+03 1.089231716826356777e+00 8.837104277025881541e-03
4.958977318048806410e+03 1.089505624910744652e+00 7.996765179083490521e-03
4.963936295366856939e+03 1.069817152271798300e+00 9.269278470236503101e-03
4.968900231662225451e+03 1.051635346104318858e+00 1.072034064973355523e-02
4.973869131893889062e+03 1.038938241209385049e+00 1.078853391598491238e-02
4.978843001025784361e+03 1.034364669242848089e+00 1.046697249199531402e-02
4.983821844026811959e+03 1.040162783189947149e+00 1.182565661582453236e-02
4.988805665870840130e+03 1.044483734326841384e+00 1.206852570531212650e-02
4.993794471536712990e+03 1.057377300590567781e+00 1.211010131642341163e-02
4.998788266008251412e+03 1.066047911007952154e+00 1.159514963688385199e-02
5.003787054274261209e+03 1.066322880590957256e+00 1.140329439076054156e-02
5.008790841328536771e+03 1.065441285959124462e+00 1.157759365453301173e-02
5.013799632169867436e+03 1.060368357544859697e+00 1.153589644823108801e-02
5.018813431802038394e+03 1.054065079222500367e+00 1.137784514916921445e-02
5.023832245233842514e+03 1.045983008671812042e+00 1.120999593503423097e-02
5.028856077479077612e+03 1.032043048553734854e+00 9.874439995384358751e-03
5.033884933556558281e+03 1.020859548570067332e+00 9.332555721168067295e-03
5.038918818490116792e+03 1.018572935157816328e+00 9.570163598970006860e-03
5.043957737308608557e+03 1.016182273010244108e+00 9.910179907914517736e-03
5.049001695045918495e+03 1.022764655228139308e+00 9.101946316328834302e-03
5.054050696740966487e+03 1.034883581511533812e+00 8.323945408622203043e-03
5.059104747437709193e+03 1.038461068101340423e+00 8.581530410704843806e-03
5.064163852185148244e+03 1.034844537669158182e+00 8.484437173104510815e-03
5.069228016037335692e+03 1.037391183111664228e+00 8.480558654786401335e-03
5.074297244053374015e+03 1.034128716415477545e+00 8.027556929428206201e-03
5.079371541297429758e+03 1.036850155554977393e+00 7.359045866078680817e-03
5.084450912838728073e+03 1.031766155270801733e+00 7.315062227813038179e-03
5.089535363751569093e+03 1.032978381840412796e+00 7.562649589934264047e-03
5.094624899115322478e+03 1.028679145709396892e+00 7.773600284857648188e-03
5.099719524014439230e+03 1.028219610564945929e+00 7.463696130164808318e-03
5.104819243538455339e+03 1.025994915348841019e+00 7.524887526875486884e-03
5.109924062781995417e+03 1.022230065515569386e+00 7.484800299224464437e-03
5.115033986844779065e+03 1.014456762473403550e+00 8.066140062217978454e-03
5.120149020831625421e+03 1.008678782416883690e+00 8.352487551365814569e-03
5.125269169852458617e+03 1.018857475333911689e+00 9.708179185495732430e-03
5.130394439022313236e+03 1.030575671203898258e+00 1.029593394873389370e-02
5.135524833461337039e+03 1.035225107765644026e+00 1.018506890137578155e-02
5.140660358294800062e+03 1.041136273982194993e+00 1.002324903079143507e-02
5.145801018653096435e+03 1.034166305447181688e+00 1.011017491217533308e-02
5.150946819671751655e+03 1.025874326782043600e+00 1.016546239510790137e-02
5.156097766491425318e+03 1.011051810582330290e+00 1.081503673536133789e-02
5.161253864257918394e+03 9.934606419169843550e-01 1.053100508881133802e-02
5.166415118122177773e+03 9.767737770716092838e-01 1.060244303648441230e-02
5.171581533240301724e+03 9.675684182297493718e-01 1.042699317818832766e-02
5.176753114773543530e+03 9.624212490330019687e-01 1.007299195454780874e-02
5.181929867888318768e+03 9.617690796614213333e-01 1.032666105387533215e-02
5.187111797756208944e+03 9.719538569290040453e-01 1.083394658051558580e-02
5.192298909553966951e+03 9.803936106439878895e-01 1.061406111398137224e-02
5.197491208463522526e+03 9.912568791034576110e-01 9.682208153824685068e-03
5.202688699671987706e+03 1.001086344627311275e+00 9.524103231380578669e-03
5.207891388371661378e+03 1.008923638830104608e+00 9.511273548849822138e-03
5.213099279760034733e+03 1.003199735797946079e+00 9.113851096382456773e-03
5.218312379039796724e+03 1.003541514470016605e+00 8.668894047154863253e-03
5.223530691418837705e+03 1.008994948766892108e+00 7.931240537168211813e-03
5.228754222110258524e+03 1.011591634183403476e+00 7.974032867120509765e-03
5.233982976332370527e+03 1.010471551269771950e+00 8.228327886384396994e-03
5.239216959308704645e+03 1.007829086271478491e+00 8.181046922462723373e-03
5.244456176268015042e+03 1.005258748417837245e+00 8.345577778246944176e-03
5.249700632444284565e+03 1.011451800167468384e+00 7.794259195643461931e-03
5.254950333076731113e+03 1.009939921778158611e+00 7.859680796971002179e-03
5.260205283409809454e+03 1.009678722788692751e+00 8.219008647373630266e-03
5.265465488693221232e+03 1.007534860894417017e+00 7.760237906919657119e-03
5.270730954181915877e+03 1.012552626518133270e+00 7.647309027892150099e-03
5.276001685136099695e+03 1.024421496160382583e+00 8.437621124105863790e-03
5.281277686821237694e+03 1.041922899052077467e+00 9.453696010108314507e-03
5.286558964508059944e+03 1.055690022096397618e+00 9.027074008674638647e-03
5.291845523472569766e+03 1.060204918054167500e+00 9.329212861240285606e-03
5.297137368996044643e+03 1.064230085107809698e+00 9.447181392496398905e-03
5.302434506365042580e+03 1.066427343136530759e+00 9.537878763673844282e-03
5.307736940871409388e+03 1.065296215465708407e+00 9.625944154408249201e-03
5.313044677812282316e+03 1.053209405570715962e+00 9.012343145667249880e-03
5.318357722490096421e+03 1.044651065368027210e+00 8.963790808550250316e-03
5.323676080212588204e+03 1.037706932656603076e+00 8.880650650764338599e-03
5.328999756292802886e+03 1.033168982716155870e+00 8.912299525363620925e-03
5.334328756049097137e+03 1.035143998217441297e+00 9.425503259365005174e-03
5.339663084805148173e+03 1.036199188071744715e+00 9.289080879918119177e-03
5.345002747889954662e+03 1.038943852911359267e+00 9.157347685794941378e-03
5.350347750637846730e+03 1.046967206445098553e+00 8.635285899015241948e-03
5.355698098388485960e+03 1.061889079458911533e+00 8.765668233152740935e-03
5.361053796486876308e+03 1.062540085785657062e+00 8.684541853725136207e-03
5.366414850283365013e+03 1.060583849335389850e+00 8.884728905796158288e-03
5.371781265133649867e+03 1.054861849607487301e+00 8.533857068262229797e-03
5.377153046398785591e+03 1.051726054807051058e+00 8.492900182234842943e-03
5.382530199445186554e+03 1.045450782218306562e+00 8.440971896773150768e-03
5.387912729644633146e+03 1.040630700836082445e+00 8.461527325411003636e-03
5.393300642374279960e+03 1.026838046963922224e+00 7.423275916317400441e-03
5.398693943016655794e+03 1.019101356434546579e+00 7.209634160572914695e-03
5.404092636959673655e+03 1.011420836845007276e+00 7.121143054957406598e-03
5.409496729596635305e+03 1.011760519346484699e+00 7.361202945489484298e-03
5.414906226326233991e+03 1.006800743780053464e+00 7.484387345399511407e-03
5.420321132552561721e+03 1.006847075892054244e+00 7.497071794107378062e-03
5.425741453685116539e+03 1.013301573671372413e+00 7.514735962440764923e-03
5.431167195138803436e+03 1.021239347320275437e+00 8.196112856356694079e-03
5.436598362333943442e+03 1.024838227467252727e+00 8.032796713749523060e-03
5.442034960696279086e+03 1.023581321693600721e+00 7.470258665368368495e-03
5.447476995656978033e+03 1.016095705157366913e+00 7.885900483182805773e-03
5.452924472652636723e+03 1.010461439136646655e+00 7.913441710852115243e-03
5.458377397125291282e+03 1.006727196764049426e+00 7.936269730903446409e-03
5.463835774522417523e+03 1.007618147934413511e+00 8.051563453083235289e-03
5.469299610296941864e+03 1.001838599768607452e+00 7.730839391055985971e-03
5.474768909907241323e+03 1.004092621917576977e+00 7.672047486794097634e-03
5.480243678817149885e+03 1.007344518442500947e+00 7.866439479952797367e-03
5.485723922495968509e+03 1.006266464662512572e+00 7.763971246615863735e-03
5.491209646418466946e+03 1.011444697211835830e+00 7.743776201137183256e-03
5.496700856064887375e+03 1.014834563839558168e+00 7.975848639159373657e-03
5.502197556920953502e+03 1.017416101767809167e+00 8.247725221894023143e-03
5.507699754477876013e+03 1.021213211718612568e+00 8.469266294861908795e-03
5.513207454232356213e+03 1.031117789073066948e+00 8.468212589650369465e-03
5.518720661686590574e+03 1.027241940810513787e+00 7.789694356222583334e-03
5.524239382348278923e+03 1.027967877781498895e+00 7.602398096744673699e-03
5.529763621730628984e+03 1.029035629033952848e+00 7.513261729448101126e-03
5.535293385352360929e+03 1.035231932825098511e+00 7.298800029658749668e-03
5.540828678737715563e+03 1.042697173777136443e+00 7.153882275967733337e-03
5.546369507416455235e+03 1.051450370533111300e+00 7.333488200001565642e-03
5.551915876923872929e+03 1.045337286142278055e+00 7.553866856852622935e-03
5.557467792800798634e+03 1.042734916181536464e+00 7.555820168694165825e-03
5.563025260593602070e+03 1.032657271629781048e+00 7.614117896900350103e-03
5.568588285854197238e+03 1.023379591701655045e+00 7.908347508897201755e-03
5.574156874140053333e+03 1.012531890151859626e+00 7.484709201610901565e-03
5.579731031014194741e+03 1.007687865900695590e+00 7.820658028390929661e-03
5.585310762045211050e+03 1.003284627635173898e+00 7.679360068542345069e-03
5.590896072807257951e+03 9.978439224935370389e-01 7.482820442310863553e-03
5.596486968880067252e+03 9.975038545246792676e-01 7.228195280991056570e-03
5.602083455848949598e+03 9.934588100108997510e-01 7.640675889286574485e-03
5.607685539304799931e+03 9.938299508607298938e-01 7.283100589359515001e-03
5.613293224844106589e+03 9.962638955158215071e-01 7.268448456235849717e-03
5.618906518068952209e+03 1.001813042203652415e+00 7.510331309013017730e-03
5.624525424587023736e+03 1.003946967258078082e+00 7.575984927856585852e-03
5.630149950011612418e+03 1.004937976793127463e+00 7.727063022843635998e-03
5.635780099961625638e+03 1.007106210920651224e+00 7.533034061693070008e-03
5.641415880061589633e+03 1.007615850181170059e+00 7.439981178476801939e-03
5.647057295941652228e+03 1.004417577784672444e+00 7.633195058273339016e-03
5.652704353237596479e+03 1.011969593741369522e+00 7.346877114971407316e-03
5.658357057590835211e+03 1.017739900121127583e+00 7.711887895040106002e-03
5.664015414648428305e+03 1.025165594336567620e+00 7.790660026139690705e-03
5.669679430063079053e+03 1.018468213244699605e+00 8.403590271309612642e-03
5.675349109493143260e+03 1.011391030817188508e+00 8.838090610936480060e-03
5.681024458602638333e+03 1.004726840686392286e+00 8.624272152935765282e-03
5.686705483061243285e+03 1.009473601573016577e+00 8.724046905917531153e-03
5.692392188544306009e+03 1.009065083110570082e+00 8.741360347557448202e-03
5.698084580732852373e+03 1.011912631612678526e+00 9.357829016038704886e-03
5.703782665313587131e+03 1.012802051164792605e+00 9.749066080851184063e-03
5.709486447978903016e+03 1.009829747435396552e+00 9.879658168865481857e-03
5.715195934426883468e+03 1.007528223345512286e+00 9.534889653499694848e-03
5.720911130361312644e+03 1.013062178235373256e+00 9.485868386800563531e-03
5.726632041491675409e+03 1.021899626731705091e+00 9.421822265923833137e-03
5.732358673533169167e+03 1.024524055585323001e+00 9.410374268485784816e-03
5.738091032206703858e+03 1.026908757105394532e+00 9.291853930496602604e-03
5.743829123238912871e+03 1.030102177368583671e+00 9.346756365504778688e-03
5.749572952362153046e+03 1.036501224873228155e+00 9.542515819010758196e-03
5.755322525314517407e+03 1.034039276504609361e+00 9.400599025449757687e-03
5.761077847839834249e+03 1.033142825464658410e+00 9.295709817832445085e-03
5.766838925687675328e+03 1.043268955948177368e+00 8.856945512496274334e-03
5.772605764613364954e+03 1.052401490771946113e+00 8.438140383126502969e-03
5.778378370377980900e+03 1.048379500766286165e+00 8.379475867682697338e-03
5.784156748748360769e+03 1.050132990809590439e+00 8.489298772309019844e-03
5.789940905497111089e+03 1.040964592626110630e+00 8.833740537205163681e-03
5.795730846402610041e+03 1.039648553948103737e+00 8.717453894970632333e-03
5.801526577249013826e+03 1.040276073272343504e+00 8.603378138889465968e-03
5.807328103826264851e+03 1.047497687690619683e+00 8.739335293032359647e-03
5.813135431930093546e+03 1.050650605415898164e+00 8.140164407295846435e-03
5.818948567362025642e+03 1.053992440093127092e+00 7.665729913149636233e-03
5.824767515929389447e+03 1.056628471465509644e+00 7.957409188080263526e-03
5.830592283445320390e+03 1.050689420202806978e+00 9.576042635200218700e-03
5.836422875728768304e+03 1.056734966680925591e+00 1.005186006951182785e-02
5.842259298604498326e+03 1.070927293457963003e+00 1.352555180752088894e-02
5.848101557903105459e+03 1.077880847611352388e+00 1.474578904577257543e-02
5.853949659461010015e+03 1.060323863661556620e+00 1.443709356586216595e-02
5.859803609120473084e+03 1.024296461171575023e+00 1.559361023816476996e-02
5.865663412729595620e+03 9.824291087948605616e-01 1.688254659311649863e-02
5.871529076142326630e+03 9.385908396158421096e-01 1.795414049110953189e-02
5.877400605218471355e+03 9.101577536913250110e-01 1.799131171411522817e-02
5.883278005823691274e+03 8.901690706338170056e-01 1.747195888812192593e-02
5.889161283829516833e+03 8.840178310750226309e-01 1.752666315771190392e-02
5.895050445113348360e+03 8.940815606317082942e-01 1.769570486646364349e-02
5.900945495558464245e+03 9.076370222169609647e-01 1.814142083717592419e-02
5.906846441054024581e+03 9.352992980652822252e-01 1.892754930119778037e-02
5.912753287495080258e+03 9.596406645416193371e-01 1.847551829419074795e-02
5.918666040782577511e+03 9.862308209203582976e-01 1.742727376345547252e-02
5.924584706823361557e+03 1.008872986920911430e+00 1.697117159703074793e-02
5.930509291530187511e+03 1.020705214818902640e+00 1.711269099038470812e-02
5.936439800821719473e+03 1.020906067033910736e+00 1.718258451076669358e-02
5.942376240622543264e+03 9.989699932727104104e-01 1.221342569361763032e-02
5.948318616863167335e+03 9.844499388306432452e-01 9.421707229093042799e-03
5.954266935480032771e+03 9.938147504238175056e-01 9.884699109915800683e-03
5.960221202415515108e+03 1.008307719746980080e+00 8.515273176605480526e-03
5.966181423617932523e+03 1.016414462635653493e+00 8.231052960472091604e-03
5.972147605041552197e+03 1.026096736650195407e+00 8.095367728433533125e-03
5.978119752646595771e+03 1.025387406684679981e+00 8.206548587431382324e-03
5.984097872399243897e+03 1.019668669351781132e+00 8.160702085244156065e-03
5.990081970271645332e+03 1.004962605837365519e+00 7.923143832340688239e-03
5.996072052241918755e+03 9.928264698417491596e-01 7.873300671658086530e-03
6.002068124294162772e+03 9.854782462199229709e-01 7.951881963496828382e-03
6.008070192418459555e+03 9.751653731501953581e-01 7.095426777487837296e-03
6.014078262610879392e+03 9.787579537752002512e-01 7.433351786222735721e-03
6.020092340873492503e+03 9.895091820981735120e-01 7.369994054674851823e-03
6.026112433214368139e+03 9.992904993637551359e-01 7.535400196093741329e-03
6.032138545647584579e+03 1.008653061947066831e+00 7.516017131794840503e-03
6.038170684193233683e+03 1.016247008766532289e+00 7.903446354412407143e-03
6.044208854877429076e+03 1.017999286772257150e+00 8.240558878165254314e-03
6.050253063732308874e+03 1.022850489324276246e+00 8.334379990644090463e-03
6.056303316796042964e+03 1.025244500254826052e+00 8.304902225881646144e-03
6.062359620112841185e+03 1.018671328069326254e+00 8.537919523083846787e-03
6.068421979732956061e+03 1.016854042558330562e+00 8.341922985862440174e-03
6.074490401712690982e+03 1.011954098600926555e+00 7.792303088912992844e-03
6.080564892114405666e+03 1.008229230241462604e+00 8.055046607408277923e-03
6.086645457006521610e+03 1.001996549487550237e+00 7.946939938828034497e-03
6.092732102463530282e+03 9.958837965156899230e-01 7.890647936502634754e-03
6.098824834565995843e+03 9.906363201929776485e-01 8.352632156982646092e-03
6.104923659400564247e+03 9.896705329902406589e-01 8.593857334516700683e-03
6.111028583059966877e+03 9.888903749335844484e-01 8.678184264827911581e-03
6.117139611643028729e+03 9.880466784249196666e-01 8.765906122587038135e-03
6.123256751254673873e+03 9.910564144075149073e-01 9.130805991769352925e-03
6.129380008005929994e+03 9.814548340087146938e-01 8.972326018681338680e-03
6.135509388013938405e+03 9.746732387878659365e-01 8.999912079823408836e-03
6.141644897401954040e+03 9.746687196718654134e-01 8.728806991449584302e-03
6.147786542299358189e+03 9.671277457529990906e-01 8.857118312247898306e-03
6.153934328841659408e+03 9.618635137962124881e-01 8.971398145040230046e-03
6.160088263170503524e+03 9.500948637089514648e-01 8.371002884414073877e-03
6.166248351433675452e+03 9.476974276977802036e-01 8.304313189484470448e-03
6.172414599785111022e+03 9.467546522037674217e-01 8.401384995639507927e-03
6.178587014384898794e+03 9.421103077339237908e-01 7.998532198679996971e-03
6.184765601399285515e+03 9.465614167467555351e-01 8.375231215088612194e-03
6.190950367000687038e+03 9.473806705888245805e-01 8.252253198494107628e-03
6.197141317367689226e+03 9.552841092582019522e-01 8.012267766097607227e-03
6.203338458685059777e+03 9.541087742756557688e-01 7.767327078402433069e-03
6.209541797143746408e+03 9.471932577562932609e-01 7.983190796675847939e-03
6.215751338940892310e+03 9.380366182901239691e-01 8.082163043027461649e-03
6.221967090279835247e+03 9.260504813615997310e-01 7.347109881297356378e-03
6.228189057370116643e+03 9.117570390713659600e-01 7.488254826352493988e-03
6.234417246427488863e+03 9.081311865965933094e-01 7.847846981096539415e-03
6.240651663673918847e+03 9.106839086392186644e-01 8.190129543058543432e-03
6.246892315337594482e+03 8.992836031975829370e-01 8.238331544443037308e-03
6.253139207652934601e+03 8.971762580245244978e-01 8.288563628021897167e-03
6.259392346860589896e+03 9.044358195276684942e-01 8.167326751907986321e-03
6.265651739207452010e+03 9.151863456516664552e-01 8.202943756338816964e-03
6.271917390946661726e+03 9.244470085238517543e-01 8.118958988770011084e-03
6.278189308337610782e+03 9.315953571743331718e-01 8.042156031687078266e-03
6.284467497645950061e+03 9.438666624773168756e-01 8.047361545760609719e-03
6.290751965143597772e+03 9.490550460652360520e-01 8.057521806524369640e-03
6.297042717108744000e+03 9.478122953744386736e-01 8.167690381686054310e-03
6.303339759825854344e+03 9.453248158567402193e-01 8.196853664829641464e-03
6.309643099585682648e+03 9.393346362175466480e-01 8.120356313987548216e-03
6.315952742685270096e+03 9.328917060225235813e-01 8.166399092964637257e-03
6.322268695427957937e+03 9.194584244099625048e-01 8.399109728901713381e-03
6.328590964123387494e+03 9.112465530566995486e-01 8.407805837058700965e-03
6.334919555087512890e+03 9.057579332014469298e-01 8.292185644499516783e-03
6.341254474642602872e+03 9.072790324212136603e-01 8.161328595074551079e-03
6.347595729117247174e+03 9.129537135034048179e-01 8.152559315830608389e-03
6.353943324846366522e+03 9.246073622839952044e-01 8.122041917650089579e-03
6.360297268171215364e+03 9.374401893602375413e-01 7.473993652093957780e-03
6.366657565439388236e+03 9.435933327334141696e-01 7.053927794582881897e-03
6.373024223004829764e+03 9.511651652752298736e-01 6.980210679146702131e-03
6.379397247227837397e+03 9.583311666662158723e-01 7.079859667320332652e-03
6.385776644475066860e+03 9.631155805202125109e-01 6.950723201634295863e-03
6.392162421119543978e+03 9.595165235181400964e-01 7.205742507460442814e-03
6.398554583540665590e+03 9.533252203602896602e-01 7.407403329221561375e-03
6.404953138124208635e+03 9.555059935859849807e-01 7.250740620966446108e-03
6.411358091262334710e+03 9.593559786110487098e-01 7.253040704529320828e-03
6.417769449353599157e+03 9.656566168250426685e-01 7.481467719497515712e-03
6.424187218802954703e+03 9.745630306040928836e-01 7.366565362734439106e-03
6.430611406021760558e+03 9.801092862012280582e-01 7.512321950193784521e-03
6.437042017427784231e+03 9.901454015208041026e-01 6.967754248491225474e-03
6.443479059445214261e+03 9.939078131721219567e-01 6.942462639896398828e-03
6.449922538504661134e+03 9.938758162548034791e-01 7.431767269011889734e-03
6.456372461043168187e+03 9.895299868296252299e-01 7.377261451666125049e-03
6.462828833504213435e+03 9.858895336701278822e-01 7.318056087258819828e-03
6.469291662337719572e+03 9.807459447840535249e-01 7.648904543641416379e-03
6.475760954000059428e+03 9.787362569779670673e-01 7.850622245998452320e-03
6.482236714954061426e+03 9.790986210668831680e-01 7.761962917418292231e-03
6.488718951669017770e+03 9.798566790900983259e-01 7.941646457491367828e-03
6.495207670620688987e+03 9.883421543971701029e-01 8.566254495605234512e-03
6.501702878291312118e+03 1.004033754555877067e+00 1.200914289167031787e-02
6.508204581169605262e+03 9.752348972298664487e-01 1.954165337724419679e-02
6.514712785750777584e+03 9.764583014810972461e-01 2.019904850245102593e-02
6.521227498536530220e+03 1.015396039919831184e+00 1.037522176679438538e-02
6.527748726035069012e+03 1.010943455863536844e+00 1.113722335341870914e-02
6.534276474761106329e+03 9.839949116897414028e-01 2.368651446692358539e-02
6.540810751235869247e+03 9.771439586606284200e-01 2.864724868366939209e-02
6.547351561987107743e+03 1.098249454494133026e+00 3.677261564165516805e-02
6.553898913549096505e+03 1.214752685355081185e+00 3.954986727114965378e-02
6.560452812462647671e+03 1.246037693955053038e+00 4.463947014876158692e-02
6.567013265275112644e+03 1.259466149494428588e+00 4.487064396174406805e-02
6.573580278540390282e+03 1.264732130304825564e+00 4.547773133579798704e-02
6.580153858818932349e+03 1.226861731742874495e+00 4.555515315979023067e-02
6.586734012677753526e+03 1.173007417955344467e+00 4.577422272690549049e-02
6.593320746690433225e+03 1.165815157565478044e+00 3.839617994467183631e-02
6.599914067437126505e+03 1.054633015266605689e+00 2.705782752323819887e-02
6.606513981504565891e+03 9.654039015263522483e-01 2.387059946996936480e-02
6.613120495486072286e+03 9.699523213418824730e-01 1.949873435780422742e-02
6.619733615981560433e+03 9.816846272514727634e-01 9.735911306860352971e-03
6.626353349597544366e+03 9.644048138226399836e-01 8.557522676264096503e-03
6.632979702947143778e+03 9.387786343189421512e-01 1.739933946276147475e-02
6.639612682650093120e+03 9.410011372543414243e-01 1.672135144589298114e-02
6.646252295332745234e+03 9.640966564895646629e-01 1.206520752141091932e-02
6.652898547628080451e+03 9.638819227058692540e-01 8.828648953221676643e-03
6.659551446175711135e+03 9.473849223907081507e-01 9.418072397473269131e-03
6.666210997621888964e+03 9.472346091751857600e-01 9.378197706030077727e-03
6.672877208619513112e+03 9.443965778417822143e-01 9.428940018424623176e-03
6.679550085828134797e+03 9.481495450376618006e-01 9.772600939571041839e-03
6.686229635913964557e+03 9.580080448328590625e-01 9.031510405951898371e-03
6.692915865549881346e+03 9.831808699025822440e-01 1.021387079887204480e-02
6.699608781415433441e+03 1.008834315770700263e+00 1.132681005186635982e-02
6.706308390196851178e+03 1.029517704843129655e+00 1.140723625550074845e-02
6.713014698587049679e+03 1.044643107680920391e+00 1.095190758222557362e-02
6.719727713285638856e+03 1.046948898167394448e+00 1.097355205815453948e-02
6.726447440998927050e+03 1.034555435874082940e+00 1.194438994095808199e-02
6.733173888439928305e+03 1.018340619856413998e+00 1.216811526370882579e-02
6.739907062328370557e+03 9.879207020103181192e-01 1.175338683261925761e-02
6.746646969390701088e+03 9.637058645369909193e-01 1.177121714752398657e-02
6.753393616360093802e+03 9.349195391201670091e-01 1.135678126368894550e-02
6.760147009976456502e+03 9.111760573128270257e-01 1.048547773272840745e-02
6.766907156986434529e+03 9.036877175875571711e-01 1.100602521548889844e-02
6.773674064143423493e+03 9.007960268089276745e-01 1.109931555747132974e-02
6.780447738207569273e+03 9.098024392104218094e-01 9.100277792778797836e-03
6.787228185945778932e+03 9.102843990702605970e-01 9.027796374243335364e-03
6.794015414131727084e+03 9.205480862761056260e-01 8.158950695577550302e-03
6.800809429545861349e+03 9.238751196513862451e-01 8.069984054262655665e-03
6.807610238975408720e+03 9.227660767903472783e-01 7.886060907740978163e-03
6.814417849214386479e+03 9.155303590218566434e-01 7.402778818243945305e-03
6.821232267063603103e+03 9.098430797798514602e-01 7.599994508671723339e-03
6.828053499330669183e+03 9.077211262156570371e-01 7.665262675223545423e-03
6.834881552830001965e+03 9.047728967014618817e-01 7.484725629933981945e-03
6.841716434382834450e+03 8.937764673778106905e-01 8.173112431387970223e-03
6.848558150817219939e+03 8.862281921649455274e-01 8.940477986294348769e-03
6.855406708968039311e+03 8.831264300851141558e-01 8.691566912548487692e-03
6.862262115677009206e+03 8.893901881460608561e-01 8.519925229755951485e-03
6.869124377792688392e+03 8.943544528597409116e-01 8.669870987705437931e-03
6.875993502170483225e+03 9.033308610556040064e-01 8.921432403038295419e-03
6.882869495672656740e+03 9.075076734732226980e-01 8.804456783376700749e-03
6.889752365168331380e+03 9.158251009452640368e-01 8.921198782391353069e-03
6.896642117533501732e+03 9.276015493964858694e-01 8.138989753448839029e-03
6.903538759651037253e+03 9.316434947166242209e-01 7.980569340052819094e-03
6.910442298410691365e+03 9.271908439399170199e-01 8.342605993616322366e-03
6.917352740709104182e+03 9.273179740234643864e-01 8.225261963386937270e-03
6.924270093449815249e+03 9.174852171766326725e-01 7.932096101266017732e-03
6.931194363543267173e+03 9.049290247803625231e-01 8.023717273893830881e-03
6.938125557906812901e+03 8.923799296762117139e-01 7.997503218990977686e-03
6.945063683464722089e+03 8.857764841844055770e-01 7.766308970626398245e-03
6.952008747148189286e+03 8.797429475021923961e-01 7.769308395280356133e-03
6.958960755895339389e+03 8.871353425049705033e-01 7.431647641902960899e-03
6.965919716651237650e+03 8.954870149895576281e-01 6.801910290496534367e-03
6.972885636367890584e+03 8.933606291344955430e-01 7.016206550195805240e-03
6.979858522004260521e+03 8.885425134784042944e-01 6.882208285886438556e-03
6.986838380526267429e+03 8.891559269645189501e-01 6.754692188789853183e-03
6.993825218906796181e+03 8.957925933391005513e-01 6.715012233251553726e-03
7.000819044125705659e+03 9.009048154907923767e-01 7.262304034607564018e-03
7.007819863169833297e+03 8.966231464738277923e-01 7.200475384656716653e-03
7.014827683033005087e+03 8.900817874396823592e-01 7.784735440153858765e-03
7.021842510716041033e+03 8.940965298912939563e-01 7.693272016132072372e-03
7.028864353226758794e+03 9.031577849981720085e-01 7.949171559573562501e-03
7.035893217579988232e+03 9.012382945931306510e-01 7.903030784003655523e-03
7.042929110797570502e+03 8.956756398822859344e-01 7.910113006279218331e-03
7.049972039908370789e+03 8.926589735412155946e-01 8.000749156699094380e-03
7.057022011948281033e+03 8.911595545539228169e-01 7.771225144866071924e-03
7.064079033960231754e+03 8.896793458112810526e-01 7.433539592758407755e-03
7.071143112994193871e+03 8.873780685910609423e-01 7.771206864349291046e-03
7.078214256107190522e+03 8.814307408019395051e-01 7.694864098569662893e-03
7.085292470363300708e+03 8.715042199303421055e-01 7.765123843498863282e-03
7.092377762833665656e+03 8.634827577782404617e-01 7.543809047689940817e-03
7.099470140596501551e+03 8.599375551426753361e-01 7.378158101866242116e-03
7.106569610737100447e+03 8.575958167545080224e-01 7.336512570725656733e-03
7.113676180347840273e+03 8.473936854320688328e-01 7.514994568381074512e-03
7.120789856528190285e+03 8.483653623465811089e-01 7.398076599081330508e-03
7.127910646384721076e+03 8.501063334793866888e-01 7.456061740214014154e-03
7.135038557031108212e+03 8.448422663574680636e-01 7.379899695822683854e-03
7.142173595588141325e+03 8.406976523806373169e-01 7.242584524821953952e-03
7.149315769183732300e+03 8.398795712349738096e-01 7.079239243591952356e-03
7.156465084952918005e+03 8.415502212057769382e-01 6.963073084030010559e-03
7.163621550037873021e+03 8.447339367004991217e-01 6.671692513019966686e-03
7.170785171587913283e+03 8.418433245915497576e-01 6.628039318563373229e-03
7.177955956759504261e+03 8.370181879030705874e-01 6.433902906283386035e-03
7.185133912716265513e+03 8.306837195469112256e-01 6.254631051323337153e-03
7.192319046628984324e+03 8.263257089725407623e-01 6.039502322660129062e-03
7.199511365675615707e+03 8.247294626272221318e-01 5.903034294677017742e-03
7.206710877041294225e+03 8.232039436170345281e-01 5.817190056845483910e-03
7.213917587918337631e+03 8.241838071969116442e-01 5.807838983503166123e-03
7.221131505506257781e+03 8.241012292442447817e-01 5.755217084347070966e-03
7.228352637011767001e+03 8.227228566166607804e-01 5.657978778040575682e-03
7.235580989648780815e+03 8.189879018124723853e-01 5.608696215424456739e-03
7.242816570638432495e+03 8.176563770466021008e-01 5.637713830092889317e-03
7.250059387209073066e+03 8.162661207809152053e-01 5.679948291322185761e-03
7.257309446596284033e+03 8.178798933693320894e-01 5.846436378295682100e-03
7.264566756042882844e+03 8.175824366431707624e-01 6.133388023629565353e-03
7.271831322798928340e+03 8.182035500674490480e-01 6.475637421355285098e-03
7.279103154121729858e+03 8.191421014709722170e-01 7.007486081422144471e-03
7.286382257275853590e+03 8.216093631119523177e-01 7.328695397341505706e-03
7.293668639533132591e+03 8.212546636889473950e-01 8.347236297369877919e-03
7.300962308172667690e+03 8.211320164167688063e-01 9.564047261207429818e-03
7.308263270480842948e+03 8.213113552485744595e-01 1.118348786753949227e-02
7.315571533751325660e+03 8.213653632399521287e-01 1.366159108586440830e-02
7.322887105285079997e+03 8.203220016489385369e-01 1.692413986732342265e-02
7.330209992390367006e+03 8.167762584137058246e-01 2.125809162164208829e-02
7.337540202382760071e+03 8.172642836415028311e-01 2.707153397814862986e-02
7.344877742585144915e+03 8.198415269333102495e-01 3.354535918784438270e-02
7.352222620327733239e+03 8.137432227195913192e-01 4.304472639453248151e-02
7.359574842948062724e+03 8.121111593026557607e-01 5.881402681919976200e-02
