# starting wavelength: 3758.190
# ending wavelength: 9898.390
# wav flux eflux
3.759695391932267285e+03 1.321607223428145073e+00 7.831985268187729998e-01
3.763455087324201031e+03 1.283560210980869698e+00 5.711204031932483050e-01
3.767218542411526414e+03 1.235820193302741954e+00 4.394925968979117581e-01
3.770985760953939007e+03 1.220470827381231693e+00 3.373655952266766955e-01
3.774756746714894234e+03 1.176580297873458303e+00 2.666680104282653785e-01
3.778531503461610555e+03 1.177067773686553354e+00 2.107813713476652528e-01
3.782310034965073100e+03 1.194865882731337869e+00 1.705524629403590009e-01
3.786092345000039586e+03 1.219178592006130213e+00 1.412090349821439050e-01
3.789878437345040766e+03 1.235332986639374298e+00 1.185445020808690159e-01
3.793668315782387253e+03 1.254237082115897461e+00 1.089759946655862455e-01
3.797461984098170888e+03 1.503032378766343768e+00 2.646141826405499220e-01
3.801259446082270188e+03 1.297399746369302997e+00 2.739558047592087764e-01
3.805060705528353537e+03 1.069110412973291790e+00 2.623460391453806828e-01
3.808865766233883278e+03 9.157550076441858256e-01 2.457411914912563944e-01
3.812674632000118436e+03 8.288364328546780069e-01 2.308815122907481587e-01
3.816487306632119726e+03 8.657051106226286707e-01 2.188964759489984979e-01
3.820303793938753188e+03 9.539015506657009258e-01 2.109742949736395645e-01
3.824124097732693372e+03 1.027649739653148098e+00 2.032597905994643628e-01
3.827948221830427428e+03 1.122813922061514535e+00 1.970625730942238141e-01
3.831776170052258749e+03 1.197066286167747684e+00 1.946628613080352843e-01
3.835607946222312421e+03 1.314271800795810963e+00 1.949761638534496244e-01
3.839443554168536139e+03 1.414946527602855442e+00 1.944878808315591845e-01
3.843282997722705659e+03 1.571069197483341284e+00 1.951041250675217553e-01
3.847126280720429804e+03 1.697690393969184308e+00 1.960037255422461266e-01
3.850973407001151372e+03 1.798719996216252781e+00 1.952999102903208439e-01
3.854824380408153957e+03 1.877700748442193923e+00 1.947465659409880478e-01
3.858679204788563311e+03 1.965494735101796397e+00 1.945600203587610211e-01
3.862537883993353262e+03 2.050497650366547742e+00 1.943059398544938754e-01
3.866400421877347981e+03 2.106202549164794213e+00 1.936230633863526840e-01
3.870266822299226533e+03 2.157152734833588159e+00 1.925437292782373189e-01
3.874137089121526969e+03 2.163295972679451395e+00 1.936284599590033240e-01
3.878011226210649966e+03 2.146757331515704692e+00 1.931250880527492497e-01
3.881889237436861549e+03 2.074966291748306269e+00 1.938133196140959524e-01
3.885771126674299921e+03 1.992955953661442070e+00 1.943232798332726885e-01
3.889656897800975457e+03 1.896952532628167098e+00 1.958603576549282355e-01
3.893546554698777527e+03 1.762059905926408154e+00 1.946283652869351122e-01
3.897440101253477678e+03 1.679623790476781231e+00 1.939454687417156709e-01
3.901337541354732366e+03 1.601496784571736054e+00 1.997084131547517960e-01
3.905238878896088409e+03 1.406721810028970676e+00 2.000486384184299027e-01
3.909144117774985716e+03 1.231016087129338299e+00 1.991625846285231261e-01
3.913053261892762293e+03 1.112594225627717037e+00 1.991054753143510492e-01
3.916966315154656058e+03 1.062340584399789067e+00 1.986403293495061229e-01
3.920883281469812118e+03 1.060152380831610897e+00 1.995658007458235295e-01
3.924804164751283224e+03 1.137029504930006540e+00 1.997221527565540278e-01
3.928728968916035683e+03 1.310398668098315067e+00 1.961215334722014592e-01
3.932657697884953450e+03 1.527478063168716815e+00 1.834344411057916846e-01
3.936590355582839493e+03 1.526565411424534613e+00 1.062834041901645349e-01
3.940526945938423523e+03 1.463873075853077799e+00 7.755389454664718407e-02
3.944467472884363360e+03 1.500979679836558445e+00 7.829168323620668002e-02
3.948411940357249023e+03 1.550669878064778517e+00 7.790834187147717416e-02
3.952360352297607733e+03 1.654575374033706581e+00 7.562828664133049161e-02
3.956312712649906643e+03 1.693703861923181453e+00 7.498664922351684636e-02
3.960269025362557841e+03 1.702509308062817084e+00 7.471752783784932350e-02
3.964229294387921527e+03 1.713656005091887424e+00 7.476695646029773989e-02
3.968193523682310570e+03 1.694629246016996937e+00 7.522852328271256717e-02
3.972161717205994591e+03 1.674823709987663056e+00 7.563058316935164505e-02
3.976133878923201792e+03 1.629876514221705319e+00 7.642197288149109313e-02
3.980110012802126221e+03 1.582636640084398083e+00 7.705893932541436897e-02
3.984090122814929600e+03 1.518372138105066105e+00 7.596155272138847836e-02
3.988074212937745870e+03 1.458681488346456501e+00 7.591898619116128899e-02
3.992062287150684824e+03 1.420906555344424671e+00 7.583075558273824623e-02
3.996054349437837118e+03 1.378506308170914574e+00 7.587620949631199152e-02
4.000050403787276082e+03 1.363882179825368413e+00 7.620537572144477079e-02
4.004050454191064546e+03 1.342417839162572291e+00 7.778046868853334683e-02
4.008054504645257111e+03 1.360080109481089483e+00 8.967287746666068038e-02
4.012062559149903791e+03 1.261317617377394340e+00 9.088253784807508173e-02
4.016074621709055009e+03 1.208784274599013164e+00 9.210116951805763508e-02
4.020090696330765240e+03 1.210430336981607402e+00 9.197873353904427451e-02
4.024110787027097558e+03 1.272307453319244441e+00 8.997407774588039864e-02
4.028134897814125907e+03 1.405460158650893465e+00 8.422543063125562113e-02
4.032163032711941469e+03 1.378831519106039405e+00 6.706889877740269956e-02
4.036195195744654484e+03 1.411372368929820098e+00 6.651185954572845505e-02
4.040231390940400615e+03 1.473748962984767763e+00 6.876253206202961876e-02
4.044271622331342314e+03 1.516280348338713058e+00 6.918148503693719031e-02
4.048315893953675186e+03 1.563020160563740379e+00 6.928313350757100975e-02
4.052364209847629809e+03 1.609571829825515277e+00 6.882047495855250774e-02
4.056416574057479011e+03 1.633722390987008888e+00 6.798840247690801641e-02
4.060472990631537868e+03 1.643879361523726379e+00 6.866454682367631457e-02
4.064533463622170530e+03 1.671038160827637897e+00 6.912446174031551538e-02
4.068597997085794304e+03 1.661028277411743304e+00 6.961367654286920725e-02
4.072666595082881486e+03 1.645926235316136577e+00 6.972821280254488940e-02
4.076739261677965715e+03 1.649373484247418808e+00 6.986982377024622548e-02
4.080816000939644709e+03 1.635895888580619406e+00 7.017614099647431769e-02
4.084896816940585722e+03 1.639428398263174991e+00 7.043826425520251233e-02
4.088981713757527814e+03 1.600039724419863418e+00 7.037690836816855311e-02
4.093070695471286854e+03 1.537942261849709169e+00 7.013673798194279552e-02
4.097163766166759160e+03 1.463966741775434954e+00 6.911840518206296968e-02
4.101260929932927866e+03 1.413225863298473772e+00 6.902329274535304315e-02
4.105362190862862008e+03 1.358969899546013549e+00 6.949233132333472451e-02
4.109467553053726078e+03 1.306220058393616101e+00 6.915459105124995010e-02
4.113577020606780934e+03 1.262838354029752530e+00 6.939793887702606912e-02
4.117690597627389252e+03 1.278093843831284993e+00 6.902852932070895065e-02
4.121808288225018259e+03 1.336043800633270662e+00 6.590176820313548012e-02
4.125930096513244280e+03 1.340793708913368576e+00 5.899930435596978384e-02
4.130056026609759101e+03 1.178773428161274284e+00 5.127252438649645278e-02
4.134186082636369974e+03 1.103346207644335886e+00 4.878069655013685807e-02
4.138320268719007800e+03 1.046826941687100332e+00 4.867255423719319546e-02
4.142458588987728035e+03 1.035905302666591643e+00 4.802703583949053529e-02
4.146601047576717065e+03 1.062229114849661871e+00 5.055617244843442493e-02
4.150747648624294925e+03 1.079166016418519503e+00 5.080854942920714351e-02
4.154898396272920763e+03 1.107676020593430399e+00 5.108721325337815117e-02
4.159053294669195566e+03 1.116808201788290544e+00 4.917987770695994576e-02
4.163212347963865795e+03 1.131219758102078643e+00 4.822601589542497430e-02
4.167375560311830668e+03 1.173346619488056186e+00 4.787369389105568251e-02
4.171542935872143971e+03 1.192990853926131134e+00 4.724269975560740908e-02
4.175714478808017702e+03 1.229038854540001058e+00 4.581859873800390309e-02
4.179890193286827525e+03 1.255410674520936132e+00 4.786151497988754000e-02
4.184070083480115500e+03 1.214247439787831784e+00 5.004650071109571774e-02
4.188254153563597356e+03 1.180533970759033435e+00 5.110078966652860377e-02
4.192442407717161586e+03 1.228856651970722025e+00 6.833180201843891410e-02
4.196634850124880359e+03 1.098203910060879585e+00 7.861183318616819793e-02
4.200831484975006788e+03 9.803964915450537054e-01 8.075613076638098187e-02
4.205032316459983122e+03 9.344441104859370073e-01 7.969327903525212642e-02
4.209237348776444378e+03 9.265556663774616730e-01 7.907575625439006162e-02
4.213446586125221984e+03 9.588646405179310772e-01 7.950781667495951388e-02
4.217660032711349231e+03 1.034099645719661398e+00 8.086765902520466620e-02
4.221877692744061278e+03 1.148400951062516828e+00 8.257526275176296782e-02
4.226099570436806971e+03 1.332505414860777559e+00 8.469188267324570529e-02
4.230325670007245208e+03 1.387695710033754803e+00 8.415097121636806732e-02
4.234555995677254032e+03 1.375481045832518179e+00 8.408122982212670737e-02
4.238790551672932452e+03 1.455087869349867891e+00 9.656115058358299974e-02
4.243029342224606808e+03 1.350912635259244432e+00 1.063438326506020021e-01
4.247272371566832589e+03 1.346492210451915250e+00 1.069730050876856048e-01
4.251519643938400804e+03 1.350163379800284780e+00 1.081926231996013787e-01
4.255771163582340705e+03 1.371796339842783929e+00 1.084403005000909581e-01
4.260026934745924336e+03 1.357294470457998559e+00 1.082145091031362083e-01
4.264286961680671993e+03 1.350539250638377986e+00 1.069028570350080282e-01
4.268551248642354039e+03 1.391389183895895831e+00 1.080223363101984885e-01
4.272819799890998183e+03 1.443373031485096103e+00 1.109107222328502979e-01
4.277092619690890388e+03 1.485415413297324516e+00 1.113597408846790232e-01
4.281369712310583054e+03 1.581862854894841242e+00 1.088564527509804924e-01
4.285651082022895025e+03 1.634762096220105709e+00 1.081502546087306227e-01
4.289936733104918858e+03 1.757703139525752967e+00 9.993137178885393157e-02
4.294226669838025373e+03 1.758486288046852586e+00 8.328666146751306787e-02
4.298520896507864563e+03 1.684700090504309689e+00 8.393968068976040420e-02
4.302819417404373780e+03 1.607707551561806225e+00 8.469846982078563236e-02
4.307122236821779552e+03 1.550025442546916210e+00 8.520914816651740942e-02
4.311429359058603040e+03 1.431625622618617699e+00 8.874929766128432373e-02
4.315740788417662770e+03 1.448497868478893391e+00 1.018279765370248280e-01
4.320056529206081905e+03 1.397610235665843970e+00 1.161583091674187052e-01
4.324376585735290064e+03 1.355409079215130319e+00 1.201604240713725347e-01
4.328700962321026054e+03 1.491345274674383159e+00 1.191823269344068625e-01
4.333029663283348782e+03 1.751968357908809892e+00 1.164358260362315101e-01
4.337362692946633615e+03 1.874115513026643365e+00 1.044708267447268801e-01
4.341700055639581478e+03 2.166796526676189050e+00 1.111930559087714460e-01
4.346041755695222491e+03 2.336934383815711502e+00 1.111304232494253336e-01
4.350387797450919606e+03 2.481575391268749708e+00 1.097480316752531410e-01
4.354738185248371337e+03 2.535556188274407763e+00 1.096882415206520550e-01
4.359092923433621763e+03 2.541359223775290666e+00 1.090324724848560356e-01
4.363452016357056891e+03 2.476916599798204999e+00 1.097086625107049351e-01
4.367815468373414660e+03 2.283574015212157082e+00 1.092355099198271118e-01
4.372183283841789489e+03 2.118067106167830893e+00 1.116263254694466328e-01
4.376555467125633186e+03 1.759358470843374933e+00 1.198629800695082820e-01
4.380932022592760404e+03 1.373604545761888396e+00 1.245063482468474481e-01
4.385312954615354101e+03 1.173740006055986829e+00 1.208844536364197808e-01
4.389698267569970994e+03 1.067861346342046769e+00 1.209986989174286626e-01
4.394087965837542470e+03 1.108486416576842881e+00 1.223130608083036058e-01
4.398482053803381859e+03 1.227477853339750347e+00 1.230000374052228618e-01
4.402880535857186260e+03 1.494898420687017948e+00 1.002458544470660601e-01
4.407283416393044718e+03 1.604355307223873872e+00 9.411614027189982301e-02
4.411690699809440048e+03 1.588963085738920755e+00 8.468600048726948604e-02
4.416102390509250654e+03 1.617564437807399225e+00 8.490936198505538712e-02
4.420518492899761441e+03 1.514832058020839201e+00 9.080256472722998684e-02
4.424939011392662906e+03 1.487601215242350783e+00 9.100752363374707554e-02
4.429363950404056595e+03 1.501969252821905743e+00 9.094271022925906611e-02
4.433793314354462382e+03 1.383445435172246052e+00 8.769074926718432861e-02
4.438227107668818462e+03 1.288438458637699568e+00 8.719550259219197019e-02
4.442665334776488635e+03 1.247532339059937767e+00 8.538136748891421435e-02
4.447108000111265937e+03 1.299561024187779301e+00 9.053114939326301069e-02
4.451555108111379013e+03 1.328779705330541683e+00 9.065601441015043449e-02
4.456006663219492111e+03 1.470583014361513952e+00 7.802550190978255196e-02
4.460462669882713271e+03 1.560595596237351890e+00 7.213946275801692842e-02
4.464923132552597053e+03 1.550562705456079549e+00 6.312874393337557233e-02
4.469388055685150903e+03 1.571941144471157514e+00 6.293281894500976636e-02
4.473857443740837880e+03 1.595410508964500540e+00 6.386855009200094468e-02
4.478331301184580298e+03 1.568148681288923818e+00 6.390962533616187380e-02
4.482809632485766087e+03 1.474022122511348787e+00 6.568531899278369501e-02
4.487292442118253348e+03 1.425955362530161086e+00 6.494099461065486190e-02
4.491779734560373072e+03 1.431035684539940567e+00 6.488166688622688805e-02
4.496271514294934605e+03 1.515897359418143076e+00 6.174373675808154244e-02
4.500767785809231100e+03 1.538754296429019952e+00 5.984099808084784172e-02
4.505268553595042249e+03 1.568724909703606007e+00 5.903375246129594772e-02
4.509773822148638828e+03 1.527403515069826856e+00 6.073731226751655221e-02
4.514283595970789065e+03 1.537028817865363495e+00 6.233829455523661606e-02
4.518797879566761367e+03 1.466823947747794010e+00 6.397196393949008963e-02
4.523316677446328868e+03 1.408583964406830091e+00 6.112386585760003210e-02
4.527839994123776705e+03 1.430804585404332530e+00 6.098122162367716759e-02
4.532367834117902021e+03 1.528060154454546904e+00 6.118143957147269968e-02
4.536900201952022144e+03 1.537319177022823835e+00 5.941307325392368444e-02
4.541437102153975502e+03 1.525166016270963265e+00 6.353291191596756315e-02
4.545978539256130716e+03 1.432008326410062926e+00 6.569911143958299948e-02
4.550524517795388419e+03 1.418321952174637746e+00 6.581042114334755000e-02
4.555075042313184895e+03 1.436505516744737143e+00 6.476355937488982584e-02
4.559630117355500261e+03 1.511648223723207840e+00 6.283611338346702102e-02
4.564189747472856652e+03 1.553324965425530335e+00 6.220551642896325617e-02
4.568753937220330954e+03 1.548473331022986121e+00 6.044856751537585476e-02
4.573322691157552981e+03 1.535770304892510207e+00 5.973298985187582011e-02
4.577896013848711846e+03 1.513947029709225012e+00 5.989968420527520820e-02
4.582473909862562323e+03 1.473717366297460751e+00 5.973381159752510355e-02
4.587056383772426670e+03 1.457097459780756887e+00 6.342711424650283869e-02
4.591643440156200086e+03 1.414987076712128200e+00 6.388391748008794002e-02
4.596235083596357981e+03 1.421360395769219354e+00 6.137410424543061904e-02
4.600831318679955984e+03 1.377222474249319539e+00 6.123763242002951135e-02
4.605432149998637215e+03 1.300926108762755717e+00 5.329764057339077959e-02
4.610037582148637739e+03 1.281795911511369290e+00 5.198015308142528434e-02
4.614647619730787483e+03 1.326858487439114720e+00 5.938003545508795111e-02
4.619262267350520233e+03 1.346296714637877256e+00 5.841136722762292621e-02
4.623881529617872729e+03 1.405663805336516470e+00 5.633093143482047899e-02
4.628505411147491941e+03 1.500308049508930486e+00 5.040428820103649149e-02
4.633133916558640522e+03 1.502925899665189746e+00 4.479857122407263081e-02
4.637767050475200449e+03 1.528907500264875541e+00 4.475515591603988763e-02
4.642404817525677572e+03 1.546932919024548436e+00 4.550876179756522394e-02
4.647047222343205249e+03 1.498879706113217303e+00 4.733411997154913370e-02
4.651694269565549803e+03 1.471167864253337676e+00 4.660609423536293122e-02
4.656345963835116891e+03 1.452284484381335838e+00 4.710199533275764849e-02
4.661002309798953320e+03 1.397629720427245426e+00 4.678026523757983918e-02
4.665663312108753416e+03 1.382032408601948648e+00 4.625003060858605408e-02
4.670328975420864481e+03 1.374123422423670693e+00 4.707867563772585862e-02
4.674999304396286789e+03 1.374136495886876030e+00 4.431961210964263653e-02
4.679674303700684504e+03 1.318758752582207316e+00 4.011835120756865325e-02
4.684353978004386590e+03 1.331273743194601122e+00 4.405910057218132003e-02
4.689038331982392265e+03 1.225223232229749826e+00 4.491243290966148022e-02
4.693727370314376458e+03 1.160085872485950187e+00 4.456156975359568811e-02
4.698421097684692540e+03 1.154142108706461167e+00 4.432174737149740390e-02
4.703119518782378691e+03 1.208989923956203860e+00 4.222799789493483780e-02
4.707822638301162442e+03 1.230784057267022558e+00 3.912601841404430431e-02
4.712530460939465229e+03 1.270127339680056533e+00 3.997111295866671160e-02
4.717242991400406027e+03 1.293151947998577800e+00 3.966946155945991204e-02
4.721960234391808626e+03 1.329951476753072681e+00 3.973338679061053091e-02
4.726682194626201635e+03 1.351427403422223339e+00 3.886437043920730472e-02
4.731408876820829391e+03 1.354270293954883186e+00 3.892894787916938854e-02
4.736140285697651962e+03 1.282052192889937103e+00 3.995943269206185533e-02
4.740876425983350600e+03 1.248512999610939200e+00 3.945704756842293576e-02
4.745617302409335934e+03 1.227810030731921520e+00 3.926417419844855511e-02
4.750362919711747054e+03 1.197771907086167875e+00 3.686291477264252991e-02
4.755113282631459697e+03 1.177434370100162608e+00 3.706194854236270070e-02
4.759868395914093526e+03 1.172187786800758635e+00 3.699787357465892518e-02
4.764628264310008490e+03 1.154789333794076445e+00 3.613991520786496298e-02
4.769392892574320285e+03 1.234362915295611707e+00 4.928515443593588924e-02
4.774162285466896719e+03 1.222587879032928315e+00 5.164262726532849179e-02
4.778936447752364984e+03 1.187168342477894267e+00 4.982347172096399102e-02
4.783715384200118933e+03 1.202701481708743358e+00 4.922993112301479735e-02
4.788499099584319993e+03 1.225990509447394627e+00 4.888339180562027014e-02
4.793287598683906253e+03 1.278663287196305953e+00 4.915091263565354168e-02
4.798080886282591564e+03 1.348185331114713392e+00 5.022366683036976615e-02
4.802878967168876443e+03 1.414016997529954578e+00 4.988194732244895929e-02
4.807681846136046261e+03 1.467616315831509866e+00 4.972056702506804510e-02
4.812489527982183972e+03 1.521410866424049324e+00 4.918883620078554758e-02
4.817302017510168298e+03 1.602507538347444971e+00 6.100170938249484948e-02
4.822119319527679181e+03 1.589561048855473224e+00 6.987851880122027126e-02
4.826941438847208701e+03 1.607707475195705449e+00 8.505632315541537813e-02
4.831768380286057436e+03 1.541035748829781449e+00 8.070028355477060211e-02
4.836600148666345376e+03 1.713919983355284282e+00 7.333400664042474815e-02
4.841436748815013743e+03 1.873556357519709614e+00 8.071498360806066141e-02
4.846278185563829538e+03 2.094406679280162553e+00 8.572646385306262329e-02
4.851124463749395545e+03 2.568874410556055921e+00 9.131465608792523059e-02
4.855975588213146693e+03 2.976861500517211212e+00 9.220738790486521230e-02
4.860831563801360971e+03 3.347833892484803897e+00 9.095125885654890829e-02
4.865692395365163975e+03 3.521295783387464073e+00 9.386150065554170474e-02
4.870558087760530725e+03 3.113081842675575750e+00 1.174739593932078441e-01
4.875428645848292945e+03 2.610682218492055728e+00 1.138565234687292649e-01
4.880304074494142696e+03 2.191595791836955076e+00 1.129478837422791260e-01
4.885184378568638749e+03 2.054655691941891682e+00 1.034745256043988759e-01
4.890069562947209306e+03 1.825153906307802609e+00 9.004249419197464521e-02
4.894959632510157462e+03 1.860551713993669587e+00 9.040140595049397931e-02
4.899854592142669389e+03 1.897533558297456846e+00 8.960075456920855996e-02
4.904754446734813428e+03 1.630076767714295549e+00 9.941814376514722384e-02
4.909659201181550088e+03 1.502080936157371038e+00 9.878439315506022667e-02
4.914568860382732964e+03 1.602147426478425229e+00 8.511351241882800234e-02
4.919483429243117826e+03 1.499063170654634236e+00 7.367445105986512865e-02
4.924402912672362618e+03 1.325683913374986700e+00 1.261242346479186371e-01
4.929327315585036558e+03 1.323262540844467594e+00 1.237234324671984548e-01
4.934256642900622865e+03 1.400200994734607018e+00 1.237214296885901788e-01
4.939190899543525120e+03 1.565152637977970773e+00 1.227038840351192123e-01
4.944130090443070912e+03 1.654807023791793785e+00 1.221933369383049334e-01
4.949074220533515472e+03 1.782028802256177658e+00 1.202157055215515025e-01
4.954023294754050767e+03 1.903485813111726488e+00 1.179707616693607131e-01
4.958977318048806410e+03 2.407188331035197137e+00 2.726261156643430272e-01
4.963936295366856939e+03 1.748006715419356816e+00 3.430845853398611367e-01
4.968900231662225451e+03 1.381303024124657552e+00 3.635825912897333034e-01
4.973869131893889062e+03 1.296020092795953538e+00 3.619396950499493282e-01
4.978843001025784361e+03 1.362651952396228383e+00 3.548608891689591371e-01
4.983821844026811959e+03 1.615340257782226452e+00 3.586311275957290712e-01
4.988805665870840130e+03 1.981361268411408583e+00 3.612990327540694935e-01
4.993794471536712990e+03 2.390613383244724943e+00 3.664491982721619912e-01
4.998788266008251412e+03 2.734157462035518904e+00 3.634551134737152855e-01
5.003787054274261209e+03 3.011206699283774491e+00 3.550359081564495867e-01
5.008790841328536771e+03 3.293498761551932219e+00 3.412308845546396796e-01
5.013799632169867436e+03 3.079696527065721057e+00 3.388812335079790516e-01
5.018813431802038394e+03 2.841287122362881945e+00 3.405170591570443328e-01
5.023832245233842514e+03 2.497703327673792550e+00 3.383596803910239315e-01
5.028856077479077612e+03 2.017077173815744917e+00 3.335625841541490222e-01
5.033884933556558281e+03 1.536198320753825675e+00 3.271321061073718117e-01
5.038918818490116792e+03 1.139031569822466228e+00 3.207360559390990407e-01
5.043957737308608557e+03 8.594951158052186457e-01 3.197132573811062861e-01
5.049001695045918495e+03 8.617632748436305778e-01 3.168704737115138337e-01
5.054050696740966487e+03 1.268873729062327538e+00 2.734146078851670825e-01
5.059104747437709193e+03 1.270422729861483191e+00 1.099230771516879201e-01
5.064163852185148244e+03 1.108774214760950061e+00 4.001369899486809795e-02
5.069228016037335692e+03 1.067871593801740682e+00 4.002337239793269524e-02
5.074297244053374015e+03 9.650303582053955109e-01 2.941914250838182504e-02
5.079371541297429758e+03 9.597242841303572636e-01 2.948484194232301250e-02
5.084450912838728073e+03 9.861614432679284281e-01 2.973249394152889177e-02
5.089535363751569093e+03 1.039260506723087119e+00 2.895010392113204351e-02
5.094624899115322478e+03 1.082079051228016287e+00 2.483422772926299066e-02
5.099719524014439230e+03 1.119914094365992208e+00 2.513895424738505843e-02
5.104819243538455339e+03 1.173038758127389558e+00 2.342846827212617666e-02
5.109924062781995417e+03 1.351511085799960821e+00 7.401285896051321145e-02
5.115033986844779065e+03 1.174666042855927239e+00 9.372781127229715126e-02
5.120149020831625421e+03 1.122413858299257328e+00 9.785548559475631958e-02
5.125269169852458617e+03 1.117860495337873683e+00 9.853226164095787998e-02
5.130394439022313236e+03 1.189736867674070275e+00 9.787484710508156938e-02
5.135524833461337039e+03 1.318469350555641961e+00 9.887742463746429511e-02
5.140660358294800062e+03 1.452936132817078674e+00 9.953051072036338265e-02
5.145801018653096435e+03 1.616360731374718585e+00 1.009307684365075009e-01
5.150946819671751655e+03 1.774532832748323408e+00 1.049674880429379287e-01
5.156097766491425318e+03 1.835367603398522673e+00 1.034444358869104352e-01
5.161253864257918394e+03 1.881516214474068915e+00 1.017938316110961888e-01
5.166415118122177773e+03 1.860508921753433409e+00 1.013078210283080982e-01
5.171581533240301724e+03 1.818559631757747264e+00 1.016257495910511677e-01
5.176753114773543530e+03 1.697337306222239217e+00 1.023471162208664381e-01
5.181929867888318768e+03 1.563317286254096494e+00 1.013632054756460760e-01
5.187111797756208944e+03 1.425101962017059076e+00 1.015203666721753023e-01
5.192298909553966951e+03 1.261870008811203148e+00 1.003310744164848251e-01
5.197491208463522526e+03 1.184474476805373655e+00 9.995732856671854516e-02
5.202688699671987706e+03 1.196318297038053480e+00 9.952278555760772638e-02
5.207891388371661378e+03 1.357695454838637295e+00 8.734773361089075150e-02
5.213099279760034733e+03 1.394084953051501152e+00 6.569066648810746589e-02
5.218312379039796724e+03 1.356391111244782621e+00 6.804064088207169292e-02
5.223530691418837705e+03 1.369602547250070135e+00 6.765997440076523817e-02
5.228754222110258524e+03 1.277149898871336564e+00 7.727323508299767385e-02
5.233982976332370527e+03 1.241346856588608549e+00 7.901119868397414592e-02
5.239216959308704645e+03 1.287563558449972057e+00 7.732009240566752040e-02
5.244456176268015042e+03 1.442419141952927752e+00 7.873229905510784055e-02
5.249700632444284565e+03 1.665107975346085345e+00 7.950746320711978010e-02
5.254950333076731113e+03 1.775146352360218449e+00 7.825013519005402651e-02
5.260205283409809454e+03 1.911216857981112405e+00 7.888327215621514232e-02
5.265465488693221232e+03 2.078277553625448082e+00 8.709840006006376589e-02
5.270730954181915877e+03 2.037708534326694298e+00 9.288051656702324410e-02
5.276001685136099695e+03 1.965080730076508075e+00 9.516988065384762718e-02
5.281277686821237694e+03 1.935658916721659129e+00 9.692352901381082186e-02
5.286558964508059944e+03 1.858685728444242402e+00 9.946205397604798715e-02
5.291845523472569766e+03 1.666141884960934627e+00 9.400267281849858381e-02
5.297137368996044643e+03 1.541244354403590311e+00 9.044156981834372555e-02
5.302434506365042580e+03 1.465227325334167885e+00 8.886182532680321489e-02
5.307736940871409388e+03 1.466127181910847010e+00 9.012075392792329165e-02
5.313044677812282316e+03 1.591014098934700582e+00 8.644446778576504731e-02
5.318357722490096421e+03 1.584143242189572254e+00 8.104433409308922642e-02
5.323676080212588204e+03 1.699796199032441057e+00 7.079065028825956563e-02
5.328999756292802886e+03 1.648043114539213372e+00 7.230013114738449709e-02
5.334328756049097137e+03 1.518831518893586363e+00 7.035698570109233385e-02
5.339663084805148173e+03 1.419562180090484960e+00 6.918322798463658052e-02
5.345002747889954662e+03 1.331740837048363213e+00 6.831053184666746603e-02
5.350347750637846730e+03 1.270338195551766525e+00 6.738627046538858689e-02
5.355698098388485960e+03 1.221333061470360803e+00 6.705568045702671454e-02
5.361053796486876308e+03 1.241759158012210040e+00 6.842338081311889753e-02
5.366414850283365013e+03 1.250829483387149166e+00 6.582143515810055800e-02
5.371781265133649867e+03 1.217273775689816206e+00 5.012156794967359552e-02
5.377153046398785591e+03 1.203313389122877997e+00 4.859161367485065330e-02
5.382530199445186554e+03 1.225092818783941828e+00 4.844699847687282401e-02
5.387912729644633146e+03 1.222109355890361071e+00 4.341112851114430765e-02
5.393300642374279960e+03 1.166235548257635202e+00 3.811899643585532627e-02
5.398693943016655794e+03 1.147344899450127853e+00 3.752011852190039604e-02
5.404092636959673655e+03 1.138134963013251344e+00 3.729638085925929963e-02
5.409496729596635305e+03 1.136484934375558531e+00 3.743547553704644482e-02
5.414906226326233991e+03 1.161493254995748403e+00 3.647854894020353955e-02
5.420321132552561721e+03 1.159356250557130874e+00 3.530063604707712327e-02
5.425741453685116539e+03 1.187574463592925067e+00 3.388375415963785359e-02
5.431167195138803436e+03 1.180729614470854782e+00 3.036395765786707376e-02
5.436598362333943442e+03 1.116422192062226371e+00 2.527180198851444390e-02
5.442034960696279086e+03 1.081274860553762540e+00 2.543329410654253733e-02
5.447476995656978033e+03 1.023738905844053360e+00 2.618571653669142518e-02
5.452924472652636723e+03 9.748667083603856920e-01 2.571873576649916227e-02
5.458377397125291282e+03 9.451987530157017758e-01 2.575297814753789785e-02
5.463835774522417523e+03 9.523324215083144306e-01 2.539748815795645626e-02
5.469299610296941864e+03 9.509214619322741147e-01 2.264663331046833442e-02
5.474768909907241323e+03 1.009470322515835017e+00 3.381241400563202854e-02
5.480243678817149885e+03 1.004440338184728221e+00 3.440362591238482065e-02
5.485723922495968509e+03 9.881392427389553701e-01 3.862308627309865572e-02
5.491209646418466946e+03 9.689464201557037581e-01 3.745814328545662292e-02
5.496700856064887375e+03 9.930116977231553399e-01 3.740801165014951551e-02
5.502197556920953502e+03 1.031395743112906827e+00 3.754292013395871958e-02
5.507699754477876013e+03 1.074673582308497632e+00 4.052850566302497459e-02
5.513207454232356213e+03 1.083763936913745285e+00 4.025975790663072207e-02
5.518720661686590574e+03 1.100902267536010948e+00 3.988311332063108200e-02
5.524239382348278923e+03 1.121264984165671885e+00 4.001652498598061436e-02
5.529763621730628984e+03 1.127684942199956630e+00 3.939330765220235009e-02
5.535293385352360929e+03 1.108630278990119677e+00 3.895981386547304332e-02
5.540828678737715563e+03 1.078515065843149490e+00 3.898709151668278139e-02
5.546369507416455235e+03 1.037850224794626630e+00 3.899824802308730909e-02
5.551915876923872929e+03 9.896200739991563022e-01 3.831326069798844658e-02
5.557467792800798634e+03 9.161346144837905214e-01 3.733807313342387552e-02
5.563025260593602070e+03 8.435958160910440595e-01 3.637631091222159885e-02
5.568588285854197238e+03 7.888180359440436495e-01 3.579619110867784254e-02
5.574156874140053333e+03 7.723291152080858923e-01 3.543566731002538439e-02
5.579731031014194741e+03 7.827111736569305478e-01 3.309251533874716517e-02
5.585310762045211050e+03 7.745624736139907762e-01 2.435760302600082500e-02
5.590896072807257951e+03 7.817936802787237571e-01 2.342674031586437430e-02
5.596486968880067252e+03 7.640796739337194499e-01 1.812906650749850079e-02
5.602083455848949598e+03 7.740877814899735920e-01 1.814632897419714980e-02
5.607685539304799931e+03 7.853628105196508447e-01 1.761718266316895584e-02
5.613293224844106589e+03 7.979345681677747493e-01 1.728414454774121131e-02
5.618906518068952209e+03 7.962143464338741206e-01 1.173974343697140911e-02
5.624525424587023736e+03 7.916188472429948053e-01 1.171906773927791634e-02
5.630149950011612418e+03 7.821100487451793093e-01 1.207083326600412281e-02
5.635780099961625638e+03 7.762600969430148989e-01 1.197378428466201218e-02
5.641415880061589633e+03 7.779917200663662991e-01 1.221869577709735165e-02
5.647057295941652228e+03 7.640460219321202340e-01 1.196895337942546073e-02
5.652704353237596479e+03 7.485021626442015519e-01 1.180281488567372014e-02
5.658357057590835211e+03 7.372757796179352230e-01 1.166896709337071798e-02
5.664015414648428305e+03 7.253419404255864178e-01 1.181524568514094944e-02
5.669679430063079053e+03 7.094069130295522774e-01 1.645945360805591007e-02
5.675349109493143260e+03 6.712381031648648744e-01 1.834819762257565434e-02
5.681024458602638333e+03 6.511906370465747607e-01 1.828142634474710926e-02
5.686705483061243285e+03 6.405443621988968772e-01 1.791417274826166695e-02
5.692392188544306009e+03 6.481497763014089086e-01 1.869865182119042832e-02
5.698084580732852373e+03 8.252923428935984296e-01 1.131264143391998850e-01
5.703782665313587131e+03 6.408140292599169285e-01 1.623410772142490077e-01
5.709486447978903016e+03 4.478259017295127542e-01 1.731993608806625951e-01
5.715195934426883468e+03 4.659377962120425098e-01 1.714750255245860444e-01
5.720911130361312644e+03 6.149839900878312227e-01 1.715504449229689476e-01
5.726632041491675409e+03 8.334154936263760138e-01 1.728844947510389529e-01
5.732358673533169167e+03 1.068268467862945492e+00 1.740934885240645602e-01
5.738091032206703858e+03 1.277983758500434330e+00 1.734884614446156881e-01
5.743829123238912871e+03 1.446144141613984857e+00 1.738085374968671160e-01
5.749572952362153046e+03 1.546020600536449185e+00 1.724100248108434430e-01
5.755322525314517407e+03 1.554299744893573365e+00 1.709495426627559711e-01
5.761077847839834249e+03 1.498137756127462694e+00 1.710430989016392400e-01
5.766838925687675328e+03 1.380338335877690614e+00 1.713870035875940667e-01
5.772605764613364954e+03 1.226834555876842092e+00 1.703499090058224197e-01
5.778378370377980900e+03 1.056931156784526760e+00 1.694744299548034128e-01
5.784156748748360769e+03 8.302388386786128116e-01 1.654726907510735978e-01
5.789940905497111089e+03 6.627834697604342296e-01 1.633131539401233845e-01
5.795730846402610041e+03 5.750939622001856044e-01 1.629808586904511469e-01
5.801526577249013826e+03 6.204821624416618775e-01 1.621809349899978880e-01
5.807328103826264851e+03 8.294775282353465951e-01 1.515853239516831708e-01
5.813135431930093546e+03 1.024522625332323855e+00 9.770669921348568154e-02
5.818948567362025642e+03 9.579173833304186481e-01 3.675186809736130655e-02
5.824767515929389447e+03 8.913735328451950490e-01 4.817635107079060869e-02
5.830592283445320390e+03 8.639079513087144502e-01 5.108706816691172686e-02
5.836422875728768304e+03 8.958718600425085166e-01 5.047509170172018861e-02
5.842259298604498326e+03 9.751148948565822039e-01 5.061340910413268668e-02
5.848101557903105459e+03 1.085910862753413086e+00 5.158577299900320851e-02
5.853949659461010015e+03 1.213955977485138282e+00 5.262213038355950667e-02
5.859803609120473084e+03 1.327879879678863340e+00 5.268014452779967716e-02
5.865663412729595620e+03 1.412296264664922418e+00 5.212186875677009973e-02
5.871529076142326630e+03 1.461150979471284916e+00 5.111727487623093924e-02
5.877400605218471355e+03 1.470381616002514491e+00 5.083945294388973052e-02
5.883278005823691274e+03 1.440886896896717451e+00 5.087409085232949546e-02
5.889161283829516833e+03 1.371432215906207563e+00 5.109108604221677258e-02
5.895050445113348360e+03 1.264053747400082361e+00 5.106251615178407366e-02
5.900945495558464245e+03 1.134406227817367441e+00 4.998686343616261935e-02
5.906846441054024581e+03 1.000217466880610750e+00 4.854894579819761524e-02
5.912753287495080258e+03 8.850822979713741656e-01 4.762361697878242373e-02
5.918666040782577511e+03 8.105902143552587980e-01 4.759709957973917716e-02
5.924584706823361557e+03 7.799607672740649367e-01 4.705974024106534398e-02
5.930509291530187511e+03 8.153472859645585213e-01 4.232939048299105833e-02
5.936439800821719473e+03 8.134532743008386912e-01 1.894255587525238427e-02
5.942376240622543264e+03 7.694137148132726978e-01 8.867013114828273604e-03
5.948318616863167335e+03 7.463204671590495387e-01 8.542635831468735688e-03
5.954266935480032771e+03 7.358924601744961658e-01 7.939878761210147906e-03
5.960221202415515108e+03 7.373594421070728266e-01 7.102898198989742069e-03
5.966181423617932523e+03 7.385753631288738408e-01 6.791132953212463026e-03
5.972147605041552197e+03 7.346019237477795505e-01 6.949401275052705454e-03
5.978119752646595771e+03 7.291703408112889528e-01 6.931740597089711478e-03
5.984097872399243897e+03 7.229595581303080998e-01 6.972251807170919136e-03
5.990081970271645332e+03 7.156407682953834781e-01 7.467548522774466145e-03
5.996072052241918755e+03 6.984494118917620176e-01 7.842920517491122623e-03
6.002068124294162772e+03 6.897386955460799163e-01 7.973706479413011569e-03
6.008070192418459555e+03 6.832805891734741177e-01 7.891790072804194187e-03
6.014078262610879392e+03 6.838868433761294829e-01 8.036018909669635432e-03
6.020092340873492503e+03 6.700202798903215351e-01 7.939113485303239681e-03
6.026112433214368139e+03 6.669109844645291219e-01 9.666640681474263086e-03
6.032138545647584579e+03 6.568268668509794628e-01 1.771533015612888548e-02
6.038170684193233683e+03 6.162006517120199867e-01 1.994542175519354796e-02
6.044208854877429076e+03 6.200577386156942428e-01 2.009018303279925741e-02
6.050253063732308874e+03 6.310942999352235905e-01 1.996593135715217168e-02
6.056303316796042964e+03 6.508570646363219803e-01 2.005485695161500839e-02
6.062359620112841185e+03 6.717507787280708742e-01 2.002894492316147773e-02
6.068421979732956061e+03 6.969223752559068341e-01 2.001361856227449124e-02
6.074490401712690982e+03 7.288178014877819688e-01 1.987982051002127465e-02
6.080564892114405666e+03 7.549557870055511044e-01 1.980048856842848634e-02
6.086645457006521610e+03 7.824216880660882500e-01 2.001958386934594991e-02
6.092732102463530282e+03 7.992837557571820239e-01 2.015821913615842634e-02
6.098824834565995843e+03 8.014328258507426028e-01 2.029663042426835262e-02
6.104923659400564247e+03 8.027838229638815104e-01 2.032334772584187821e-02
6.111028583059966877e+03 7.817672118569130024e-01 1.982949077426119852e-02
6.117139611643028729e+03 7.597437807984142033e-01 1.941266458516247365e-02
6.123256751254673873e+03 7.421146218259759841e-01 1.930618558550772565e-02
6.129380008005929994e+03 7.309514040443200189e-01 1.922985430807150689e-02
6.135509388013938405e+03 7.207026981181237080e-01 1.926420800190786417e-02
6.141644897401954040e+03 7.242202824927901350e-01 1.876955240337462374e-02
6.147786542299358189e+03 7.562669374412618328e-01 1.608345393839318016e-02
6.153934328841659408e+03 7.263704308459041359e-01 9.349436798121427486e-03
6.160088263170503524e+03 7.340023069983960813e-01 8.896961536778050933e-03
6.166248351433675452e+03 7.391251405809193820e-01 8.769298549397791173e-03
6.172414599785111022e+03 7.501542520631007127e-01 8.665970209487582065e-03
6.178587014384898794e+03 7.653797585239692225e-01 9.105616544988356931e-03
6.184765601399285515e+03 7.619597530020484344e-01 9.619165634616401797e-03
6.190950367000687038e+03 7.571306326461576530e-01 1.123471732839649573e-02
6.197141317367689226e+03 7.409625043741895345e-01 1.232311245058324324e-02
6.203338458685059777e+03 7.590448112879867315e-01 1.232120531938707755e-02
6.209541797143746408e+03 7.912523901909747082e-01 1.248190832382897221e-02
6.215751338940892310e+03 8.048590576748411163e-01 1.179595867494266474e-02
6.221967090279835247e+03 8.279411836085998067e-01 1.204382089614579668e-02
6.228189057370116643e+03 8.540351800460131981e-01 1.210355175149948476e-02
6.234417246427488863e+03 8.768603225690576597e-01 1.212096824172393360e-02
6.240651663673918847e+03 9.427980956237073107e-01 2.520663204780536348e-02
6.246892315337594482e+03 8.863342208030768887e-01 3.167980402095494502e-02
6.253139207652934601e+03 8.725097912016994695e-01 3.243521094418707479e-02
6.259392346860589896e+03 8.528539423756903437e-01 3.322353421730185608e-02
6.265651739207452010e+03 8.686916551566097322e-01 3.274252647150204670e-02
6.271917390946661726e+03 9.172216777684478739e-01 3.285652337159211678e-02
6.278189308337610782e+03 9.721919661223213938e-01 3.345846214091161702e-02
6.284467497645950061e+03 1.031282104303246738e+00 3.383615100210220217e-02
6.290751965143597772e+03 1.092972830057587164e+00 3.350711315626488801e-02
6.297042717108744000e+03 1.157910316721644017e+00 3.251638796522623304e-02
6.303339759825854344e+03 1.218442176791942888e+00 3.245080902810716650e-02
6.309643099585682648e+03 1.239786404582148505e+00 3.254920480105635838e-02
6.315952742685270096e+03 1.219601430689103871e+00 3.501566228967797900e-02
6.322268695427957937e+03 1.188604842576744813e+00 3.729337048805696914e-02
6.328590964123387494e+03 1.188143787556931397e+00 3.696469880447799533e-02
6.334919555087512890e+03 1.221734731897752280e+00 3.553123593836147315e-02
6.341254474642602872e+03 1.292873218373834510e+00 3.526146827955248253e-02
6.347595729117247174e+03 1.394259448934470846e+00 3.574087120808143447e-02
6.353943324846366522e+03 1.551005292245382527e+00 3.654404388050409846e-02
6.360297268171215364e+03 1.746887782120544186e+00 3.046791093029031089e-02
6.366657565439388236e+03 1.877919511551057852e+00 2.379012285275834346e-02
6.373024223004829764e+03 2.019766806823253713e+00 2.165212084227514239e-02
6.379397247227837397e+03 2.074480543805072852e+00 2.308799647467941682e-02
6.385776644475066860e+03 2.097776215291182300e+00 2.606361508767858493e-02
6.392162421119543978e+03 2.140275736973948906e+00 2.643750295902568687e-02
6.398554583540665590e+03 2.161431015680068679e+00 2.895781361629235981e-02
6.404953138124208635e+03 2.184437452125667978e+00 2.783227756731805960e-02
6.411358091262334710e+03 2.251823667852840050e+00 2.726782687176788553e-02
6.417769449353599157e+03 2.361308646521206089e+00 2.856394347169878556e-02
6.424187218802954703e+03 2.505447449477443023e+00 2.905186642045338302e-02
6.430611406021760558e+03 2.659923547979492930e+00 2.839417283098279524e-02
6.437042017427784231e+03 2.813007048344530414e+00 2.401079628466134749e-02
6.443479059445214261e+03 2.905054571169351618e+00 2.289583015970595575e-02
6.449922538504661134e+03 2.988562359636351751e+00 2.210032548630781746e-02
6.456372461043168187e+03 3.044407694103008044e+00 2.184370260002583414e-02
6.462828833504213435e+03 3.041032854050974343e+00 2.304599806340649343e-02
6.469291662337719572e+03 3.018474217367727697e+00 2.244982194318381752e-02
6.475760954000059428e+03 3.016033054316957784e+00 2.231104877335933837e-02
6.482236714954061426e+03 3.065698533044501239e+00 3.439657234422166532e-02
6.488718951669017770e+03 3.071809111742379805e+00 6.622394026884094453e-02
6.495207670620688987e+03 3.115899845828218773e+00 7.567236600924180656e-02
6.501702878291312118e+03 4.286073631607601797e+00 5.496918553166710852e-01
6.508204581169605262e+03 2.450905878369530555e+00 8.064056752618999901e-01
6.514712785750777584e+03 2.131413462708722228e+00 8.399436276027916204e-01
6.521227498536530220e+03 4.292712039816210634e+00 1.241661474436267093e-01
6.527748726035069012e+03 5.086642814898302944e+00 1.441984793629106365e-01
6.534276474761106329e+03 6.056673191144099633e+00 1.069131867426605487e+00
6.540810751235869247e+03 5.357857269181194759e+00 1.396627082529947383e+00
6.547351561987107743e+03 1.105796635794170868e+01 1.458040383809291018e+00
6.553898913549096505e+03 1.815510610853724671e+01 1.593305506448955189e+00
6.560452812462647671e+03 2.213938183043779517e+01 1.569600826922478820e+00
6.567013265275112644e+03 2.288094542540217091e+01 1.546078819274250504e+00
6.573580278540390282e+03 1.950132815121547480e+01 1.555645370842721587e+00
6.580153858818932349e+03 1.332294507015890161e+01 1.507871811154321451e+00
6.586734012677753526e+03 6.980019407412259014e+00 1.422910578606939813e+00
6.593320746690433225e+03 6.217141092113508627e+00 1.138728864702128973e+00
6.599914067437126505e+03 4.127034719242775651e+00 3.930462339724046239e-01
6.606513981504565891e+03 2.421743794814775086e+00 3.593117092270670110e-01
6.613120495486072286e+03 2.740227362188023541e+00 2.809343470762463713e-01
6.619733615981560433e+03 2.797835839137444047e+00 2.201679433892736112e-02
6.626353349597544366e+03 2.693496441864692947e+00 1.579664898866544112e-02
6.632979702947143778e+03 2.112761414556355799e+00 2.093346687407508788e-01
6.639612682650093120e+03 2.194511644739678857e+00 1.971116666878649504e-01
6.646252295332745234e+03 2.537579022029583964e+00 1.647797833749475305e-01
6.652898547628080451e+03 2.300972459683457760e+00 3.626086699254123941e-02
6.659551446175711135e+03 2.113913453330045211e+00 2.259682668127714969e-02
6.666210997621888964e+03 2.002437989345593916e+00 1.790534691409553444e-02
6.672877208619513112e+03 1.886538019125986843e+00 1.771121924879346873e-02
6.679550085828134797e+03 1.811841918759359960e+00 1.766178293955235346e-02
6.686229635913964557e+03 1.762041099052732207e+00 1.779749409830351861e-02
6.692915865549881346e+03 1.722956061904395320e+00 1.788807522637286124e-02
6.699608781415433441e+03 1.680075121963457985e+00 1.782761253592102246e-02
6.706308390196851178e+03 1.628245617233098130e+00 1.741913654246381865e-02
6.713014698587049679e+03 1.563294115600794010e+00 1.732115005557826812e-02
6.719727713285638856e+03 1.482392251964772312e+00 1.699103177880597476e-02
6.726447440998927050e+03 1.404069224082729050e+00 1.692363864825305667e-02
6.733173888439928305e+03 1.326107930397477874e+00 1.702757663602365301e-02
6.739907062328370557e+03 1.257115285958832596e+00 1.655245885434754316e-02
6.746646969390701088e+03 1.198825136475386799e+00 1.389639584008503168e-02
6.753393616360093802e+03 1.124685605191723559e+00 1.299289521339530226e-02
6.760147009976456502e+03 1.063635685132688247e+00 1.303527603432665105e-02
6.766907156986434529e+03 1.011156881399959184e+00 1.296583927412825639e-02
6.773674064143423493e+03 9.764197488473611575e-01 1.293421643155557785e-02
6.780447738207569273e+03 9.648239500694961723e-01 1.246748010094049681e-02
6.787228185945778932e+03 9.485410630389280451e-01 1.146651412888364044e-02
6.794015414131727084e+03 9.516340702154835185e-01 1.063289851170144337e-02
6.800809429545861349e+03 9.292759105840880940e-01 8.136957124434695404e-03
6.807610238975408720e+03 9.103248285173567433e-01 8.140787520370333652e-03
6.814417849214386479e+03 8.864252054688954718e-01 8.543804182292887711e-03
6.821232267063603103e+03 8.680402423367887810e-01 8.822187768212062103e-03
6.828053499330669183e+03 8.562561683132717816e-01 8.941700244499818304e-03
6.834881552830001965e+03 8.366883818871903022e-01 8.966217540753910684e-03
6.841716434382834450e+03 8.111395751522475495e-01 8.951021637824310706e-03
6.848558150817219939e+03 8.082507027717971138e-01 9.202432702797825118e-03
6.855406708968039311e+03 7.978822872157789181e-01 9.177235566653915363e-03
6.862262115677009206e+03 7.914339154627914041e-01 8.844378088618121483e-03
6.869124377792688392e+03 7.929720062907406053e-01 8.491605815418726624e-03
6.875993502170483225e+03 8.018536716651637475e-01 8.310741358945607574e-03
6.882869495672656740e+03 8.041570980273039515e-01 8.505794697904146481e-03
6.889752365168331380e+03 8.135593079045959630e-01 8.195682958611866242e-03
6.896642117533501732e+03 8.196995192139737707e-01 7.891198041105622688e-03
6.903538759651037253e+03 8.185921324107836572e-01 7.892699400600187987e-03
6.910442298410691365e+03 8.200282895510355718e-01 7.624273913322318803e-03
6.917352740709104182e+03 8.333270327170191338e-01 7.677491866646127087e-03
6.924270093449815249e+03 8.456937875904616542e-01 7.682259348579151097e-03
6.931194363543267173e+03 8.627836777745442332e-01 8.056459379737359802e-03
6.938125557906812901e+03 8.736818626359410533e-01 7.777601763443917765e-03
6.945063683464722089e+03 8.711578400140108647e-01 8.248834927005664966e-03
6.952008747148189286e+03 8.706568923179512920e-01 8.366752446422496062e-03
6.958960755895339389e+03 8.831354614489059784e-01 8.257014476696902458e-03
6.965919716651237650e+03 9.046539186497297713e-01 8.328532401672816138e-03
6.972885636367890584e+03 9.187564829257375276e-01 8.319231275095926789e-03
6.979858522004260521e+03 9.405125256692473679e-01 8.327034778419638295e-03
6.986838380526267429e+03 9.588862033056430034e-01 8.102909698432735411e-03
6.993825218906796181e+03 9.835469795184255126e-01 8.746468369552335212e-03
7.000819044125705659e+03 1.029462119631873840e+00 3.489599106975969922e-02
7.007819863169833297e+03 9.607065244111296920e-01 4.196139949486248077e-02
7.014827683033005087e+03 9.532015313469295315e-01 4.252533793954599295e-02
7.021842510716041033e+03 9.964225428361496162e-01 4.204583237552394354e-02
7.028864353226758794e+03 1.066761699291786103e+00 4.228108069192347551e-02
7.035893217579988232e+03 1.144112111440259261e+00 4.292309452924693985e-02
7.042929110797570502e+03 1.221275785246939583e+00 4.350384416988612585e-02
7.049972039908370789e+03 1.290358143002870550e+00 4.354732574052159327e-02
7.057022011948281033e+03 1.336240891155233479e+00 4.291756870377273075e-02
7.064079033960231754e+03 1.367697732400967592e+00 4.200988046798699582e-02
7.071143112994193871e+03 1.356471933905556204e+00 4.284706494219685247e-02
7.078214256107190522e+03 1.273091193370388785e+00 4.485473482412616342e-02
7.085292470363300708e+03 1.235436753172055369e+00 5.007978764969367447e-02
7.092377762833665656e+03 1.075114430515698771e+00 5.579687525241032453e-02
7.099470140596501551e+03 9.528277201309647282e-01 5.664908387548084345e-02
7.106569610737100447e+03 8.890711184646604703e-01 5.672810837564366132e-02
7.113676180347840273e+03 8.566002282394233891e-01 5.664417057128189742e-02
7.120789856528190285e+03 8.999229858273332106e-01 5.873771303980549613e-02
7.127910646384721076e+03 1.023440886735421884e+00 5.911959356900062246e-02
7.135038557031108212e+03 1.225463500544107465e+00 4.997595719107156276e-02
7.142173595588141325e+03 1.228194307253552831e+00 4.273156611889067369e-02
7.149315769183732300e+03 1.282266034356476681e+00 4.196260060810218934e-02
7.156465084952918005e+03 1.301821000129561590e+00 4.127483657075494555e-02
7.163621550037873021e+03 1.280177942871645103e+00 4.122442046574116559e-02
7.170785171587913283e+03 1.230574450063162129e+00 4.136052867193110855e-02
7.177955956759504261e+03 1.157135627562488445e+00 4.141297914821888415e-02
7.185133912716265513e+03 1.074065867199945457e+00 4.083090901947981910e-02
7.192319046628984324e+03 1.004723257575871109e+00 4.038912498305898685e-02
7.199511365675615707e+03 9.580680584829034396e-01 4.014106185662619231e-02
7.206710877041294225e+03 9.533731969682570639e-01 3.997926644328315265e-02
7.213917587918337631e+03 9.390689171345614206e-01 3.896718439713413307e-02
7.221131505506257781e+03 9.912016463433948044e-01 3.617135597886799586e-02
7.228352637011767001e+03 1.033644670094747475e+00 2.154976079551724349e-02
7.235580989648780815e+03 1.034127306028640225e+00 1.475270350633157458e-02
7.242816570638432495e+03 1.076338144980623301e+00 1.171196239818482476e-02
7.250059387209073066e+03 1.086692714171390239e+00 1.222228295665885728e-02
7.257309446596284033e+03 1.068723303325991969e+00 1.465349466683447087e-02
7.264566756042882844e+03 1.048061937736524341e+00 1.665633874384088095e-02
7.271831322798928340e+03 1.033923385427703234e+00 1.682776799311737695e-02
7.279103154121729858e+03 1.038053901242537602e+00 1.657446765183315240e-02
7.286382257275853590e+03 1.063255939275904449e+00 1.675394780339124409e-02
7.293668639533132591e+03 1.090607708308094503e+00 1.706998403454400987e-02
7.300962308172667690e+03 1.112562443182090632e+00 1.710162787752366950e-02
7.308263270480842948e+03 1.160540553221904858e+00 2.259856056540916064e-02
7.315571533751325660e+03 1.119529183601510658e+00 2.474129226842616130e-02
7.322887105285079997e+03 1.078057423114246571e+00 2.676657656624848933e-02
7.330209992390367006e+03 1.053295887242151840e+00 2.726930908842067902e-02
7.337540202382760071e+03 1.049468339580462484e+00 2.703693021608885583e-02
7.344877742585144915e+03 1.054634518831605527e+00 2.787283788583502439e-02
7.352222620327733239e+03 1.049130241247889561e+00 2.763540853013439838e-02
7.359574842948062724e+03 1.050314260734437344e+00 2.746784431165012058e-02
7.366934417791013402e+03 1.053446978050433858e+00 2.760678591653368749e-02
7.374301352208806748e+03 1.062487445937922770e+00 2.760119440243438346e-02
7.381675653561018407e+03 1.096051769664461828e+00 2.861327529261091518e-02
7.389057329214581841e+03 1.078094628883027539e+00 2.891405091624638102e-02
7.396446386543798326e+03 1.056256243084694235e+00 2.777304904721441745e-02
7.403842832930345139e+03 1.039930589522998883e+00 2.756564501548574783e-02
7.411246675763277381e+03 9.955257902192535813e-01 2.578095415248625802e-02
7.418657922439043432e+03 9.630345467568992568e-01 2.506701515160260005e-02
7.426076580361484957e+03 9.423212676935586174e-01 2.472276092177280726e-02
7.433502656941848727e+03 9.358492027588822815e-01 2.511081743221554863e-02
7.440936159598792983e+03 9.496446275188016317e-01 2.489262503452887784e-02
7.448377095758394717e+03 9.889730408552132035e-01 2.243681280101644457e-02
7.455825472854155123e+03 9.902326728403291201e-01 1.833989871417995160e-02
7.463281298327012337e+03 9.941681082448796669e-01 1.790866098436515175e-02
7.470744579625341430e+03 9.609760279786517811e-01 1.695930921984432557e-02
7.478215324204968965e+03 9.385785022741440775e-01 1.692441736074346004e-02
7.485693539529176633e+03 9.132205295606790063e-01 1.654391525562963483e-02
7.493179233068708527e+03 8.420079641392489433e-01 1.523278915574400628e-02
7.500672412301779332e+03 7.897283675155317706e-01 1.511307543796684173e-02
7.508173084714083416e+03 7.458812247596706690e-01 1.496695187602768880e-02
7.515681257798800289e+03 7.170716159585541760e-01 1.514914073258044440e-02
7.523196939056601877e+03 7.203874033435261337e-01 1.472579906539518702e-02
7.530720135995660712e+03 6.895659477358583311e-01 1.088166280011747776e-02
7.538250856131659020e+03 6.833511984811984075e-01 1.222258559637203791e-02
7.545789106987793275e+03 6.728564088567230428e-01 1.352280098129820043e-02
7.553334896094783289e+03 6.861901684825423287e-01 1.459232751318140925e-02
7.560888230990880402e+03 7.030364336970933437e-01 1.545719220168805669e-02
7.568449119221873843e+03 7.318486602163355448e-01 1.552624588911427454e-02
7.576017568341098013e+03 7.491979984026014838e-01 1.460966524948916628e-02
7.583593585909441572e+03 7.443239132337433617e-01 1.366497690124843060e-02
7.591177179495353812e+03 7.211319531287520013e-01 1.076677263559379719e-02
7.598768356674851930e+03 7.133371538978405813e-01 7.411667981929684519e-03
7.606367125031529213e+03 7.060212413957627220e-01 6.893565120477574901e-03
7.613973492156563225e+03 7.062202658959101376e-01 6.615103813948931474e-03
7.621587465648722173e+03 7.040642900558000683e-01 6.322735921447653756e-03
7.629209053114373091e+03 6.943703911869524292e-01 6.223668796095082126e-03
7.636838262167490029e+03 6.985173216483470116e-01 7.656883838864004047e-03
7.644475100429660415e+03 6.801364191092419409e-01 8.591954307218523795e-03
7.652119575530092334e+03 6.700774533776925335e-01 8.643356742942819720e-03
7.659771695105625440e+03 6.740426894689408588e-01 8.552744213430059361e-03
7.667431466800733688e+03 6.801509581199225440e-01 8.522693270798967907e-03
7.675098898267536242e+03 6.993071244948150245e-01 8.858612387237263172e-03
7.682773997165806577e+03 7.158414568158475433e-01 8.890616645996142486e-03
7.690456771162975201e+03 7.202880356645089410e-01 8.484901551943292708e-03
7.698147227934140574e+03 7.201535410735507847e-01 8.373666353363878184e-03
7.705845375162077289e+03 7.323348376547903493e-01 8.313626007400709561e-03
7.713551220537241534e+03 7.437639294031100912e-01 8.212597591249150633e-03
7.721264771757782000e+03 7.522416212039023664e-01 8.217562902699692209e-03
7.728986036529541707e+03 7.521507198327992416e-01 8.303269875293655539e-03
7.736715022566074367e+03 7.471660126618271391e-01 8.215691232458566945e-03
7.744451737588642573e+03 7.390544700326716621e-01 8.109076764027559753e-03
7.752196189326234162e+03 7.235249986662696253e-01 8.033671872189819541e-03
7.759948385515562222e+03 7.171562658423873415e-01 8.026694520322471757e-03
7.767708333901080550e+03 7.128326390071726415e-01 8.051351363062489788e-03
7.775476042234984561e+03 7.069997294032109858e-01 7.999537407474360817e-03
7.783251518277222203e+03 7.063746568948258142e-01 8.359016055316187757e-03
7.791034769795502143e+03 7.060239066724330881e-01 6.700057297930207996e-03
7.798825804565300132e+03 7.002351205217018926e-01 6.024581061597204974e-03
7.806624630369868100e+03 6.970220742177276607e-01 5.990114529832467338e-03
7.814431255000240526e+03 7.080085153344998217e-01 9.544787164598384291e-03
7.822245686255242617e+03 6.981696747037332562e-01 1.303715774973181023e-02
7.830067931941501229e+03 6.890911627946501028e-01 1.397725181567165305e-02
7.837897999873444860e+03 6.934412109572020144e-01 1.385926411376292057e-02
7.845735897873320937e+03 7.115551147479398653e-01 1.389395852927526910e-02
7.853581633771196721e+03 7.359961287563263621e-01 1.402627500980071183e-02
7.861435215404970222e+03 7.612484936065220253e-01 1.424282233434864646e-02
7.869296650620378387e+03 7.876998772830970941e-01 1.419542518466850034e-02
7.877165947271001642e+03 8.077120715422115849e-01 1.414000711570907731e-02
7.885043113218274812e+03 8.209944125578635399e-01 1.402560361686057758e-02
7.892928156331495302e+03 8.293132211859716163e-01 1.393652341142489343e-02
7.900821084487829467e+03 8.218475561910096872e-01 1.403225708145993018e-02
7.908721905572319884e+03 8.067680745230482176e-01 1.421273507186471448e-02
7.916630627477895359e+03 7.894888284767775932e-01 1.426629390505258776e-02
7.924547258105375477e+03 7.708067203560854397e-01 1.414558126050395950e-02
7.932471805363483327e+03 7.421106273735483816e-01 1.394841353708667700e-02
7.940404277168850058e+03 7.191484827282322856e-01 1.337221371061906444e-02
7.948344681446021241e+03 7.092700015723860663e-01 1.352538890426603115e-02
7.956293026127469602e+03 7.090934847596261914e-01 1.350109480959741162e-02
7.964249319153599572e+03 7.176247249203731027e-01 1.282010630200681837e-02
7.972213568472756378e+03 7.295393955161156851e-01 9.673029459457853363e-03
7.980185782041231505e+03 7.056499734737172735e-01 4.725490336702609095e-03
7.988165967823275423e+03 7.025003977175751091e-01 4.774094022239598611e-03
7.996154133791101231e+03 7.050997418448423648e-01 4.511679916476446159e-03
8.004150287924895565e+03 7.016993829810421746e-01 4.421945728280018799e-03
8.012154438212822242e+03 7.029012928654782000e-01 4.282515474898888203e-03
8.020166592651037718e+03 6.967024253754637853e-01 3.945495143050948075e-03
8.028186759243691995e+03 6.946391910840975514e-01 3.949971362322108118e-03
8.036214946002938632e+03 6.935796061500784093e-01 4.078749434660212773e-03
8.044251160948943834e+03 6.960445429595198963e-01 4.449308402098287735e-03
8.052295412109895551e+03 6.994739313172583239e-01 4.730393139244917083e-03
8.060347707522008022e+03 6.994446975186932036e-01 4.799074306328450848e-03
8.068408055229532692e+03 7.030505180099032581e-01 4.856154295781542167e-03
8.076476463284764577e+03 7.158645595345242141e-01 4.988417213868404955e-03
8.084552939748052268e+03 7.248429447477101606e-01 4.916953535717343698e-03
8.092637492687803388e+03 7.347175262438873089e-01 4.985479610627320535e-03
8.100730130180493688e+03 7.464394358680103148e-01 5.084259791460377098e-03
8.108830860310677053e+03 7.587079800238634153e-01 4.943617040194538646e-03
8.116939691170990045e+03 7.641414198220380927e-01 5.021141959253727464e-03
8.125056630862163729e+03 7.696612488604264168e-01 4.962450901619502343e-03
8.133181687493028221e+03 7.721114187746876967e-01 4.832030512400655071e-03
8.141314869180524511e+03 7.800856678145369205e-01 4.996533970070142321e-03
8.149456184049707190e+03 7.852954519094709207e-01 5.560257636756724478e-03
8.157605640233759914e+03 7.848425083962202731e-01 5.904107341190752319e-03
8.165763245873996311e+03 7.875927422111398402e-01 6.260792900437198161e-03
8.173929009119872717e+03 8.017810827084825842e-01 6.563903898897401230e-03
8.182102938128995447e+03 8.161122356460047689e-01 6.616351913182516933e-03
8.190285041067127167e+03 8.321845183464819939e-01 6.557771142606595369e-03
8.198475326108196896e+03 8.498037728565162041e-01 6.616529122420874987e-03
8.206673801434308189e+03 8.771851852834110508e-01 7.038502382094807483e-03
8.214880475235744598e+03 8.796077096244838689e-01 8.366915352090314312e-03
8.223095355710984222e+03 8.870960012963632346e-01 8.362437535365649724e-03
8.231318451066697889e+03 8.958627468513600256e-01 8.615778537633527259e-03
8.239549769517767345e+03 9.107722843286577552e-01 8.709391087398658110e-03
8.247789319287287071e+03 9.237656450437149447e-01 8.614702697142673574e-03
8.256037108606577021e+03 9.396506413714100781e-01 8.510966998057230629e-03
8.264293145715186256e+03 9.627258668325255897e-01 8.813124185734152322e-03
8.272557438860903858e+03 9.780983155988086652e-01 8.812841536391271755e-03
8.280829996299768027e+03 9.971442873155179631e-01 8.979752542378016331e-03
8.289110826296069718e+03 1.005295323417054743e+00 9.012907493123906849e-03
8.297399937122369010e+03 1.012925180679377313e+00 9.343806426627824721e-03
8.305697337059495112e+03 1.021967861127599297e+00 9.467562666073865013e-03
8.314003034396557268e+03 1.032196272239398915e+00 9.002280095654504807e-03
8.322317037430955679e+03 1.040363624863684722e+00 8.937379929373020018e-03
8.330639354468388774e+03 1.055735303043300322e+00 9.039923364009458048e-03
8.338969993822860488e+03 1.065042515611566598e+00 8.851702748222837341e-03
8.347308963816685718e+03 1.075031155310206543e+00 8.914537935906427166e-03
8.355656272780506697e+03 1.096914309722605507e+00 8.947608073999177569e-03
8.364011929053289350e+03 1.153424718414556738e+00 1.248407615784486412e-02
8.372375940982345128e+03 1.174964611800294101e+00 1.396925242683393423e-02
8.380748316923331004e+03 1.178587739325517747e+00 1.515903345164384790e-02
8.389129065240256750e+03 1.213928680919421410e+00 1.523164591304511199e-02
8.397518194305499492e+03 1.245584459389144971e+00 1.488750424519485853e-02
8.405915712499807341e+03 1.303372543784737880e+00 1.720990850573140413e-02
8.414321628212310316e+03 1.375831552166066674e+00 2.280851340485576598e-02
8.422735949840525791e+03 1.441209085209471441e+00 2.276984121198484881e-02
8.431158685790369418e+03 1.504926878219203346e+00 2.277404634006138795e-02
8.439589844476162398e+03 1.580836060911623875e+00 2.247746376745156718e-02
8.448029434320640576e+03 1.636230997943050269e+00 2.253480760645204528e-02
8.456477463754963537e+03 1.669236859916405136e+00 2.254857134175474939e-02
8.464933941218721884e+03 1.702287358515271576e+00 2.256961431998536285e-02
8.473398875159942691e+03 1.706447088066959106e+00 2.262152703153455860e-02
8.481872274035105875e+03 1.695077596336562298e+00 2.264090111899308422e-02
8.490354146309144198e+03 1.672666955625623952e+00 2.252335095838600698e-02
8.498844500455456000e+03 1.634165294258202561e+00 2.248545477841656925e-02
8.507343344955914290e+03 1.576951768888448235e+00 2.240016882145435401e-02
8.515850688300872207e+03 1.527829951710357514e+00 2.225999874360241187e-02
8.524366538989177570e+03 1.506397008884510669e+00 2.196748244987348220e-02
8.532890905528169242e+03 1.511301434236688834e+00 2.155924418445244808e-02
8.541423796433698953e+03 1.456470892668433770e+00 2.065210302813733079e-02
8.549965220230136765e+03 1.447163070193401735e+00 2.070511565454391870e-02
8.558515185450369245e+03 1.456024435818168650e+00 2.038806591971518284e-02
8.567073700635823116e+03 1.500240217683935118e+00 2.034290364181614089e-02
8.575640774336461618e+03 1.595354167912784282e+00 1.614887404636265039e-02
8.584216415110800881e+03 1.645953191128102677e+00 1.228433717562421937e-02
8.592800631525913559e+03 1.713971476033291141e+00 1.220348564737162682e-02
8.601393432157443385e+03 1.792396330995566833e+00 1.199924763366602525e-02
8.609994825589603352e+03 1.857817176273056203e+00 1.229234806852037322e-02
8.618604820415195718e+03 1.924714108635961152e+00 1.217102846581460604e-02
8.627223425235613831e+03 1.995697593930018776e+00 1.223183577021901176e-02
8.635850648660851220e+03 2.064125158725688358e+00 1.202322945516494206e-02
8.644486499309516148e+03 2.131956924715211699e+00 1.230379452817153933e-02
8.653130985808827973e+03 2.192715713780392761e+00 1.247272403591593616e-02
8.661784116794638976e+03 2.248216983914803624e+00 1.247441527061374060e-02
8.670445900911438002e+03 2.299822380494041418e+00 1.269776899221219599e-02
8.679116346812352276e+03 2.330536373177625187e+00 1.295204582804464558e-02
8.687795463159167412e+03 2.361597499255936317e+00 1.323506337773778380e-02
8.696483258622329231e+03 2.389221916621729225e+00 1.302399226565247210e-02
8.705179741880954680e+03 2.401249115029907344e+00 1.044086307248220241e-02
8.713884921622837282e+03 2.376114528569683415e+00 9.184448012339632358e-03
8.722598806544463514e+03 2.330665287549331222e+00 9.250746394529447969e-03
8.731321405351010981e+03 2.249901671412136039e+00 9.601430381211242468e-03
8.740052726756364791e+03 2.155693586759510616e+00 1.036708769973407156e-02
8.748792779483124832e+03 2.064276008076567415e+00 1.048782322028260494e-02
8.757541572262609407e+03 1.959047223129910975e+00 1.031082892617350699e-02
8.766299113834875243e+03 1.858348930264344556e+00 1.048221252929712986e-02
8.775065412948713856e+03 1.759463003938875669e+00 1.059381497007883324e-02
8.783840478361664282e+03 1.673786563022124474e+00 1.076771864157447314e-02
8.792624318840029446e+03 1.615347115390908250e+00 1.046337192639950654e-02
8.801416943158872527e+03 1.594322666781174958e+00 1.036829395474181750e-02
8.810218360102035149e+03 1.616760768132747161e+00 1.106952186446374074e-02
8.819028578462139194e+03 1.645371927995149974e+00 1.144807625618095813e-02
8.827847607040604998e+03 1.686069053812954799e+00 1.183052386473912830e-02
8.836675454647647712e+03 1.731754748093963014e+00 1.087405634045715032e-02
8.845512130102299125e+03 1.737744521233205885e+00 1.690823079571904600e-02
8.854357642232404032e+03 1.679344316087415523e+00 1.901779201168041222e-02
8.863211999874638423e+03 1.619537254374008306e+00 1.994957727534994382e-02
8.872075211874516754e+03 1.556910000784978543e+00 2.015128896789405294e-02
8.880947287086393771e+03 1.494121318062643144e+00 2.045898581292681165e-02
8.889828234373482701e+03 1.422519452706746401e+00 2.075616986305233932e-02
8.898718062607858883e+03 1.335158947908795524e+00 2.083127716259809345e-02
8.907616780670470689e+03 1.245261541590079180e+00 2.112905011058698046e-02
8.916524397451143159e+03 1.168279429034916106e+00 2.137075485330130684e-02
8.925440921848598009e+03 1.102485241837239727e+00 2.134110195333985965e-02
8.934366362770449996e+03 1.044698989990033855e+00 2.116387079365277327e-02
8.943300729133223285e+03 9.937274056090891206e-01 2.092982838985629757e-02
8.952244029862358730e+03 9.469350463746507574e-01 2.023290212758336454e-02
8.961196273892224781e+03 8.846990255882893894e-01 1.954057370180136560e-02
8.970157470166119310e+03 8.368587003900751498e-01 1.903045331464821299e-02
8.979127627636287798e+03 8.140352435331611458e-01 1.988593918730098206e-02
8.988106755263928790e+03 7.878535058611770836e-01 2.191835361951948932e-02
8.997094862019195716e+03 7.430441337676012559e-01 2.358842163554251622e-02
9.006091956881216902e+03 7.515720327641844944e-01 2.377731142321434094e-02
9.015098048838101022e+03 8.136956898132871041e-01 2.189763409487529774e-02
9.024113146886942559e+03 8.063204312431812015e-01 1.778853534514443155e-02
9.033137260033832717e+03 8.386554930665495178e-01 1.874169230868507480e-02
9.042170397293868518e+03 8.602710016313682706e-01 1.924458962892830471e-02
9.051212567691165532e+03 8.653315824812148893e-01 1.934827119178448088e-02
9.060263780258859697e+03 8.600837077019133359e-01 1.942642438747050823e-02
9.069324044039121873e+03 8.586353714239327584e-01 1.942625576277029822e-02
9.078393368083163296e+03 8.498402219188337936e-01 1.951444977511952381e-02
9.087471761451250131e+03 8.586682088563545312e-01 2.108705740486812794e-02
9.096559233212705294e+03 8.103903478996213883e-01 2.259079013611831749e-02
9.105655792445919360e+03 7.655106110155610599e-01 2.286715008377930916e-02
9.114761448238368757e+03 7.511909492304980063e-01 2.414801033773417149e-02
9.123876209686610309e+03 6.849871566234327913e-01 2.516482568535115955e-02
9.133000085896299424e+03 6.433965165936927910e-01 2.462802514767599427e-02
9.142133085982199191e+03 6.742782169482289811e-01 2.550777456499965859e-02
9.151275219068184015e+03 7.211318706197185069e-01 2.515519817062963903e-02
9.160426494287255991e+03 8.182268729761632553e-01 2.310623687253857139e-02
9.169586920781546723e+03 8.498810164923362720e-01 2.110289810313507528e-02
9.178756507702330055e+03 8.958094820991094887e-01 2.131715614667021794e-02
9.187935264210036621e+03 9.411929868940622779e-01 2.160913605652133376e-02
9.197123199474248395e+03 9.744065138718164265e-01 2.179639208871069975e-02
9.206320322673725968e+03 1.002538617803241161e+00 2.152317648921717522e-02
9.215526642996403098e+03 1.004509342579460229e+00 2.177885524620825838e-02
9.224742169639403073e+03 9.585394699408138486e-01 2.317712546256583961e-02
9.233966911809044177e+03 8.729839994205320641e-01 2.456376194669182902e-02
9.243200878720857872e+03 7.840289264071967912e-01 2.585641407004439507e-02
9.252444079599581528e+03 6.907903400405946970e-01 2.726189907713909288e-02
9.261696523679183883e+03 6.387526851515810122e-01 2.886894738873575089e-02
9.270958220202865050e+03 5.893646455849683718e-01 2.742106695367711386e-02
9.280229178423071062e+03 5.486742423751255204e-01 2.624031282429478695e-02
9.289509407601497514e+03 5.851441085960256139e-01 2.332082570808879235e-02
9.298798917009102297e+03 6.063742323309501137e-01 2.001950432005836916e-02
9.308097715926114688e+03 5.564447415315002532e-01 1.329731896914057056e-02
9.317405813642044450e+03 5.555498305057843256e-01 1.240349939726319468e-02
9.326723219455689105e+03 5.788749393618504158e-01 9.996566660066000254e-03
9.336049942675148486e+03 5.714768135345654754e-01 8.003110816985327391e-03
9.345385992617826560e+03 5.748261107188421537e-01 7.843549727026404364e-03
9.354731378610447791e+03 5.701954507441334696e-01 7.505931771784931511e-03
9.364086109989060787e+03 5.767674440522105872e-01 7.703523253719701813e-03
9.373450196099052846e+03 5.766191087564112028e-01 8.082641253577339466e-03
9.382823646295155413e+03 5.682188747732431766e-01 8.365419625827607425e-03
9.392206469941453179e+03 5.671955052024142407e-01 8.602948254969025946e-03
9.401598676411396809e+03 5.584291969786148169e-01 8.540638878339903983e-03
9.411000275087812042e+03 5.544417059301528505e-01 8.615751813700665493e-03
9.420411275362903325e+03 5.937442080626266216e-01 1.961739908083481518e-02
9.429831686638268366e+03 5.267780950127921580e-01 2.256901352416339560e-02
9.439261518324910867e+03 4.936580580512028305e-01 2.294951147060896729e-02
9.448700779843238706e+03 4.871177541762933272e-01 2.256341293120282462e-02
9.458149480623085765e+03 5.060442510469810307e-01 2.238126643406359792e-02
9.467607630103711926e+03 5.303436473310566557e-01 2.200166162811697732e-02
9.477075237733817630e+03 5.709070731026105738e-01 2.204302864455278885e-02
9.486552312971554784e+03 6.135216100847650234e-01 2.178836305432170842e-02
9.496038865284530402e+03 6.656216784103003992e-01 2.183040961197132285e-02
9.505534904149817521e+03 6.988422365269173486e-01 2.130152419695583235e-02
9.515040439053969749e+03 7.251418398317444058e-01 2.067089320760767332e-02
9.524555479493026724e+03 7.309029195528773393e-01 2.015102072141653627e-02
9.534080034972523208e+03 7.298255929836776623e-01 1.973091504074724056e-02
9.543614115007500004e+03 7.134739526119628916e-01 1.952648026589386826e-02
9.553157729122509409e+03 7.021154842643674288e-01 1.915563647015894322e-02
9.562710886851635223e+03 6.791040100049368089e-01 1.875893075594095918e-02
9.572273597738490935e+03 6.512260115495074331e-01 1.821191593924681093e-02
9.581845871336232449e+03 6.198143580030195388e-01 1.770698908048668266e-02
9.591427717207570822e+03 5.862635358167928024e-01 1.716822462377493724e-02
9.601019144924781358e+03 5.505493322638477238e-01 1.662212676416186669e-02
9.610620164069710881e+03 5.199213354557311595e-01 1.635744155136200154e-02
9.620230784233783197e+03 4.959763798468007634e-01 1.585731627863028875e-02
9.629851015018019098e+03 4.764280757257189913e-01 1.557835350371849191e-02
9.639480866033041821e+03 4.620131418980879534e-01 1.538754356335516812e-02
9.649120346899077049e+03 4.573377567322101100e-01 1.541842266208169436e-02
9.658769467245980195e+03 4.532708775885263552e-01 1.536006673353916205e-02
9.668428236713229126e+03 4.571755968109089130e-01 1.498671003752767052e-02
9.678096664949945989e+03 4.769409172253523677e-01 1.427455931583513846e-02
9.687774761614899035e+03 5.040532849258828607e-01 1.320075196504851521e-02
9.697462536376517164e+03 4.905815805295528631e-01 8.380861583700391707e-03
9.707159998912895389e+03 5.026150169166795356e-01 9.077308688592690758e-03
9.716867158911813021e+03 5.056695673085151999e-01 9.251470241672153996e-03
9.726584026070726395e+03 5.012254299046507988e-01 9.906241985857277416e-03
9.736310610096801611e+03 5.099940673799280288e-01 1.014197801120280545e-02
9.746046920706901801e+03 5.101200598961667110e-01 1.015045033131100304e-02
9.755792967627610778e+03 5.144506019012194953e-01 1.049468989506988428e-02
9.765548760595242129e+03 5.223043112834091506e-01 1.102571619037384654e-02
9.775314309355841033e+03 5.299858587154586687e-01 1.176078444504318095e-02
9.785089623665198815e+03 5.404442127328449308e-01 1.271930921303884333e-02
9.794874713288867497e+03 5.538478480207945642e-01 1.403324577236469452e-02
9.804669588002159799e+03 5.625550768614165920e-01 1.585979345150612466e-02
9.814474257590165507e+03 5.758227486650238092e-01 1.834179531024497309e-02
9.824288731847758754e+03 5.905677194938016017e-01 2.184812691211740487e-02
9.834113020579610748e+03 6.079391662979046762e-01 2.667765078662781911e-02
9.843947133600193411e+03 6.305599984461218721e-01 3.320800896404964980e-02
9.853791080733795752e+03 6.595332261636724924e-01 4.195574745262660443e-02
9.863644871814532962e+03 6.937753195321876287e-01 5.410646182732284371e-02
9.873508516686351868e+03 7.259709041897317583e-01 7.050276711736590263e-02
9.883382025203040030e+03 7.628958969362039655e-01 9.396645232146916271e-02
9.893265407228247568e+03 8.030839326336872697e-01 1.282501562942240658e-01
