# starting wavelength: 3413.225
# ending wavelength: 9644.356
# wav flux eflux
3.415711815966390986e+03 -6.924834687937106992e-01 1.348797348536538765e+00
3.419127527782358356e+03 -2.695022863562455684e-01 1.329249942303538878e+00
3.422546655310141887e+03 4.030900991111363574e-03 1.195566192460025601e+00
3.425969201965453522e+03 -3.423248607479197902e-01 1.189054713790181239e+00
3.429395171167419903e+03 -5.738702083266900011e-01 1.134495912369823056e+00
3.432824566338588284e+03 -5.844833264277708995e-01 1.066288982485255721e+00
3.436257390904928343e+03 -2.554599435544667174e-01 1.018359798253446691e+00
3.439693648295834464e+03 2.546682950740336571e-01 1.006564611593111502e+00
3.443133341944131189e+03 5.062358133669502269e-01 9.681498412174666113e-01
3.446576475286076402e+03 7.836717440628272469e-01 9.393799726286545804e-01
3.450023051761363604e+03 1.088610366010712482e+00 9.351890896484520432e-01
3.453473074813126004e+03 1.312069525425945349e+00 9.171257666229007954e-01
3.456926547887940615e+03 1.344358742257518946e+00 8.992593178823310440e-01
3.460383474435829612e+03 1.672013676776953783e+00 8.433751401483260413e-01
3.463843857910266706e+03 1.903116640127270998e+00 8.503704681400992005e-01
3.467307701768178049e+03 1.608944891028962321e+00 9.080402017648363522e-01
3.470775009469947236e+03 1.415656597153622798e+00 9.023385858190080544e-01
3.474245784479418489e+03 1.411638415231565302e+00 8.940592127091913088e-01
3.477720030263898934e+03 8.645735599808767047e-01 9.276255644573691006e-01
3.481197750294164052e+03 6.928159401139577511e-01 9.159449101203837040e-01
3.484678948044459503e+03 3.505669645773689114e-01 9.074350125309688098e-01
3.488163626992504760e+03 5.919562046680637568e-02 8.972024991887385115e-01
3.491651790619498570e+03 -1.495440550898163856e-02 8.940307821291159085e-01
3.495143442410119405e+03 -7.458263380379048790e-02 8.869675755107534476e-01
3.498638585852530468e+03 -1.259494969856749247e-01 8.824819271802816223e-01
3.502137224438384237e+03 -6.960167941964501281e-01 9.323111692691323782e-01
3.505639361662823831e+03 -6.065540307861134739e-01 9.161636831381010371e-01
3.509145001024487556e+03 -4.295830114466576699e-01 9.144018715694635091e-01
3.512654146025513455e+03 -2.067844450914679832e-02 9.529703098276103290e-01
3.516166800171540217e+03 2.545027705300317855e-01 9.445856745262386500e-01
3.519682966971712631e+03 4.230727855022846096e-01 9.538164385027353420e-01
3.523202649938685681e+03 7.308452188160374785e-01 9.459517455205954661e-01
3.526725852588625457e+03 7.779704240593512399e-01 9.287915979901649743e-01
3.530252578441215064e+03 1.033606215453305222e+00 9.221247804090965117e-01
3.533782831019657806e+03 1.065799243205451274e+00 9.098090402003344845e-01
3.537316613850678550e+03 1.516658498303102620e+00 8.529422456082148551e-01
3.540853930464530094e+03 2.012819578012079447e+00 7.357133764148383603e-01
3.544394784394995895e+03 2.111139141021233900e+00 7.416864917653341882e-01
3.547939179179392340e+03 1.933267003559498765e+00 7.425519163286942170e-01
3.551487118358572843e+03 1.669754902896827709e+00 6.467535362669259991e-01
3.555038605476932389e+03 1.413877001564197045e+00 6.606457003091253943e-01
3.558593644082410719e+03 1.546454805011064471e+00 6.569360997284542369e-01
3.562152237726494150e+03 1.634011342604100525e+00 6.524952194526735250e-01
3.565714389964221937e+03 1.563331961262270919e+00 6.325104305551408901e-01
3.569280104354187188e+03 1.792564413279593705e+00 6.677518822035223289e-01
3.572849384458542772e+03 1.748788032619918553e+00 6.617717532883569120e-01
3.576422233843002232e+03 1.773976746193602239e+00 6.606199176621587732e-01
3.579998656076846601e+03 1.857624388756312639e+00 6.512858762685456160e-01
3.583578654732924406e+03 1.813316300817808369e+00 6.431057819342514970e-01
3.587162233387658489e+03 1.782442801001839161e+00 6.313584187409364556e-01
3.590749395621047370e+03 1.741203465315994237e+00 5.994484024548397683e-01
3.594340145016669794e+03 1.480970672978014768e+00 6.173934513963595938e-01
3.597934485161687462e+03 1.232111565650206852e+00 6.054522527521616349e-01
3.601532419646850485e+03 1.075044158527109994e+00 6.038786970321234904e-01
3.605133952066498296e+03 8.381595794748947226e-01 6.045232734216294812e-01
3.608739086018566013e+03 8.531926284196165167e-01 6.001489971737683504e-01
3.612347825104585809e+03 1.003192488600070487e+00 6.020623222695842269e-01
3.615960172929691907e+03 9.247285450532725104e-01 6.063059058224303799e-01
3.619576133102622407e+03 6.404597938620403275e-01 5.158302413547795062e-01
3.623195709235726554e+03 5.380449635378092843e-01 5.020753022692651113e-01
3.626818904944963379e+03 5.759760213305273879e-01 4.878150816897923736e-01
3.630445723849909427e+03 5.320460904323176532e-01 4.773656620545235207e-01
3.634076169573760581e+03 4.519804819586725753e-01 4.660510126638364170e-01
3.637710245743335690e+03 3.744868740487428127e-01 4.629380367611314329e-01
3.641347955989080219e+03 3.645253567641276726e-01 4.620240901278651613e-01
3.644989303945070333e+03 5.183592667551510935e-01 4.636576848267598971e-01
3.648634293249016537e+03 6.630525745059402398e-01 4.588651503863704351e-01
3.652282927542266862e+03 9.409896113815510166e-01 4.456486755567942715e-01
3.655935210469810499e+03 1.090042684934798389e+00 4.427388121803381704e-01
3.659591145680281443e+03 1.150829586939702720e+00 4.366535232995990556e-01
3.663250736825963031e+03 1.131007061575441508e+00 4.319388602905622765e-01
3.666913987562790226e+03 1.046055622762468662e+00 4.331627198566856407e-01
3.670580901550354156e+03 8.902097917967123353e-01 4.305772665420932732e-01
3.674251482451905758e+03 8.184645017169084324e-01 4.115618592384358010e-01
3.677925733934358959e+03 7.940255196958283523e-01 4.070698864188528887e-01
3.681603659668294313e+03 8.789914701934353758e-01 3.936631951556345821e-01
3.685285263327964003e+03 8.270315313577615290e-01 3.782632894250917976e-01
3.688970548591293209e+03 9.864597617900651150e-01 3.858996398431184804e-01
3.692659519139885560e+03 9.637820321385196509e-01 3.825942320427609955e-01
3.696352178659026777e+03 1.015757532424320653e+00 3.414329068399335476e-01
3.700048530837686940e+03 9.553026053055541089e-01 3.583146377650858749e-01
3.703748579368525952e+03 1.020246475026460597e+00 3.553675346867655738e-01
3.707452327947895355e+03 8.866496334719311534e-01 3.325797390699078981e-01
3.711159780275844696e+03 8.078288056761168123e-01 3.283969012063806536e-01
3.714870940056121526e+03 7.477819933776201911e-01 3.165450907094131683e-01
3.718585810996179134e+03 7.742275150563984187e-01 3.046188916731673024e-01
3.722304396807176545e+03 8.781945133092211586e-01 2.817682089483767860e-01
3.726026701203984885e+03 9.648963760524047473e-01 2.728931751573588360e-01
3.729752727905190113e+03 9.155302570847694277e-01 2.729250891516400435e-01
3.733482480633096657e+03 8.096892969779382332e-01 2.789724175122322292e-01
3.737215963113731050e+03 6.756584284396888185e-01 2.813039052699304876e-01
3.740953179076846027e+03 6.245662772521721751e-01 2.792565739361710930e-01
3.744694132255923705e+03 5.190869103414357255e-01 2.561182919972231908e-01
3.748438826388181042e+03 3.742915314660628101e-01 2.403936886358152003e-01
3.752187265214570289e+03 3.948975119398202005e-01 2.396686474347947682e-01
3.755939452479786269e+03 4.829192744466487275e-01 2.464088130271492316e-01
3.759695391932267285e+03 5.748258455588524107e-01 2.378363415884962861e-01
3.763455087324201031e+03 7.623941624524857019e-01 2.351918195136889767e-01
3.767218542411526414e+03 9.245012971440205174e-01 2.419734177226227079e-01
3.770985760953939007e+03 9.526384818570281521e-01 2.397316650713341990e-01
3.774756746714894234e+03 1.063429114212225635e+00 2.433356651249325708e-01
3.778531503461610555e+03 1.081772312016259674e+00 2.466221608633500650e-01
3.782310034965073100e+03 1.237523000386214989e+00 2.576584838612416828e-01
3.786092345000039586e+03 1.309933960069836534e+00 2.510716201286840588e-01
3.789878437345040766e+03 1.263839841873172887e+00 2.476000582226286495e-01
3.793668315782387253e+03 1.366929345896081838e+00 2.377815192164805802e-01
3.797461984098170888e+03 1.208937737070099105e+00 2.484180931473845000e-01
3.801259446082270188e+03 1.165391725443218451e+00 2.373654126006739529e-01
3.805060705528353537e+03 1.205301091961037629e+00 2.338869793271665665e-01
3.808865766233883278e+03 1.088240333288064132e+00 2.132036729012705134e-01
3.812674632000118436e+03 1.029396163943166798e+00 2.101741474724918013e-01
3.816487306632119726e+03 9.525911196360818955e-01 2.181947281818674700e-01
3.820303793938753188e+03 9.431857680116609854e-01 2.149023946833297227e-01
3.824124097732693372e+03 1.079009721360066676e+00 2.164846260508061226e-01
3.827948221830427428e+03 1.118701381332049438e+00 2.139806741495192399e-01
3.831776170052258749e+03 1.237734605564394075e+00 2.310995459866997115e-01
3.835607946222312421e+03 1.121624905545867135e+00 2.531727471636070481e-01
3.839443554168536139e+03 1.168037179498936151e+00 2.507415175241602401e-01
3.843282997722705659e+03 1.365542042988761251e+00 2.775385706797680596e-01
3.847126280720429804e+03 1.380911001121790882e+00 2.741733122692986968e-01
3.850973407001151372e+03 1.351270832331532334e+00 2.750228663123196471e-01
3.854824380408153957e+03 1.316606597164623249e+00 2.772370902015414695e-01
3.858679204788563311e+03 1.312246838331811771e+00 2.735175118959519702e-01
3.862537883993353262e+03 1.329910862462951204e+00 2.792119655419986746e-01
3.866400421877347981e+03 1.290526713589996488e+00 2.726736373237726996e-01
3.870266822299226533e+03 1.291254654639319766e+00 2.699817153986442397e-01
3.874137089121526969e+03 1.248214081163985689e+00 2.518268892074706500e-01
3.878011226210649966e+03 1.319950867054151988e+00 2.517611653376380376e-01
3.881889237436861549e+03 1.370360179607926554e+00 2.576080913677643580e-01
3.885771126674299921e+03 1.369304118546894600e+00 2.542796827872675358e-01
3.889656897800975457e+03 1.356583704947192714e+00 2.505330957920285928e-01
3.893546554698777527e+03 1.223092005548158667e+00 2.486860938358053108e-01
3.897440101253477678e+03 1.342077388097119517e+00 2.411177813299439365e-01
3.901337541354732366e+03 1.321564799574946436e+00 2.383725578386722277e-01
3.905238878896088409e+03 1.225650335781709677e+00 2.446319902855637052e-01
3.909144117774985716e+03 1.164255229306533579e+00 2.217690862071623470e-01
3.913053261892762293e+03 1.136531369039385453e+00 2.302046986306094944e-01
3.916966315154656058e+03 1.184133691450885095e+00 2.303624529720350866e-01
3.920883281469812118e+03 1.219120827746668301e+00 2.258749235786204623e-01
3.924804164751283224e+03 1.183084473466165409e+00 2.076130638617613156e-01
3.928728968916035683e+03 1.213131277671438690e+00 1.809068767488956342e-01
3.932657697884953450e+03 1.372689290430757270e+00 1.437579935966071532e-01
3.936590355582839493e+03 1.440778973898046766e+00 1.443776045775137518e-01
3.940526945938423523e+03 1.448511838106913308e+00 1.424779772876439976e-01
3.944467472884363360e+03 1.395100167729031782e+00 1.463926685731156696e-01
3.948411940357249023e+03 1.434488958223839150e+00 1.433233035035173519e-01
3.952360352297607733e+03 1.414438373583067454e+00 1.419869394601335211e-01
3.956312712649906643e+03 1.333775910335852632e+00 1.347820980953667591e-01
3.960269025362557841e+03 1.344186505566609569e+00 1.699172198662327049e-01
3.964229294387921527e+03 1.246763534563088305e+00 1.744360122180704242e-01
3.968193523682310570e+03 1.142372459568747445e+00 1.780138065130210112e-01
3.972161717205994591e+03 1.034189948358306133e+00 1.755563045771026953e-01
3.976133878923201792e+03 8.938270377580550541e-01 1.747277176601238213e-01
3.980110012802126221e+03 8.762743106313823915e-01 1.716640500258235225e-01
3.984090122814929600e+03 8.469506856796202854e-01 1.721934630301248659e-01
3.988074212937745870e+03 8.299959223395980690e-01 1.616418814548506444e-01
3.992062287150684824e+03 9.801107582024188858e-01 1.742443024243598981e-01
3.996054349437837118e+03 1.134884622498195217e+00 1.954744355958676072e-01
4.000050403787276082e+03 1.262220263805837073e+00 1.883157916136060928e-01
4.004050454191064546e+03 1.315622502049822451e+00 1.873013947238271470e-01
4.008054504645257111e+03 1.439068206397959626e+00 1.977137975274183557e-01
4.012062559149903791e+03 1.550483540453176934e+00 1.921909278744758365e-01
4.016074621709055009e+03 1.635309085468113599e+00 1.859057583821972504e-01
4.020090696330765240e+03 1.594053125956403250e+00 1.938635053056881885e-01
4.024110787027097558e+03 1.504351553612034431e+00 1.815888500261663152e-01
4.028134897814125907e+03 1.455115171795095641e+00 1.997320547047587713e-01
4.032163032711941469e+03 1.356566055932735937e+00 2.050913325681737731e-01
4.036195195744654484e+03 1.250562420050186807e+00 2.080227410352127326e-01
4.040231390940400615e+03 1.306377115147145052e+00 1.903596225163300126e-01
4.044271622331342314e+03 1.263757362221274327e+00 1.835524269819991117e-01
4.048315893953675186e+03 1.275963736469850174e+00 1.789993538112947813e-01
4.052364209847629809e+03 1.358011220701188515e+00 1.811396638217823429e-01
4.056416574057479011e+03 1.313672382181150011e+00 1.806021983119414920e-01
4.060472990631537868e+03 1.340046292474184941e+00 1.796385780665047116e-01
4.064533463622170530e+03 1.365544667377955212e+00 1.687555472094664777e-01
4.068597997085794304e+03 1.403189054888235532e+00 1.760377904959515849e-01
4.072666595082881486e+03 1.494951070566263640e+00 1.602005601230794829e-01
4.076739261677965715e+03 1.386288548568742618e+00 1.765467175738646421e-01
4.080816000939644709e+03 1.346647511786992490e+00 1.703983898656936113e-01
4.084896816940585722e+03 1.177729563112927202e+00 1.716404490960619922e-01
4.088981713757527814e+03 1.142235012530713023e+00 1.717440789301987458e-01
4.093070695471286854e+03 1.046049986911771423e+00 1.714580426796923907e-01
4.097163766166759160e+03 8.727109656808629268e-01 1.791254165004648180e-01
4.101260929932927866e+03 8.185615672126338449e-01 1.695794075857960381e-01
4.105362190862862008e+03 8.899674887034724202e-01 1.895409164201049823e-01
4.109467553053726078e+03 1.050534932955187184e+00 1.829228201891415218e-01
4.113577020606780934e+03 1.076736191332457571e+00 1.824697474568398037e-01
4.117690597627389252e+03 1.207543887763562473e+00 1.711566654029513523e-01
4.121808288225018259e+03 1.366788811640142098e+00 1.770115953828285127e-01
4.125930096513244280e+03 1.423819304940586505e+00 1.772857668816062715e-01
4.130056026609759101e+03 1.538063686886651515e+00 1.721305729879283597e-01
4.134186082636369974e+03 1.459616975733992961e+00 1.706351516331774398e-01
4.138320268719007800e+03 1.453539769785396452e+00 1.663254061916399074e-01
4.142458588987728035e+03 1.461966713929368389e+00 1.651847506469563687e-01
4.146601047576717065e+03 1.467983261210266566e+00 1.722319532773302908e-01
4.150747648624294925e+03 1.475603815444688216e+00 1.605734635685670819e-01
4.154898396272920763e+03 1.471633834921549866e+00 1.519644235843092550e-01
4.159053294669195566e+03 1.615894605030898212e+00 1.390205847460417310e-01
4.163212347963865795e+03 1.773799991646030083e+00 1.538783813709544979e-01
4.167375560311830668e+03 1.928191175401639423e+00 1.327489040863870928e-01
4.171542935872143971e+03 1.995074729666566293e+00 1.338424453176270956e-01
4.175714478808017702e+03 1.999723010449021787e+00 1.240537327087659347e-01
4.179890193286827525e+03 1.985341086248505027e+00 1.237443259249752930e-01
4.184070083480115500e+03 2.012067803859562964e+00 1.127260166107826450e-01
4.188254153563597356e+03 1.998812080832023552e+00 1.108223562733511997e-01
4.192442407717161586e+03 1.950140074841900661e+00 1.051242712016827036e-01
4.196634850124880359e+03 1.875343273626537410e+00 1.028752560719385922e-01
4.200831484975006788e+03 1.815445396182537419e+00 1.054536063183058869e-01
4.205032316459983122e+03 1.775865559383446257e+00 9.904027675129010999e-02
4.209237348776444378e+03 1.788377570700125263e+00 1.009169389252630167e-01
4.213446586125221984e+03 1.751795545695830514e+00 9.303272920179973815e-02
4.217660032711349231e+03 1.856231908671984732e+00 1.034486033201791888e-01
4.221877692744061278e+03 1.925095910003962851e+00 1.033378005174000747e-01
4.226099570436806971e+03 2.024840858466323112e+00 1.065091049635468884e-01
4.230325670007245208e+03 2.124688172053806667e+00 1.044315146918779885e-01
4.234555995677254032e+03 2.182255639833440064e+00 1.088282990686796070e-01
4.238790551672932452e+03 2.235854975815635637e+00 1.089835347105732599e-01
4.243029342224606808e+03 2.233934699309441552e+00 9.664396294412774813e-02
4.247272371566832589e+03 2.184055981375765843e+00 1.010154674278787579e-01
4.251519643938400804e+03 2.069245194924060449e+00 1.071093147536721080e-01
4.255771163582340705e+03 1.985021156128792041e+00 1.070943508815515033e-01
4.260026934745924336e+03 1.833276514066546570e+00 9.779083401525172359e-02
4.264286961680671993e+03 1.727060444333619937e+00 8.441945465497409373e-02
4.268551248642354039e+03 1.704014658347043021e+00 8.806955312679494441e-02
4.272819799890998183e+03 1.763769557073178174e+00 8.112475071332587995e-02
4.277092619690890388e+03 1.872265104720572948e+00 1.109202917863902488e-01
4.281369712310583054e+03 1.956245738154429148e+00 1.184816657627757869e-01
4.285651082022895025e+03 2.039164957353607477e+00 1.035719105694536679e-01
4.289936733104918858e+03 2.089083741728321453e+00 9.391477848438670173e-02
4.294226669838025373e+03 2.076974288836701987e+00 9.381603772492279336e-02
4.298520896507864563e+03 2.092797673730029118e+00 9.423768746097256621e-02
4.302819417404373780e+03 1.925834739725361899e+00 9.827025757582384669e-02
4.307122236821779552e+03 1.885529385103869471e+00 9.817377522856025884e-02
4.311429359058603040e+03 1.828456862074855804e+00 9.674194886854264874e-02
4.315740788417662770e+03 1.775761760538095313e+00 1.025960059303086536e-01
4.320056529206081905e+03 1.770104136426887020e+00 1.055639565971446259e-01
4.324376585735290064e+03 1.731659270118042659e+00 1.054877643619410860e-01
4.328700962321026054e+03 1.709176661418115417e+00 1.088506809272183073e-01
4.333029663283348782e+03 1.631465856529616287e+00 1.347266921517472626e-01
4.337362692946633615e+03 1.718270441199985177e+00 1.339146358798529446e-01
4.341700055639581478e+03 1.830693810124909060e+00 1.365682737448337403e-01
4.346041755695222491e+03 1.972955406414633739e+00 1.514290294560307337e-01
4.350387797450919606e+03 2.019833768837602683e+00 1.516642915116070689e-01
4.354738185248371337e+03 2.044651916837866956e+00 1.512125514298738316e-01
4.359092923433621763e+03 2.145068654656054452e+00 1.424892071265193572e-01
4.363452016357056891e+03 2.191895606864388668e+00 1.424464087736788676e-01
4.367815468373414660e+03 2.207887119409171373e+00 1.437479813266233641e-01
4.372183283841789489e+03 2.160213894156915337e+00 1.384487549083726066e-01
4.376555467125633186e+03 2.081696780262025648e+00 1.489726972137707661e-01
4.380932022592760404e+03 2.004921987008657425e+00 1.488246470313564218e-01
4.385312954615354101e+03 1.842242460585632680e+00 1.319072482288342896e-01
4.389698267569970994e+03 1.702584005316857940e+00 1.312203568865469849e-01
4.394087965837542470e+03 1.587238473758619151e+00 1.306030680815282174e-01
4.398482053803381859e+03 1.493268040518213935e+00 1.235578354860944056e-01
4.402880535857186260e+03 1.509577523995063952e+00 1.144968693744243399e-01
4.407283416393044718e+03 1.538901383181150884e+00 1.169182642931050620e-01
4.411690699809440048e+03 1.529974935052403673e+00 1.144520483857701248e-01
4.416102390509250654e+03 1.515761085493287030e+00 1.117272211824378442e-01
4.420518492899761441e+03 1.468465990127376219e+00 9.235349344486697143e-02
4.424939011392662906e+03 1.505259628664790794e+00 8.905598983900510357e-02
4.429363950404056595e+03 1.558426130617427185e+00 8.285257289706882133e-02
4.433793314354462382e+03 1.558933478100300807e+00 7.530091531911525804e-02
4.438227107668818462e+03 1.541922498229915117e+00 7.524133908381230862e-02
4.442665334776488635e+03 1.540948235174121717e+00 7.979721191349345433e-02
4.447108000111265937e+03 1.572145958027927337e+00 7.701055498558982693e-02
4.451555108111379013e+03 1.623997212640239773e+00 7.448579411407414697e-02
4.456006663219492111e+03 1.624773441205754176e+00 7.315346272542448680e-02
4.460462669882713271e+03 1.664471965373049978e+00 7.792153705114661377e-02
4.464923132552597053e+03 1.756857197509262614e+00 7.431471492418860458e-02
4.469388055685150903e+03 1.805397043008223124e+00 7.299752778416603027e-02
4.473857443740837880e+03 1.862644702217072235e+00 7.292450990852668291e-02
4.478331301184580298e+03 1.868687787559633495e+00 7.427349040455202833e-02
4.482809632485766087e+03 1.912211189955207669e+00 7.456057422806967871e-02
4.487292442118253348e+03 1.917589849211855269e+00 7.688497890774588506e-02
4.491779734560373072e+03 1.974608657376026422e+00 7.518611037643084527e-02
4.496271514294934605e+03 1.951095706748164460e+00 6.866003596752587312e-02
4.500767785809231100e+03 1.961348635931002393e+00 7.058658874256265592e-02
4.505268553595042249e+03 1.949698042654506080e+00 6.689028619755585381e-02
4.509773822148638828e+03 1.987992783845068168e+00 6.929966022982562979e-02
4.514283595970789065e+03 1.975989187997855057e+00 6.998886316315248990e-02
4.518797879566761367e+03 1.958504382600345428e+00 7.311672772720723135e-02
4.523316677446328868e+03 1.964578906116926094e+00 7.396583090046138231e-02
4.527839994123776705e+03 1.949970196589922544e+00 6.638667071122830721e-02
4.532367834117902021e+03 2.024261400088600560e+00 7.696366633156889736e-02
4.536900201952022144e+03 2.050364724464586619e+00 7.917454358050386720e-02
4.541437102153975502e+03 1.998898314095009399e+00 8.222467463478848326e-02
4.545978539256130716e+03 2.028008401813268247e+00 7.756236052083270716e-02
4.550524517795388419e+03 1.995893835880904854e+00 8.546714069088537369e-02
4.555075042313184895e+03 2.042953324510381474e+00 8.895430029425424601e-02
4.559630117355500261e+03 2.085693351717614608e+00 9.082205715500885068e-02
4.564189747472856652e+03 2.110925043753211661e+00 8.902171850084779348e-02
4.568753937220330954e+03 2.117367041164222918e+00 9.251602974641055799e-02
4.573322691157552981e+03 2.113285744615821748e+00 9.226577102899316540e-02
4.577896013848711846e+03 2.132687444889476147e+00 8.651888595721808628e-02
4.582473909862562323e+03 2.113065555449310740e+00 8.921376170745229373e-02
4.587056383772426670e+03 2.158313131444692612e+00 9.399369961559103648e-02
4.591643440156200086e+03 2.131059314749660594e+00 9.329450892323168376e-02
4.596235083596357981e+03 2.114413022443166756e+00 9.245748563043684753e-02
4.600831318679955984e+03 2.024372517125695659e+00 9.496327518284210234e-02
4.605432149998637215e+03 1.904700450160953018e+00 9.036019338459294614e-02
4.610037582148637739e+03 1.862849063329654609e+00 8.486756994590305414e-02
4.614647619730787483e+03 1.860321049351029821e+00 9.765211805243878551e-02
4.619262267350520233e+03 1.901211115286592701e+00 9.261588086713677670e-02
4.623881529617872729e+03 1.842548359691526860e+00 9.356434336380817229e-02
4.628505411147491941e+03 1.805898142714747356e+00 9.235789360323472252e-02
4.633133916558640522e+03 1.788027490063147651e+00 9.503219772498087969e-02
4.637767050475200449e+03 1.722206129098141192e+00 8.827491064198775272e-02
4.642404817525677572e+03 1.701649043050744936e+00 8.400458033304390726e-02
4.647047222343205249e+03 1.700167347461579714e+00 8.098982000943900916e-02
4.651694269565549803e+03 1.696791290199302527e+00 8.010562650935158790e-02
4.656345963835116891e+03 1.614615928532593170e+00 8.227601403630391275e-02
4.661002309798953320e+03 1.584112228947543999e+00 8.290345819213197631e-02
4.665663312108753416e+03 1.530291996515709130e+00 8.250072645103768976e-02
4.670328975420864481e+03 1.486272073119114356e+00 8.150933456462905458e-02
4.674999304396286789e+03 1.492264152149410661e+00 7.099720837224633707e-02
4.679674303700684504e+03 1.419443932403997355e+00 7.990871090135119592e-02
4.684353978004386590e+03 1.379378986804343343e+00 7.838074559747318371e-02
4.689038331982392265e+03 1.330305841943908218e+00 7.675825773309791211e-02
4.693727370314376458e+03 1.300474180161410809e+00 7.281323570638562059e-02
4.698421097684692540e+03 1.282622707646204008e+00 7.253117857854694817e-02
4.703119518782378691e+03 1.328113705048679538e+00 7.470129917633704097e-02
4.707822638301162442e+03 1.352800623254704959e+00 7.248548062055505670e-02
4.712530460939465229e+03 1.322974258418336158e+00 7.996964682914577127e-02
4.717242991400406027e+03 1.433813455811435267e+00 9.047333377321802039e-02
4.721960234391808626e+03 1.474503983973945553e+00 9.097633169726931923e-02
4.726682194626201635e+03 1.471905216320869680e+00 8.817533997304553839e-02
4.731408876820829391e+03 1.469653148173662105e+00 9.367807116922513555e-02
4.736140285697651962e+03 1.463300833429411307e+00 9.009014266014782335e-02
4.740876425983350600e+03 1.493306393007519439e+00 9.272832716562223743e-02
4.745617302409335934e+03 1.479210686999154589e+00 8.733840857894892284e-02
4.750362919711747054e+03 1.477364596068428959e+00 8.429355709101044036e-02
4.755113282631459697e+03 1.492075011979646870e+00 8.638945602807739099e-02
4.759868395914093526e+03 1.580572692943776003e+00 9.067276313513676633e-02
4.764628264310008490e+03 1.624156189775693537e+00 9.156509000035183143e-02
4.769392892574320285e+03 1.637944755471254954e+00 8.640693809508123713e-02
4.774162285466896719e+03 1.682105765832196065e+00 9.413858030519177411e-02
4.778936447752364984e+03 1.635788889663855494e+00 9.499733915238778303e-02
4.783715384200118933e+03 1.625947642519581571e+00 9.496038242226843840e-02
4.788499099584319993e+03 1.609193312966743505e+00 9.853268282457637584e-02
4.793287598683906253e+03 1.624650770605438277e+00 9.425407228287123462e-02
4.798080886282591564e+03 1.578182382184490029e+00 8.129152152607661830e-02
4.802878967168876443e+03 1.569753335455946974e+00 7.168699293948135876e-02
4.807681846136046261e+03 1.648281179649146555e+00 6.637605740462063086e-02
4.812489527982183972e+03 1.717727738295566686e+00 6.954140374134436253e-02
4.817302017510168298e+03 1.849658187163539358e+00 6.954947149616252933e-02
4.822119319527679181e+03 2.008983667087120395e+00 6.889806262258341141e-02
4.826941438847208701e+03 2.237031943792315847e+00 1.036779028967237115e-01
4.831768380286057436e+03 2.361669350246796917e+00 9.582803570116008030e-02
4.836600148666345376e+03 2.534336175921726664e+00 8.405936469728249316e-02
4.841436748815013743e+03 2.931256273404139634e+00 7.215723300819869290e-02
4.846278185563829538e+03 3.230091728575612997e+00 6.623329889616856592e-02
4.851124463749395545e+03 3.417817021067245165e+00 7.911854862864699245e-02
4.855975588213146693e+03 3.598733760115123470e+00 7.530505706205443961e-02
4.860831563801360971e+03 3.765476910086402285e+00 7.944110732650502826e-02
4.865692395365163975e+03 3.832750132592481318e+00 8.476630347414672306e-02
4.870558087760530725e+03 3.665018417593887801e+00 9.001397289828705350e-02
4.875428645848292945e+03 3.389039302339616366e+00 1.018996753110644055e-01
4.880304074494142696e+03 3.023562542425467736e+00 9.097923154575046634e-02
4.885184378568638749e+03 2.570036820303691183e+00 7.230603635351372238e-02
4.890069562947209306e+03 2.231056905765602227e+00 6.620975761270035675e-02
4.894959632510157462e+03 2.049697576122614606e+00 6.961641383507509440e-02
4.899854592142669389e+03 1.909908859381422186e+00 6.928910475410904324e-02
4.904754446734813428e+03 1.950137312089804897e+00 8.862432309163106869e-02
4.909659201181550088e+03 2.024789233163463820e+00 8.840329735910933129e-02
4.914568860382732964e+03 2.252260730862441385e+00 1.086185621220757264e-01
4.919483429243117826e+03 2.407266517452245402e+00 1.128819921392869990e-01
4.924402912672362618e+03 2.231391091084137468e+00 7.835182199218222732e-02
4.929327315585036558e+03 2.192034148270158855e+00 7.994976755504329402e-02
4.934256642900622865e+03 2.061757633663495515e+00 8.595394140636951341e-02
4.939190899543525120e+03 1.941249764182744864e+00 8.341915018894181799e-02
4.944130090443070912e+03 1.725552021858020924e+00 7.202944057107359133e-02
4.949074220533515472e+03 1.566797574842162755e+00 6.908220509774221085e-02
4.954023294754050767e+03 1.409680587997609535e+00 6.842293399721401104e-02
4.958977318048806410e+03 1.296397679762974819e+00 6.471342453427697539e-02
4.963936295366856939e+03 1.259778148553438726e+00 6.602629338005584769e-02
4.968900231662225451e+03 1.268522343925411855e+00 6.556277793861406411e-02
4.973869131893889062e+03 1.332188227488288135e+00 5.955800009201334122e-02
4.978843001025784361e+03 1.371477520470479661e+00 5.913821059373885330e-02
4.983821844026811959e+03 1.481988010956893476e+00 5.763672452844784827e-02
4.988805665870840130e+03 1.624562691052007679e+00 5.999135556560843824e-02
4.993794471536712990e+03 1.827356104593692354e+00 5.579709704929917274e-02
4.998788266008251412e+03 1.958418189918358365e+00 5.614923294591424308e-02
5.003787054274261209e+03 2.158169873378941617e+00 6.298954649525929927e-02
5.008790841328536771e+03 2.282485806495140324e+00 6.418702788571534201e-02
5.013799632169867436e+03 2.333064470304602178e+00 6.329753102379682972e-02
5.018813431802038394e+03 2.349445699193548620e+00 6.094585895369502432e-02
5.023832245233842514e+03 2.270158901953156061e+00 7.421541147831108021e-02
5.028856077479077612e+03 2.207128456785132364e+00 7.190970424981620035e-02
5.033884933556558281e+03 2.099561661180277650e+00 7.303561535701388885e-02
5.038918818490116792e+03 1.991197091090712856e+00 7.067506179544787159e-02
5.043957737308608557e+03 1.861588630043701897e+00 6.790387948596512957e-02
5.049001695045918495e+03 1.723566203497189697e+00 6.864771703303633454e-02
5.054050696740966487e+03 1.611116707757396016e+00 6.623596566439174382e-02
5.059104747437709193e+03 1.526119342741305784e+00 6.714691401517448865e-02
5.064163852185148244e+03 1.485811009286408968e+00 6.396584331833789216e-02
5.069228016037335692e+03 1.444108270206089895e+00 6.399571433513595586e-02
5.074297244053374015e+03 1.431928360274918210e+00 6.263417243415776714e-02
5.079371541297429758e+03 1.396353238699876043e+00 6.469527700737924547e-02
5.084450912838728073e+03 1.421540644717197655e+00 6.208819137701451080e-02
5.089535363751569093e+03 1.432819300310019361e+00 6.408086678429875116e-02
5.094624899115322478e+03 1.416391974737415183e+00 6.126767680676088040e-02
5.099719524014439230e+03 1.443254426929839518e+00 5.810597630140076214e-02
5.104819243538455339e+03 1.481636831889109551e+00 4.770132790344030344e-02
5.109924062781995417e+03 1.475614538287787436e+00 4.679675769292689080e-02
5.115033986844779065e+03 1.471146034976360539e+00 4.700289389832480735e-02
5.120149020831625421e+03 1.410358702880571968e+00 4.594383705332113349e-02
5.125269169852458617e+03 1.410776208907382312e+00 4.682844470755093830e-02
5.130394439022313236e+03 1.412615730239032308e+00 4.315656393491894977e-02
5.135524833461337039e+03 1.494688023825706535e+00 4.577452693910606663e-02
5.140660358294800062e+03 1.574622511551708959e+00 4.287680420603833670e-02
5.145801018653096435e+03 1.676428018002753539e+00 4.383615728791726007e-02
5.150946819671751655e+03 1.836543488404241753e+00 4.767525593214488183e-02
5.156097766491425318e+03 1.982270620592953669e+00 4.905300542637101163e-02
5.161253864257918394e+03 2.117417966258546613e+00 4.512928790429468484e-02
5.166415118122177773e+03 2.253111965188753008e+00 4.643951058632353468e-02
5.171581533240301724e+03 2.360852431252999484e+00 4.690859262595191426e-02
5.176753114773543530e+03 2.362976038922852240e+00 5.005013542373062951e-02
5.181929867888318768e+03 2.361561281245626809e+00 4.989428449225596224e-02
5.187111797756208944e+03 2.286011300175118333e+00 5.499764425899830722e-02
5.192298909553966951e+03 2.171071970086512426e+00 5.796337170666789745e-02
5.197491208463522526e+03 2.066101744151707553e+00 5.654196841849812305e-02
5.202688699671987706e+03 1.988456014857312715e+00 5.334149747132509861e-02
5.207891388371661378e+03 1.934384810802843191e+00 5.308417310647588205e-02
5.213099279760034733e+03 1.908165194179804347e+00 5.491270574475286270e-02
5.218312379039796724e+03 1.899267795475390042e+00 5.283579007991816984e-02
5.223530691418837705e+03 1.949098015397350503e+00 5.601116654332303352e-02
5.228754222110258524e+03 2.005806937348028729e+00 5.871013714992024540e-02
5.233982976332370527e+03 2.051196025098665832e+00 6.522568686170231167e-02
5.239216959308704645e+03 2.098632080891252638e+00 6.557454602811979560e-02
5.244456176268015042e+03 2.183332941731871646e+00 6.793686348908586914e-02
5.249700632444284565e+03 2.303472450552632278e+00 6.999607382931199995e-02
5.254950333076731113e+03 2.368440585634506768e+00 7.366847447100027813e-02
5.260205283409809454e+03 2.405631751010585795e+00 7.606712153578860935e-02
5.265465488693221232e+03 2.401970858749372439e+00 7.257837608259688766e-02
5.270730954181915877e+03 2.369975916175283359e+00 7.476930847478439890e-02
5.276001685136099695e+03 2.253705144432974095e+00 8.138925447113755374e-02
5.281277686821237694e+03 2.197992726862517898e+00 8.610499596034904002e-02
5.286558964508059944e+03 2.113335729185916723e+00 8.273232870060391597e-02
5.291845523472569766e+03 2.051793084710344051e+00 7.907198919694616301e-02
5.297137368996044643e+03 2.022113785707552402e+00 7.667454817639650366e-02
5.302434506365042580e+03 2.085066817919532856e+00 8.670286166521881666e-02
5.307736940871409388e+03 2.122324918306347730e+00 9.215344695598613745e-02
5.313044677812282316e+03 2.170916440090068011e+00 9.218322973131301556e-02
5.318357722490096421e+03 2.200679922907547770e+00 8.409691772005149779e-02
5.323676080212588204e+03 2.216859834038180654e+00 7.628525053621207364e-02
5.328999756292802886e+03 2.214759523329823399e+00 7.277677823879856456e-02
5.334328756049097137e+03 2.100726916013926360e+00 6.436046791708466275e-02
5.339663084805148173e+03 1.996251613164323091e+00 6.052208904711808141e-02
5.345002747889954662e+03 1.890228510243087134e+00 5.482449295557933339e-02
5.350347750637846730e+03 1.804001070234594328e+00 5.397216629464803017e-02
5.355698098388485960e+03 1.730872188315571325e+00 5.536864577508027879e-02
5.361053796486876308e+03 1.703681217983623819e+00 5.573691373100264634e-02
5.366414850283365013e+03 1.688311126484679514e+00 5.046137726774103938e-02
5.371781265133649867e+03 1.659392557151986303e+00 4.903219562195014480e-02
5.377153046398785591e+03 1.629170523172158269e+00 4.922626053054236089e-02
5.382530199445186554e+03 1.586725955771606023e+00 5.584335419667496581e-02
5.387912729644633146e+03 1.564358021165233481e+00 5.341066133757108036e-02
5.393300642374279960e+03 1.544667725439626160e+00 5.260845916484320484e-02
5.398693943016655794e+03 1.524952679608839734e+00 4.628677729143578640e-02
5.404092636959673655e+03 1.559573110281578412e+00 4.893651980982605815e-02
5.409496729596635305e+03 1.587642900431687654e+00 5.063018076369511095e-02
5.414906226326233991e+03 1.611936751930160394e+00 4.676097299230235621e-02
5.420321132552561721e+03 1.635899022458350727e+00 4.696778818367047803e-02
5.425741453685116539e+03 1.640945037830768172e+00 4.435818637757947547e-02
5.431167195138803436e+03 1.583152492957122348e+00 4.827188239028763761e-02
5.436598362333943442e+03 1.494859612433166562e+00 4.898473327893992924e-02
5.442034960696279086e+03 1.398045541237828315e+00 4.926058774280316077e-02
5.447476995656978033e+03 1.339309286603948879e+00 4.956645549969442011e-02
5.452924472652636723e+03 1.250554043537399185e+00 4.342848819561458129e-02
5.458377397125291282e+03 1.194149381899516138e+00 4.728768785516040268e-02
5.463835774522417523e+03 1.182906864826200000e+00 4.634849445996677003e-02
5.469299610296941864e+03 1.228732035671551870e+00 5.736603525310188939e-02
5.474768909907241323e+03 1.278396718391729303e+00 5.487287293056103410e-02
5.480243678817149885e+03 1.323932515314451663e+00 5.404096540226422524e-02
5.485723922495968509e+03 1.347891362312920949e+00 5.464594895215414694e-02
5.491209646418466946e+03 1.366446156296164727e+00 5.554750166887571783e-02
5.496700856064887375e+03 1.409834882760848229e+00 5.726169312386715504e-02
5.502197556920953502e+03 1.454155527577496221e+00 5.628016647543729323e-02
5.507699754477876013e+03 1.497463501061761182e+00 5.778599257151567636e-02
5.513207454232356213e+03 1.529792205196818244e+00 5.818288121039930788e-02
5.518720661686590574e+03 1.554012272796123417e+00 6.102008053901401136e-02
5.524239382348278923e+03 1.602350355301491724e+00 6.257466235747409511e-02
5.529763621730628984e+03 1.600940336276556408e+00 5.925361209909322385e-02
5.535293385352360929e+03 1.571912240123261251e+00 6.402775454934850341e-02
5.540828678737715563e+03 1.503046709949570570e+00 6.682127646609298255e-02
5.546369507416455235e+03 1.433645485258739694e+00 6.523838582386365381e-02
5.551915876923872929e+03 1.385697507929982031e+00 6.759026844506417497e-02
5.557467792800798634e+03 1.298582807795592764e+00 6.747012780808421539e-02
5.563025260593602070e+03 1.194844511718682778e+00 6.209344187799052672e-02
5.568588285854197238e+03 1.071695604569312898e+00 4.938007711571425207e-02
5.574156874140053333e+03 1.050563207817394318e+00 4.517478511722313600e-02
5.579731031014194741e+03 1.046429106337601445e+00 4.803556923232790710e-02
5.585310762045211050e+03 1.066515086483721841e+00 4.619277576231007459e-02
5.590896072807257951e+03 1.077647427625633814e+00 4.549770410806000531e-02
5.596486968880067252e+03 1.066522178131255716e+00 4.573001775055550444e-02
5.602083455848949598e+03 1.049442808107747371e+00 4.729592664785301631e-02
5.607685539304799931e+03 1.048548052532309871e+00 4.910820124221401684e-02
5.613293224844106589e+03 1.034022503109707225e+00 4.832642474838777513e-02
5.618906518068952209e+03 1.012412617909208778e+00 4.884411077153626157e-02
5.624525424587023736e+03 1.011493458365497977e+00 4.553779097085080413e-02
5.630149950011612418e+03 1.003704095249875694e+00 4.475799619661974954e-02
5.635780099961625638e+03 9.735195459195608025e-01 4.652020060707139082e-02
5.641415880061589633e+03 9.392808304272506348e-01 4.209671262060563079e-02
5.647057295941652228e+03 9.378107752337236924e-01 4.151204592964347767e-02
5.652704353237596479e+03 9.451568075282483772e-01 4.143442748529874153e-02
5.658357057590835211e+03 9.720713914988103888e-01 4.255747924799068577e-02
5.664015414648428305e+03 1.015397287326829323e+00 4.187110505072528382e-02
5.669679430063079053e+03 1.078898066559615510e+00 4.105047591842777427e-02
5.675349109493143260e+03 1.087217221457847049e+00 4.124911289000685044e-02
5.681024458602638333e+03 1.082527852890746711e+00 4.137170563737120610e-02
5.686705483061243285e+03 1.098520075161303122e+00 3.795287326043046694e-02
5.692392188544306009e+03 1.098058907980006493e+00 3.713147514507519897e-02
5.698084580732852373e+03 1.076633277437289982e+00 3.744838972618303591e-02
5.703782665313587131e+03 1.005284491176420492e+00 3.888973264034961685e-02
5.709486447978903016e+03 9.418753944020716862e-01 3.783076541894062061e-02
5.715195934426883468e+03 9.023292747950295567e-01 3.630203371032587889e-02
5.720911130361312644e+03 9.052972458990904414e-01 3.478809700309087177e-02
5.726632041491675409e+03 9.657205353373345957e-01 3.738294881407053238e-02
5.732358673533169167e+03 1.021969912540952485e+00 4.338255859191861991e-02
5.738091032206703858e+03 1.110397772289299256e+00 4.588514447965274384e-02
5.743829123238912871e+03 1.152703965525470720e+00 4.720487560519818354e-02
5.749572952362153046e+03 1.183622982947626356e+00 4.453759785716242259e-02
5.755322525314517407e+03 1.178572370707460237e+00 4.499241697690979647e-02
5.761077847839834249e+03 1.176200736377475575e+00 4.540849487468168189e-02
5.766838925687675328e+03 1.101996273235120505e+00 4.666858340828034662e-02
5.772605764613364954e+03 1.044045231370563709e+00 4.529028725108465853e-02
5.778378370377980900e+03 9.886318509125369136e-01 4.612593616797300983e-02
5.784156748748360769e+03 9.152696222143386073e-01 4.370156462326554858e-02
5.789940905497111089e+03 8.571249251574833972e-01 3.967251481103493266e-02
5.795730846402610041e+03 8.528703851657690738e-01 4.580135079534461418e-02
5.801526577249013826e+03 8.803819429828696475e-01 4.289556518519550832e-02
5.807328103826264851e+03 9.362009099842083515e-01 3.381809002652566565e-02
5.813135431930093546e+03 9.512341908090498066e-01 3.177609553355740385e-02
5.818948567362025642e+03 9.469514265515218687e-01 3.718779940241346421e-02
5.824767515929389447e+03 9.122400806354704628e-01 4.354179651670500584e-02
5.830592283445320390e+03 8.894399314313023996e-01 4.472229943117039114e-02
5.836422875728768304e+03 9.155567221557303625e-01 4.437065390678226334e-02
5.842259298604498326e+03 1.014135044027117960e+00 4.603387316639512977e-02
5.848101557903105459e+03 1.180028351298893163e+00 5.780899779363635194e-02
5.853949659461010015e+03 1.344139017395653335e+00 5.987857446075136453e-02
5.859803609120473084e+03 1.494408433128227465e+00 6.216647088573320351e-02
5.865663412729595620e+03 1.662959863690773199e+00 6.232486453263885035e-02
5.871529076142326630e+03 1.837059121378747939e+00 5.608205382072430772e-02
5.877400605218471355e+03 1.929136820613868597e+00 5.445749809159590449e-02
5.883278005823691274e+03 2.002230323808689150e+00 5.341993167201069398e-02
5.889161283829516833e+03 2.001375961298122785e+00 5.468763043616228087e-02
5.895050445113348360e+03 1.919345815740125083e+00 5.177394309001884937e-02
5.900945495558464245e+03 1.787452315746596465e+00 5.060580032754117413e-02
5.906846441054024581e+03 1.629717314263575689e+00 4.932077090129198538e-02
5.912753287495080258e+03 1.452842329091467821e+00 4.564978584669543427e-02
5.918666040782577511e+03 1.329245048695037346e+00 4.603031208238800298e-02
5.924584706823361557e+03 1.227859809353325504e+00 4.502177601519125744e-02
5.930509291530187511e+03 1.156375632688364075e+00 4.629801590115975585e-02
5.936439800821719473e+03 1.106383440418627684e+00 4.651873417551621870e-02
5.942376240622543264e+03 1.025919131305826237e+00 4.183752149550096222e-02
5.948318616863167335e+03 1.001077437920940616e+00 4.242935300281933803e-02
5.954266935480032771e+03 9.994111774618024135e-01 4.256235629644598839e-02
5.960221202415515108e+03 1.051462038824010570e+00 3.381328830799883167e-02
5.966181423617932523e+03 1.100794150668015670e+00 3.579812235069276122e-02
5.972147605041552197e+03 1.121183443243094269e+00 3.901977035882310541e-02
5.978119752646595771e+03 1.120540635473147306e+00 4.145676534749596215e-02
5.984097872399243897e+03 1.130077089951062375e+00 4.173001102580879695e-02
5.990081970271645332e+03 1.102454790861350675e+00 4.009192482800338908e-02
5.996072052241918755e+03 1.076134621039717132e+00 4.021053927509626869e-02
6.002068124294162772e+03 1.048927478644076539e+00 4.052328357574930956e-02
6.008070192418459555e+03 1.028865371826121144e+00 4.030986983477492097e-02
6.014078262610879392e+03 9.940235359440928731e-01 4.252846516695917706e-02
6.020092340873492503e+03 9.693462570551154567e-01 4.209541023887710537e-02
6.026112433214368139e+03 9.554488762726623952e-01 4.060214219907655464e-02
6.032138545647584579e+03 9.496821820823909688e-01 4.115008890428834692e-02
6.038170684193233683e+03 9.344677400788559130e-01 3.961811528932639853e-02
6.044208854877429076e+03 9.628062893776203612e-01 3.947436450913927031e-02
6.050253063732308874e+03 9.818855251812579343e-01 3.939756403771722815e-02
6.056303316796042964e+03 9.931215280124275901e-01 3.864396385239967507e-02
6.062359620112841185e+03 1.012984618856761054e+00 3.782269557001268628e-02
6.068421979732956061e+03 1.011191228871906933e+00 3.770049240258795120e-02
6.074490401712690982e+03 9.972218892604717277e-01 3.785588698861020590e-02
6.080564892114405666e+03 9.981931619534847311e-01 3.528664538137157858e-02
6.086645457006521610e+03 9.809338658386373977e-01 3.873445706447626452e-02
6.092732102463530282e+03 9.478407011010557826e-01 3.550042087269555946e-02
6.098824834565995843e+03 9.240539601068832321e-01 3.051367108282752177e-02
6.104923659400564247e+03 9.308587446037648316e-01 3.151407038124118265e-02
6.111028583059966877e+03 9.678395631546644617e-01 3.515362355340057032e-02
6.117139611643028729e+03 1.014189282197038189e+00 3.425834715452594909e-02
6.123256751254673873e+03 1.043223188635641341e+00 3.479673036544631004e-02
6.129380008005929994e+03 1.069025025287086317e+00 3.455490196006640730e-02
6.135509388013938405e+03 1.086222531486644494e+00 3.326508756770379938e-02
6.141644897401954040e+03 1.112423543626766209e+00 3.172401937418886653e-02
6.147786542299358189e+03 1.120501137932167879e+00 3.277624429766030911e-02
6.153934328841659408e+03 1.104879351493561979e+00 3.107603629578069640e-02
6.160088263170503524e+03 1.078619990272743578e+00 3.256777117122459930e-02
6.166248351433675452e+03 1.058700496186619322e+00 3.309400156183055913e-02
6.172414599785111022e+03 1.025157303182187007e+00 3.307079455823160041e-02
6.178587014384898794e+03 9.973728910157136918e-01 3.275926068986266537e-02
6.184765601399285515e+03 9.720244304245746481e-01 3.331470636373477096e-02
6.190950367000687038e+03 9.543850982353403456e-01 3.474570410514339625e-02
6.197141317367689226e+03 9.432270021377006097e-01 3.541200584828223946e-02
6.203338458685059777e+03 9.322188936056131636e-01 3.561964970257606306e-02
6.209541797143746408e+03 9.868147457640094045e-01 3.564726849310268647e-02
6.215751338940892310e+03 1.020575409610614548e+00 3.332745727163592686e-02
6.221967090279835247e+03 1.080770060426128998e+00 3.763517859980845121e-02
6.228189057370116643e+03 1.149922118897205747e+00 3.681683502964872012e-02
6.234417246427488863e+03 1.207596113536429261e+00 3.335576936463962444e-02
6.240651663673918847e+03 1.228499600752662291e+00 3.455981046038030663e-02
6.246892315337594482e+03 1.237933770306188341e+00 3.329726993054291095e-02
6.253139207652934601e+03 1.200779421865207919e+00 3.816367592133637632e-02
6.259392346860589896e+03 1.173811868509949008e+00 3.839088286789657523e-02
6.265651739207452010e+03 1.106776278357325172e+00 4.020974493330757571e-02
6.271917390946661726e+03 1.039193295963295238e+00 3.733276793220979828e-02
6.278189308337610782e+03 9.909549765527194687e-01 3.238524339324352908e-02
6.284467497645950061e+03 9.815719235330089276e-01 3.305618651732397661e-02
6.290751965143597772e+03 9.951126453703081909e-01 3.514926660712488354e-02
6.297042717108744000e+03 1.024474981077907465e+00 3.388967454227317933e-02
6.303339759825854344e+03 1.057132018846263399e+00 3.210746915679260627e-02
6.309643099585682648e+03 1.082961978361655975e+00 3.022412336004503056e-02
6.315952742685270096e+03 1.075427245727882619e+00 3.213244699837944363e-02
6.322268695427957937e+03 1.049984903413579751e+00 3.209049586412077160e-02
6.328590964123387494e+03 1.037112595902166534e+00 3.421986964181010504e-02
6.334919555087512890e+03 1.031745746279666420e+00 3.303580695033977305e-02
6.341254474642602872e+03 1.034633167606930026e+00 3.195040516163448474e-02
6.347595729117247174e+03 1.048457310844601587e+00 3.273793789486392769e-02
6.353943324846366522e+03 1.078460319608970597e+00 3.370876331675021903e-02
6.360297268171215364e+03 1.093704049159412328e+00 3.456184132519211916e-02
6.366657565439388236e+03 1.102502647870062580e+00 3.226417283936267033e-02
6.373024223004829764e+03 1.119343833524319765e+00 3.239221771300779262e-02
6.379397247227837397e+03 1.139730977321910199e+00 2.957535452124087152e-02
6.385776644475066860e+03 1.127787767885502834e+00 2.877925250976563418e-02
6.392162421119543978e+03 1.121055326490833171e+00 2.869441763258009578e-02
6.398554583540665590e+03 1.134016689436400327e+00 3.061045024391252992e-02
6.404953138124208635e+03 1.126856019848897272e+00 2.834580496713035372e-02
6.411358091262334710e+03 1.139636084172022557e+00 2.699981543688705424e-02
6.417769449353599157e+03 1.176205118807909233e+00 2.693998047176179508e-02
6.424187218802954703e+03 1.234142478173371638e+00 2.730378263943013251e-02
6.430611406021760558e+03 1.321148326273297480e+00 2.775119037978929573e-02
6.437042017427784231e+03 1.388212338899460274e+00 3.145058540082501519e-02
6.443479059445214261e+03 1.436389669144761072e+00 3.106990316402337068e-02
6.449922538504661134e+03 1.469967321727283727e+00 3.417804223113773965e-02
6.456372461043168187e+03 1.517188234069405173e+00 4.455702241811531489e-02
6.462828833504213435e+03 1.553538439769645230e+00 6.319502701170269521e-02
6.469291662337719572e+03 1.540350320058923694e+00 6.174386560800969315e-02
6.475760954000059428e+03 1.488090997974616858e+00 5.495083403696745389e-02
6.482236714954061426e+03 1.418491318902114884e+00 7.767687076786189415e-02
6.488718951669017770e+03 1.351427190740952966e+00 1.360170637198117594e-01
6.495207670620688987e+03 1.430175285287368148e+00 2.237914754262194938e-01
6.501702878291312118e+03 1.821309096201245481e+00 3.752453737813603585e-01
6.508204581169605262e+03 2.939227803883086132e+00 3.640951799248711152e-01
6.514712785750777584e+03 4.797253220674470242e+00 3.263310998427906284e-01
6.521227498536530220e+03 6.773519472475731718e+00 6.490623442295709311e-02
6.527748726035069012e+03 1.023574007125961849e+01 7.515188607539878551e-02
6.534276474761106329e+03 1.473732061452765230e+01 1.233405866881260582e-01
6.540810751235869247e+03 2.028772749310279266e+01 2.829212774858896329e-01
6.547351561987107743e+03 2.528440415113731987e+01 2.883272817291887002e-01
6.553898913549096505e+03 2.931373314374426897e+01 3.144720748706854585e-01
6.560452812462647671e+03 3.208268795886066016e+01 4.580890094341701912e-01
6.567013265275112644e+03 3.204768281193893387e+01 4.789978784472705420e-01
6.573580278540390282e+03 2.824845977202302905e+01 5.409669418080970127e-01
6.580153858818932349e+03 2.191019087537775434e+01 6.856608138260844587e-01
6.586734012677753526e+03 1.522931707561828674e+01 6.671351519819297415e-01
6.593320746690433225e+03 9.242579417196260749e+00 4.539443150787433878e-01
6.599914067437126505e+03 5.783196873395430870e+00 5.067699318685404686e-01
6.606513981504565891e+03 4.551331118011742838e+00 1.885483648818037095e-01
6.613120495486072286e+03 3.649434922982580876e+00 9.729122451846564101e-02
6.619733615981560433e+03 2.747997877498243646e+00 3.594225591145948362e-02
6.626353349597544366e+03 2.190177322638542812e+00 2.673186338798269612e-02
6.632979702947143778e+03 1.437168858536272964e+00 3.459195651615363798e-01
6.639612682650093120e+03 1.719251598961384353e+00 1.750239720738436255e-01
6.646252295332745234e+03 1.572719248172211426e+00 1.467559465441855282e-01
6.652898547628080451e+03 1.370121946725259221e+00 5.173375329440061537e-02
6.659551446175711135e+03 1.298070274583324579e+00 3.129661121205284946e-02
6.666210997621888964e+03 1.263554798626317144e+00 2.662078200202173256e-02
6.672877208619513112e+03 1.236297203028750236e+00 2.616886860224997349e-02
6.679550085828134797e+03 1.204994435220754223e+00 2.681304787794933087e-02
6.686229635913964557e+03 1.150438579147156082e+00 3.303716374496021985e-02
6.692915865549881346e+03 1.110805989420769802e+00 3.399221256898047466e-02
6.699608781415433441e+03 1.055733530068442727e+00 2.995510104598276754e-02
6.706308390196851178e+03 1.013323010124105750e+00 2.906527296746671749e-02
6.713014698587049679e+03 9.583452207971913106e-01 2.603902105956453633e-02
6.719727713285638856e+03 9.214205284272977137e-01 2.576424079427307168e-02
6.726447440998927050e+03 8.896435818835971565e-01 2.659561621540232346e-02
6.733173888439928305e+03 8.641634080684355013e-01 2.460794069421966268e-02
6.739907062328370557e+03 8.572099669811837908e-01 2.240788194190851054e-02
6.746646969390701088e+03 8.223064019339461073e-01 2.301182891462141486e-02
6.753393616360093802e+03 7.760546148813706191e-01 2.603862135769667227e-02
6.760147009976456502e+03 7.399017842974164871e-01 2.642536548552943537e-02
6.766907156986434529e+03 7.126293055228319906e-01 2.629392043255881356e-02
6.773674064143423493e+03 6.987240432704211468e-01 2.576177510503568566e-02
6.780447738207569273e+03 6.959421952261644062e-01 2.594016527137292874e-02
6.787228185945778932e+03 6.977158841485773255e-01 2.585850025381356346e-02
6.794015414131727084e+03 7.170805760586671518e-01 2.372848502082732652e-02
6.800809429545861349e+03 7.443017793781048219e-01 2.424790833955582647e-02
6.807610238975408720e+03 7.571661617660236931e-01 2.266447910323377002e-02
6.814417849214386479e+03 7.483193211343920348e-01 2.192976760110424556e-02
6.821232267063603103e+03 7.426883062584702655e-01 2.152706417431117514e-02
6.828053499330669183e+03 7.232194563130426301e-01 2.213748228994611572e-02
6.834881552830001965e+03 6.831064105180187918e-01 2.828346074095392307e-02
6.841716434382834450e+03 6.709993920924172128e-01 2.701963687186632879e-02
6.848558150817219939e+03 6.607942936742309259e-01 2.654243780210897852e-02
6.855406708968039311e+03 6.562278517100809117e-01 2.616258526154132194e-02
6.862262115677009206e+03 6.666414275236293152e-01 2.765432039679337553e-02
6.869124377792688392e+03 6.845391117562509287e-01 2.707703703149301824e-02
6.875993502170483225e+03 6.925330204680941737e-01 2.577108083965739746e-02
6.882869495672656740e+03 6.861988786100433613e-01 2.634832674126205351e-02
6.889752365168331380e+03 7.057283626914467867e-01 2.598429934062419094e-02
6.896642117533501732e+03 7.187314002656398637e-01 2.427451719632239824e-02
6.903538759651037253e+03 7.153863715496833198e-01 2.487290106786558055e-02
6.910442298410691365e+03 7.200044958216033075e-01 2.444553832488737671e-02
6.917352740709104182e+03 7.138611418675824272e-01 2.425558311207328191e-02
6.924270093449815249e+03 6.962756043323716781e-01 2.418336402216884201e-02
6.931194363543267173e+03 6.916312207967659775e-01 2.366747097080647289e-02
6.938125557906812901e+03 6.912347710192726646e-01 2.353282710080230669e-02
6.945063683464722089e+03 7.030411730903242118e-01 2.329540079575804709e-02
6.952008747148189286e+03 7.188718381457076534e-01 2.294357443745498673e-02
6.958960755895339389e+03 7.438516012754127216e-01 2.350800742558399950e-02
6.965919716651237650e+03 7.543350027176652928e-01 2.227253251658479691e-02
6.972885636367890584e+03 7.741819142925789876e-01 2.107822442523298728e-02
6.979858522004260521e+03 7.920527627629120326e-01 2.165912961560229055e-02
6.986838380526267429e+03 7.934354340452789422e-01 2.182034032621116629e-02
6.993825218906796181e+03 8.105424780383004846e-01 2.034596824749351426e-02
7.000819044125705659e+03 8.111060951283953768e-01 2.238838193151957215e-02
7.007819863169833297e+03 8.013024744892459639e-01 2.476887501803381325e-02
7.014827683033005087e+03 7.891313481461411650e-01 2.537973141859200046e-02
7.021842510716041033e+03 8.124021498159971211e-01 2.226704369492202643e-02
7.028864353226758794e+03 8.786168488283120359e-01 2.746362695781696603e-02
7.035893217579988232e+03 9.534627329641625071e-01 3.326105587697566340e-02
7.042929110797570502e+03 1.023097454265856632e+00 3.406647948148675692e-02
7.049972039908370789e+03 1.087335320558841856e+00 3.172306090514722537e-02
7.057022011948281033e+03 1.103259245493530161e+00 3.005442363859857358e-02
7.064079033960231754e+03 1.083189628653754122e+00 3.194078644357781216e-02
7.071143112994193871e+03 1.047469323280826536e+00 3.336727918826606909e-02
7.078214256107190522e+03 9.829315128838491677e-01 3.527249632721293077e-02
7.085292470363300708e+03 9.190061166486440669e-01 3.279669535616214215e-02
7.092377762833665656e+03 8.499435475278882546e-01 3.055269578932085298e-02
7.099470140596501551e+03 7.700278589286928543e-01 2.944675240811313668e-02
7.106569610737100447e+03 7.169217307863469113e-01 2.719772600820713482e-02
7.113676180347840273e+03 7.171923926208723099e-01 2.741138786716058526e-02
7.120789856528190285e+03 7.666435933457923513e-01 3.159058074406305427e-02
7.127910646384721076e+03 8.261253698493016273e-01 2.871203591841109751e-02
7.135038557031108212e+03 9.212125051064032899e-01 3.144366507571893371e-02
7.142173595588141325e+03 9.550559121919754979e-01 3.075343921460214208e-02
7.149315769183732300e+03 9.766770620753771892e-01 3.076008436905980706e-02
7.156465084952918005e+03 9.841974242640479931e-01 3.141674996467744979e-02
7.163621550037873021e+03 9.887264132069766287e-01 3.061589249876629087e-02
7.170785171587913283e+03 9.571640977209084911e-01 3.219946688479527475e-02
7.177955956759504261e+03 9.556182213884975019e-01 3.207864971000474325e-02
7.185133912716265513e+03 9.428670428073042675e-01 3.150314967316340115e-02
7.192319046628984324e+03 9.282424176813961481e-01 3.119879661535550699e-02
7.199511365675615707e+03 9.041126524422455901e-01 3.085537222624206571e-02
7.206710877041294225e+03 8.587413325050778923e-01 3.105615801880767454e-02
7.213917587918337631e+03 8.328856518739237158e-01 2.920192783083454952e-02
7.221131505506257781e+03 8.244513673377629193e-01 2.647171543273814376e-02
7.228352637011767001e+03 8.108095397838132046e-01 2.596988167653897783e-02
7.235580989648780815e+03 7.890526893315235046e-01 2.603739143541872886e-02
7.242816570638432495e+03 7.847832360063534685e-01 2.376611483145459405e-02
7.250059387209073066e+03 8.079524422604915657e-01 2.303141111839730401e-02
7.257309446596284033e+03 8.518369519451447491e-01 2.510350966213981821e-02
7.264566756042882844e+03 8.911124600323359068e-01 2.566673538635274449e-02
7.271831322798928340e+03 9.440097941727765285e-01 2.250428782186364787e-02
7.279103154121729858e+03 9.974997196487215279e-01 2.203205337267471683e-02
7.286382257275853590e+03 1.084549155823142375e+00 2.470758989425947405e-02
7.293668639533132591e+03 1.133833525193960634e+00 2.357745601504327229e-02
7.300962308172667690e+03 1.155729727975159049e+00 2.231593470842042209e-02
7.308263270480842948e+03 1.178529947087068708e+00 2.349085473200455271e-02
7.315571533751325660e+03 1.143499555812077739e+00 2.479905301423941319e-02
7.322887105285079997e+03 1.051662025265289291e+00 3.330299703070484230e-02
7.330209992390367006e+03 9.852009923713006545e-01 3.540262874356394501e-02
7.337540202382760071e+03 9.684329065738880304e-01 3.520523199664480490e-02
7.344877742585144915e+03 9.570608405788536555e-01 3.563683644454529453e-02
7.352222620327733239e+03 9.385907213664012039e-01 3.448904606010215479e-02
7.359574842948062724e+03 9.476642206752666775e-01 3.362780873592793873e-02
7.366934417791013402e+03 9.478420595014686034e-01 3.244912583353175284e-02
7.374301352208806748e+03 9.331221179230457796e-01 3.145752618478236257e-02
7.381675653561018407e+03 9.435431043564113107e-01 3.024131565055693249e-02
7.389057329214581841e+03 9.469563387484177808e-01 2.861346313417361537e-02
7.396446386543798326e+03 9.303670746293508653e-01 2.916075842409135768e-02
7.403842832930345139e+03 9.029790793539953508e-01 3.112083690478784082e-02
7.411246675763277381e+03 8.859551543252659478e-01 2.868110968646645290e-02
7.418657922439043432e+03 8.910333755583679238e-01 2.788680697225972421e-02
7.426076580361484957e+03 9.035322998085918433e-01 2.947857052368097266e-02
7.433502656941848727e+03 9.112121429754057589e-01 3.037505355960141290e-02
7.440936159598792983e+03 9.204395646411704934e-01 3.016214711670008389e-02
7.448377095758394717e+03 9.449172957769106374e-01 2.554570945618596031e-02
7.455825472854155123e+03 9.516130670824679560e-01 2.420133128894966235e-02
7.463281298327012337e+03 9.293517732426720412e-01 2.640656307857965068e-02
7.470744579625341430e+03 9.000409823767101525e-01 2.560237744261624482e-02
7.478215324204968965e+03 8.759796023811243781e-01 2.563685547129946826e-02
7.485693539529176633e+03 8.286794695166788127e-01 3.258371273261938955e-02
7.493179233068708527e+03 7.819160888638047036e-01 3.299426792206564679e-02
7.500672412301779332e+03 7.852951527767609852e-01 3.411039181869079950e-02
7.508173084714083416e+03 8.090273640442237069e-01 3.900662245513950022e-02
7.515681257798800289e+03 8.166553794532915855e-01 4.063666428196116565e-02
7.523196939056601877e+03 8.289269619629971997e-01 3.823220253135733993e-02
7.530720135995660712e+03 8.478743574982940956e-01 3.403809688967161795e-02
7.538250856131659020e+03 8.424973906577916116e-01 3.354738940213582155e-02
7.545789106987793275e+03 8.015325896888849666e-01 3.513175740209373288e-02
7.553334896094783289e+03 7.556015981440832308e-01 3.478784670385239031e-02
7.560888230990880402e+03 7.080761397502173260e-01 3.631381862960958440e-02
7.568449119221873843e+03 6.550469107970768867e-01 3.562313683128911362e-02
7.576017568341098013e+03 6.083618311066898432e-01 3.444661210105936372e-02
7.583593585909441572e+03 5.748205860556885316e-01 3.475097033679612479e-02
7.591177179495353812e+03 5.611791788221103250e-01 3.621367128590915335e-02
7.598768356674851930e+03 5.509376148332614243e-01 3.676390102776194019e-02
7.606367125031529213e+03 5.501157613810393476e-01 3.666814385915798807e-02
7.613973492156563225e+03 5.766916116938518577e-01 3.210205421742201581e-02
7.621587465648722173e+03 5.937563068234457120e-01 3.120409056659661368e-02
7.629209053114373091e+03 5.881329206612131433e-01 2.456272568260068831e-02
7.636838262167490029e+03 5.774590554201770587e-01 2.166854757968587550e-02
7.644475100429660415e+03 5.844431618375776072e-01 2.259154987553165655e-02
7.652119575530092334e+03 6.141613574475121018e-01 2.419728174813750785e-02
7.659771695105625440e+03 6.554253071165107025e-01 2.519650993569466646e-02
7.667431466800733688e+03 7.197052093794384930e-01 2.832766309183935155e-02
7.675098898267536242e+03 7.818385251709220052e-01 2.879930690337410490e-02
7.682773997165806577e+03 8.440477407471390636e-01 2.879047241443273911e-02
7.690456771162975201e+03 9.009687347274956126e-01 2.726602677376037051e-02
7.698147227934140574e+03 9.206337594133965352e-01 2.614893843164700638e-02
7.705845375162077289e+03 8.909086036161890654e-01 3.017937323121907406e-02
7.713551220537241534e+03 8.674378277732591735e-01 3.061993375421883171e-02
7.721264771757782000e+03 8.163881527240819391e-01 3.262240345426319077e-02
7.728986036529541707e+03 7.797377815279031843e-01 3.167831238973319724e-02
7.736715022566074367e+03 7.411883930476783622e-01 3.080634674190487962e-02
7.744451737588642573e+03 6.860343252489048416e-01 2.683172932181411216e-02
7.752196189326234162e+03 6.581808723289979124e-01 2.661928175651782566e-02
7.759948385515562222e+03 6.593412657349747574e-01 2.756946883776985671e-02
7.767708333901080550e+03 6.622133000533861891e-01 2.763771659850152579e-02
7.775476042234984561e+03 6.837804937557621088e-01 2.617656897964232635e-02
7.783251518277222203e+03 7.199940891423117773e-01 2.621312403684769241e-02
7.791034769795502143e+03 7.213354708010846217e-01 2.568031927479620669e-02
7.798825804565300132e+03 7.051740832378039503e-01 2.604545767705563827e-02
7.806624630369868100e+03 6.806773568515562811e-01 2.681623309195072663e-02
7.814431255000240526e+03 6.585652965585675478e-01 2.575806631046248865e-02
7.822245686255242617e+03 6.479937691744267481e-01 2.534924306667332011e-02
7.830067931941501229e+03 6.345878600078067588e-01 2.548474249128978436e-02
7.837897999873444860e+03 6.357835407175407294e-01 2.548768745228361526e-02
7.845735897873320937e+03 6.580594532598127433e-01 2.520220253584714784e-02
7.853581633771196721e+03 6.602255623998513068e-01 2.424187788990397885e-02
7.861435215404970222e+03 6.779782003206723529e-01 2.418002922791345766e-02
7.869296650620378387e+03 6.937276468249240491e-01 2.317564381289471606e-02
7.877165947271001642e+03 7.113789926419105125e-01 2.113174257486666319e-02
7.885043113218274812e+03 7.224625068319490140e-01 2.044559844648482713e-02
7.892928156331495302e+03 7.400819444068977848e-01 2.218452711664588989e-02
7.900821084487829467e+03 7.316933500872562224e-01 2.280832804933864005e-02
7.908721905572319884e+03 7.187145697621404317e-01 2.280468936748434108e-02
7.916630627477895359e+03 6.857246651675622529e-01 2.111485476588905938e-02
7.924547258105375477e+03 6.603919902588784030e-01 2.015107260282559404e-02
7.932471805363483327e+03 6.749652308878768547e-01 1.875654250827828856e-02
7.940404277168850058e+03 6.697064733255050362e-01 1.882527602775088682e-02
7.948344681446021241e+03 6.737609761399758757e-01 1.871977439239901064e-02
7.956293026127469602e+03 6.774029773634593354e-01 1.878625088577934310e-02
7.964249319153599572e+03 6.921199483486342174e-01 1.918659541499398088e-02
7.972213568472756378e+03 7.108715222695561886e-01 1.771524062756165210e-02
7.980185782041231505e+03 7.143679428800393527e-01 1.860419693084728460e-02
7.988165967823275423e+03 7.221252258079302599e-01 1.878378749947304249e-02
7.996154133791101231e+03 7.387331985983061067e-01 1.920604807950380272e-02
8.004150287924895565e+03 7.352041999056422306e-01 2.125265609179953843e-02
8.012154438212822242e+03 7.312076434419336746e-01 2.230306996398699615e-02
8.020166592651037718e+03 7.223670834759020609e-01 2.281233150334667850e-02
8.028186759243691995e+03 6.932737774165216305e-01 2.164740557489479994e-02
8.036214946002938632e+03 6.807774288752911351e-01 2.241088469171780700e-02
8.044251160948943834e+03 6.883868257655171297e-01 2.121376954234487772e-02
8.052295412109895551e+03 6.755852455947700674e-01 2.002935327259397491e-02
8.060347707522008022e+03 6.699041450313174551e-01 1.989278098227885774e-02
8.068408055229532692e+03 6.489937351395265175e-01 2.143956625657532714e-02
8.076476463284764577e+03 6.308522221037643485e-01 2.146000618479440916e-02
8.084552939748052268e+03 6.382816318338279116e-01 2.036844205372811620e-02
8.092637492687803388e+03 6.229497141980336883e-01 2.025446410573748107e-02
8.100730130180493688e+03 6.270298038986401590e-01 2.047159997724665864e-02
8.108830860310677053e+03 6.238063105915945261e-01 2.184611020013141336e-02
8.116939691170990045e+03 6.270042810563010161e-01 2.244608396607745623e-02
8.125056630862163729e+03 6.141762671383466099e-01 2.222896305962874033e-02
8.133181687493028221e+03 6.226160494896834097e-01 2.194593238782900982e-02
8.141314869180524511e+03 6.164562622646094781e-01 2.256431833984288288e-02
8.149456184049707190e+03 6.392764365784969760e-01 2.254621322873359354e-02
8.157605640233759914e+03 6.256914485051084940e-01 2.124413864755196960e-02
8.165763245873996311e+03 6.142481481589459058e-01 2.253475260954572110e-02
8.173929009119872717e+03 6.378272205891932778e-01 2.284676513100840703e-02
8.182102938128995447e+03 6.745588410918909039e-01 2.353069338060103863e-02
8.190285041067127167e+03 7.245109026489278126e-01 2.567164983511304246e-02
8.198475326108196896e+03 7.835332592110609840e-01 2.794806405629799220e-02
8.206673801434308189e+03 8.644355798326548435e-01 3.109352283947835333e-02
8.214880475235744598e+03 8.976600796907742152e-01 3.070912394468431825e-02
8.223095355710984222e+03 9.035246984208231691e-01 3.170655392080188456e-02
8.231318451066697889e+03 9.040465801870456453e-01 3.343992019863263609e-02
8.239549769517767345e+03 8.849291642754983922e-01 3.454953771122671463e-02
8.247789319287287071e+03 8.255324567181919759e-01 3.342131711959978047e-02
8.256037108606577021e+03 7.876734759756286453e-01 3.286444861276807683e-02
8.264293145715186256e+03 7.486706888864729237e-01 3.423832743563044040e-02
8.272557438860903858e+03 7.288505505079710955e-01 3.407243057349597370e-02
8.280829996299768027e+03 7.097329539902772488e-01 3.558980551326702130e-02
8.289110826296069718e+03 7.064883379344339964e-01 3.584045625444907957e-02
8.297399937122369010e+03 7.319242871685152085e-01 3.622520239858343510e-02
8.305697337059495112e+03 7.636087651725019798e-01 3.001027894437158228e-02
8.314003034396557268e+03 7.827868013483627596e-01 2.805187838943107997e-02
8.322317037430955679e+03 7.629058608748016113e-01 2.814144794326266935e-02
8.330639354468388774e+03 7.525203357645054991e-01 2.847728241627445894e-02
8.338969993822860488e+03 7.278846599392160277e-01 2.770413027318558222e-02
8.347308963816685718e+03 6.843759071714461406e-01 2.376670288148339735e-02
8.355656272780506697e+03 6.898378868763589411e-01 2.495597289066743205e-02
8.364011929053289350e+03 7.034076157468822643e-01 2.186095339805339127e-02
8.372375940982345128e+03 6.559444370296204641e-01 3.663359070911646753e-02
8.380748316923331004e+03 6.622602797596831570e-01 4.608602016377860711e-02
8.389129065240256750e+03 7.090931416942978238e-01 4.498838941489548965e-02
8.397518194305499492e+03 8.414746628445224363e-01 4.699549185451133010e-02
8.405915712499807341e+03 1.039475825614828208e+00 6.050337937869489785e-02
8.414321628212310316e+03 1.238948957297819620e+00 6.420240847089195291e-02
8.422735949840525791e+03 1.410542777502584499e+00 6.462316423484089356e-02
8.431158685790369418e+03 1.556493866093386913e+00 6.472159834479825069e-02
8.439589844476162398e+03 1.743841615226504382e+00 6.477774005694737769e-02
8.448029434320640576e+03 1.896575549029273500e+00 6.382256271874123255e-02
8.456477463754963537e+03 2.030032642413227784e+00 6.491964424466384331e-02
8.464933941218721884e+03 2.087250949055388549e+00 6.456626464019570022e-02
8.473398875159942691e+03 2.083587779954406471e+00 6.890471580102283666e-02
8.481872274035105875e+03 2.055533502019754710e+00 6.702088087502321156e-02
8.490354146309144198e+03 2.039732916576913802e+00 6.522707116928713744e-02
8.498844500455456000e+03 2.039258117838701256e+00 6.622343668787014637e-02
8.507343344955914290e+03 2.064081019828889474e+00 7.082729036316992577e-02
8.515850688300872207e+03 2.089599053378746962e+00 6.731131634959683363e-02
8.524366538989177570e+03 2.099470163025918268e+00 5.526399884581665450e-02
8.532890905528169242e+03 2.005130192975570491e+00 5.588135728783010653e-02
8.541423796433698953e+03 1.837858787901921476e+00 5.184492477348289635e-02
8.549965220230136765e+03 1.653260830810385551e+00 5.014364576171196491e-02
8.558515185450369245e+03 1.476651777420918465e+00 5.294220894539303918e-02
8.567073700635823116e+03 1.330233344092630166e+00 5.192869153679190858e-02
8.575640774336461618e+03 1.198962922679263965e+00 5.370747817878732122e-02
8.584216415110800881e+03 1.034109783723698328e+00 4.612428282015836739e-02
8.592800631525913559e+03 9.123228831450236331e-01 3.500194085173471970e-02
8.601393432157443385e+03 8.905600907060321481e-01 3.355372310445673550e-02
8.609994825589603352e+03 9.720593358878587553e-01 4.043953085451778423e-02
8.618604820415195718e+03 1.120894584278337547e+00 3.912771970379606834e-02
8.627223425235613831e+03 1.279037443418744369e+00 4.029465388134845227e-02
8.635850648660851220e+03 1.401214238902209086e+00 3.786272285941372912e-02
8.644486499309516148e+03 1.467287931076513896e+00 3.522590029476768692e-02
8.653130985808827973e+03 1.493872128084236195e+00 3.473521738121855551e-02
8.661784116794638976e+03 1.467346525556295411e+00 3.552499815870370503e-02
8.670445900911438002e+03 1.379676108174756166e+00 4.078070035061164694e-02
8.679116346812352276e+03 1.264979201274351928e+00 4.329538109767239185e-02
8.687795463159167412e+03 1.117638687105894757e+00 4.422943804681556818e-02
8.696483258622329231e+03 9.851434891107245795e-01 3.528978163995805106e-02
8.705179741880954680e+03 9.068105142971339960e-01 3.732354349751765971e-02
8.713884921622837282e+03 8.398357399635060228e-01 3.958923905344415711e-02
8.722598806544463514e+03 7.939284761854626948e-01 4.188803713643609455e-02
8.731321405351010981e+03 7.700322720221044470e-01 3.900674513472341537e-02
8.740052726756364791e+03 7.724315745861276561e-01 3.064625280880987207e-02
8.748792779483124832e+03 7.525264105966485984e-01 2.850741796475513706e-02
8.757541572262609407e+03 7.010098706775684807e-01 3.119370503596244348e-02
8.766299113834875243e+03 6.511924347411612857e-01 3.165027208962175459e-02
8.775065412948713856e+03 6.118251790548654423e-01 3.174932814598990793e-02
8.783840478361664282e+03 5.516815586339796074e-01 3.479863421933289402e-02
8.792624318840029446e+03 5.223243305572197182e-01 3.335585983199466920e-02
8.801416943158872527e+03 5.282727840702148292e-01 3.139278005921514875e-02
8.810218360102035149e+03 5.605846720139285866e-01 3.311011818823691999e-02
8.819028578462139194e+03 6.352438238058941700e-01 3.292796857529812354e-02
8.827847607040604998e+03 7.453367774179890937e-01 3.637132960036192769e-02
8.836675454647647712e+03 8.248485542123218384e-01 3.611059023778660088e-02
8.845512130102299125e+03 8.754463666596080662e-01 3.366981919300870291e-02
8.854357642232404032e+03 8.565625240867434931e-01 3.734312441842158048e-02
8.863211999874638423e+03 8.439277519067829303e-01 3.849449709353437721e-02
8.872075211874516754e+03 8.297163379346756962e-01 3.832000794788342768e-02
8.880947287086393771e+03 7.912325018119794606e-01 3.654016264160530464e-02
8.889828234373482701e+03 7.598999071679073403e-01 3.663874050705519247e-02
8.898718062607858883e+03 7.041674433888559514e-01 3.439072585235268542e-02
8.907616780670470689e+03 6.536156241241655174e-01 3.322149521763302638e-02
8.916524397451143159e+03 6.083530895029799490e-01 3.347759699287092272e-02
8.925440921848598009e+03 5.768456463260999145e-01 3.337517473247633704e-02
8.934366362770449996e+03 5.491088414035284471e-01 3.178356422708970841e-02
8.943300729133223285e+03 5.414534852397921982e-01 3.177802829333351009e-02
8.952244029862358730e+03 5.327892542102707907e-01 2.958291979111993264e-02
8.961196273892224781e+03 5.589187943854220242e-01 2.889890989788174158e-02
8.970157470166119310e+03 6.045263765287501867e-01 3.160861742956776188e-02
8.979127627636287798e+03 6.303324168384347725e-01 3.276441558394436321e-02
8.988106755263928790e+03 6.624826169259926401e-01 3.259693885497618598e-02
8.997094862019195716e+03 6.739466354418968130e-01 2.960526945544639937e-02
9.006091956881216902e+03 6.841940415625253902e-01 2.707080836871028975e-02
9.015098048838101022e+03 6.654330251309117372e-01 2.901940072071688276e-02
9.024113146886942559e+03 6.419437894364254937e-01 2.721357397238347020e-02
9.033137260033832717e+03 6.173024699138487392e-01 2.552925103907826773e-02
9.042170397293868518e+03 5.985949542101781651e-01 2.736329854434136483e-02
9.051212567691165532e+03 5.517401331914928431e-01 2.842385926802750915e-02
9.060263780258859697e+03 4.971005450643448675e-01 2.760368305406811495e-02
9.069324044039121873e+03 4.982181562221860149e-01 2.792270699881345408e-02
9.078393368083163296e+03 5.232997039592053312e-01 3.273670951402282703e-02
9.087471761451250131e+03 5.234482191038107857e-01 3.221919701468546615e-02
9.096559233212705294e+03 5.177842933456783259e-01 3.347863345442315258e-02
9.105655792445919360e+03 5.465021017397355685e-01 3.269814827736593904e-02
9.114761448238368757e+03 5.936081679763278718e-01 3.187305407408595054e-02
9.123876209686610309e+03 6.285545702156887238e-01 3.070251524190932904e-02
9.133000085896299424e+03 6.841911933109482424e-01 2.930423271259679358e-02
9.142133085982199191e+03 7.468305422121650494e-01 2.813541085778830872e-02
9.151275219068184015e+03 8.248511483162143110e-01 2.832123773689592880e-02
9.160426494287255991e+03 9.133256881589887355e-01 2.810495739493814801e-02
9.169586920781546723e+03 1.030592134367153800e+00 3.291153030211402264e-02
9.178756507702330055e+03 1.134129381549970006e+00 3.426827331533061072e-02
9.187935264210036621e+03 1.193443206168316895e+00 3.273360343573560038e-02
9.197123199474248395e+03 1.210158614599873506e+00 3.156401054297705566e-02
9.206320322673725968e+03 1.168661461599983742e+00 3.557077989671671853e-02
9.215526642996403098e+03 1.103998588603035458e+00 3.856787200687094436e-02
9.224742169639403073e+03 1.019067232097622178e+00 3.909687412406138984e-02
9.233966911809044177e+03 9.350940603655809591e-01 3.932995388054123104e-02
9.243200878720857872e+03 8.269610397354110187e-01 4.026076015018946463e-02
9.252444079599581528e+03 7.199551615653072556e-01 4.159339901986846416e-02
9.261696523679183883e+03 6.168925439688720536e-01 3.840722149774256772e-02
9.270958220202865050e+03 4.979068027191378976e-01 3.360292933993883069e-02
9.280229178423071062e+03 3.987219475146192016e-01 3.211375880846260855e-02
9.289509407601497514e+03 3.178070113089339621e-01 3.161432383126471651e-02
9.298798917009102297e+03 2.666046218740228957e-01 3.199636632542826598e-02
9.308097715926114688e+03 2.628488302848863700e-01 3.265721049366033385e-02
9.317405813642044450e+03 2.598296097460110476e-01 3.373011906207117744e-02
9.326723219455689105e+03 2.789018763234881182e-01 3.596443008790344703e-02
9.336049942675148486e+03 3.010669133833028810e-01 3.507047393870309920e-02
9.345385992617826560e+03 3.466406323835905523e-01 3.381851189155087728e-02
9.354731378610447791e+03 3.977374057841264188e-01 3.254258355484824367e-02
9.364086109989060787e+03 4.255410535729620691e-01 3.179738489589579997e-02
9.373450196099052846e+03 4.479813192771131547e-01 3.101383027258398581e-02
9.382823646295155413e+03 4.636343027328554411e-01 3.049759498928132639e-02
9.392206469941453179e+03 4.660002483197546730e-01 3.049355335862921970e-02
9.401598676411396809e+03 4.590514142698705613e-01 3.051133096965509550e-02
9.411000275087812042e+03 4.257024921682553420e-01 3.086487029734723969e-02
9.420411275362903325e+03 3.959280842421697977e-01 3.239040112293234408e-02
9.429831686638268366e+03 3.865774377758277591e-01 3.372946670653842460e-02
9.439261518324910867e+03 3.738269713355912849e-01 3.461171428976852343e-02
9.448700779843238706e+03 3.557817378349504844e-01 3.415118415122259804e-02
9.458149480623085765e+03 3.530496895683001846e-01 3.457285676112082512e-02
9.467607630103711926e+03 3.498499833973274242e-01 3.442523028605859459e-02
9.477075237733817630e+03 3.508914511663954183e-01 3.399551469725093505e-02
9.486552312971554784e+03 3.216177204088579433e-01 3.097390889371849296e-02
9.496038865284530402e+03 3.383084678823501945e-01 3.187911958185379868e-02
9.505534904149817521e+03 3.504814223747078072e-01 3.319726480166877713e-02
9.515040439053969749e+03 3.666864990310416683e-01 3.534432010817312175e-02
9.524555479493026724e+03 3.963103944875630558e-01 3.814299178170968418e-02
9.534080034972523208e+03 4.174280512407952948e-01 4.125715314850567778e-02
9.543614115007500004e+03 4.532145437057496506e-01 4.640605629357385381e-02
9.553157729122509409e+03 4.968647835469852114e-01 4.619390699296144903e-02
9.562710886851635223e+03 5.131708497242379874e-01 4.997388512530306220e-02
9.572273597738490935e+03 5.045947151049685608e-01 5.845915536617943969e-02
9.581845871336232449e+03 4.689676050436355492e-01 6.527823939732167735e-02
9.591427717207570822e+03 4.370172468250352882e-01 8.023291438462790137e-02
9.601019144924781358e+03 3.896711217922281811e-01 1.028722960638309841e-01
9.610620164069710881e+03 3.422358212693392687e-01 1.324074536047767370e-01
9.620230784233783197e+03 2.409759224939798106e-01 1.551304014670286113e-01
9.629851015018019098e+03 1.872823577631285707e-01 2.061143430823794975e-01
9.639480866033041821e+03 1.959643399795994445e-01 2.642540952910356622e-01
