# starting wavelength: 3681.903
# ending wavelength: 7463.277
# wav flux eflux
3.685285263327964003e+03 6.935987115132384861e-01 3.581546965226881651e-01
3.688970548591293209e+03 6.480417161496786482e-01 2.663770392737708215e-01
3.692659519139885560e+03 5.774451591291497321e-01 2.070586951566242839e-01
3.696352178659026777e+03 5.305882264791222935e-01 1.595969231474930194e-01
3.700048530837686940e+03 5.031841373184016142e-01 1.244679711765364488e-01
3.703748579368525952e+03 4.826344988319686280e-01 1.022347839014765419e-01
3.707452327947895355e+03 4.871769088819331017e-01 8.954394025738766916e-02
3.711159780275844696e+03 4.830599157468970506e-01 7.421807204726532659e-02
3.714870940056121526e+03 4.851579596788940241e-01 6.358013783146845843e-02
3.718585810996179134e+03 4.792980391857721845e-01 5.640417511025673514e-02
3.722304396807176545e+03 4.748566794215751674e-01 5.024592063113976492e-02
3.726026701203984885e+03 4.974111330246369089e-01 4.725724152641603421e-02
3.729752727905190113e+03 4.982608974190760320e-01 4.566829968938312945e-02
3.733482480633096657e+03 5.062111084772051850e-01 4.303283716951794569e-02
3.737215963113731050e+03 5.120664079456110906e-01 4.083572300564974888e-02
3.740953179076846027e+03 5.197398362534955130e-01 3.899430955020985468e-02
3.744694132255923705e+03 5.229637404959565083e-01 3.802778398023740070e-02
3.748438826388181042e+03 5.385199577669151916e-01 3.707271166873605389e-02
3.752187265214570289e+03 5.438190033811023394e-01 3.614939409898230288e-02
3.755939452479786269e+03 5.612421258434591165e-01 3.661103480168233920e-02
3.759695391932267285e+03 5.627506395773151926e-01 3.641063697441687674e-02
3.763455087324201031e+03 5.979745731233775397e-01 3.755993377858359017e-02
3.767218542411526414e+03 6.283633826387263754e-01 3.754235500686463334e-02
3.770985760953939007e+03 6.341415793131696121e-01 3.782519137302249590e-02
3.774756746714894234e+03 6.172154671398395465e-01 3.640344176858902742e-02
3.778531503461610555e+03 6.106822859234181111e-01 3.667958790478455244e-02
3.782310034965073100e+03 6.214238016123181385e-01 3.654007721825306559e-02
3.786092345000039586e+03 6.321110741817553835e-01 3.670016165368111816e-02
3.789878437345040766e+03 6.448537350075093100e-01 3.568423999576120914e-02
3.793668315782387253e+03 6.490636738514311554e-01 3.641961749999092501e-02
3.797461984098170888e+03 6.492437414066287715e-01 3.531536055059836948e-02
3.801259446082270188e+03 6.500698799800332939e-01 3.568608616109607973e-02
3.805060705528353537e+03 6.527241104698939811e-01 3.596891879455256513e-02
3.808865766233883278e+03 6.616449966204840383e-01 3.582045384935972354e-02
3.812674632000118436e+03 6.524661582692545814e-01 3.557372805255651360e-02
3.816487306632119726e+03 6.618151218060733809e-01 3.705281332991907511e-02
3.820303793938753188e+03 6.620554648986217705e-01 3.673234551584711460e-02
3.824124097732693372e+03 6.689994939198117274e-01 3.571602496475899391e-02
3.827948221830427428e+03 6.736691301022109668e-01 3.594433311249152496e-02
3.831776170052258749e+03 6.920135741444596311e-01 3.655193115031110662e-02
3.835607946222312421e+03 6.908326843251904048e-01 3.638557746661170295e-02
3.839443554168536139e+03 6.839586910016675070e-01 3.449875454802749791e-02
3.843282997722705659e+03 6.714709271842915772e-01 3.456953739737830822e-02
3.847126280720429804e+03 6.439740247557433905e-01 3.536648786553962809e-02
3.850973407001151372e+03 6.361007137409226964e-01 3.452221826047082581e-02
3.854824380408153957e+03 6.280742905560268152e-01 3.414158893583477128e-02
3.858679204788563311e+03 6.154133726116222114e-01 3.334972313064232113e-02
3.862537883993353262e+03 5.890559724454940138e-01 3.384570074806164675e-02
3.866400421877347981e+03 5.722377927415824850e-01 3.278340306770350515e-02
3.870266822299226533e+03 5.675417142933659731e-01 3.230402860282335226e-02
3.874137089121526969e+03 5.627356443491209337e-01 3.244712920782603927e-02
3.878011226210649966e+03 5.847861132944348617e-01 3.540216198152072030e-02
3.881889237436861549e+03 5.981795451850778766e-01 3.518112787025267502e-02
3.885771126674299921e+03 6.232926912732713598e-01 3.356032590434627344e-02
3.889656897800975457e+03 6.498632733201350486e-01 3.211552430117750601e-02
3.893546554698777527e+03 6.484966467514099442e-01 3.197733886813121373e-02
3.897440101253477678e+03 6.556482779683829865e-01 3.271988391392175594e-02
3.901337541354732366e+03 6.746057516886525551e-01 3.300217105631998021e-02
3.905238878896088409e+03 6.909566543625386137e-01 3.282926804789650793e-02
3.909144117774985716e+03 6.886410976948992291e-01 3.343349168742947020e-02
3.913053261892762293e+03 6.948925606330722538e-01 3.325188886923635678e-02
3.916966315154656058e+03 7.202619916612857942e-01 3.507870553657176094e-02
3.920883281469812118e+03 7.446471715171334438e-01 3.612695999633375177e-02
3.924804164751283224e+03 7.266067211753557409e-01 3.573643198169512702e-02
3.928728968916035683e+03 7.515413996714047640e-01 3.548299796115875204e-02
3.932657697884953450e+03 7.383639433987866374e-01 3.470527323636891232e-02
3.936590355582839493e+03 7.414760288171414748e-01 3.500970865257776315e-02
3.940526945938423523e+03 7.602033004874710898e-01 3.319280487189045503e-02
3.944467472884363360e+03 7.792689041641618353e-01 3.388487238469332224e-02
3.948411940357249023e+03 7.864537641238690258e-01 3.414509306658219251e-02
3.952360352297607733e+03 7.798904758093633260e-01 3.391532558389834251e-02
3.956312712649906643e+03 7.776841307087478672e-01 3.421824771239589252e-02
3.960269025362557841e+03 8.000090598313496226e-01 3.475107390645494621e-02
3.964229294387921527e+03 8.032566020529865458e-01 3.539656100150635060e-02
3.968193523682310570e+03 8.082137107570406265e-01 3.283125934433783061e-02
3.972161717205994591e+03 8.212772146867800549e-01 3.382394417842306267e-02
3.976133878923201792e+03 8.277064971439479502e-01 3.407361139543739481e-02
3.980110012802126221e+03 8.521638425326102384e-01 3.211857569887379554e-02
3.984090122814929600e+03 8.691146621874810130e-01 3.180705879502641886e-02
3.988074212937745870e+03 8.962870387423352847e-01 3.078302304036678247e-02
3.992062287150684824e+03 8.966123870469775436e-01 3.139372218894372762e-02
3.996054349437837118e+03 8.863442910126493324e-01 3.288278323954180876e-02
4.000050403787276082e+03 8.640503117331767013e-01 3.514766415231674462e-02
4.004050454191064546e+03 8.475379404004836914e-01 3.355232407194477101e-02
4.008054504645257111e+03 8.331111500778598522e-01 3.166893219831585365e-02
4.012062559149903791e+03 8.289111372462290017e-01 3.190146679971664345e-02
4.016074621709055009e+03 8.279348493799524311e-01 2.962949450661161999e-02
4.020090696330765240e+03 8.079870178820330873e-01 2.895603075923371822e-02
4.024110787027097558e+03 8.209210191274192159e-01 2.819743048551362485e-02
4.028134897814125907e+03 8.238331189113834441e-01 2.821101872631751398e-02
4.032163032711941469e+03 8.512954548858595594e-01 2.970274933184719260e-02
4.036195195744654484e+03 8.789376759978705378e-01 2.828628843990162525e-02
4.040231390940400615e+03 8.829310572546512637e-01 2.856646034157752159e-02
4.044271622331342314e+03 8.933782738634686860e-01 2.841955019810631436e-02
4.048315893953675186e+03 8.915958690012971699e-01 2.884909116112702177e-02
4.052364209847629809e+03 8.709370306092381053e-01 2.800641391816732079e-02
4.056416574057479011e+03 8.734199506757741593e-01 2.827314375063074564e-02
4.060472990631537868e+03 8.649031920703107446e-01 2.683290219293524292e-02
4.064533463622170530e+03 8.741293611349296722e-01 2.949538671644765311e-02
4.068597997085794304e+03 8.743864558995043668e-01 2.914878871221343939e-02
4.072666595082881486e+03 8.598554204191639627e-01 2.878161928818868606e-02
4.076739261677965715e+03 8.521646235947650805e-01 2.881364118700767765e-02
4.080816000939644709e+03 8.216035161014674237e-01 2.977984093347008435e-02
4.084896816940585722e+03 8.148879000574797971e-01 2.830394300904960983e-02
4.088981713757527814e+03 8.452432918885727231e-01 2.759979032476711155e-02
4.093070695471286854e+03 8.737933091344978198e-01 2.739806640801922127e-02
4.097163766166759160e+03 9.056695470464072306e-01 2.860662752076977011e-02
4.101260929932927866e+03 9.288154062663298571e-01 2.982953080101627408e-02
4.105362190862862008e+03 9.484684402224391464e-01 2.993441847074603326e-02
4.109467553053726078e+03 9.453192145135681512e-01 2.957690613082067377e-02
4.113577020606780934e+03 9.576381208149831181e-01 2.840335104618938941e-02
4.117690597627389252e+03 9.455278873346809609e-01 2.786746066583499493e-02
4.121808288225018259e+03 9.221560424445932602e-01 2.974721473014431752e-02
4.125930096513244280e+03 9.068240345646121359e-01 2.980934810195236956e-02
4.130056026609759101e+03 8.860507121644108919e-01 2.840938203002485452e-02
4.134186082636369974e+03 8.695242642620639728e-01 2.446595972405658445e-02
4.138320268719007800e+03 8.740983051704876994e-01 2.589450423727635703e-02
4.142458588987728035e+03 8.958724159021711486e-01 2.453405300001949840e-02
4.146601047576717065e+03 9.152192859863813590e-01 2.335508540130785265e-02
4.150747648624294925e+03 9.319764435260439184e-01 2.244026347412883191e-02
4.154898396272920763e+03 9.421129850588987331e-01 2.123250983241532081e-02
4.159053294669195566e+03 9.319989424876717887e-01 1.948076337169891287e-02
4.163212347963865795e+03 9.249729103560342391e-01 1.990602264637147956e-02
4.167375560311830668e+03 9.163629371579333771e-01 1.961954738195509709e-02
4.171542935872143971e+03 8.928918667927558950e-01 1.922882589372511275e-02
4.175714478808017702e+03 8.858167123605193982e-01 1.940298443340926146e-02
4.179890193286827525e+03 8.853757344989532374e-01 1.956763960326833585e-02
4.184070083480115500e+03 8.803064608178167161e-01 1.795785896223968045e-02
4.188254153563597356e+03 8.669768297132544044e-01 1.778186266091779516e-02
4.192442407717161586e+03 8.785418572294637629e-01 1.733624046405241731e-02
4.196634850124880359e+03 8.857955888454146498e-01 1.666941375968079841e-02
4.200831484975006788e+03 8.825424698068754514e-01 1.675745505703061036e-02
4.205032316459983122e+03 8.695035847619386749e-01 1.655750347549679938e-02
4.209237348776444378e+03 8.417769810462880642e-01 1.712255576242359412e-02
4.213446586125221984e+03 8.236577218318102966e-01 1.739925389492864849e-02
4.217660032711349231e+03 8.229860268992957861e-01 1.819078834749593074e-02
4.221877692744061278e+03 8.104812070777909216e-01 1.802533123955718172e-02
4.226099570436806971e+03 7.984952778464874390e-01 1.802020385347604878e-02
4.230325670007245208e+03 7.872777779839774670e-01 1.810471464183143961e-02
4.234555995677254032e+03 7.765438705307283751e-01 1.822812702250134823e-02
4.238790551672932452e+03 7.674441958600306535e-01 1.833503633792436111e-02
4.243029342224606808e+03 7.590360530526327754e-01 1.830874599053637641e-02
4.247272371566832589e+03 7.286209958667241304e-01 1.957739855247887448e-02
4.251519643938400804e+03 6.999009163879441608e-01 1.887319616232806252e-02
4.255771163582340705e+03 6.925935567662865333e-01 1.874249129177069789e-02
4.260026934745924336e+03 6.936601051373000315e-01 1.875199178428429286e-02
4.264286961680671993e+03 6.860599651712877556e-01 1.861935847880510225e-02
4.268551248642354039e+03 6.837331620725719539e-01 1.781701875315966702e-02
4.272819799890998183e+03 6.896396907938919796e-01 1.722290903356918021e-02
4.277092619690890388e+03 7.032932437898581357e-01 1.781662255389145771e-02
4.281369712310583054e+03 7.334832656756424818e-01 1.746304266455148829e-02
4.285651082022895025e+03 7.707911520836854269e-01 1.968875680327824423e-02
4.289936733104918858e+03 7.773517609130402573e-01 1.975190724004578097e-02
4.294226669838025373e+03 7.747976392687065950e-01 1.957978469409289365e-02
4.298520896507864563e+03 7.825673060705877759e-01 1.918522644070820224e-02
4.302819417404373780e+03 7.767991633084321279e-01 1.881167685391131258e-02
4.307122236821779552e+03 7.365452385583380890e-01 2.098124126085279539e-02
4.311429359058603040e+03 7.184866739367506971e-01 2.042821563186167019e-02
4.315740788417662770e+03 6.994116809925451372e-01 2.067299584612089167e-02
4.320056529206081905e+03 6.983858916615681700e-01 2.043860814358570629e-02
4.324376585735290064e+03 7.076059137182554304e-01 2.074234972906970412e-02
4.328700962321026054e+03 7.090071088934752908e-01 1.986437426579951149e-02
4.333029663283348782e+03 7.245773743831365188e-01 2.031908052391045647e-02
4.337362692946633615e+03 7.510109520677202832e-01 2.063590854187974388e-02
4.341700055639581478e+03 7.763196766173348085e-01 2.021416655473751850e-02
4.346041755695222491e+03 8.063412804963460134e-01 1.939907474459626885e-02
4.350387797450919606e+03 8.177065406847864315e-01 1.851122585560955464e-02
4.354738185248371337e+03 8.074261951580395946e-01 1.964617019244677132e-02
4.359092923433621763e+03 7.894349643090559088e-01 1.864882484824456621e-02
4.363452016357056891e+03 7.783688958902100774e-01 1.894299648289889115e-02
4.367815468373414660e+03 7.726394883658496138e-01 1.913976287670332566e-02
4.372183283841789489e+03 7.601471134658980278e-01 1.804484758371676170e-02
4.376555467125633186e+03 7.555339987440653493e-01 1.867715345214029238e-02
4.380932022592760404e+03 7.646043743620393185e-01 1.786237422569198277e-02
4.385312954615354101e+03 7.798069552663758897e-01 1.752406959773009434e-02
4.389698267569970994e+03 8.017742870432652547e-01 1.943200093568419468e-02
4.394087965837542470e+03 8.142284013883889227e-01 1.839431956503520538e-02
4.398482053803381859e+03 8.226458010321630043e-01 1.896139564514837464e-02
4.402880535857186260e+03 8.244049228410297303e-01 1.860292134731682950e-02
4.407283416393044718e+03 8.348826658040714443e-01 1.851511732937877186e-02
4.411690699809440048e+03 8.363733777552732063e-01 1.819575910014378448e-02
4.416102390509250654e+03 8.310391604950388977e-01 1.792736658235643057e-02
4.420518492899761441e+03 8.262031248997010469e-01 1.782284968331488556e-02
4.424939011392662906e+03 8.102550725916013441e-01 1.790691041917806883e-02
4.429363950404056595e+03 8.049779269484647060e-01 1.784057676133170983e-02
4.433793314354462382e+03 7.970211133057226727e-01 1.773088784676200153e-02
4.438227107668818462e+03 7.950111850151274639e-01 1.824643053843393731e-02
4.442665334776488635e+03 8.027049581882347296e-01 1.820698031648145671e-02
4.447108000111265937e+03 8.052131956029815463e-01 1.818780207749019079e-02
4.451555108111379013e+03 8.148614193527217164e-01 1.865891569339708789e-02
4.456006663219492111e+03 8.205157124696113025e-01 1.822783531790220929e-02
4.460462669882713271e+03 8.420100174598850185e-01 1.790624914541199403e-02
4.464923132552597053e+03 8.348245556520289545e-01 1.756525670772314876e-02
4.469388055685150903e+03 8.343083907436396052e-01 1.817097603327805927e-02
4.473857443740837880e+03 8.550531099685216851e-01 1.747963726833004147e-02
4.478331301184580298e+03 8.618602118260773048e-01 1.694402343266390373e-02
4.482809632485766087e+03 8.718307552975028685e-01 1.688700664820686620e-02
4.487292442118253348e+03 8.767387466187953615e-01 1.622532092975379273e-02
4.491779734560373072e+03 8.823941931127996519e-01 1.613460600430741826e-02
4.496271514294934605e+03 8.786085687236981911e-01 1.718549460030316042e-02
4.500767785809231100e+03 8.896242738319454224e-01 1.740376375591489236e-02
4.505268553595042249e+03 9.186840253938264311e-01 1.776430963910910835e-02
4.509773822148638828e+03 9.299244856794421921e-01 1.762875619573354632e-02
4.514283595970789065e+03 9.494478799782165579e-01 1.881752573094348790e-02
4.518797879566761367e+03 9.644388199651320326e-01 1.903316699731912032e-02
4.523316677446328868e+03 9.661150469990462675e-01 1.897745436574272901e-02
4.527839994123776705e+03 9.849712366262994845e-01 1.845850603818805988e-02
4.532367834117902021e+03 9.913593094641410808e-01 1.842608570373212296e-02
4.536900201952022144e+03 1.017780176769016443e+00 1.865059021240990378e-02
4.541437102153975502e+03 1.043252033021376812e+00 1.974937207206012291e-02
4.545978539256130716e+03 1.058957949362618889e+00 1.914024401948599685e-02
4.550524517795388419e+03 1.064426822877609924e+00 1.853551122790716987e-02
4.555075042313184895e+03 1.056329359147808677e+00 1.869800468457058842e-02
4.559630117355500261e+03 1.054129625471564191e+00 1.824374943850648467e-02
4.564189747472856652e+03 1.056291824608148744e+00 1.773741594144307571e-02
4.568753937220330954e+03 1.069522513583822221e+00 1.752521462658762630e-02
4.573322691157552981e+03 1.083556627463846844e+00 1.761810274268901105e-02
4.577896013848711846e+03 1.097913092957067516e+00 1.752546813624607583e-02
4.582473909862562323e+03 1.098080329501268215e+00 1.654677601460779329e-02
4.587056383772426670e+03 1.103759197295673067e+00 1.655006433142931430e-02
4.591643440156200086e+03 1.115721714193335323e+00 1.580854640305992889e-02
4.596235083596357981e+03 1.115691339519739200e+00 1.585600197864357047e-02
4.600831318679955984e+03 1.123307613092324742e+00 1.570195298074661405e-02
4.605432149998637215e+03 1.127141959211249267e+00 1.484660314814492676e-02
4.610037582148637739e+03 1.123067520776579897e+00 1.435123938254016969e-02
4.614647619730787483e+03 1.115701316308628011e+00 1.530876520129683012e-02
4.619262267350520233e+03 1.116964783703959796e+00 1.435445980793544941e-02
4.623881529617872729e+03 1.126776223369267083e+00 1.455502492107804517e-02
4.628505411147491941e+03 1.150864283275340405e+00 1.390483976463470495e-02
4.633133916558640522e+03 1.160272088513359945e+00 1.353104004760124178e-02
4.637767050475200449e+03 1.163602319168277832e+00 1.331838049242504811e-02
4.642404817525677572e+03 1.159662680133715318e+00 1.290636504438211728e-02
4.647047222343205249e+03 1.155424220545828051e+00 1.278803676840712007e-02
4.651694269565549803e+03 1.138510395596417979e+00 1.282968386312875568e-02
4.656345963835116891e+03 1.126071069034188188e+00 1.283568593708701334e-02
4.661002309798953320e+03 1.102456920265939333e+00 1.213193576581139688e-02
4.665663312108753416e+03 1.083948052263737027e+00 1.246053887399828017e-02
4.670328975420864481e+03 1.074211347374168568e+00 1.297586080273640391e-02
4.674999304396286789e+03 1.073088065887009668e+00 1.396550358040481166e-02
4.679674303700684504e+03 1.065782945519071268e+00 1.372884160463618344e-02
4.684353978004386590e+03 1.066302277210244620e+00 1.349876766646351291e-02
4.689038331982392265e+03 1.066194981560701027e+00 1.470055003133471060e-02
4.693727370314376458e+03 1.069667556906332306e+00 1.411199117106331363e-02
4.698421097684692540e+03 1.059503105569074233e+00 1.451080907263771654e-02
4.703119518782378691e+03 1.042082372670520396e+00 1.347602378824613693e-02
4.707822638301162442e+03 1.038210425587520414e+00 1.286791291672892412e-02
4.712530460939465229e+03 1.032814266992227559e+00 1.272878614915492514e-02
4.717242991400406027e+03 1.034205501214099820e+00 1.244646791238536790e-02
4.721960234391808626e+03 1.033093941843374886e+00 1.225060249690033271e-02
4.726682194626201635e+03 1.036336421044931955e+00 1.227476313093271709e-02
4.731408876820829391e+03 1.033990660507513315e+00 1.240763914006327504e-02
4.736140285697651962e+03 1.038334823835967535e+00 1.243430802189725466e-02
4.740876425983350600e+03 1.038034563862537674e+00 1.253198269985794124e-02
4.745617302409335934e+03 1.031009255548605452e+00 1.250840041158552025e-02
4.750362919711747054e+03 1.018004904374892217e+00 1.325160671626701356e-02
4.755113282631459697e+03 1.008371267960921580e+00 1.343520610943144643e-02
4.759868395914093526e+03 1.002773201418986293e+00 1.292644722604172590e-02
4.764628264310008490e+03 9.981050043325949694e-01 1.256017726164604040e-02
4.769392892574320285e+03 9.872475728681837648e-01 1.192858521827284968e-02
4.774162285466896719e+03 9.825594125732036721e-01 1.194124800936957088e-02
4.778936447752364984e+03 9.840834762356444054e-01 1.162736817660989935e-02
4.783715384200118933e+03 1.001029803894411874e+00 1.021438603186118274e-02
4.788499099584319993e+03 1.016861406113155120e+00 1.005567958670234782e-02
4.793287598683906253e+03 1.045302718624988358e+00 1.177174718549786614e-02
4.798080886282591564e+03 1.066421481937801730e+00 1.155586860021869805e-02
4.802878967168876443e+03 1.078679151000131675e+00 1.169203539034140669e-02
4.807681846136046261e+03 1.085926598905111895e+00 1.195028673264382849e-02
4.812489527982183972e+03 1.097047268984796320e+00 1.247765599189930470e-02
4.817302017510168298e+03 1.122386053159273978e+00 1.681759180874362047e-02
4.822119319527679181e+03 1.103627772523521511e+00 1.763691558186976024e-02
4.826941438847208701e+03 1.064368093582441999e+00 1.585229096459813206e-02
4.831768380286057436e+03 1.051473481101510288e+00 1.492978809452603917e-02
4.836600148666345376e+03 1.075182272152244378e+00 2.126687103750211222e-02
4.841436748815013743e+03 1.076799907307905979e+00 2.142845092865242052e-02
4.846278185563829538e+03 1.025041608022533968e+00 3.066197717741512424e-02
4.851124463749395545e+03 1.003814028926950597e+00 3.247897944084531668e-02
4.855975588213146693e+03 1.070517209423502702e+00 3.030243072775332461e-02
4.860831563801360971e+03 1.215453704908417976e+00 3.479336600266631774e-02
4.865692395365163975e+03 1.344575548793233377e+00 3.042970764421908808e-02
4.870558087760530725e+03 1.381948740513290419e+00 3.026591226644395616e-02
4.875428645848292945e+03 1.317850055955285704e+00 3.294813512733483357e-02
4.880304074494142696e+03 1.215719225465117681e+00 1.770969132751077854e-02
4.885184378568638749e+03 1.183858449092455745e+00 1.483976279011319128e-02
4.890069562947209306e+03 1.186521432722358549e+00 1.332695032861938751e-02
4.894959632510157462e+03 1.174863729804872081e+00 1.430710931509421649e-02
4.899854592142669389e+03 1.164562487268585578e+00 1.398749113249792703e-02
4.904754446734813428e+03 1.129951501914986167e+00 1.475015894355078024e-02
4.909659201181550088e+03 1.106170978791354731e+00 1.517653460677536453e-02
4.914568860382732964e+03 1.122823703788850436e+00 1.602094873888964752e-02
4.919483429243117826e+03 1.119862431854108387e+00 1.626765886095368416e-02
4.924402912672362618e+03 1.114614197402808315e+00 1.061252814298692046e-02
4.929327315585036558e+03 1.102269285436751733e+00 1.061143644940943341e-02
4.934256642900622865e+03 1.093285698551618612e+00 1.068285093680709438e-02
4.939190899543525120e+03 1.094026769643002828e+00 1.061244871232083255e-02
4.944130090443070912e+03 1.080682675987532981e+00 1.115224058744979097e-02
4.949074220533515472e+03 1.073449235779057487e+00 1.119126368858681074e-02
4.954023294754050767e+03 1.065981351374612141e+00 1.123002086304457706e-02
4.958977318048806410e+03 1.059453181141905898e+00 1.124705872793029839e-02
4.963936295366856939e+03 1.060159330234419439e+00 1.152391422725592730e-02
4.968900231662225451e+03 1.063612949559141763e+00 1.119385364534638931e-02
4.973869131893889062e+03 1.072420019984997364e+00 1.165846973834387158e-02
4.978843001025784361e+03 1.080608256032453474e+00 1.136866874724195425e-02
4.983821844026811959e+03 1.085710717341432652e+00 1.054684158501066962e-02
4.988805665870840130e+03 1.087456803554184726e+00 1.086031633418618400e-02
4.993794471536712990e+03 1.079547363656307324e+00 1.040941780205104257e-02
4.998788266008251412e+03 1.090317302348525530e+00 1.099341014253643958e-02
5.003787054274261209e+03 1.102278200536945363e+00 1.138564505155701366e-02
5.008790841328536771e+03 1.108819421127896776e+00 1.144716334839598199e-02
5.013799632169867436e+03 1.111256684134998007e+00 1.162423763927814858e-02
5.018813431802038394e+03 1.113502255661336759e+00 1.159121972043701716e-02
5.023832245233842514e+03 1.114118117695973353e+00 1.172505595593289172e-02
5.028856077479077612e+03 1.113491884765583473e+00 1.186186288394807352e-02
5.033884933556558281e+03 1.104827017726333072e+00 1.194190598853290229e-02
5.038918818490116792e+03 1.089924518778443874e+00 1.158939019861140486e-02
5.043957737308608557e+03 1.077230000602670046e+00 1.149097526537635333e-02
5.049001695045918495e+03 1.066570763312345793e+00 1.130670579368250710e-02
5.054050696740966487e+03 1.042493253426748367e+00 1.081207050463889839e-02
5.059104747437709193e+03 1.030428537117596299e+00 1.100377565191635459e-02
5.064163852185148244e+03 1.019247418901911173e+00 1.059177934564772827e-02
5.069228016037335692e+03 1.017274159007931056e+00 1.008156509968029246e-02
5.074297244053374015e+03 1.011607854355873748e+00 9.965580742800701081e-03
5.079371541297429758e+03 1.011781720528372119e+00 9.848482914724981940e-03
5.084450912838728073e+03 1.012834284017333664e+00 1.020529844302673142e-02
5.089535363751569093e+03 1.018186371688720726e+00 1.084824637521756771e-02
5.094624899115322478e+03 1.021634415424614639e+00 1.037661143842478345e-02
5.099719524014439230e+03 1.019962686656734618e+00 1.025292681180005501e-02
5.104819243538455339e+03 1.022059664892217556e+00 9.781579483570427072e-03
5.109924062781995417e+03 1.016220342244464003e+00 9.995004078955267712e-03
5.115033986844779065e+03 1.006059623527161495e+00 1.045449318828345353e-02
5.120149020831625421e+03 1.011667388750293162e+00 1.129102527972364843e-02
5.125269169852458617e+03 1.016645317310998831e+00 1.176917651814174230e-02
5.130394439022313236e+03 1.018033525733115896e+00 1.247521344815685253e-02
5.135524833461337039e+03 1.011377531999888113e+00 1.303324013028002611e-02
5.140660358294800062e+03 1.016198501431628598e+00 1.276976721134100330e-02
5.145801018653096435e+03 1.027082318677242645e+00 1.297038947348475371e-02
5.150946819671751655e+03 1.044011004870734283e+00 1.316680573865961976e-02
5.156097766491425318e+03 1.063660606731156477e+00 1.382336953271868195e-02
5.161253864257918394e+03 1.080481185423922907e+00 1.321314530866484795e-02
5.166415118122177773e+03 1.094097791101548811e+00 1.335849225087677727e-02
5.171581533240301724e+03 1.103255628899644014e+00 1.320936415936375431e-02
5.176753114773543530e+03 1.110524527643687254e+00 1.328508079089030756e-02
5.181929867888318768e+03 1.124328622223963015e+00 1.297899034814629232e-02
5.187111797756208944e+03 1.155048941252659889e+00 1.389410160757095607e-02
5.192298909553966951e+03 1.175323973350250073e+00 1.417152176284955031e-02
5.197491208463522526e+03 1.185230555991727552e+00 1.447513311894850496e-02
5.202688699671987706e+03 1.179487974241565817e+00 1.572265303587270027e-02
5.207891388371661378e+03 1.178723929109390722e+00 1.574010813576172396e-02
5.213099279760034733e+03 1.163396239959623824e+00 1.554229695491601664e-02
5.218312379039796724e+03 1.161138483249349651e+00 1.501173997124447337e-02
5.223530691418837705e+03 1.155961941159539208e+00 1.544719598507042491e-02
5.228754222110258524e+03 1.149954024934229935e+00 1.464362970815114885e-02
5.233982976332370527e+03 1.149489399362283226e+00 1.388650723242535780e-02
5.239216959308704645e+03 1.153102955249959649e+00 1.421428011350617075e-02
5.244456176268015042e+03 1.151125131049357764e+00 1.445445195219429921e-02
5.249700632444284565e+03 1.157869212452346863e+00 1.360854286646470505e-02
5.254950333076731113e+03 1.170332085868784011e+00 1.288614619877831262e-02
5.260205283409809454e+03 1.172426476565487929e+00 1.246439087156665619e-02
5.265465488693221232e+03 1.174068609002325125e+00 1.249328741414913214e-02
5.270730954181915877e+03 1.169606762240944731e+00 1.246879926198567017e-02
5.276001685136099695e+03 1.157606179853627015e+00 1.156191626739531270e-02
5.281277686821237694e+03 1.145322357958256987e+00 1.142059559790897100e-02
5.286558964508059944e+03 1.147101023985843238e+00 1.109807196494791946e-02
5.291845523472569766e+03 1.153066409828268135e+00 1.106817425798786551e-02
5.297137368996044643e+03 1.165506656655019624e+00 1.113246456895810275e-02
5.302434506365042580e+03 1.164940849211641316e+00 1.077313382920628941e-02
5.307736940871409388e+03 1.186364412351003539e+00 9.809877275761765686e-03
5.313044677812282316e+03 1.201891529573265949e+00 9.825902230101655685e-03
5.318357722490096421e+03 1.218889037403711573e+00 9.990834948413129801e-03
5.323676080212588204e+03 1.219478006357375577e+00 9.916596800436085213e-03
5.328999756292802886e+03 1.229121593941804980e+00 9.720203920945616818e-03
5.334328756049097137e+03 1.238704541975908402e+00 9.216280911231352832e-03
5.339663084805148173e+03 1.239835497989960622e+00 9.034905123448375847e-03
5.345002747889954662e+03 1.240555610993572033e+00 8.980390046777806876e-03
5.350347750637846730e+03 1.237221825070424996e+00 8.878138646596022213e-03
5.355698098388485960e+03 1.235464275714831084e+00 8.985316988426512649e-03
5.361053796486876308e+03 1.227708121071233727e+00 9.133333125970937230e-03
5.366414850283365013e+03 1.215319203155087235e+00 9.960516030930836873e-03
5.371781265133649867e+03 1.211800481676319485e+00 1.035083133282205595e-02
5.377153046398785591e+03 1.214696046280106412e+00 1.111416930358870118e-02
5.382530199445186554e+03 1.213397595879939894e+00 1.124682409879182443e-02
5.387912729644633146e+03 1.213192523800617373e+00 1.093149063118710115e-02
5.393300642374279960e+03 1.221327937147750342e+00 1.080353599482213392e-02
5.398693943016655794e+03 1.218475584323868377e+00 1.089957975760960825e-02
5.404092636959673655e+03 1.208481292712755728e+00 1.073236901995213224e-02
5.409496729596635305e+03 1.199084502445507461e+00 1.071062283785039100e-02
5.414906226326233991e+03 1.193461364026626059e+00 1.070781690006651979e-02
5.420321132552561721e+03 1.188992192108232038e+00 1.091567262809689173e-02
5.425741453685116539e+03 1.173605736139256450e+00 1.068109955913135872e-02
5.431167195138803436e+03 1.169546180028468330e+00 1.060863221878897110e-02
5.436598362333943442e+03 1.163158325365841739e+00 1.040952211836094869e-02
5.442034960696279086e+03 1.160116291310591574e+00 1.045834385841151216e-02
5.447476995656978033e+03 1.164639468494081731e+00 1.122034374882198426e-02
5.452924472652636723e+03 1.173829936356602044e+00 1.140856089183676404e-02
5.458377397125291282e+03 1.183061072503122091e+00 1.122938915817319264e-02
5.463835774522417523e+03 1.205764816972176190e+00 1.238628644000145003e-02
5.469299610296941864e+03 1.200268413158339431e+00 1.389318344838369815e-02
5.474768909907241323e+03 1.196491953086533444e+00 1.508021770343663352e-02
5.480243678817149885e+03 1.203106783097775523e+00 1.521622016033728417e-02
5.485723922495968509e+03 1.207542772988852153e+00 1.472543772099955441e-02
5.491209646418466946e+03 1.222051232351234917e+00 1.541330370806773611e-02
5.496700856064887375e+03 1.229727451418523243e+00 1.565485656924487864e-02
5.502197556920953502e+03 1.236299145206017247e+00 1.577163985598094981e-02
5.507699754477876013e+03 1.234138633935973894e+00 1.598130068317743166e-02
5.513207454232356213e+03 1.229036545081354515e+00 1.603200253139797429e-02
5.518720661686590574e+03 1.224872571462221282e+00 1.600981099614111683e-02
5.524239382348278923e+03 1.210088385533040656e+00 1.578176899462294808e-02
5.529763621730628984e+03 1.181885844205418534e+00 1.601972717111124767e-02
5.535293385352360929e+03 1.155909960638614731e+00 1.638034050153662838e-02
5.540828678737715563e+03 1.128860051656333852e+00 1.609305454262859036e-02
5.546369507416455235e+03 1.095619629174322540e+00 1.573549040216121533e-02
5.551915876923872929e+03 1.068022364581844297e+00 1.565408418911624217e-02
5.557467792800798634e+03 1.052612896744472559e+00 1.523730685788166929e-02
5.563025260593602070e+03 1.042073477187712260e+00 1.514579649669795317e-02
5.568588285854197238e+03 1.053040994283439780e+00 1.343732261192707653e-02
5.574156874140053333e+03 1.051027636432967372e+00 1.346883639474937694e-02
5.579731031014194741e+03 1.056171834132963561e+00 1.251668778606837736e-02
5.585310762045211050e+03 1.052148340297530682e+00 1.204121367608251836e-02
5.590896072807257951e+03 1.059737928984010535e+00 1.210302813405435447e-02
5.596486968880067252e+03 1.079475752842782743e+00 1.237846051265323148e-02
5.602083455848949598e+03 1.091295640805111322e+00 1.256975273984758251e-02
5.607685539304799931e+03 1.111694789508866688e+00 1.273707932017825901e-02
5.613293224844106589e+03 1.123571359818403836e+00 1.275111026143185312e-02
5.618906518068952209e+03 1.128214898891627849e+00 1.272679323703417714e-02
5.624525424587023736e+03 1.137269894491875988e+00 1.271034964617042198e-02
5.630149950011612418e+03 1.140903097931111221e+00 1.232242773659804856e-02
5.635780099961625638e+03 1.136154670140575362e+00 1.224473452853892981e-02
5.641415880061589633e+03 1.135522745597573380e+00 1.233382709340631253e-02
5.647057295941652228e+03 1.134240022214019428e+00 1.198050316108388753e-02
5.652704353237596479e+03 1.128350630180120939e+00 1.221168884446196569e-02
5.658357057590835211e+03 1.109697065472518229e+00 1.312619300550409325e-02
5.664015414648428305e+03 1.113100542693870043e+00 1.393529940591827290e-02
5.669679430063079053e+03 1.109514274730878824e+00 1.418825258055139704e-02
5.675349109493143260e+03 1.111289431034564457e+00 1.439007427713300154e-02
5.681024458602638333e+03 1.116585252252126459e+00 1.383417184074988912e-02
5.686705483061243285e+03 1.109730695185797700e+00 1.370340260477186621e-02
5.692392188544306009e+03 1.097151443640201673e+00 1.318354418062719219e-02
5.698084580732852373e+03 1.079483770418355748e+00 1.431485051810735265e-02
5.703782665313587131e+03 1.082820471631213533e+00 1.494821719155918320e-02
5.709486447978903016e+03 1.072816887700369870e+00 1.465181075737418022e-02
5.715195934426883468e+03 1.066370877158476560e+00 1.426774747513118169e-02
5.720911130361312644e+03 1.058401689424946390e+00 1.415011536188059797e-02
5.726632041491675409e+03 1.051029437448579351e+00 1.396900557969910951e-02
5.732358673533169167e+03 1.039261239537741188e+00 1.425755574373833642e-02
5.738091032206703858e+03 1.031792288852779738e+00 1.398787045865276281e-02
5.743829123238912871e+03 1.027611648612932971e+00 1.415854956509982575e-02
5.749572952362153046e+03 1.030628691231625371e+00 1.391424961076050126e-02
5.755322525314517407e+03 1.022062227349439967e+00 1.380189702708447749e-02
5.761077847839834249e+03 1.005814644386658907e+00 1.379432987410352321e-02
5.766838925687675328e+03 9.833472113753314314e-01 1.362577748426638258e-02
5.772605764613364954e+03 9.708849145324430774e-01 1.288991160761926089e-02
5.778378370377980900e+03 9.568071004436722315e-01 1.288141923351246443e-02
5.784156748748360769e+03 9.573423571598218551e-01 1.286509104947422891e-02
5.789940905497111089e+03 9.651027661051168050e-01 1.279621683475685480e-02
5.795730846402610041e+03 9.718084358954987012e-01 1.304263293270422827e-02
5.801526577249013826e+03 9.794713728554066412e-01 1.316464323775661492e-02
5.807328103826264851e+03 9.732359124315583809e-01 1.263341850271074672e-02
5.813135431930093546e+03 9.855906253765597258e-01 1.190859437388556638e-02
5.818948567362025642e+03 9.962044797543525565e-01 1.261854617312115588e-02
5.824767515929389447e+03 1.008924158531766091e+00 1.276763021493375339e-02
5.830592283445320390e+03 1.014373353766294894e+00 1.265015958927799729e-02
5.836422875728768304e+03 1.014101963738689660e+00 1.285997557574554938e-02
5.842259298604498326e+03 9.971599980610093006e-01 1.414308345860884261e-02
5.848101557903105459e+03 9.984551777215344703e-01 1.342879213155379406e-02
5.853949659461010015e+03 1.007008962897825599e+00 1.310983329291164935e-02
5.859803609120473084e+03 1.028106092711754682e+00 1.336236385097128686e-02
5.865663412729595620e+03 1.055022509846905931e+00 1.343610450575370881e-02
5.871529076142326630e+03 1.089069843346951671e+00 1.406227723848245230e-02
5.877400605218471355e+03 1.107056396033564205e+00 1.396392425349681117e-02
5.883278005823691274e+03 1.120874750408333842e+00 1.416443823063327952e-02
5.889161283829516833e+03 1.128413057964394062e+00 1.404975058272213244e-02
5.895050445113348360e+03 1.129867391435819712e+00 1.382440978443936694e-02
5.900945495558464245e+03 1.127738561271108608e+00 1.366017450493891422e-02
5.906846441054024581e+03 1.114192661174445709e+00 1.388016546227503929e-02
5.912753287495080258e+03 1.094132736633073089e+00 1.443806351777866294e-02
5.918666040782577511e+03 1.068216791093551166e+00 1.384752044993613901e-02
5.924584706823361557e+03 1.051966531044254305e+00 1.353349815492371072e-02
5.930509291530187511e+03 1.039613154305255582e+00 1.273323535800814296e-02
5.936439800821719473e+03 1.038829883323344472e+00 1.147703427887172833e-02
5.942376240622543264e+03 1.044265838720722650e+00 1.168662630194296399e-02
5.948318616863167335e+03 1.051913124473340844e+00 1.156663040011459559e-02
5.954266935480032771e+03 1.047861492695688845e+00 1.019916995775618611e-02
5.960221202415515108e+03 1.056878096329457506e+00 1.030772341644398647e-02
5.966181423617932523e+03 1.059053960755339086e+00 1.056899608839120819e-02
5.972147605041552197e+03 1.067182437730944677e+00 1.104924794852422433e-02
5.978119752646595771e+03 1.065061118972912002e+00 1.092426232010009109e-02
5.984097872399243897e+03 1.060104138426929632e+00 1.106550236066375023e-02
5.990081970271645332e+03 1.049907967611115378e+00 1.056863394405278475e-02
5.996072052241918755e+03 1.043825797911260622e+00 1.074290841118978428e-02
6.002068124294162772e+03 1.037684656656320259e+00 1.039355190318566428e-02
6.008070192418459555e+03 1.032373643475566816e+00 1.014000851343656827e-02
6.014078262610879392e+03 1.041149151624274793e+00 1.046683545060082300e-02
6.020092340873492503e+03 1.036193798074827033e+00 1.074889638144178004e-02
6.026112433214368139e+03 1.024377179489446954e+00 1.064969277931348060e-02
6.032138545647584579e+03 1.021020406378264855e+00 1.058327678544413938e-02
6.038170684193233683e+03 1.018879219454841278e+00 1.059903137386151301e-02
6.044208854877429076e+03 1.016683127059336167e+00 1.080587846591102991e-02
6.050253063732308874e+03 1.016856182754312554e+00 1.130227263232693423e-02
6.056303316796042964e+03 1.016955273632909940e+00 1.118126759274069328e-02
6.062359620112841185e+03 1.017210868270856716e+00 1.130126681429141806e-02
6.068421979732956061e+03 1.019479246826025420e+00 1.116549064157351841e-02
6.074490401712690982e+03 1.021608315593114602e+00 1.121157670144737328e-02
6.080564892114405666e+03 1.029838676785688634e+00 1.123573194835443892e-02
6.086645457006521610e+03 1.040062028152574536e+00 1.024544381134064389e-02
6.092732102463530282e+03 1.043803948180880958e+00 1.000028074486599208e-02
6.098824834565995843e+03 1.036299513862356747e+00 9.891054339431909481e-03
6.104923659400564247e+03 1.029984993800125981e+00 1.003683800369259416e-02
6.111028583059966877e+03 1.027238958017625325e+00 1.016651481763098178e-02
6.117139611643028729e+03 1.012581800536434873e+00 1.040741733298796053e-02
6.123256751254673873e+03 1.001096043068667063e+00 1.050777604314286247e-02
6.129380008005929994e+03 9.970441584786423617e-01 1.049799839831853585e-02
6.135509388013938405e+03 9.953978555378435455e-01 9.959688245017212643e-03
6.141644897401954040e+03 9.927355099680506001e-01 9.850350867190689821e-03
6.147786542299358189e+03 9.994162884956513393e-01 9.845673673770592368e-03
6.153934328841659408e+03 1.009451688044559203e+00 1.028276217651790357e-02
6.160088263170503524e+03 1.016927712214334534e+00 1.066636038713504944e-02
6.166248351433675452e+03 1.032009742065297830e+00 1.078626397960345644e-02
6.172414599785111022e+03 1.031394343241427647e+00 1.041785747880811554e-02
6.178587014384898794e+03 1.027412787250964854e+00 1.061349963435438866e-02
6.184765601399285515e+03 1.028057471663492484e+00 1.071886498666863030e-02
6.190950367000687038e+03 1.022889018048656506e+00 1.037403487392873566e-02
6.197141317367689226e+03 1.025429807237782764e+00 1.044199401492970289e-02
6.203338458685059777e+03 1.027137725357531783e+00 1.048217355417108317e-02
6.209541797143746408e+03 1.026184036417710832e+00 1.041439148303663700e-02
6.215751338940892310e+03 1.032696400829534733e+00 1.051667909240940578e-02
6.221967090279835247e+03 1.042115698214489239e+00 1.069037787276120970e-02
6.228189057370116643e+03 1.059428447372428250e+00 1.062863904051987440e-02
6.234417246427488863e+03 1.060328799870469796e+00 1.079764053987310873e-02
6.240651663673918847e+03 1.068642108541096869e+00 1.047105397073689638e-02
6.246892315337594482e+03 1.065624963579430373e+00 1.028978317300464386e-02
6.253139207652934601e+03 1.064160739880516182e+00 9.961554809168885610e-03
6.259392346860589896e+03 1.052171466150006784e+00 9.622007646652811289e-03
6.265651739207452010e+03 1.041546943283555793e+00 9.432336973069718050e-03
6.271917390946661726e+03 1.027526389878978152e+00 9.343518842752638817e-03
6.278189308337610782e+03 1.008008512764005715e+00 9.382103953683671241e-03
6.284467497645950061e+03 1.007090149779618748e+00 8.776135244360713100e-03
6.290751965143597772e+03 9.930568680779902069e-01 8.579577028452535156e-03
6.297042717108744000e+03 9.850995446517348819e-01 8.267001030028760244e-03
6.303339759825854344e+03 9.890213875817553957e-01 8.691869110038977567e-03
6.309643099585682648e+03 9.906243586231932019e-01 8.583978343155440616e-03
6.315952742685270096e+03 9.948149269788713056e-01 8.453461072570835413e-03
6.322268695427957937e+03 9.900359799126946525e-01 8.720596460381221590e-03
6.328590964123387494e+03 9.830760522739357965e-01 8.708791206231927817e-03
6.334919555087512890e+03 9.823461679260059309e-01 8.756600016094403388e-03
6.341254474642602872e+03 9.790472679359469854e-01 8.864575582921656663e-03
6.347595729117247174e+03 9.765308680632456273e-01 8.674781922045233032e-03
6.353943324846366522e+03 9.661795678590175962e-01 8.841028854927953859e-03
6.360297268171215364e+03 9.606396289941366851e-01 8.709654348939074517e-03
6.366657565439388236e+03 9.644608986705605069e-01 9.840365677527497870e-03
6.373024223004829764e+03 9.571645946086487777e-01 1.015041254471301703e-02
6.379397247227837397e+03 9.513815578148090424e-01 1.018290519613037487e-02
6.385776644475066860e+03 9.510541125178035848e-01 1.007489456740535971e-02
6.392162421119543978e+03 9.485733648526937234e-01 1.007852539913432245e-02
6.398554583540665590e+03 9.393731597131864675e-01 1.000399027729463597e-02
6.404953138124208635e+03 9.336917180421402396e-01 9.997659907051778191e-03
6.411358091262334710e+03 9.206456228768749028e-01 9.712295071130010865e-03
6.417769449353599157e+03 9.225791546579593660e-01 9.995239460532916870e-03
6.424187218802954703e+03 9.305935237937819071e-01 1.015434323567569047e-02
6.430611406021760558e+03 9.401493647021058608e-01 1.092989644865182373e-02
6.437042017427784231e+03 9.593135246288924112e-01 1.086863661506458183e-02
6.443479059445214261e+03 9.744029128181210808e-01 1.113561916077853049e-02
6.449922538504661134e+03 9.989908926248678434e-01 1.117613489059611845e-02
6.456372461043168187e+03 1.038323255734288963e+00 1.123479497160773458e-02
6.462828833504213435e+03 1.076162190073327585e+00 1.130126545113550700e-02
6.469291662337719572e+03 1.107863056521695588e+00 1.117170745924575721e-02
6.475760954000059428e+03 1.135257215310142564e+00 1.124698928981773295e-02
6.482236714954061426e+03 1.168315659030675802e+00 1.114713500666503383e-02
6.488718951669017770e+03 1.202120897255151144e+00 1.090273679736216382e-02
6.495207670620688987e+03 1.250843236707646078e+00 1.387179776413202843e-02
6.501702878291312118e+03 1.334914239935004243e+00 3.273678859788063666e-02
6.508204581169605262e+03 1.297482377197609393e+00 4.192722368255955706e-02
6.514712785750777584e+03 1.230829729638265313e+00 5.965753170304927133e-02
6.521227498536530220e+03 1.331931084861227355e+00 1.448462870138533636e-02
6.527748726035069012e+03 1.409835550171142815e+00 1.921470734426359434e-02
6.534276474761106329e+03 1.454947110536420007e+00 2.535213276457621429e-02
6.540810751235869247e+03 1.301790858328291556e+00 7.858384918708534450e-02
6.547351561987107743e+03 1.385258873215340580e+00 7.620836483709991782e-02
6.553898913549096505e+03 1.813401341712713721e+00 9.472570984769959623e-02
6.560452812462647671e+03 2.300872612745114232e+00 1.041878263596916349e-01
6.567013265275112644e+03 2.580743828135204421e+00 9.164023565027935858e-02
6.573580278540390282e+03 2.500657378203857029e+00 9.805726183963134335e-02
6.580153858818932349e+03 2.103157470354901637e+00 9.509995634449218416e-02
6.586734012677753526e+03 1.606206978963938381e+00 6.328771911948216644e-02
6.593320746690433225e+03 1.415198647438197899e+00 6.163842837854305312e-02
6.599914067437126505e+03 1.420857781146324994e+00 1.933123400214979692e-02
6.606513981504565891e+03 1.329616676653290197e+00 1.741344706324740241e-02
6.613120495486072286e+03 1.265492683962918585e+00 1.531270040205687070e-02
6.619733615981560433e+03 1.236842625940745233e+00 1.438601465849734945e-02
6.626353349597544366e+03 1.220754794686260469e+00 1.431839041416889044e-02
6.632979702947143778e+03 1.208986107805855026e+00 1.731578079997175140e-02
6.639612682650093120e+03 1.170072590613238317e+00 1.161573732085685942e-02
6.646252295332745234e+03 1.149605479870956071e+00 1.035271011969907465e-02
6.652898547628080451e+03 1.138960316842769771e+00 1.020820465899615823e-02
6.659551446175711135e+03 1.128163117569639384e+00 1.001061122843097118e-02
6.666210997621888964e+03 1.113130199489226424e+00 9.588297499632877571e-03
6.672877208619513112e+03 1.100338783965124412e+00 9.425926390610420147e-03
6.679550085828134797e+03 1.087063229920667062e+00 9.619673508487986552e-03
6.686229635913964557e+03 1.075801181950191143e+00 9.190102154824122613e-03
6.692915865549881346e+03 1.056457057936660116e+00 9.384644227064746491e-03
6.699608781415433441e+03 1.038896701752862306e+00 9.113007663246007820e-03
6.706308390196851178e+03 1.019379055754476626e+00 1.011858331572009634e-02
6.713014698587049679e+03 1.008470322047180012e+00 1.031523949615214750e-02
6.719727713285638856e+03 9.986708704877840237e-01 1.021565229840434852e-02
6.726447440998927050e+03 9.882234908924512062e-01 9.845379927320457858e-03
6.733173888439928305e+03 9.878830242774202519e-01 9.852478363244194723e-03
6.739907062328370557e+03 9.871991923486076459e-01 1.001592545967099589e-02
6.746646969390701088e+03 9.831236671345349176e-01 1.009261384945815861e-02
6.753393616360093802e+03 9.817897301686024925e-01 9.783852210328692831e-03
6.760147009976456502e+03 9.834816921536186918e-01 9.715611979588964497e-03
6.766907156986434529e+03 9.901210279748015042e-01 1.034664144654697665e-02
6.773674064143423493e+03 9.879126906059221280e-01 1.033829973226789434e-02
6.780447738207569273e+03 9.890567463987679497e-01 1.043649956826601076e-02
6.787228185945778932e+03 9.907384446682498957e-01 1.004740459096676274e-02
6.794015414131727084e+03 9.919667961125128164e-01 1.011682890411247718e-02
6.800809429545861349e+03 9.910861651390109328e-01 1.010146492398012949e-02
6.807610238975408720e+03 9.969910397530920010e-01 9.875130227281498502e-03
6.814417849214386479e+03 9.931870731803376096e-01 9.689004385131960370e-03
6.821232267063603103e+03 9.912966482716687455e-01 9.600143758971266261e-03
6.828053499330669183e+03 9.856703286392552998e-01 9.645651792893880638e-03
6.834881552830001965e+03 9.640341414330341197e-01 9.166712412179731789e-03
6.841716434382834450e+03 9.482436325834646684e-01 9.215084081104692529e-03
6.848558150817219939e+03 9.290037173194787279e-01 9.242825763115997129e-03
6.855406708968039311e+03 9.061175438809002669e-01 9.626967741312563581e-03
6.862262115677009206e+03 8.883525722726858254e-01 9.555816876368136009e-03
6.869124377792688392e+03 8.731910359989250026e-01 1.001474403381049164e-02
6.875993502170483225e+03 8.561705444018520295e-01 9.892461024205179490e-03
6.882869495672656740e+03 8.504868765272582953e-01 1.006374398521331544e-02
6.889752365168331380e+03 8.462226850656577870e-01 1.002283648838618070e-02
6.896642117533501732e+03 8.428585878330723258e-01 9.778329837542192385e-03
6.903538759651037253e+03 8.389051544031173036e-01 9.159222413770455248e-03
6.910442298410691365e+03 8.424126463512771057e-01 9.113319652302767290e-03
6.917352740709104182e+03 8.483091475918621560e-01 9.259637103548554529e-03
6.924270093449815249e+03 8.530612223505650293e-01 9.505174077820335160e-03
6.931194363543267173e+03 8.534904670451438635e-01 9.406121929197253789e-03
6.938125557906812901e+03 8.533593219133988050e-01 9.175620646513202999e-03
6.945063683464722089e+03 8.551268230582758090e-01 9.384922764593704725e-03
6.952008747148189286e+03 8.519724459127286931e-01 9.629042445151912710e-03
6.958960755895339389e+03 8.553150168730168090e-01 9.967846459317464963e-03
6.965919716651237650e+03 8.584938367278304172e-01 1.005170620955529032e-02
6.972885636367890584e+03 8.635641045766742074e-01 1.021524199986227968e-02
6.979858522004260521e+03 8.609386590091583358e-01 9.949056819015028932e-03
6.986838380526267429e+03 8.609688219725629699e-01 9.727894257798484767e-03
6.993825218906796181e+03 8.697037289455382680e-01 9.971781767777203667e-03
7.000819044125705659e+03 8.688853471218285218e-01 9.983006434903777052e-03
7.007819863169833297e+03 8.649779436733822102e-01 9.511944017758709041e-03
7.014827683033005087e+03 8.621488087820609048e-01 9.260697485884619023e-03
7.021842510716041033e+03 8.595260175828295379e-01 9.438329452170105688e-03
7.028864353226758794e+03 8.537768137503406463e-01 9.214320993883551650e-03
7.035893217579988232e+03 8.528703238313426471e-01 9.753346892816970939e-03
7.042929110797570502e+03 8.483548376723264450e-01 9.933405691604146534e-03
7.049972039908370789e+03 8.481136986490822594e-01 1.000305279426312415e-02
7.057022011948281033e+03 8.471883275319649353e-01 9.846703946826244197e-03
7.064079033960231754e+03 8.483097663157603829e-01 9.763646055446160640e-03
7.071143112994193871e+03 8.574677849427925214e-01 9.811047562606657266e-03
7.078214256107190522e+03 8.658357190288935579e-01 9.564225215123541360e-03
7.085292470363300708e+03 8.649711735364342680e-01 9.111489361572076492e-03
7.092377762833665656e+03 8.670527578312010597e-01 9.211694016327813539e-03
7.099470140596501551e+03 8.738841879383804079e-01 9.555539257778527737e-03
7.106569610737100447e+03 8.712862897356676850e-01 1.020605287671969355e-02
7.113676180347840273e+03 8.697705519165864763e-01 9.951252271200795169e-03
7.120789856528190285e+03 8.733195461945200133e-01 9.764969888162128991e-03
7.127910646384721076e+03 8.760985669164659262e-01 9.707093750541963620e-03
7.135038557031108212e+03 8.823297472317164214e-01 9.644916971055385313e-03
7.142173595588141325e+03 8.926753447293842569e-01 9.319115253353167649e-03
7.149315769183732300e+03 8.938195105664902274e-01 9.271444106387836254e-03
7.156465084952918005e+03 8.926461635661998573e-01 9.277338523873569082e-03
7.163621550037873021e+03 8.771021117983994753e-01 1.027873844102186567e-02
7.170785171587913283e+03 8.641238040601066928e-01 1.054330527619141630e-02
7.177955956759504261e+03 8.571802221124256160e-01 1.059357831047868029e-02
7.185133912716265513e+03 8.498769242878041474e-01 1.068719898348901957e-02
7.192319046628984324e+03 8.474273695210963186e-01 1.065460717728263472e-02
7.199511365675615707e+03 8.360096631871392070e-01 1.029187181897674511e-02
7.206710877041294225e+03 8.314959383756330702e-01 1.058520025911018937e-02
7.213917587918337631e+03 8.246398826264913495e-01 1.034712590533159310e-02
7.221131505506257781e+03 8.190822183849064686e-01 1.060754689386142827e-02
7.228352637011767001e+03 8.158516087545816253e-01 1.078093796015195706e-02
7.235580989648780815e+03 8.122327199953314203e-01 1.099058213508713293e-02
7.242816570638432495e+03 8.157276872133020218e-01 1.108244143384478318e-02
7.250059387209073066e+03 8.172312329475009962e-01 1.094418031020050718e-02
7.257309446596284033e+03 8.224346726053184398e-01 1.081450710722427731e-02
7.264566756042882844e+03 8.298445626437587208e-01 1.046375067984107489e-02
7.271831322798928340e+03 8.326895284691959720e-01 1.023886216144605753e-02
7.279103154121729858e+03 8.284135537812662431e-01 9.740149092790428148e-03
7.286382257275853590e+03 8.254314118112977550e-01 9.653231940957214888e-03
7.293668639533132591e+03 8.240096556820355467e-01 9.544157296161780157e-03
7.300962308172667690e+03 8.190561629680488398e-01 9.386724342212736383e-03
7.308263270480842948e+03 8.105496242607300728e-01 9.470600950713097682e-03
7.315571533751325660e+03 8.023665130063740714e-01 9.518671293628244365e-03
7.322887105285079997e+03 7.909067740738275898e-01 9.404942378250130339e-03
7.330209992390367006e+03 7.833549073622707581e-01 9.319620269675074620e-03
7.337540202382760071e+03 7.762733199509415094e-01 9.460426765443140373e-03
7.344877742585144915e+03 7.682366809947285269e-01 9.594938162605743878e-03
7.352222620327733239e+03 7.611876350750845788e-01 9.891668837199472236e-03
7.359574842948062724e+03 7.546914603047563119e-01 1.032248099351263521e-02
7.366934417791013402e+03 7.472855489833847287e-01 1.078169129844123476e-02
7.374301352208806748e+03 7.315389877951947728e-01 1.067590049035765237e-02
7.381675653561018407e+03 7.255584642513962512e-01 1.148643907995992169e-02
7.389057329214581841e+03 7.196110953178243008e-01 1.265313189129923209e-02
7.396446386543798326e+03 7.193187581252435958e-01 1.439035365626021787e-02
7.403842832930345139e+03 7.157450715030715394e-01 1.646815393516798745e-02
7.411246675763277381e+03 7.161683767436354264e-01 1.982608726592087825e-02
7.418657922439043432e+03 7.151143344698503990e-01 2.395711270631804835e-02
7.426076580361484957e+03 7.153419361522865838e-01 2.978017191587739587e-02
7.433502656941848727e+03 7.142353484154201348e-01 3.811241898677076440e-02
7.440936159598792983e+03 7.116074331002952835e-01 4.723904226345851387e-02
7.448377095758394717e+03 6.989819654657585257e-01 6.165619262569943526e-02
7.455825472854155123e+03 6.825795282836667477e-01 8.201138931739139493e-02
