# starting wavelength: 3393.688
# ending wavelength: 10586.722
# wav flux eflux
3.395289084168380214e+03 1.318312660178759588e+00 1.418060909401779313e-01
3.398684373252549449e+03 1.328199376644893848e+00 1.300735663977991563e-01
3.402083057625803121e+03 1.331675754812009282e+00 9.822288504798587505e-02
3.405485140683430018e+03 1.334369138525633325e+00 7.513742628929495626e-02
3.408890625824114522e+03 1.328949847996391043e+00 5.921364467478787419e-02
3.412299516449939802e+03 1.325742224098929167e+00 4.727944401645218370e-02
3.415711815966390986e+03 1.318715996689628467e+00 3.967658486923056338e-02
3.419127527782358356e+03 1.315095281117231174e+00 3.243976458389526835e-02
3.422546655310141887e+03 1.313945074087395692e+00 2.851212720758168270e-02
3.425969201965453522e+03 1.309928555731922462e+00 2.521965122029836207e-02
3.429395171167419903e+03 1.306781276363283784e+00 2.196872555144591121e-02
3.432824566338588284e+03 1.305519958255489499e+00 1.987823586922733698e-02
3.436257390904928343e+03 1.297804703453577790e+00 1.841542692823901206e-02
3.439693648295834464e+03 1.294664027535715967e+00 1.706265853994083301e-02
3.443133341944131189e+03 1.288301273906653055e+00 1.617265602302417685e-02
3.446576475286076402e+03 1.288772968146827402e+00 1.537977535157598885e-02
3.450023051761363604e+03 1.287178826423972966e+00 1.482352377729000657e-02
3.453473074813126004e+03 1.290817294464976284e+00 1.457939667722514543e-02
3.456926547887940615e+03 1.290644724998726067e+00 1.407394430251648378e-02
3.460383474435829612e+03 1.292371771676204428e+00 1.400807282895229038e-02
3.463843857910266706e+03 1.293758067821872970e+00 1.416598379332329946e-02
3.467307701768178049e+03 1.288793550847655345e+00 1.404132787013384967e-02
3.470775009469947236e+03 1.292888516959285639e+00 1.392981277876153244e-02
3.474245784479418489e+03 1.295256119798883221e+00 1.385583237106910101e-02
3.477720030263898934e+03 1.297189510251562483e+00 1.391810200340732467e-02
3.481197750294164052e+03 1.297723173100242988e+00 1.366347985919603124e-02
3.484678948044459503e+03 1.294926783003104598e+00 1.366469991417412592e-02
3.488163626992504760e+03 1.294514070220162960e+00 1.347932288610316498e-02
3.491651790619498570e+03 1.285756016146371472e+00 1.303302895034282212e-02
3.495143442410119405e+03 1.283367870267303257e+00 1.297056516057697347e-02
3.498638585852530468e+03 1.280523434389887472e+00 1.311283562708751363e-02
3.502137224438384237e+03 1.282469536835969093e+00 1.322288842504380606e-02
3.505639361662823831e+03 1.282743665327297000e+00 1.286437068906757207e-02
3.509145001024487556e+03 1.275666601219314300e+00 1.292046391506054132e-02
3.512654146025513455e+03 1.273380100071382692e+00 1.332610004210543417e-02
3.516166800171540217e+03 1.276126046184691498e+00 1.308947566919340180e-02
3.519682966971712631e+03 1.277433837104440695e+00 1.303200612275507396e-02
3.523202649938685681e+03 1.280832282068754990e+00 1.343137033226626982e-02
3.526725852588625457e+03 1.280624888676766160e+00 1.273434351056209994e-02
3.530252578441215064e+03 1.280412550285179307e+00 1.157281988951059867e-02
3.533782831019657806e+03 1.275482920980316681e+00 1.148718973272717069e-02
3.537316613850678550e+03 1.275245589438138927e+00 1.165030330062949079e-02
3.540853930464530094e+03 1.274053038717066322e+00 1.182090986410941000e-02
3.544394784394995895e+03 1.280237291503806940e+00 1.125878476312407693e-02
3.547939179179392340e+03 1.282111977257951008e+00 1.122560138101978862e-02
3.551487118358572843e+03 1.292180695861576023e+00 1.116008488254885758e-02
3.555038605476932389e+03 1.288148555257615291e+00 1.104898192850161005e-02
3.558593644082410719e+03 1.293584066299888091e+00 1.094556201018057062e-02
3.562152237726494150e+03 1.290945092180007636e+00 1.070310212676567861e-02
3.565714389964221937e+03 1.292816016283001135e+00 1.069621197585964717e-02
3.569280104354187188e+03 1.291495520132442287e+00 1.048000670323565205e-02
3.572849384458542772e+03 1.288078405490282519e+00 1.041662655514124548e-02
3.576422233843002232e+03 1.287666639003871349e+00 1.052509621156154200e-02
3.579998656076846601e+03 1.291213759073848610e+00 1.058322378884154341e-02
3.583578654732924406e+03 1.287435487770455911e+00 1.051718433234068509e-02
3.587162233387658489e+03 1.287382819736653250e+00 1.067071208352233201e-02
3.590749395621047370e+03 1.279323765852304673e+00 1.094926437065796808e-02
3.594340145016669794e+03 1.278698049605315523e+00 1.105868422012815447e-02
3.597934485161687462e+03 1.277525655833846141e+00 1.104256351351952728e-02
3.601532419646850485e+03 1.278172247253431371e+00 1.092233791469498540e-02
3.605133952066498296e+03 1.275892580947827426e+00 1.106190824952881999e-02
3.608739086018566013e+03 1.267399794219232545e+00 1.129563751259855635e-02
3.612347825104585809e+03 1.259652735864028594e+00 1.149108842215956598e-02
3.615960172929691907e+03 1.256684656208162609e+00 1.133771335482493953e-02
3.619576133102622407e+03 1.254468518799616072e+00 1.124237585631973450e-02
3.623195709235726554e+03 1.254128098357810472e+00 1.100750937768733666e-02
3.626818904944963379e+03 1.251581064522792941e+00 1.063769271051541974e-02
3.630445723849909427e+03 1.249200021384203829e+00 1.016775594813001254e-02
3.634076169573760581e+03 1.248625238743789279e+00 1.090123563637008554e-02
3.637710245743335690e+03 1.254131207815810001e+00 1.084810294829637381e-02
3.641347955989080219e+03 1.258519758901911034e+00 1.135381385968723192e-02
3.644989303945070333e+03 1.270400895719003165e+00 1.128932259410953855e-02
3.648634293249016537e+03 1.274851556604682301e+00 1.184042841418116686e-02
3.652282927542266862e+03 1.274591554413613270e+00 1.255842635004707740e-02
3.655935210469810499e+03 1.285005919376255745e+00 1.270998254903552178e-02
3.659591145680281443e+03 1.294435549323986301e+00 1.276750451737802133e-02
3.663250736825963031e+03 1.315145701939920198e+00 1.671021818994723393e-02
3.666913987562790226e+03 1.342303407747649446e+00 2.073492182769153327e-02
3.670580901550354156e+03 1.345155058069675835e+00 2.061543243049095836e-02
3.674251482451905758e+03 1.326266447947748617e+00 2.509546302139114074e-02
3.677925733934358959e+03 1.329791027770920842e+00 2.546076383478238295e-02
3.681603659668294313e+03 1.339024590500805356e+00 2.526013128796318619e-02
3.685285263327964003e+03 1.344075370252145296e+00 2.528360894978843448e-02
3.688970548591293209e+03 1.349062509019601119e+00 2.566062165686524427e-02
3.692659519139885560e+03 1.358033152206856720e+00 2.537823651557917157e-02
3.696352178659026777e+03 1.382887421445475828e+00 2.597346613677223304e-02
3.700048530837686940e+03 1.400774993397468471e+00 2.611589901839787842e-02
3.703748579368525952e+03 1.424976855187846114e+00 2.692362639208668515e-02
3.707452327947895355e+03 1.439688726180745615e+00 2.739927118858028268e-02
3.711159780275844696e+03 1.454057891956510806e+00 2.739898925227863755e-02
3.714870940056121526e+03 1.478440319708552941e+00 2.821127462783540318e-02
3.718585810996179134e+03 1.506291202043809063e+00 2.939667237681627826e-02
3.722304396807176545e+03 1.513486530784183826e+00 2.925275110134079037e-02
3.726026701203984885e+03 1.512207918950068786e+00 2.935295149302417569e-02
3.729752727905190113e+03 1.507662013416160018e+00 2.949911670080008694e-02
3.733482480633096657e+03 1.497380813297868762e+00 3.007787435107598176e-02
3.737215963113731050e+03 1.484849579921240004e+00 3.036243921837967694e-02
3.740953179076846027e+03 1.472352275412867728e+00 3.071021037572184767e-02
3.744694132255923705e+03 1.469189037890078708e+00 3.069096595437453834e-02
3.748438826388181042e+03 1.472335937712844878e+00 3.051846201307797588e-02
3.752187265214570289e+03 1.468187161264536300e+00 2.971300521417429008e-02
3.755939452479786269e+03 1.459904026517497844e+00 2.896312174081502877e-02
3.759695391932267285e+03 1.456169763230376946e+00 2.885571324744716851e-02
3.763455087324201031e+03 1.445627993710472348e+00 2.800095353479367666e-02
3.767218542411526414e+03 1.444076626401159524e+00 2.815893907699380805e-02
3.770985760953939007e+03 1.448067978415311874e+00 2.775051818153097261e-02
3.774756746714894234e+03 1.461917920912106927e+00 2.599319310620771747e-02
3.778531503461610555e+03 1.477706596720806953e+00 2.311976259532675521e-02
3.782310034965073100e+03 1.482094178961770092e+00 2.116717495102328483e-02
3.786092345000039586e+03 1.496291697432603485e+00 2.145414022670229237e-02
3.789878437345040766e+03 1.507584519177233906e+00 2.106849132340700079e-02
3.793668315782387253e+03 1.513132955148899672e+00 2.063631396942980714e-02
3.797461984098170888e+03 1.505587447665568845e+00 2.038676016665790305e-02
3.801259446082270188e+03 1.493762582980699305e+00 2.014039399706346253e-02
3.805060705528353537e+03 1.483998612478663937e+00 2.042945915976389012e-02
3.808865766233883278e+03 1.470184855177389727e+00 2.049591850883639849e-02
3.812674632000118436e+03 1.472402744839478972e+00 2.218360001251519845e-02
3.816487306632119726e+03 1.459444092526202885e+00 2.215816134088437889e-02
3.820303793938753188e+03 1.440365771113765847e+00 2.374486663774577969e-02
3.824124097732693372e+03 1.448668426103244755e+00 2.282498769465389141e-02
3.827948221830427428e+03 1.457546761411710801e+00 2.215348592058866140e-02
3.831776170052258749e+03 1.470483977063243408e+00 2.182575328329883213e-02
3.835607946222312421e+03 1.485891474067277063e+00 2.233931688618749634e-02
3.839443554168536139e+03 1.519503256126539803e+00 2.559964155364329030e-02
3.843282997722705659e+03 1.541891815911938135e+00 2.807562020389104893e-02
3.847126280720429804e+03 1.567423936542146068e+00 3.007044687595780696e-02
3.850973407001151372e+03 1.592490264125809851e+00 2.821189145539121368e-02
3.854824380408153957e+03 1.604697560640902188e+00 2.719617658316808573e-02
3.858679204788563311e+03 1.610158108445000291e+00 2.711690367245674430e-02
3.862537883993353262e+03 1.607190183606071798e+00 2.795098600102953468e-02
3.866400421877347981e+03 1.597334815793885365e+00 2.916313395395929778e-02
3.870266822299226533e+03 1.588155705093459824e+00 2.951832529195358087e-02
3.874137089121526969e+03 1.568233103441990073e+00 2.878899433114066528e-02
3.878011226210649966e+03 1.548576197648103614e+00 2.727658937040254236e-02
3.881889237436861549e+03 1.528718009672768829e+00 2.469871301508250877e-02
3.885771126674299921e+03 1.526543908694011353e+00 2.432179861083706013e-02
3.889656897800975457e+03 1.533266070304623696e+00 2.516308806872368312e-02
3.893546554698777527e+03 1.534198320478764144e+00 2.510916239741993808e-02
3.897440101253477678e+03 1.539753582606192772e+00 2.516293825240155727e-02
3.901337541354732366e+03 1.549953699268825646e+00 2.542324905077008451e-02
3.905238878896088409e+03 1.562727741625154820e+00 2.531484798167934341e-02
3.909144117774985716e+03 1.580429500125468456e+00 2.369955303787889614e-02
3.913053261892762293e+03 1.598025237289771194e+00 2.202395745626359314e-02
3.916966315154656058e+03 1.603386519309099700e+00 2.027028376610216787e-02
3.920883281469812118e+03 1.597506260312645310e+00 2.033612072602886817e-02
3.924804164751283224e+03 1.615666763227381120e+00 2.152289359974769375e-02
3.928728968916035683e+03 1.620501692710684116e+00 2.111440020168941015e-02
3.932657697884953450e+03 1.618124609674159720e+00 2.067773105087569036e-02
3.936590355582839493e+03 1.620959745544277020e+00 1.889360529324371138e-02
3.940526945938423523e+03 1.630006925906179349e+00 1.714987128614264833e-02
3.944467472884363360e+03 1.635884148905191848e+00 1.663283725741219674e-02
3.948411940357249023e+03 1.631397220278752114e+00 1.693836118895437892e-02
3.952360352297607733e+03 1.624262434762625107e+00 1.731776940583344693e-02
3.956312712649906643e+03 1.624615780836000889e+00 1.729817005762409113e-02
3.960269025362557841e+03 1.615066481330009740e+00 1.726967028378682129e-02
3.964229294387921527e+03 1.599066765329327788e+00 1.732634199439852044e-02
3.968193523682310570e+03 1.585873574110669537e+00 1.694742022679873727e-02
3.972161717205994591e+03 1.573109216801557464e+00 1.679254058109502443e-02
3.976133878923201792e+03 1.561382280512435994e+00 1.698906911365102509e-02
3.980110012802126221e+03 1.548463021936400397e+00 1.677858024960333927e-02
3.984090122814929600e+03 1.545028891915484426e+00 1.667343884294099701e-02
3.988074212937745870e+03 1.534909545842219503e+00 1.697896879846856610e-02
3.992062287150684824e+03 1.530575159372877803e+00 1.709000674187455271e-02
3.996054349437837118e+03 1.528798795503144570e+00 1.653448442732253013e-02
4.000050403787276082e+03 1.521656704579884778e+00 1.682739201649100999e-02
4.004050454191064546e+03 1.507057219555054894e+00 1.620550242689152223e-02
4.008054504645257111e+03 1.483594528776855936e+00 1.503626282542007940e-02
4.012062559149903791e+03 1.466164574540918197e+00 1.359723687727471854e-02
4.016074621709055009e+03 1.460841015833785672e+00 9.997632776819828301e-03
4.020090696330765240e+03 1.455413667261364452e+00 9.617805662029049740e-03
4.024110787027097558e+03 1.453604707708537225e+00 9.364386167370130493e-03
4.028134897814125907e+03 1.440815736037835748e+00 1.025084082502599261e-02
4.032163032711941469e+03 1.438217849530141645e+00 1.064558458385085095e-02
4.036195195744654484e+03 1.439291291120621263e+00 1.068001786789137333e-02
4.040231390940400615e+03 1.437977310511276308e+00 1.089155787174585742e-02
4.044271622331342314e+03 1.451836920844206125e+00 1.080091789285254900e-02
4.048315893953675186e+03 1.462832713985566357e+00 1.065224232348468796e-02
4.052364209847629809e+03 1.476060934067079833e+00 1.046922781299938592e-02
4.056416574057479011e+03 1.488975119892698373e+00 1.269025048336258274e-02
4.060472990631537868e+03 1.520380314357662632e+00 1.326471556293539085e-02
4.064533463622170530e+03 1.560690862527954970e+00 1.625505117839559296e-02
4.068597997085794304e+03 1.586024110633809769e+00 1.624170532009757556e-02
4.072666595082881486e+03 1.605462316527638489e+00 1.597703151780895114e-02
4.076739261677965715e+03 1.622572913013035523e+00 1.574252529297675424e-02
4.080816000939644709e+03 1.635160035664999789e+00 1.577617753638515044e-02
4.084896816940585722e+03 1.642245106671819777e+00 1.608225342824144352e-02
4.088981713757527814e+03 1.649078182269589465e+00 1.660949745563019067e-02
4.093070695471286854e+03 1.651566199646306909e+00 1.634584721278248623e-02
4.097163766166759160e+03 1.653222523309714198e+00 1.632799991832476275e-02
4.101260929932927866e+03 1.648671045840555127e+00 1.615115930379737094e-02
4.105362190862862008e+03 1.645151556284932814e+00 1.612041134904911022e-02
4.109467553053726078e+03 1.630368478390239462e+00 1.598789972384405400e-02
4.113577020606780934e+03 1.612158846248337829e+00 1.587021632179678662e-02
4.117690597627389252e+03 1.595435149964849364e+00 1.513775830397740343e-02
4.121808288225018259e+03 1.573776981016678844e+00 1.528293306336054973e-02
4.125930096513244280e+03 1.547053247828463984e+00 1.491332852734915566e-02
4.130056026609759101e+03 1.515372391846157907e+00 1.521519356350550106e-02
4.134186082636369974e+03 1.486916189062698956e+00 1.444182423311724840e-02
4.138320268719007800e+03 1.453133297044032712e+00 1.131706395575720996e-02
4.142458588987728035e+03 1.437008178358039734e+00 8.170534289875162198e-03
4.146601047576717065e+03 1.431342017179886739e+00 7.285643712746765754e-03
4.150747648624294925e+03 1.424921469819497410e+00 7.620678099523416071e-03
4.154898396272920763e+03 1.421509167106453475e+00 7.677949710730802221e-03
4.159053294669195566e+03 1.426140613089625919e+00 7.992771183011655386e-03
4.163212347963865795e+03 1.428508365261730306e+00 8.001999871497350938e-03
4.167375560311830668e+03 1.434181319249515640e+00 8.396315466434480998e-03
4.171542935872143971e+03 1.433997367087720409e+00 8.347038728729442442e-03
4.175714478808017702e+03 1.435244947759290790e+00 8.239117173116483617e-03
4.179890193286827525e+03 1.432465636864516778e+00 8.353028816595367903e-03
4.184070083480115500e+03 1.430205749557527994e+00 8.550865415958470300e-03
4.188254153563597356e+03 1.428224021091867080e+00 8.360810687471452798e-03
4.192442407717161586e+03 1.425302466724463368e+00 8.321922052516918591e-03
4.196634850124880359e+03 1.423150625637740641e+00 8.439802447256342793e-03
4.200831484975006788e+03 1.422466406267913985e+00 8.289012114003757939e-03
4.205032316459983122e+03 1.419682077121549924e+00 8.078542530591786841e-03
4.209237348776444378e+03 1.411020257729919347e+00 8.186618665872514786e-03
4.213446586125221984e+03 1.402937823633440662e+00 8.545763402448031121e-03
4.217660032711349231e+03 1.401503017484745595e+00 8.530138532775561125e-03
4.221877692744061278e+03 1.397536302035853550e+00 8.221187327695802377e-03
4.226099570436806971e+03 1.402537576720614299e+00 8.277937960991226668e-03
4.230325670007245208e+03 1.408421482067705233e+00 8.434640412279236985e-03
4.234555995677254032e+03 1.414117214762239616e+00 8.718156763265419093e-03
4.238790551672932452e+03 1.419625549494303307e+00 8.233207470859435842e-03
4.243029342224606808e+03 1.420110995977934110e+00 8.596703310486480953e-03
4.247272371566832589e+03 1.426765529306754487e+00 8.486106796127164398e-03
4.251519643938400804e+03 1.435289010329656945e+00 8.207345041330183638e-03
4.255771163582340705e+03 1.446384570727385466e+00 8.054624468279302299e-03
4.260026934745924336e+03 1.454816286260829594e+00 7.898608650402080822e-03
4.264286961680671993e+03 1.465690432472447124e+00 7.748099926768692650e-03
4.268551248642354039e+03 1.485525946860349222e+00 8.455886892740049551e-03
4.272819799890998183e+03 1.500750056550215428e+00 8.652351320042184560e-03
4.277092619690890388e+03 1.519191789889308364e+00 8.668984604692422241e-03
4.281369712310583054e+03 1.544851336771100092e+00 8.676596329429223445e-03
4.285651082022895025e+03 1.576690419924371422e+00 7.330384711485190760e-03
4.289936733104918858e+03 1.595557534979235692e+00 8.329715991757748531e-03
4.294226669838025373e+03 1.612316335755748620e+00 1.109092960851301192e-02
4.298520896507864563e+03 1.634056186485070228e+00 1.690075163647593998e-02
4.302819417404373780e+03 1.682993819945743041e+00 1.851074186384101330e-02
4.307122236821779552e+03 1.743679870862027137e+00 1.953937521945142003e-02
4.311429359058603040e+03 1.811975821001686748e+00 2.043390663573975766e-02
4.315740788417662770e+03 1.901554432247071214e+00 2.236012299217817259e-02
4.320056529206081905e+03 1.986011011816380289e+00 2.308266677765264882e-02
4.324376585735290064e+03 2.051759538789283077e+00 2.446708745970597662e-02
4.328700962321026054e+03 2.089308594231487071e+00 2.528952086109607575e-02
4.333029663283348782e+03 2.125177055346922916e+00 2.468841972244797608e-02
4.337362692946633615e+03 2.144889019124256002e+00 2.449512137580153043e-02
4.341700055639581478e+03 2.135069668077840266e+00 2.419467446122918960e-02
4.346041755695222491e+03 2.099174523143681803e+00 2.385982335793374390e-02
4.350387797450919606e+03 2.040305710815685458e+00 2.371821796741598737e-02
4.354738185248371337e+03 1.965281365093596744e+00 2.311839579638570730e-02
4.359092923433621763e+03 1.877364094449939680e+00 2.265721001722463546e-02
4.363452016357056891e+03 1.792858091692167921e+00 2.206892283166802041e-02
4.367815468373414660e+03 1.713563493636959034e+00 2.173521364513083393e-02
4.372183283841789489e+03 1.638276604982200624e+00 2.156619155395309712e-02
4.376555467125633186e+03 1.571475028763275272e+00 2.075176917653055383e-02
4.380932022592760404e+03 1.510636027444207885e+00 1.838568013724658015e-02
4.385312954615354101e+03 1.469938315659546912e+00 1.713391446455781592e-02
4.389698267569970994e+03 1.450865567187271887e+00 1.661119056463010099e-02
4.394087965837542470e+03 1.437744072817539243e+00 1.691355126406296483e-02
4.398482053803381859e+03 1.446530619418485708e+00 1.545032646465801206e-02
4.402880535857186260e+03 1.460268164951993741e+00 1.280777584681628938e-02
4.407283416393044718e+03 1.475068615637991742e+00 9.929640782088673331e-03
4.411690699809440048e+03 1.458176938725664229e+00 8.000102602523860920e-03
4.416102390509250654e+03 1.456973995354822859e+00 7.880612836728851517e-03
4.420518492899761441e+03 1.449509854739333026e+00 8.842801404484842281e-03
4.424939011392662906e+03 1.446716110580184900e+00 8.430469388716490750e-03
4.429363950404056595e+03 1.446139384760762203e+00 8.192715059820571827e-03
4.433793314354462382e+03 1.444445687262497557e+00 7.922856792136506385e-03
4.438227107668818462e+03 1.448282577944747462e+00 7.989502052757797151e-03
4.442665334776488635e+03 1.453596310359380972e+00 8.219178171030358873e-03
4.447108000111265937e+03 1.462353011622185450e+00 7.674681444413910224e-03
4.451555108111379013e+03 1.467377105604138920e+00 7.540226593895967694e-03
4.456006663219492111e+03 1.475164479123075134e+00 7.491333043955246754e-03
4.460462669882713271e+03 1.480485076281955914e+00 7.711812736279599102e-03
4.464923132552597053e+03 1.484076941549201889e+00 7.818769403250871650e-03
4.469388055685150903e+03 1.484111219679550953e+00 7.619107344748651464e-03
4.473857443740837880e+03 1.489722504891579868e+00 7.765878332832948198e-03
4.478331301184580298e+03 1.492856884116017691e+00 7.763171527668158434e-03
4.482809632485766087e+03 1.497425101098905253e+00 7.555639344614977458e-03
4.487292442118253348e+03 1.505050233360662348e+00 6.996666620141566047e-03
4.491779734560373072e+03 1.515332642291311593e+00 6.825669590601913216e-03
4.496271514294934605e+03 1.519728668545066830e+00 6.915743005382346716e-03
4.500767785809231100e+03 1.514953344511286382e+00 7.063467757981287468e-03
4.505268553595042249e+03 1.507104418422958281e+00 6.660591665843748621e-03
4.509773822148638828e+03 1.503868229738043238e+00 6.838371107684819601e-03
4.514283595970789065e+03 1.500439778172812488e+00 7.123860372329145034e-03
4.518797879566761367e+03 1.494898811646062198e+00 7.091968460095598482e-03
4.523316677446328868e+03 1.491474000226228114e+00 7.242954941843383898e-03
4.527839994123776705e+03 1.487428446386770631e+00 7.001911489794425923e-03
4.532367834117902021e+03 1.481047571025725373e+00 7.161996391566139222e-03
4.536900201952022144e+03 1.476374899665076956e+00 7.127319450557794214e-03
4.541437102153975502e+03 1.476157760366304750e+00 7.069405372670169857e-03
4.545978539256130716e+03 1.474300948881104079e+00 7.078750602243565754e-03
4.550524517795388419e+03 1.474453104403625536e+00 7.103847727231843261e-03
4.555075042313184895e+03 1.471021734411700477e+00 7.083713544626666844e-03
4.559630117355500261e+03 1.470004911670044878e+00 7.078973439656273750e-03
4.564189747472856652e+03 1.463882129247213282e+00 6.896695239591315099e-03
4.568753937220330954e+03 1.458033817161191292e+00 6.776108262280908234e-03
4.573322691157552981e+03 1.449067107021403178e+00 7.633497758830776365e-03
4.577896013848711846e+03 1.447560063254333507e+00 7.488859584995980097e-03
4.582473909862562323e+03 1.446371996391066173e+00 7.315881663631447311e-03
4.587056383772426670e+03 1.437623496912764587e+00 7.327044388755462288e-03
4.591643440156200086e+03 1.433059351359176503e+00 7.503283741126270077e-03
4.596235083596357981e+03 1.429478687733172215e+00 7.714243794130007381e-03
4.600831318679955984e+03 1.421752153846673083e+00 7.735542312878138094e-03
4.605432149998637215e+03 1.421125644611461292e+00 7.709614440044059401e-03
4.610037582148637739e+03 1.418915295767120277e+00 7.380586211314053673e-03
4.614647619730787483e+03 1.416764810119573781e+00 8.217766591221430800e-03
4.619262267350520233e+03 1.407324853517593732e+00 8.923804435952090858e-03
4.623881529617872729e+03 1.398137491368490748e+00 8.637235559939601681e-03
4.628505411147491941e+03 1.394625063052728819e+00 8.527564957323971462e-03
4.633133916558640522e+03 1.389907144791668658e+00 8.274270478009789972e-03
4.637767050475200449e+03 1.397877054081778203e+00 1.049484177091511428e-02
4.642404817525677572e+03 1.388329649677945810e+00 1.123007660136412025e-02
4.647047222343205249e+03 1.382797895946270117e+00 1.173693089557559764e-02
4.651694269565549803e+03 1.385452827349857419e+00 1.172842457362337047e-02
4.656345963835116891e+03 1.388176556087063362e+00 1.166919475512872943e-02
4.661002309798953320e+03 1.386714524414562444e+00 1.135730718258625219e-02
4.665663312108753416e+03 1.394342852186550852e+00 1.139022659566304475e-02
4.670328975420864481e+03 1.396192741202796794e+00 1.152780318034970532e-02
4.674999304396286789e+03 1.394836032563423034e+00 1.131067788513887874e-02
4.679674303700684504e+03 1.390996270953553271e+00 1.126057733225193855e-02
4.684353978004386590e+03 1.386298567777871416e+00 1.137922855384819291e-02
4.689038331982392265e+03 1.377370093493578418e+00 1.116789686253101890e-02
4.693727370314376458e+03 1.367872597019144765e+00 1.117090204516993888e-02
4.698421097684692540e+03 1.357892448857526579e+00 1.085136979681316713e-02
4.703119518782378691e+03 1.350456552058798998e+00 1.082327982536724666e-02
4.707822638301162442e+03 1.337681699194005480e+00 1.012729685422009140e-02
4.712530460939465229e+03 1.328599912968909891e+00 9.830882531476677760e-03
4.717242991400406027e+03 1.318259245020459325e+00 9.867481346887713861e-03
4.721960234391808626e+03 1.315223051050403047e+00 9.661572867936828526e-03
4.726682194626201635e+03 1.319733525347663639e+00 8.969224524846724708e-03
4.731408876820829391e+03 1.322673286028826167e+00 6.494786908066052696e-03
4.736140285697651962e+03 1.320725892947637981e+00 6.062813907338023521e-03
4.740876425983350600e+03 1.327219606440286359e+00 5.838727228751215172e-03
4.745617302409335934e+03 1.334164504345265012e+00 6.094351041801628587e-03
4.750362919711747054e+03 1.346272849783450853e+00 5.974653232083413160e-03
4.755113282631459697e+03 1.362692939637126344e+00 5.859292570865334490e-03
4.759868395914093526e+03 1.388414082077116252e+00 5.984370528584520045e-03
4.764628264310008490e+03 1.418962350668920180e+00 5.967477787450649503e-03
4.769392892574320285e+03 1.458779171957841569e+00 6.180935238418163065e-03
4.774162285466896719e+03 1.503523311407883645e+00 6.048438559718342586e-03
4.778936447752364984e+03 1.554455023169470262e+00 5.905889129527328203e-03
4.783715384200118933e+03 1.611609341485600311e+00 7.333771319681832435e-03
4.788499099584319993e+03 1.668076192241882971e+00 7.281890634612992429e-03
4.793287598683906253e+03 1.727969303391478473e+00 7.519489993839977189e-03
4.798080886282591564e+03 1.787911579562760700e+00 6.741628164388503187e-03
4.802878967168876443e+03 1.844004682818880969e+00 9.698843106461298505e-03
4.807681846136046261e+03 1.901852999831532554e+00 1.548872309553816703e-02
4.812489527982183972e+03 1.971140943905417497e+00 2.233053306921731901e-02
4.817302017510168298e+03 2.089788184489275391e+00 2.139792613626822007e-02
4.822119319527679181e+03 2.231933871404856884e+00 2.099814620716383348e-02
4.826941438847208701e+03 2.349558694156811622e+00 1.055594382954224211e-02
4.831768380286057436e+03 2.564193724795812201e+00 1.080077647837101272e-02
4.836600148666345376e+03 2.848138878647632932e+00 1.159588417334480107e-02
4.841436748815013743e+03 3.171874920991818669e+00 3.410578380655070879e-02
4.846278185563829538e+03 3.414010904597174267e+00 3.478925590511927624e-02
4.851124463749395545e+03 3.597621150920100153e+00 3.659836013499477569e-02
4.855975588213146693e+03 3.665935624996609743e+00 3.691264920402564931e-02
4.860831563801360971e+03 3.576052693504408797e+00 3.918712403254165366e-02
4.865692395365163975e+03 3.357080804722942791e+00 3.699948413330505365e-02
4.870558087760530725e+03 3.062124430093434491e+00 3.655157986774231621e-02
4.875428645848292945e+03 2.718230588950524496e+00 3.334578140456103540e-02
4.880304074494142696e+03 2.401561324068752779e+00 3.010540988980041008e-02
4.885184378568638749e+03 2.181208898304745070e+00 1.101801183730521418e-02
4.890069562947209306e+03 2.010389991878716476e+00 9.821975315826578581e-03
4.894959632510157462e+03 1.899822551433414608e+00 1.055584876887519057e-02
4.899854592142669389e+03 1.818683679075404624e+00 1.100180943283330000e-02
4.904754446734813428e+03 1.764731782161311324e+00 9.252101197941261027e-03
4.909659201181550088e+03 1.698410794945810931e+00 8.683332680189637456e-03
4.914568860382732964e+03 1.641928257564035265e+00 9.458912960079437701e-03
4.919483429243117826e+03 1.594394088951726740e+00 8.763699107061624985e-03
4.924402912672362618e+03 1.591657598406537977e+00 1.895815150427294232e-02
4.929327315585036558e+03 1.557685740517417150e+00 1.967178582028527092e-02
4.934256642900622865e+03 1.516024288964678224e+00 1.934814882013124668e-02
4.939190899543525120e+03 1.486990520922290893e+00 1.968212436981262720e-02
4.944130090443070912e+03 1.459685304309118470e+00 1.907616585698420145e-02
4.949074220533515472e+03 1.437579689771297131e+00 1.888432574975048434e-02
4.954023294754050767e+03 1.422691890839656637e+00 1.875781197248121979e-02
4.958977318048806410e+03 1.388910992102038389e+00 2.902980618718084202e-02
4.963936295366856939e+03 1.407493475365439783e+00 3.269663356950653493e-02
4.968900231662225451e+03 1.413069230226431161e+00 3.235197119018100309e-02
4.973869131893889062e+03 1.420353492006030338e+00 3.257475264817388111e-02
4.978843001025784361e+03 1.418118183860969772e+00 3.120019847197877394e-02
4.983821844026811959e+03 1.416874842551318681e+00 3.152940616187909634e-02
4.988805665870840130e+03 1.411880187716716195e+00 3.140552176786181454e-02
4.993794471536712990e+03 1.410159547773250477e+00 3.290530459892993670e-02
4.998788266008251412e+03 1.398278548839628099e+00 3.336322943858485018e-02
5.003787054274261209e+03 1.375166896528001503e+00 3.309180813063471865e-02
5.008790841328536771e+03 1.358721563399180043e+00 3.097412124865581498e-02
5.013799632169867436e+03 1.381768767374646600e+00 2.892032081044420069e-02
5.018813431802038394e+03 1.392700390257266552e+00 2.866026406914918417e-02
5.023832245233842514e+03 1.406730982811656316e+00 2.840808539612720354e-02
5.028856077479077612e+03 1.420874495106317248e+00 2.815595314573301339e-02
5.033884933556558281e+03 1.442115858838922016e+00 2.754655019499625823e-02
5.038918818490116792e+03 1.452603007063592244e+00 2.725118320491016696e-02
5.043957737308608557e+03 1.455031723103170194e+00 2.707116670079611279e-02
5.049001695045918495e+03 1.442759341081667701e+00 2.633981728308423115e-02
5.054050696740966487e+03 1.405786302654393305e+00 2.283628686805854596e-02
5.059104747437709193e+03 1.394066817513097023e+00 7.384635660336769276e-03
5.064163852185148244e+03 1.374426433373979517e+00 6.797891973548162575e-03
5.069228016037335692e+03 1.356056584052153680e+00 6.641318779325815040e-03
5.074297244053374015e+03 1.337906017461770736e+00 6.283977341740518315e-03
5.079371541297429758e+03 1.322040528117482960e+00 6.296335345990128167e-03
5.084450912838728073e+03 1.313185677154711906e+00 6.462466679935136883e-03
5.089535363751569093e+03 1.306470421620510969e+00 6.186492298448482106e-03
5.094624899115322478e+03 1.301435661182388737e+00 6.147020948871012580e-03
5.099719524014439230e+03 1.299553200216391868e+00 6.135816939970973119e-03
5.104819243538455339e+03 1.295423740716701966e+00 6.136993850227162421e-03
5.109924062781995417e+03 1.290027178796476548e+00 6.439813381479570983e-03
5.115033986844779065e+03 1.288040330693318136e+00 6.727983305013991375e-03
5.120149020831625421e+03 1.290951674618258993e+00 6.499259704065767779e-03
5.125269169852458617e+03 1.297889745641205961e+00 6.227955607115170933e-03
5.130394439022313236e+03 1.311207122176226925e+00 7.103008722142302618e-03
5.135524833461337039e+03 1.323744620048820764e+00 7.020063539463686393e-03
5.140660358294800062e+03 1.334734289863340306e+00 6.698885166245574507e-03
5.145801018653096435e+03 1.344575307827309052e+00 6.507859046028543343e-03
5.150946819671751655e+03 1.350953710035202260e+00 6.712259887938790137e-03
5.156097766491425318e+03 1.358212811059909875e+00 6.726020782132908875e-03
5.161253864257918394e+03 1.363516903318294338e+00 6.519877912037942008e-03
5.166415118122177773e+03 1.365435162650935119e+00 6.397844534404752842e-03
5.171581533240301724e+03 1.367338990307640278e+00 6.553912424445270876e-03
5.176753114773543530e+03 1.366873520978498346e+00 6.479103495102707042e-03
5.181929867888318768e+03 1.367331387294438594e+00 6.694179212368803721e-03
5.187111797756208944e+03 1.364697336976953723e+00 6.668784794511722555e-03
5.192298909553966951e+03 1.364621573181551861e+00 6.478157341555879078e-03
5.197491208463522526e+03 1.368186218963479472e+00 6.106340747140889119e-03
5.202688699671987706e+03 1.367406074070248723e+00 6.120040439312689727e-03
5.207891388371661378e+03 1.362861073756345354e+00 6.067635062520437654e-03
5.213099279760034733e+03 1.351768073757783739e+00 5.482931101496154279e-03
5.218312379039796724e+03 1.343296120890218770e+00 5.319261070297607620e-03
5.223530691418837705e+03 1.337629559338809448e+00 5.434405652499614027e-03
5.228754222110258524e+03 1.332641726585370057e+00 5.444013937775465939e-03
5.233982976332370527e+03 1.329333117038829615e+00 5.138095839934765478e-03
5.239216959308704645e+03 1.327243616001882565e+00 5.177569667410550358e-03
5.244456176268015042e+03 1.327177389043377120e+00 5.382273857301101555e-03
5.249700632444284565e+03 1.329693878827694187e+00 5.887614728025382382e-03
5.254950333076731113e+03 1.330676998707831515e+00 6.029876834303493464e-03
5.260205283409809454e+03 1.330097101517213831e+00 6.122617994139685840e-03
5.265465488693221232e+03 1.330159482344017707e+00 6.101253630082821046e-03
5.270730954181915877e+03 1.327921205901344992e+00 6.190517198689744760e-03
5.276001685136099695e+03 1.330575739151707459e+00 5.993369304538030337e-03
5.281277686821237694e+03 1.332365360376677854e+00 6.013132379959966294e-03
5.286558964508059944e+03 1.329513939818433244e+00 5.909682138661043020e-03
5.291845523472569766e+03 1.325259162582770767e+00 6.010504030538532487e-03
5.297137368996044643e+03 1.321125586642809324e+00 6.238179093590159874e-03
5.302434506365042580e+03 1.316339982589221913e+00 5.801864275327271725e-03
5.307736940871409388e+03 1.310111586246145654e+00 5.324002052477189682e-03
5.313044677812282316e+03 1.304267353159913823e+00 5.089326691393536960e-03
5.318357722490096421e+03 1.300640934155686823e+00 4.689054251366293891e-03
5.323676080212588204e+03 1.297817746909161185e+00 4.114811976661224453e-03
5.328999756292802886e+03 1.292574928705209070e+00 3.970707545668180315e-03
5.334328756049097137e+03 1.286188726620622447e+00 3.811267068070152073e-03
5.339663084805148173e+03 1.279065805310832138e+00 3.863088780128707059e-03
5.345002747889954662e+03 1.271818815392566471e+00 3.906092244575252309e-03
5.350347750637846730e+03 1.263575102232966874e+00 3.869360104064850561e-03
5.355698098388485960e+03 1.254350637533518498e+00 4.112931055363408528e-03
5.361053796486876308e+03 1.245032101567656646e+00 4.072939462883168674e-03
5.366414850283365013e+03 1.236130000399785489e+00 4.036076646157771806e-03
5.371781265133649867e+03 1.223832295405812287e+00 3.813166002075931219e-03
5.377153046398785591e+03 1.214579025494169073e+00 3.799162670529889017e-03
5.382530199445186554e+03 1.208876622841032589e+00 3.769991897576291384e-03
5.387912729644633146e+03 1.200327274049564297e+00 3.949369670328490949e-03
5.393300642374279960e+03 1.194445412113584348e+00 4.138354718968810173e-03
5.398693943016655794e+03 1.192961256083300059e+00 4.108444715788578741e-03
5.404092636959673655e+03 1.193206649807084130e+00 4.107840428089108188e-03
5.409496729596635305e+03 1.197314698303909131e+00 4.272494307332523091e-03
5.414906226326233991e+03 1.197696200817826462e+00 4.364347104176472328e-03
5.420321132552561721e+03 1.197363775742821268e+00 4.095065613361379211e-03
5.425741453685116539e+03 1.194503355959734447e+00 3.929406440622480214e-03
5.431167195138803436e+03 1.189160408122245105e+00 4.021033377738631419e-03
5.436598362333943442e+03 1.185306334943350137e+00 3.972150246550983435e-03
5.442034960696279086e+03 1.181388222501349006e+00 3.914842304614597410e-03
5.447476995656978033e+03 1.175239404180425051e+00 4.044724329009982862e-03
5.452924472652636723e+03 1.167616449361525532e+00 3.206994343740161672e-03
5.458377397125291282e+03 1.164292110499020261e+00 3.412008405285957800e-03
5.463835774522417523e+03 1.162965340601834097e+00 3.670627951754267936e-03
5.469299610296941864e+03 1.159546835216742400e+00 3.634159310239578906e-03
5.474768909907241323e+03 1.155632300673982371e+00 3.617499218573561309e-03
5.480243678817149885e+03 1.154007525628252928e+00 3.372070308704645629e-03
5.485723922495968509e+03 1.154214194454283859e+00 2.972264811826312407e-03
5.491209646418466946e+03 1.151230571831977079e+00 2.922439790314199266e-03
5.496700856064887375e+03 1.148430508714818332e+00 2.821593068716444271e-03
5.502197556920953502e+03 1.144257508302054305e+00 2.297893440581610328e-03
5.507699754477876013e+03 1.142452636160011803e+00 2.374704820574816480e-03
5.513207454232356213e+03 1.141397289185186903e+00 2.400257562929136723e-03
5.518720661686590574e+03 1.140213568025372881e+00 2.350999794273213490e-03
5.524239382348278923e+03 1.141119358367309600e+00 2.315739417295836159e-03
5.529763621730628984e+03 1.140169698888390704e+00 2.296179661076235175e-03
5.535293385352360929e+03 1.139343610466684309e+00 2.237393278443373240e-03
5.540828678737715563e+03 1.139146820516014458e+00 2.131954135320354455e-03
5.546369507416455235e+03 1.136482360668393587e+00 2.088187164519139660e-03
5.551915876923872929e+03 1.129169862361303123e+00 2.122697266065980658e-03
5.557467792800798634e+03 1.122292143849977109e+00 1.932167149966920868e-03
5.563025260593602070e+03 1.119259057109217359e+00 1.942210712538552453e-03
5.568588285854197238e+03 1.114010967787866457e+00 1.985561361458826682e-03
5.574156874140053333e+03 1.106593452757399731e+00 2.189556688283289358e-03
5.579731031014194741e+03 1.100948125832585056e+00 2.317932702902775026e-03
5.585310762045211050e+03 1.095791028483240392e+00 2.427833695420777722e-03
5.590896072807257951e+03 1.087994680639279732e+00 2.452821291385987382e-03
5.596486968880067252e+03 1.078980821047303085e+00 2.429290245442905331e-03
5.602083455848949598e+03 1.069349874213410878e+00 2.517473122824261285e-03
5.607685539304799931e+03 1.060784339031242363e+00 2.594648555852108879e-03
5.613293224844106589e+03 1.052576505932148132e+00 2.684006824917595669e-03
5.618906518068952209e+03 1.042507499578633201e+00 2.824150201260171821e-03
5.624525424587023736e+03 1.031568976184439101e+00 2.794022873789183542e-03
5.630149950011612418e+03 1.022228432667572129e+00 2.827040017840317179e-03
5.635780099961625638e+03 1.014572440602173664e+00 2.742833579888611165e-03
5.641415880061589633e+03 1.006424694900290850e+00 2.609287397365655202e-03
5.647057295941652228e+03 1.001757721165125847e+00 2.480255259093059293e-03
5.652704353237596479e+03 9.994358534471567967e-01 2.401648032008761677e-03
5.658357057590835211e+03 1.000095154212579107e+00 2.444077265824364052e-03
5.664015414648428305e+03 1.001805663632964860e+00 2.803951918092054910e-03
5.669679430063079053e+03 1.005069104255225110e+00 2.810173139306004677e-03
5.675349109493143260e+03 1.004775220732991636e+00 2.636962106917386042e-03
5.681024458602638333e+03 1.000469717816763637e+00 2.627268082046754251e-03
5.686705483061243285e+03 9.975126074562431500e-01 2.640497026765110423e-03
5.692392188544306009e+03 9.964148923108858691e-01 3.204272311205610957e-03
5.698084580732852373e+03 9.984941303784490296e-01 4.808101818159854490e-03
5.703782665313587131e+03 9.879612517683680206e-01 6.432824128017583694e-03
5.709486447978903016e+03 9.718425152894872854e-01 1.023118643003051269e-02
5.715195934426883468e+03 9.697844840588095705e-01 1.052954543517031945e-02
5.720911130361312644e+03 9.822562189914952890e-01 1.064893922902377006e-02
5.726632041491675409e+03 1.005727393921579171e+00 1.136066911241407143e-02
5.732358673533169167e+03 1.036163379111371796e+00 1.237939086794342426e-02
5.738091032206703858e+03 1.066711775102283655e+00 1.259002536862703116e-02
5.743829123238912871e+03 1.099099191786591767e+00 1.220324574776819777e-02
5.749572952362153046e+03 1.123482561361735410e+00 1.179211408334622686e-02
5.755322525314517407e+03 1.138888354789445279e+00 1.171285896038515122e-02
5.761077847839834249e+03 1.143568644826875369e+00 1.222221810635976298e-02
5.766838925687675328e+03 1.144843363046245344e+00 1.256265503533879335e-02
5.772605764613364954e+03 1.141374112691739384e+00 1.287607279704454724e-02
5.778378370377980900e+03 1.134601939737547083e+00 1.275218509954165538e-02
5.784156748748360769e+03 1.124983725005551438e+00 1.232106925394939496e-02
5.789940905497111089e+03 1.114774188896819673e+00 1.179347208790144930e-02
5.795730846402610041e+03 1.109926871393587922e+00 1.149640380205794142e-02
5.801526577249013826e+03 1.119329390971277594e+00 1.145426939744002143e-02
5.807328103826264851e+03 1.149129355565049915e+00 7.515730708381125440e-03
5.813135431930093546e+03 1.173080981869991213e+00 6.945877336466320558e-03
5.818948567362025642e+03 1.184013987488182318e+00 5.313133192919550392e-03
5.824767515929389447e+03 1.196399974227517760e+00 4.677583054932686786e-03
5.830592283445320390e+03 1.217975651689469530e+00 4.882923920693781582e-03
5.836422875728768304e+03 1.247948213817832164e+00 5.685425306670295956e-03
5.842259298604498326e+03 1.279432877804290047e+00 6.397406625895695961e-03
5.848101557903105459e+03 1.302661679465321187e+00 6.326660191484587310e-03
5.853949659461010015e+03 1.317231099123932880e+00 5.488944160012421657e-03
5.859803609120473084e+03 1.320863504624162355e+00 5.514383962774797691e-03
5.865663412729595620e+03 1.319445895717555439e+00 6.030626128789403489e-03
5.871529076142326630e+03 1.309214278355186778e+00 5.986083318585703507e-03
5.877400605218471355e+03 1.296364352226306194e+00 5.747229408957156734e-03
5.883278005823691274e+03 1.281121496322251252e+00 4.868376287918241979e-03
5.889161283829516833e+03 1.266697131363947237e+00 4.391279822899439231e-03
5.895050445113348360e+03 1.258019128184446389e+00 4.839011932658720920e-03
5.900945495558464245e+03 1.247212857653846152e+00 4.814817421144638142e-03
5.906846441054024581e+03 1.238613147742563481e+00 4.758411493347660184e-03
5.912753287495080258e+03 1.228164319891643208e+00 4.645768348548165796e-03
5.918666040782577511e+03 1.215720586563894035e+00 4.274092989304082400e-03
5.924584706823361557e+03 1.200865806496903332e+00 4.438510318757255511e-03
5.930509291530187511e+03 1.186119353751704519e+00 4.555930613807393503e-03
5.936439800821719473e+03 1.170059343944848784e+00 4.259737103119837741e-03
5.942376240622543264e+03 1.153508218915273886e+00 2.960730308981101948e-03
5.948318616863167335e+03 1.139477607183772445e+00 2.915560482351886498e-03
5.954266935480032771e+03 1.128145074236194256e+00 2.915547265486707375e-03
5.960221202415515108e+03 1.118101521140057786e+00 2.669459940119412768e-03
5.966181423617932523e+03 1.109731108121304377e+00 2.231455565820688724e-03
5.972147605041552197e+03 1.099162380460567467e+00 2.320311472152483592e-03
5.978119752646595771e+03 1.090670217182115431e+00 2.314843240714342578e-03
5.984097872399243897e+03 1.085072304076241556e+00 2.316118956336434779e-03
5.990081970271645332e+03 1.078385751534730153e+00 2.306474985426510988e-03
5.996072052241918755e+03 1.070921320475781258e+00 2.251324725493535333e-03
6.002068124294162772e+03 1.062804380459754450e+00 2.141831659558177895e-03
6.008070192418459555e+03 1.056248146433037771e+00 2.114631377535419656e-03
6.014078262610879392e+03 1.049689172490247957e+00 2.089586300744363488e-03
6.020092340873492503e+03 1.045812534149963557e+00 1.941792989934422540e-03
6.026112433214368139e+03 1.044340926365115996e+00 1.798442697105723546e-03
6.032138545647584579e+03 1.039390796011245399e+00 1.851082469507953771e-03
6.038170684193233683e+03 1.033857020039893548e+00 1.851636825096922897e-03
6.044208854877429076e+03 1.027738071624953120e+00 1.827068598807058894e-03
6.050253063732308874e+03 1.022754050810755988e+00 1.726658558526343503e-03
6.056303316796042964e+03 1.020818130421698777e+00 1.806225136553109810e-03
6.062359620112841185e+03 1.019758325257883458e+00 1.716016622867620658e-03
6.068421979732956061e+03 1.018537643169945994e+00 1.665900280881827018e-03
6.074490401712690982e+03 1.017142502938185533e+00 1.653073391454406562e-03
6.080564892114405666e+03 1.014447189261294513e+00 1.901040850859711355e-03
6.086645457006521610e+03 1.014205727440524285e+00 2.012070314301073800e-03
6.092732102463530282e+03 1.013329203438478210e+00 2.069674701334757276e-03
6.098824834565995843e+03 1.012694564142609943e+00 2.072516440301975377e-03
6.104923659400564247e+03 1.013370338211595945e+00 2.077217714754843111e-03
6.111028583059966877e+03 1.014845332228242469e+00 2.020316203008173071e-03
6.117139611643028729e+03 1.017102870460569797e+00 2.037363204533726262e-03
6.123256751254673873e+03 1.019511908752060991e+00 2.043913555466539585e-03
6.129380008005929994e+03 1.021775875269657519e+00 2.085946416390334086e-03
6.135509388013938405e+03 1.023441828518705465e+00 2.106312332236463542e-03
6.141644897401954040e+03 1.026184763555737511e+00 2.002681335940750557e-03
6.147786542299358189e+03 1.028355330031484938e+00 1.944576804783481119e-03
6.153934328841659408e+03 1.030105113439304887e+00 1.939520465137519779e-03
6.160088263170503524e+03 1.032653881352143976e+00 2.080550200136283435e-03
6.166248351433675452e+03 1.032144763420288269e+00 2.113879337014685188e-03
6.172414599785111022e+03 1.032245942778269310e+00 2.190097136546725973e-03
6.178587014384898794e+03 1.031868423422289904e+00 2.287221028263911483e-03
6.184765601399285515e+03 1.031734867350885931e+00 2.402053431174220374e-03
6.190950367000687038e+03 1.033341350129346692e+00 2.315820536199310331e-03
6.197141317367689226e+03 1.036885056185242293e+00 2.331030774008255053e-03
6.203338458685059777e+03 1.042506384463183222e+00 2.193014380108363262e-03
6.209541797143746408e+03 1.047589163683742886e+00 2.211177833913551428e-03
6.215751338940892310e+03 1.053612189271473376e+00 2.214169204195078587e-03
6.221967090279835247e+03 1.061312660278766140e+00 2.433637030060217116e-03
6.228189057370116643e+03 1.068871762500012146e+00 2.475991608993883836e-03
6.234417246427488863e+03 1.075561822236807741e+00 2.445949997040393602e-03
6.240651663673918847e+03 1.081400912012469018e+00 2.277608824413003986e-03
6.246892315337594482e+03 1.085331673411435771e+00 2.340494096185715030e-03
6.253139207652934601e+03 1.088065205818779191e+00 2.279707693506766077e-03
6.259392346860589896e+03 1.088001759511262101e+00 2.215009720632044043e-03
6.265651739207452010e+03 1.089383302207739490e+00 2.124274901805035809e-03
6.271917390946661726e+03 1.091259999494969879e+00 2.455961598609741631e-03
6.278189308337610782e+03 1.093477275100295021e+00 3.052615101160692946e-03
6.284467497645950061e+03 1.102153137649595216e+00 3.550157733569600429e-03
6.290751965143597772e+03 1.108763158856090891e+00 3.670482702832842791e-03
6.297042717108744000e+03 1.114901142018649649e+00 3.616150061982136704e-03
6.303339759825854344e+03 1.120049328599318050e+00 3.616918696343261047e-03
6.309643099585682648e+03 1.127652419753854440e+00 3.590808519480070959e-03
6.315952742685270096e+03 1.134634632115194774e+00 3.392724496019670390e-03
6.322268695427957937e+03 1.138659478871554720e+00 3.542386540590837952e-03
6.328590964123387494e+03 1.140638312350193306e+00 3.341902941467737864e-03
6.334919555087512890e+03 1.145620853227574454e+00 3.308242221854328178e-03
6.341254474642602872e+03 1.151951661641837710e+00 3.330252591305139526e-03
6.347595729117247174e+03 1.158477774901896407e+00 3.336892730141453531e-03
6.353943324846366522e+03 1.167822249520821476e+00 3.480237881042107500e-03
6.360297268171215364e+03 1.176114579434495599e+00 3.549225492209982877e-03
6.366657565439388236e+03 1.186859580218114774e+00 3.612809765580319871e-03
6.373024223004829764e+03 1.201222151021075435e+00 3.533217892072331324e-03
6.379397247227837397e+03 1.213454572102807161e+00 3.921414771456546884e-03
6.385776644475066860e+03 1.231046901088101997e+00 4.242933537695042084e-03
6.392162421119543978e+03 1.256263572199413314e+00 4.367468107390738014e-03
6.398554583540665590e+03 1.283287955161289018e+00 2.889978731135053620e-03
6.404953138124208635e+03 1.327718650130172318e+00 2.801344195617450072e-03
6.411358091262334710e+03 1.380269195644777014e+00 2.744799418331759014e-03
6.417769449353599157e+03 1.443277984605191300e+00 2.606019325048553395e-03
6.424187218802954703e+03 1.520377271167755229e+00 2.931084541356899012e-03
6.430611406021760558e+03 1.611023258858814255e+00 2.899386951484563772e-03
6.437042017427784231e+03 1.712253421533321829e+00 3.179175951901582961e-03
6.443479059445214261e+03 1.819473803907616372e+00 3.588531302393211005e-03
6.449922538504661134e+03 1.932602610299151147e+00 3.558792362053700246e-03
6.456372461043168187e+03 2.053016066980986931e+00 3.810254151077086069e-03
6.462828833504213435e+03 2.177145788317491171e+00 5.334179603080486248e-03
6.469291662337719572e+03 2.303329127521838604e+00 6.816778662911903222e-03
6.475760954000059428e+03 2.430504719010520454e+00 6.333923250920000039e-03
6.482236714954061426e+03 2.561462097079988620e+00 9.453330204741362125e-03
6.488718951669017770e+03 2.708101941580148608e+00 1.762744657816518387e-02
6.495207670620688987e+03 2.906789407916849477e+00 1.969593393525422009e-02
6.501702878291312118e+03 3.148615369238632944e+00 2.131973474650630113e-02
6.508204581169605262e+03 3.421392444199698346e+00 5.484643782478772905e-02
6.514712785750777584e+03 3.834652665752451117e+00 6.417211546854728610e-02
6.521227498536530220e+03 4.245765733022877519e+00 6.808265901566372749e-03
6.527748726035069012e+03 4.931126555219861096e+00 3.233101430675901916e-02
6.534276474761106329e+03 5.673008483711424077e+00 3.860337898184168504e-02
6.540810751235869247e+03 6.442836379837935112e+00 8.729932067076887070e-02
6.547351561987107743e+03 7.378634153881439950e+00 1.172772650751068985e-01
6.553898913549096505e+03 8.138116614986770969e+00 1.630486150781010057e-01
6.560452812462647671e+03 8.427585633721252023e+00 1.646646921185553059e-01
6.567013265275112644e+03 7.851553724937012646e+00 1.676152167445829899e-01
6.573580278540390282e+03 6.762273159863832817e+00 1.510970836866932787e-01
6.580153858818932349e+03 5.517853030397477099e+00 1.016185580813053352e-01
6.586734012677753526e+03 4.482620714285780572e+00 8.873406267997983876e-02
6.593320746690433225e+03 3.863055163874530518e+00 3.103228723511930812e-02
6.599914067437126505e+03 3.416833580280002280e+00 2.243816666934345117e-02
6.606513981504565891e+03 3.040824427968821464e+00 5.782579199594787243e-03
6.613120495486072286e+03 2.780277034405823411e+00 3.873117143244308481e-03
6.619733615981560433e+03 2.581848657663399216e+00 3.514833147016415728e-03
6.626353349597544366e+03 2.421724691369306903e+00 3.311410610114504799e-03
6.632979702947143778e+03 2.287357997946470878e+00 1.625476789207830688e-02
6.639612682650093120e+03 2.174950541066493326e+00 6.071624446218115700e-03
6.646252295332745234e+03 2.085555000959332439e+00 5.304881324183887206e-03
6.652898547628080451e+03 2.005335629690073063e+00 4.235095244365762353e-03
6.659551446175711135e+03 1.932921398708985494e+00 3.305992052981752017e-03
6.666210997621888964e+03 1.865145839139734862e+00 2.987714754294140424e-03
6.672877208619513112e+03 1.797870406291245615e+00 3.594316889935179112e-03
6.679550085828134797e+03 1.737758990942144255e+00 3.573187455103184109e-03
6.686229635913964557e+03 1.685147685735887357e+00 3.648883016991209989e-03
6.692915865549881346e+03 1.631426054224465627e+00 3.523480878157169219e-03
6.699608781415433441e+03 1.579506703764263165e+00 3.521128358855560823e-03
6.706308390196851178e+03 1.528729904853761035e+00 3.223224135318576451e-03
6.713014698587049679e+03 1.482936846533317699e+00 3.186449812637044080e-03
6.719727713285638856e+03 1.438236314516377901e+00 3.219313733529482503e-03
6.726447440998927050e+03 1.400428607092720990e+00 2.976665649819558706e-03
6.733173888439928305e+03 1.362094857799389436e+00 3.017629785964927227e-03
6.739907062328370557e+03 1.325446316799897328e+00 2.790445596775483102e-03
6.746646969390701088e+03 1.294433815288326350e+00 2.866125831191796130e-03
6.753393616360093802e+03 1.266314018327153290e+00 2.882241402413270471e-03
6.760147009976456502e+03 1.241337223229911579e+00 3.046869695152258466e-03
6.766907156986434529e+03 1.215637725863226493e+00 3.089840059932237506e-03
6.773674064143423493e+03 1.191850232951628064e+00 3.107124159011766164e-03
6.780447738207569273e+03 1.170797806396182139e+00 3.258994997298611616e-03
6.787228185945778932e+03 1.154482827505714404e+00 3.211754364756168236e-03
6.794015414131727084e+03 1.138027764834563582e+00 3.166945138493626726e-03
6.800809429545861349e+03 1.119948919367603546e+00 2.809507342843024953e-03
6.807610238975408720e+03 1.103252222953386097e+00 2.746735409119779869e-03
6.814417849214386479e+03 1.089519905328279137e+00 2.522513903528416680e-03
6.821232267063603103e+03 1.074843595210518421e+00 2.510914693529740522e-03
6.828053499330669183e+03 1.059028377251057140e+00 2.577591131102780278e-03
6.834881552830001965e+03 1.045803675191290472e+00 2.536847621521030882e-03
6.841716434382834450e+03 1.034302319260459235e+00 2.425360053572143786e-03
6.848558150817219939e+03 1.021415863742211050e+00 2.388511869828478622e-03
6.855406708968039311e+03 1.010071961002185104e+00 2.320082684196810539e-03
6.862262115677009206e+03 9.984720663088398895e-01 2.153540276699638257e-03
6.869124377792688392e+03 9.887996308939712709e-01 1.918369451132118488e-03
6.875993502170483225e+03 9.819168585492457080e-01 1.919135320517944415e-03
6.882869495672656740e+03 9.772368900329979624e-01 1.869420946431515950e-03
6.889752365168331380e+03 9.768819792073002439e-01 1.679874431380714390e-03
6.896642117533501732e+03 9.768027539643635571e-01 1.549039479751435295e-03
6.903538759651037253e+03 9.759958318370518526e-01 1.473245237281353183e-03
6.910442298410691365e+03 9.763498417641538474e-01 1.439862636126318374e-03
6.917352740709104182e+03 9.804082382913433813e-01 1.533674866921127394e-03
6.924270093449815249e+03 9.827191937723513959e-01 1.600263574528718860e-03
6.931194363543267173e+03 9.861513026145823924e-01 1.618174049437459986e-03
6.938125557906812901e+03 9.924807462859194240e-01 1.639920560027442178e-03
6.945063683464722089e+03 9.971178683122545738e-01 1.691871120427575420e-03
6.952008747148189286e+03 1.002050487874295737e+00 1.690790023456949231e-03
6.958960755895339389e+03 1.002878129255615036e+00 1.726130876693143410e-03
6.965919716651237650e+03 1.004181895939242342e+00 1.803847489666751940e-03
6.972885636367890584e+03 1.006775183774004656e+00 1.794490984515129941e-03
6.979858522004260521e+03 1.008912247641751359e+00 1.767897480566278873e-03
6.986838380526267429e+03 1.010532380008821063e+00 1.832640335191792905e-03
6.993825218906796181e+03 1.014576566084378406e+00 2.251328490587416967e-03
7.000819044125705659e+03 1.016743751302169319e+00 3.333905664726447785e-03
7.007819863169833297e+03 1.015902228342496105e+00 4.574607790464631750e-03
7.014827683033005087e+03 1.021552204353203264e+00 4.492556362811223752e-03
7.021842510716041033e+03 1.033064767441361109e+00 4.607053458814768139e-03
7.028864353226758794e+03 1.047182682384234953e+00 4.618344315889265188e-03
7.035893217579988232e+03 1.064546195068812207e+00 5.148888548591541887e-03
7.042929110797570502e+03 1.080846759838497206e+00 5.642245406674545327e-03
7.049972039908370789e+03 1.094412725728393099e+00 5.452579626770679561e-03
7.057022011948281033e+03 1.099473034051980047e+00 5.374396306218325037e-03
7.064079033960231754e+03 1.098019271896273130e+00 5.469616226360727966e-03
7.071143112994193871e+03 1.093940150835292613e+00 5.318562105195951545e-03
7.078214256107190522e+03 1.082728186916523061e+00 5.560115853094400699e-03
7.085292470363300708e+03 1.065792211704905679e+00 5.725371491447537112e-03
7.092377762833665656e+03 1.045043224401145165e+00 5.477848333334913063e-03
7.099470140596501551e+03 1.021220849852478407e+00 5.186407903801703266e-03
7.106569610737100447e+03 1.000745424486283452e+00 4.823446042389208793e-03
7.113676180347840273e+03 9.862950368468802465e-01 4.915472421034320846e-03
7.120789856528190285e+03 9.767522126239471802e-01 5.082190114801258228e-03
7.127910646384721076e+03 9.736803865148504489e-01 4.253918248491283735e-03
7.135038557031108212e+03 9.725447780252167718e-01 3.369723373371118994e-03
7.142173595588141325e+03 9.635713751594219278e-01 2.842489005799486018e-03
7.149315769183732300e+03 9.608901467924851891e-01 2.725312105046776966e-03
7.156465084952918005e+03 9.561697345432469408e-01 2.730444422457254782e-03
7.163621550037873021e+03 9.483677330139377304e-01 2.697022397379390118e-03
7.170785171587913283e+03 9.417922223735042397e-01 2.741092215350789812e-03
7.177955956759504261e+03 9.356770225363110205e-01 3.079973494286674263e-03
7.185133912716265513e+03 9.327830747394301181e-01 3.098613719552348322e-03
7.192319046628984324e+03 9.277404298842450991e-01 2.984729625082714957e-03
7.199511365675615707e+03 9.233040143696213953e-01 2.921176777267941137e-03
7.206710877041294225e+03 9.224634366307475908e-01 2.797789965879329387e-03
7.213917587918337631e+03 9.213824859592848471e-01 2.787863194922347593e-03
7.221131505506257781e+03 9.203401586895425535e-01 2.785523332581668621e-03
7.228352637011767001e+03 9.208528026393874022e-01 2.797387819175697031e-03
7.235580989648780815e+03 9.216125897454389149e-01 2.685017397410071911e-03
7.242816570638432495e+03 9.230252212112303178e-01 2.970817751614188151e-03
7.250059387209073066e+03 9.253566616104597076e-01 2.998175660854752924e-03
7.257309446596284033e+03 9.228708546135265811e-01 3.162415183770919506e-03
7.264566756042882844e+03 9.196121544639564993e-01 3.563239729479881178e-03
7.271831322798928340e+03 9.157875774205853636e-01 4.169737161464612263e-03
7.279103154121729858e+03 9.195631330600066988e-01 4.075138821499130724e-03
7.286382257275853590e+03 9.277818315967778506e-01 4.509419107186111303e-03
7.293668639533132591e+03 9.367859617694626051e-01 4.823449763728272950e-03
7.300962308172667690e+03 9.427624154592322281e-01 4.978251766366285913e-03
7.308263270480842948e+03 9.431708653202593995e-01 5.030771021072025055e-03
7.315571533751325660e+03 9.378225671615285641e-01 5.206214122481538607e-03
7.322887105285079997e+03 9.371570982616000967e-01 5.045758177579040896e-03
7.330209992390367006e+03 9.342638325861093440e-01 4.864728494447965665e-03
7.337540202382760071e+03 9.267433000480793659e-01 4.784036938445635628e-03
7.344877742585144915e+03 9.158186613412068189e-01 4.864302987051084132e-03
7.352222620327733239e+03 9.037819072510592244e-01 4.814406169635662529e-03
7.359574842948062724e+03 8.917812962960890433e-01 4.463862881995449630e-03
7.366934417791013402e+03 8.801579957761720419e-01 4.403303294275841447e-03
7.374301352208806748e+03 8.706758451399259080e-01 4.488061866739591343e-03
7.381675653561018407e+03 8.630675261809254151e-01 4.341868358218223777e-03
7.389057329214581841e+03 8.600654345435283510e-01 4.023879867162737621e-03
7.396446386543798326e+03 8.580437154282183343e-01 4.018837065116885772e-03
7.403842832930345139e+03 8.559700165930653748e-01 4.092110917210296794e-03
7.411246675763277381e+03 8.481352915606762410e-01 3.527768868672343829e-03
7.418657922439043432e+03 8.427323054368491828e-01 3.479447145196034111e-03
7.426076580361484957e+03 8.391401182233094724e-01 3.491368879168963227e-03
7.433502656941848727e+03 8.381257057626732010e-01 3.471459002324546027e-03
7.440936159598792983e+03 8.417896843930924300e-01 3.793322802155444078e-03
7.448377095758394717e+03 8.413402983819997516e-01 3.964239044655342402e-03
7.455825472854155123e+03 8.338159061027418106e-01 4.126015104348268979e-03
7.463281298327012337e+03 8.334877753377579745e-01 4.181754519131032632e-03
7.470744579625341430e+03 8.336189203025945460e-01 4.341741914491342551e-03
7.478215324204968965e+03 8.324063939665858891e-01 4.389273827391426165e-03
7.485693539529176633e+03 8.305066911033538446e-01 4.442116262471412953e-03
7.493179233068708527e+03 8.265857976792206907e-01 4.505427419676031123e-03
7.500672412301779332e+03 8.243307822662403472e-01 4.698769213993776901e-03
7.508173084714083416e+03 8.225386278051174394e-01 4.811373201855063779e-03
7.515681257798800289e+03 8.156868221882731529e-01 5.641054242947842780e-03
7.523196939056601877e+03 8.059222681020253853e-01 5.374736703177037181e-03
7.530720135995660712e+03 7.983394084698256510e-01 5.267290588690571977e-03
7.538250856131659020e+03 7.981865349759141859e-01 5.586163578780297019e-03
7.545789106987793275e+03 7.989916475419730491e-01 5.364349926861064488e-03
7.553334896094783289e+03 7.985743929902680005e-01 5.122674375652396146e-03
7.560888230990880402e+03 7.961564699510778054e-01 4.979375314130569941e-03
7.568449119221873843e+03 7.905227649474466656e-01 4.941213704243251244e-03
7.576017568341098013e+03 7.867564440824392769e-01 4.759125647251380431e-03
7.583593585909441572e+03 7.906544019233928688e-01 4.176346832630853205e-03
7.591177179495353812e+03 7.914502701760841585e-01 3.840908910015416837e-03
7.598768356674851930e+03 7.851023790512368095e-01 3.350372937437471298e-03
7.606367125031529213e+03 7.804731393308295129e-01 3.254545351499826388e-03
7.613973492156563225e+03 7.798074783810201582e-01 3.269818912884117114e-03
7.621587465648722173e+03 7.760644109132013302e-01 3.220750764449745347e-03
7.629209053114373091e+03 7.728473544919534088e-01 3.197179290770022289e-03
7.636838262167490029e+03 7.688678719383519322e-01 3.412304839630286423e-03
7.644475100429660415e+03 7.678380574430748728e-01 3.400753743974204574e-03
7.652119575530092334e+03 7.691603137916450672e-01 3.358924744033545389e-03
7.659771695105625440e+03 7.679971306511871321e-01 3.110118909723822572e-03
7.667431466800733688e+03 7.691146225248457480e-01 3.272840663623728403e-03
7.675098898267536242e+03 7.701312055414067936e-01 3.350673825368370631e-03
7.682773997165806577e+03 7.762260614761674615e-01 3.622074796554663242e-03
7.690456771162975201e+03 7.820595811921555729e-01 3.480559789585354388e-03
7.698147227934140574e+03 7.867154274412374582e-01 3.451731081719439358e-03
7.705845375162077289e+03 7.903488092494985739e-01 3.426829641065690275e-03
7.713551220537241534e+03 7.907290287127519690e-01 3.255305431860144871e-03
7.721264771757782000e+03 7.906837140831977084e-01 3.235144236898383849e-03
7.728986036529541707e+03 7.916997088722210751e-01 3.256126074431547543e-03
7.736715022566074367e+03 7.922355391516705536e-01 3.269775061604426793e-03
7.744451737588642573e+03 7.910076692015998168e-01 3.131839859396810637e-03
7.752196189326234162e+03 7.922660710974516185e-01 3.433359661488552712e-03
7.759948385515562222e+03 7.930252199564885585e-01 3.454555171627109872e-03
7.767708333901080550e+03 7.956046663615864434e-01 3.479180117782586755e-03
7.775476042234984561e+03 7.968545700062338311e-01 3.604224966834575997e-03
7.783251518277222203e+03 7.991968019040606164e-01 3.606170257842614569e-03
7.791034769795502143e+03 8.064790388095985918e-01 3.900155952673101199e-03
7.798825804565300132e+03 8.135000523841464659e-01 3.897234300222185074e-03
7.806624630369868100e+03 8.193254371932146007e-01 4.003211163479152533e-03
7.814431255000240526e+03 8.239805793121469657e-01 4.134632921079080259e-03
7.822245686255242617e+03 8.244678796900943851e-01 4.001657344568335280e-03
7.830067931941501229e+03 8.300177645123296699e-01 3.967190715314337923e-03
7.837897999873444860e+03 8.316913849192695274e-01 4.104648315449809307e-03
7.845735897873320937e+03 8.333590038143593448e-01 4.128283685216031437e-03
7.853581633771196721e+03 8.350135021394983204e-01 4.214641664096352436e-03
7.861435215404970222e+03 8.347173185288420116e-01 4.124802068994464985e-03
7.869296650620378387e+03 8.300172917841824871e-01 4.170506310951545802e-03
7.877165947271001642e+03 8.245237429003119400e-01 4.207123803140589736e-03
7.885043113218274812e+03 8.197452087504276674e-01 4.312571305591820364e-03
7.892928156331495302e+03 8.147205141964009023e-01 4.354023503026966703e-03
7.900821084487829467e+03 8.102558147469844929e-01 3.932649429778962286e-03
7.908721905572319884e+03 7.976034655276834640e-01 4.700056623536138720e-03
7.916630627477895359e+03 7.895693818598330527e-01 4.484004706155372659e-03
7.924547258105375477e+03 7.835226110401775079e-01 4.421842614789698797e-03
7.932471805363483327e+03 7.756201681008546567e-01 4.156766560742148134e-03
7.940404277168850058e+03 7.737501333708413087e-01 4.019306975116492160e-03
7.948344681446021241e+03 7.708224509598201601e-01 3.993849364223652811e-03
7.956293026127469602e+03 7.720598464061176891e-01 3.833475970656201499e-03
7.964249319153599572e+03 7.692909040353621553e-01 3.775746544176158091e-03
7.972213568472756378e+03 7.687662653320883610e-01 3.412334537978927839e-03
7.980185782041231505e+03 7.641311518675700798e-01 3.334016136942257423e-03
7.988165967823275423e+03 7.568120066364349974e-01 3.550343240151651245e-03
7.996154133791101231e+03 7.514308648953432757e-01 3.314479068367221989e-03
8.004150287924895565e+03 7.506519477169976140e-01 3.247871209866005048e-03
8.012154438212822242e+03 7.482821591040790254e-01 3.317693077379042874e-03
8.020166592651037718e+03 7.432918458472026479e-01 3.293486081941678686e-03
8.028186759243691995e+03 7.372775933844587515e-01 3.292988005710033306e-03
8.036214946002938632e+03 7.356280541350738167e-01 3.222071377297870427e-03
8.044251160948943834e+03 7.360016889721942013e-01 3.105963073252549205e-03
8.052295412109895551e+03 7.367055618443623111e-01 3.100926674287201104e-03
8.060347707522008022e+03 7.327253052883460072e-01 2.640282912425941098e-03
8.068408055229532692e+03 7.337258638181785031e-01 2.684328093395994645e-03
8.076476463284764577e+03 7.351273585576567626e-01 2.715461515111623671e-03
8.084552939748052268e+03 7.336001317568378033e-01 2.807079748433893938e-03
8.092637492687803388e+03 7.310866408769426394e-01 2.927221450245879458e-03
8.100730130180493688e+03 7.268866596379077727e-01 2.979163019422274503e-03
8.108830860310677053e+03 7.258446257518090805e-01 2.957989951339399896e-03
8.116939691170990045e+03 7.260508302838392103e-01 2.957722365955795917e-03
8.125056630862163729e+03 7.217046390294448166e-01 3.202636139837109798e-03
8.133181687493028221e+03 7.199011659505344385e-01 3.154548484134790491e-03
8.141314869180524511e+03 7.179567618662993089e-01 2.558591722400830812e-03
8.149456184049707190e+03 7.194468200126296065e-01 2.645043249179984072e-03
8.157605640233759914e+03 7.235551137309857994e-01 2.781713624678299433e-03
8.165763245873996311e+03 7.293242685664360625e-01 2.543020759640155035e-03
8.173929009119872717e+03 7.335944465418982041e-01 2.347054571155118320e-03
8.182102938128995447e+03 7.318202556268867953e-01 2.891494262300195982e-03
8.190285041067127167e+03 7.312999824567225637e-01 3.361770672768574827e-03
8.198475326108196896e+03 7.327636651693726355e-01 3.407159269933325574e-03
8.206673801434308189e+03 7.350050561502804447e-01 3.472371082509198396e-03
8.214880475235744598e+03 7.385260329413602109e-01 3.723271394567124852e-03
8.223095355710984222e+03 7.371833440280862737e-01 3.975950890248779873e-03
8.231318451066697889e+03 7.415160015185084941e-01 4.148254110986727278e-03
8.239549769517767345e+03 7.441259164125645365e-01 4.291151275725326245e-03
8.247789319287287071e+03 7.499073316655558985e-01 4.602502381930618711e-03
8.256037108606577021e+03 7.560882135244580970e-01 4.750757622617696532e-03
8.264293145715186256e+03 7.635002293624512104e-01 4.756174188662580515e-03
8.272557438860903858e+03 7.707011954634446216e-01 4.862912717633921522e-03
8.280829996299768027e+03 7.801465979095250081e-01 5.526236502814729432e-03
8.289110826296069718e+03 7.823337239734089454e-01 5.507468494913967186e-03
8.297399937122369010e+03 7.814071703428171478e-01 5.839126909010625491e-03
8.305697337059495112e+03 7.789963025014116083e-01 6.578174966154346631e-03
8.314003034396557268e+03 7.832703969142503775e-01 6.780024899631155108e-03
8.322317037430955679e+03 7.892339454305330460e-01 6.879531978039503046e-03
8.330639354468388774e+03 7.963287216716451455e-01 6.801793817555447375e-03
8.338969993822860488e+03 7.943153976084225132e-01 7.022677334936014426e-03
8.347308963816685718e+03 7.977912415133785462e-01 6.986804217559280591e-03
8.355656272780506697e+03 8.095307741890230835e-01 7.211512793761221465e-03
8.364011929053289350e+03 8.249868824583961313e-01 7.650929205318171208e-03
8.372375940982345128e+03 8.348512118761759471e-01 7.537130652909842903e-03
8.380748316923331004e+03 8.398235116858436822e-01 7.714464541155523908e-03
8.389129065240256750e+03 8.532909479432628785e-01 7.762629540508104477e-03
8.397518194305499492e+03 8.675578536120972517e-01 7.610732115688576167e-03
8.405915712499807341e+03 8.863760688472259730e-01 7.664853205629153579e-03
8.414321628212310316e+03 8.958276807406406750e-01 7.516931512356833309e-03
8.422735949840525791e+03 9.062569147248017432e-01 7.537829857225800990e-03
8.431158685790369418e+03 9.133610082175941391e-01 7.327106091646358801e-03
8.439589844476162398e+03 9.322099089635011993e-01 6.748565490067437792e-03
8.448029434320640576e+03 9.461391443561741887e-01 6.611182459777098508e-03
8.456477463754963537e+03 9.554701149085598200e-01 6.508378270443158746e-03
8.464933941218721884e+03 9.539544508338478890e-01 6.060321694635498885e-03
8.473398875159942691e+03 9.597604158404763330e-01 6.039115198030780424e-03
8.481872274035105875e+03 9.656099407582915406e-01 5.950724240909401053e-03
8.490354146309144198e+03 9.670311774024663576e-01 6.049494657343103439e-03
8.498844500455456000e+03 9.672221558200047031e-01 5.702572413334688027e-03
8.507343344955914290e+03 9.687659750280518400e-01 5.498862767889376411e-03
8.515850688300872207e+03 9.759617428222441271e-01 5.255766008992907370e-03
8.524366538989177570e+03 9.845847792062598636e-01 4.775433047254156252e-03
8.532890905528169242e+03 9.852432604215028977e-01 4.357653722223206114e-03
8.541423796433698953e+03 9.755971748479885797e-01 4.354593021428174691e-03
8.549965220230136765e+03 9.672079298077893572e-01 4.170778736197165715e-03
8.558515185450369245e+03 9.623170368163510568e-01 4.092605876575355732e-03
8.567073700635823116e+03 9.589925668061110020e-01 3.971821541672019250e-03
8.575640774336461618e+03 9.525557654807171870e-01 3.925287641038576782e-03
8.584216415110800881e+03 9.460977941257533441e-01 4.409479473208013575e-03
8.592800631525913559e+03 9.310823168481987544e-01 4.946865607074803564e-03
8.601393432157443385e+03 9.211658598953131882e-01 5.141893697877813509e-03
8.609994825589603352e+03 9.196600313843643626e-01 5.222383249321537954e-03
8.618604820415195718e+03 9.249269477406477646e-01 5.420158660096339141e-03
8.627223425235613831e+03 9.344827856089875651e-01 6.297987502453798736e-03
8.635850648660851220e+03 9.398055372238652838e-01 6.578209159152955364e-03
8.644486499309516148e+03 9.430500454789416676e-01 6.584708240111624908e-03
8.653130985808827973e+03 9.322148784329644666e-01 7.898461304158948745e-03
8.661784116794638976e+03 9.194380741372755184e-01 9.895477117660199037e-03
8.670445900911438002e+03 9.180856033316341369e-01 1.028057988077120920e-02
8.679116346812352276e+03 9.191026196958619332e-01 1.063958646156316044e-02
8.687795463159167412e+03 9.268044454128270271e-01 1.086468271012332350e-02
8.696483258622329231e+03 9.182588841834401494e-01 1.085050521777562380e-02
8.705179741880954680e+03 9.149482549244535301e-01 1.076108476916361710e-02
8.713884921622837282e+03 9.069381471936736050e-01 1.088981716126540510e-02
8.722598806544463514e+03 9.057291720761257992e-01 1.142374669237607339e-02
8.731321405351010981e+03 9.039253747227332658e-01 1.187168313561578863e-02
8.740052726756364791e+03 9.082960018194339291e-01 1.186924097309225400e-02
8.748792779483124832e+03 9.048917026449442291e-01 1.086387877238359154e-02
8.757541572262609407e+03 8.892813742005083455e-01 1.052378225650285604e-02
8.766299113834875243e+03 8.632056685941580376e-01 1.018591297198955838e-02
8.775065412948713856e+03 8.332408033786192769e-01 9.735415570777816371e-03
8.783840478361664282e+03 8.074332406738325973e-01 9.686007193801660434e-03
8.792624318840029446e+03 7.908184862163820661e-01 9.929294742764608467e-03
8.801416943158872527e+03 7.883555414104608250e-01 1.004692303604390324e-02
8.810218360102035149e+03 7.782938355883970427e-01 9.793972925364859139e-03
8.819028578462139194e+03 7.593062158878786105e-01 9.174307214224512730e-03
8.827847607040604998e+03 7.371593613886596730e-01 8.057197117534284705e-03
8.836675454647647712e+03 7.324325257920157872e-01 8.213890559729361551e-03
8.845512130102299125e+03 7.312384237616954552e-01 8.079075849476473337e-03
8.854357642232404032e+03 7.354809587975668084e-01 7.459887125558065796e-03
8.863211999874638423e+03 7.306958054338262842e-01 7.147292677587330396e-03
8.872075211874516754e+03 7.231316378948243750e-01 6.982465658878772921e-03
8.880947287086393771e+03 7.128882819190091036e-01 6.701948865534354365e-03
8.889828234373482701e+03 7.074108222550448133e-01 6.380685032610680305e-03
8.898718062607858883e+03 6.983639111413300071e-01 6.057131629992652117e-03
8.907616780670470689e+03 6.893953064076749904e-01 5.758641419841699707e-03
8.916524397451143159e+03 6.745064760016457051e-01 5.813156497042993448e-03
8.925440921848598009e+03 6.680229551779420794e-01 5.719717756594768637e-03
8.934366362770449996e+03 6.649937899883848758e-01 5.530490205004150693e-03
8.943300729133223285e+03 6.597865330807481943e-01 4.799581414686710130e-03
8.952244029862358730e+03 6.613380026965833824e-01 4.503400458243045357e-03
8.961196273892224781e+03 6.689148014853713020e-01 4.411795530583612242e-03
8.970157470166119310e+03 6.857020811667158267e-01 4.022402520411713298e-03
8.979127627636287798e+03 6.992279191355847967e-01 3.603831793233693188e-03
8.988106755263928790e+03 7.051303195219974507e-01 3.550974309255380129e-03
8.997094862019195716e+03 7.110826021173767275e-01 3.557327072873043422e-03
9.006091956881216902e+03 7.176598527638691216e-01 3.410230368823032217e-03
9.015098048838101022e+03 7.169696315478443216e-01 3.247205570816100954e-03
9.024113146886942559e+03 7.087378219560137582e-01 3.690328202861693253e-03
9.033137260033832717e+03 6.983844292889541672e-01 3.751638356560311940e-03
9.042170397293868518e+03 6.836364096434958126e-01 3.210102375363848345e-03
9.051212567691165532e+03 6.676454926366767184e-01 2.815068288214777996e-03
9.060263780258859697e+03 6.587418650010327115e-01 2.841456013799842795e-03
9.069324044039121873e+03 6.532785348419626326e-01 2.899576209410852871e-03
9.078393368083163296e+03 6.514869298352201632e-01 2.976246635193004631e-03
9.087471761451250131e+03 6.529569566801483038e-01 3.163547595689008597e-03
9.096559233212705294e+03 6.564999417679638904e-01 3.220211041774867586e-03
9.105655792445919360e+03 6.630049955209259549e-01 2.954617727847094755e-03
9.114761448238368757e+03 6.711580390821878517e-01 3.212241395703717851e-03
9.123876209686610309e+03 6.775044474386470172e-01 3.277574321998684773e-03
9.133000085896299424e+03 6.806181473993346831e-01 4.109548945117303190e-03
9.142133085982199191e+03 6.830404050880749534e-01 5.660285406318753959e-03
9.151275219068184015e+03 6.912114224927906614e-01 5.711082611473931522e-03
9.160426494287255991e+03 6.998775882446031105e-01 5.736215315447516436e-03
9.169586920781546723e+03 7.094471692429984433e-01 6.203275799738798037e-03
9.178756507702330055e+03 7.200942687085646332e-01 6.767686224885523585e-03
9.187935264210036621e+03 7.241646965698400606e-01 8.104483097813247952e-03
9.197123199474248395e+03 7.206504686137805704e-01 1.066759680207282450e-02
9.206320322673725968e+03 7.246225374838511923e-01 1.167240229687084921e-02
9.215526642996403098e+03 7.268758224470420748e-01 1.258538697767647846e-02
9.224742169639403073e+03 7.181118157028868465e-01 1.332960914109468549e-02
9.233966911809044177e+03 6.964262216484543577e-01 1.398639901407158249e-02
9.243200878720857872e+03 6.817782434379927592e-01 1.426725850811097832e-02
9.252444079599581528e+03 6.644315472349789919e-01 1.392435164312760126e-02
9.261696523679183883e+03 6.518192811332282899e-01 1.396611401529191179e-02
9.270958220202865050e+03 6.405250345861099870e-01 1.427634775149983805e-02
9.280229178423071062e+03 6.390038045690634716e-01 1.470974845482651665e-02
9.289509407601497514e+03 6.304790704891160003e-01 1.466180780998998893e-02
9.298798917009102297e+03 6.225050801144191848e-01 1.438799263077725210e-02
9.308097715926114688e+03 6.090800869825010455e-01 1.416591894765026165e-02
9.317405813642044450e+03 5.871410263897066661e-01 1.431105814989206554e-02
9.326723219455689105e+03 5.717142158227064286e-01 1.417116376650193361e-02
9.336049942675148486e+03 5.634142045400685195e-01 1.462026471623552142e-02
9.345385992617826560e+03 5.644218757780288254e-01 1.524972478851103520e-02
9.354731378610447791e+03 5.712752046928043503e-01 1.530410870332435391e-02
9.364086109989060787e+03 5.665875350230274998e-01 1.502456660997634162e-02
9.373450196099052846e+03 5.492194125095435364e-01 1.243960248050586699e-02
9.382823646295155413e+03 5.509796305199197164e-01 1.173073410249063191e-02
9.392206469941453179e+03 5.611754095261403119e-01 1.165679674716389030e-02
9.401598676411396809e+03 5.614282925478791819e-01 1.142039250762526791e-02
9.411000275087812042e+03 5.613768073184516316e-01 1.060866375694912225e-02
9.420411275362903325e+03 5.495529573699093895e-01 9.996338166488821439e-03
9.429831686638268366e+03 5.467314515940386865e-01 9.848480823442787649e-03
9.439261518324910867e+03 5.394950297020010277e-01 9.515225944955303661e-03
9.448700779843238706e+03 5.493756964404056253e-01 9.757623741001870965e-03
9.458149480623085765e+03 5.574085461321479640e-01 9.433013556893986296e-03
9.467607630103711926e+03 5.681581338248675728e-01 8.796997881574838279e-03
9.477075237733817630e+03 5.789202023251932561e-01 7.809386051245280347e-03
9.486552312971554784e+03 5.954428306824455230e-01 7.424399089622968698e-03
9.496038865284530402e+03 6.090259081517045425e-01 7.305396574157256920e-03
9.505534904149817521e+03 6.254595859933766988e-01 7.195290095177773668e-03
9.515040439053969749e+03 6.413029917227857091e-01 7.829446932896905881e-03
9.524555479493026724e+03 6.524959391226335947e-01 7.711856110014506625e-03
9.534080034972523208e+03 6.598337688098153686e-01 7.538786494506710331e-03
9.543614115007500004e+03 6.553837222472087554e-01 7.458799873269394629e-03
9.553157729122509409e+03 6.499664547096780653e-01 7.570059709657721986e-03
9.562710886851635223e+03 6.278549800228965250e-01 7.189848245748171364e-03
9.572273597738490935e+03 6.178728509999024121e-01 7.033626409771660468e-03
9.581845871336232449e+03 6.039002036341812873e-01 7.063650547006945259e-03
9.591427717207570822e+03 5.855071070166121272e-01 7.359919228247541016e-03
9.601019144924781358e+03 5.590753971475352913e-01 7.317835873973614798e-03
9.610620164069710881e+03 5.416438715373218526e-01 7.093512720755344031e-03
9.620230784233783197e+03 5.240393612732997530e-01 6.620713571389675450e-03
9.629851015018019098e+03 5.170424484073999905e-01 6.103624596236578541e-03
9.639480866033041821e+03 5.091851513233874860e-01 5.950570530550773098e-03
9.649120346899077049e+03 5.017232085889226090e-01 5.981498453313477924e-03
9.658769467245980195e+03 5.009709003471839450e-01 5.939088321763937028e-03
9.668428236713229126e+03 4.905305323423243546e-01 6.004540253950915035e-03
9.678096664949945989e+03 4.797769691565828554e-01 6.114079669215489142e-03
9.687774761614899035e+03 4.807069789524591186e-01 6.498067700451136929e-03
9.697462536376517164e+03 4.781165179046807379e-01 6.310522981315892961e-03
9.707159998912895389e+03 4.754391919749411666e-01 6.159509154232777235e-03
9.716867158911813021e+03 4.635880629102888673e-01 6.188071454176654468e-03
9.726584026070726395e+03 4.623382331532976952e-01 6.287924123615331803e-03
9.736310610096801611e+03 4.626457078513200871e-01 6.693245046596719115e-03
9.746046920706901801e+03 4.543451809389606466e-01 6.680513771109518155e-03
9.755792967627610778e+03 4.525795024290736879e-01 6.885630361955685265e-03
9.765548760595242129e+03 4.527678899094328413e-01 7.044347253341716811e-03
9.775314309355841033e+03 4.528881255023683439e-01 7.096981175061917689e-03
9.785089623665198815e+03 4.388266036045787022e-01 7.153598341166934708e-03
9.794874713288867497e+03 4.339314980163273550e-01 7.551852254783329374e-03
9.804669588002159799e+03 4.302654322981636081e-01 8.038856378737455066e-03
9.814474257590165507e+03 4.263484276485670077e-01 8.446895172009310712e-03
9.824288731847758754e+03 4.180676783235395821e-01 8.603655178716409710e-03
9.834113020579610748e+03 4.173101148554365647e-01 8.906794617069798900e-03
9.843947133600193411e+03 4.214330998078136825e-01 9.012706190760153002e-03
9.853791080733795752e+03 4.248950322740214780e-01 8.949930713555390160e-03
9.863644871814532962e+03 4.222066929928444123e-01 8.539818109283997885e-03
9.873508516686351868e+03 4.292412516119371024e-01 8.367803334283378802e-03
9.883382025203040030e+03 4.391629771408858129e-01 8.072330362717384730e-03
9.893265407228247568e+03 4.441991807701065054e-01 8.089934880119501598e-03
9.903158672635478069e+03 4.465861513560661078e-01 7.760364174599322477e-03
9.913061831308117689e+03 4.473261356820553147e-01 7.937089241852239227e-03
9.922974893139427877e+03 4.584585246067519604e-01 8.458415744153961052e-03
9.932897868032570841e+03 4.696613970067820554e-01 9.209990823208705560e-03
9.942830765900607730e+03 4.713482393611636567e-01 1.076603498598079772e-02
9.952773596666511366e+03 4.777372612847485822e-01 1.379362603096284147e-02
9.962726370263180797e+03 4.864309428217417630e-01 1.897077445646086144e-02
9.972689096633446752e+03 4.930636518524841305e-01 2.659322880070590783e-02
9.982661785730084375e+03 5.014154709960885192e-01 3.866056152675653723e-02
9.992644447515816864e+03 5.460882194739146156e-01 6.351605255983243381e-02
