# starting wavelength: 3963.539
# ending wavelength: 8719.025
# wav flux eflux
3.964229294387921527e+03 3.849407647492805173e-01 1.080297071255675645e+00
3.968193523682310570e+03 5.598785032151015750e-01 8.922428264631626638e-01
3.972161717205994591e+03 5.770777142253367131e-01 7.431470532027713016e-01
3.976133878923201792e+03 6.412808462822375821e-01 5.687849625367570328e-01
3.980110012802126221e+03 7.013588086317140702e-01 4.391086810967023135e-01
3.984090122814929600e+03 8.065100196610838212e-01 3.557707401182170770e-01
3.988074212937745870e+03 8.804763972457287924e-01 2.880060529455559792e-01
3.992062287150684824e+03 9.361033202100177419e-01 2.362194936442443827e-01
3.996054349437837118e+03 9.828993410776540873e-01 1.941297554778857459e-01
4.000050403787276082e+03 1.021631313876365521e+00 1.661401865057488270e-01
4.004050454191064546e+03 1.035302052811238882e+00 1.469592085779665991e-01
4.008054504645257111e+03 1.042407826632562262e+00 1.315038343218161987e-01
4.012062559149903791e+03 1.033274697136218778e+00 1.206283352960772631e-01
4.016074621709055009e+03 1.024517681608675623e+00 1.115446012035453544e-01
4.020090696330765240e+03 1.023653092344535720e+00 1.055843597134693695e-01
4.024110787027097558e+03 1.014433322686976835e+00 1.001205613351628804e-01
4.028134897814125907e+03 1.021951969297996365e+00 9.572866770686083715e-02
4.032163032711941469e+03 1.029366412726810065e+00 9.214014337955118983e-02
4.036195195744654484e+03 1.024496776749380444e+00 8.882853523979525323e-02
4.040231390940400615e+03 1.020504032047780063e+00 9.173169350578165571e-02
4.044271622331342314e+03 1.023672725124860294e+00 9.154164124672095615e-02
4.048315893953675186e+03 1.020777073862227047e+00 9.003915626514377712e-02
4.052364209847629809e+03 1.024460007067725664e+00 8.998696297250878551e-02
4.056416574057479011e+03 1.011246286999353927e+00 8.911727890029010057e-02
4.060472990631537868e+03 1.013483357335862811e+00 8.924731931654479589e-02
4.064533463622170530e+03 1.043471560582881041e+00 9.040600749294504246e-02
4.068597997085794304e+03 1.089255618917972290e+00 8.732649365255742979e-02
4.072666595082881486e+03 1.099814532480253071e+00 8.402989782212030856e-02
4.076739261677965715e+03 1.117024850329548569e+00 8.401134553433603491e-02
4.080816000939644709e+03 1.144281540933212993e+00 8.244533922490999978e-02
4.084896816940585722e+03 1.189821953949025346e+00 8.043830202680116170e-02
4.088981713757527814e+03 1.215536254349696366e+00 8.075744482940394597e-02
4.093070695471286854e+03 1.228941220733788198e+00 7.922419596924232255e-02
4.097163766166759160e+03 1.233906879948797553e+00 7.831000719899851303e-02
4.101260929932927866e+03 1.223315455989247846e+00 7.787286515675045928e-02
4.105362190862862008e+03 1.164382945080658205e+00 6.281380408404178828e-02
4.109467553053726078e+03 1.114450520362922692e+00 6.177714678433587209e-02
4.113577020606780934e+03 1.111470848912460729e+00 5.142245803103163981e-02
4.117690597627389252e+03 1.090658792537961830e+00 4.853449308905707221e-02
4.121808288225018259e+03 1.055882766914850501e+00 4.803745356194050881e-02
4.125930096513244280e+03 9.875702548063005626e-01 4.543424987467802739e-02
4.130056026609759101e+03 9.398191709155168105e-01 4.725341371199952983e-02
4.134186082636369974e+03 9.145546518206498776e-01 4.718024244266164763e-02
4.138320268719007800e+03 8.866776794899200453e-01 4.884622745165102808e-02
4.142458588987728035e+03 8.591421652341775239e-01 4.813701184607628580e-02
4.146601047576717065e+03 8.390441838048454670e-01 4.926743911946177695e-02
4.150747648624294925e+03 8.168500218157159765e-01 5.044767004971548174e-02
4.154898396272920763e+03 8.005843961547294274e-01 5.185761678800465679e-02
4.159053294669195566e+03 7.773871482323782001e-01 5.145132080103928529e-02
4.163212347963865795e+03 7.735790221542347966e-01 4.968829127808246232e-02
4.167375560311830668e+03 7.545211279471807364e-01 5.148969147069708263e-02
4.171542935872143971e+03 7.258469380481994415e-01 5.647965990974630757e-02
4.175714478808017702e+03 7.311312680853200296e-01 5.642537915594861980e-02
4.179890193286827525e+03 7.634399172572949865e-01 5.465300908431431487e-02
4.184070083480115500e+03 7.716204018887620197e-01 5.447003909939958366e-02
4.188254153563597356e+03 7.636724789282084425e-01 5.326866288262414179e-02
4.192442407717161586e+03 7.611611236551750759e-01 5.158122557867999419e-02
4.196634850124880359e+03 7.623016703579543751e-01 5.196644107175343169e-02
4.200831484975006788e+03 7.732961008094016986e-01 4.992987363360187197e-02
4.205032316459983122e+03 7.949314353229193220e-01 4.997704262104842726e-02
4.209237348776444378e+03 8.188579554858573806e-01 5.046587489231557644e-02
4.213446586125221984e+03 8.505378539367233204e-01 4.964081102277855678e-02
4.217660032711349231e+03 8.822041853054641836e-01 5.144637162695993998e-02
4.221877692744061278e+03 8.932573177965126288e-01 5.150214330174088945e-02
4.226099570436806971e+03 9.268343766390911842e-01 5.161486797079335026e-02
4.230325670007245208e+03 9.846200785458568694e-01 4.861559995007001117e-02
4.234555995677254032e+03 1.030976487205887082e+00 4.886778251665640366e-02
4.238790551672932452e+03 1.053536473775882998e+00 4.869835045529093825e-02
4.243029342224606808e+03 1.062809495023992357e+00 4.914245015791621207e-02
4.247272371566832589e+03 1.078473359286928890e+00 5.087630595491698937e-02
4.251519643938400804e+03 1.057381316764994139e+00 4.588958156530697358e-02
4.255771163582340705e+03 1.039196980833971162e+00 4.423657531691218420e-02
4.260026934745924336e+03 1.030975211640938527e+00 4.412851936898737337e-02
4.264286961680671993e+03 1.019255791312155823e+00 4.311261563960561843e-02
4.268551248642354039e+03 1.016586484762443954e+00 4.331091700401386302e-02
4.272819799890998183e+03 1.003340616478104463e+00 4.016807338530329480e-02
4.277092619690890388e+03 9.833310642755370701e-01 4.102059106454433030e-02
4.281369712310583054e+03 9.238912192111859989e-01 4.597999433499868477e-02
4.285651082022895025e+03 8.606087137765714434e-01 4.188682530488632705e-02
4.289936733104918858e+03 8.142125953227971058e-01 3.474312043247807652e-02
4.294226669838025373e+03 8.158437023385007869e-01 3.685659382466687645e-02
4.298520896507864563e+03 8.197100550127718321e-01 3.598826810918476227e-02
4.302819417404373780e+03 8.041365435828705666e-01 4.602265937648803568e-02
4.307122236821779552e+03 8.317389228442801929e-01 4.781792026766919917e-02
4.311429359058603040e+03 8.588119789411807758e-01 4.575688924538146712e-02
4.315740788417662770e+03 9.328257203634690020e-01 4.687640075496751074e-02
4.320056529206081905e+03 1.024092976841422864e+00 4.686713400835851306e-02
4.324376585735290064e+03 1.139650021898185761e+00 4.970964592804082843e-02
4.328700962321026054e+03 1.261234011387362131e+00 5.953734004948818548e-02
4.333029663283348782e+03 1.378627279052213161e+00 6.167712789483523195e-02
4.337362692946633615e+03 1.479469494188453416e+00 5.885027992673323716e-02
4.341700055639581478e+03 1.565655293235833856e+00 5.270386352177249684e-02
4.346041755695222491e+03 1.634347133628656801e+00 5.504726915496094969e-02
4.350387797450919606e+03 1.646395309428519749e+00 5.404118120724737268e-02
4.354738185248371337e+03 1.590186059230743298e+00 6.396186694417045626e-02
4.359092923433621763e+03 1.504222970380846292e+00 6.934670134657482110e-02
4.363452016357056891e+03 1.396631259421443394e+00 6.997614009566077709e-02
4.367815468373414660e+03 1.274543068155622016e+00 6.794283925029255544e-02
4.372183283841789489e+03 1.166882602086371401e+00 7.121472287336763629e-02
4.376555467125633186e+03 1.040731700976094354e+00 6.669900392378809439e-02
4.380932022592760404e+03 9.066616335266819426e-01 5.571888466392293376e-02
4.385312954615354101e+03 8.130459342542979417e-01 5.335844612565817519e-02
4.389698267569970994e+03 7.754819436628327400e-01 5.508422878584236931e-02
4.394087965837542470e+03 7.838823892399502391e-01 4.701878840269224646e-02
4.398482053803381859e+03 7.952086367600166295e-01 4.404934253352622148e-02
4.402880535857186260e+03 8.080268321330569270e-01 4.585897496867279155e-02
4.407283416393044718e+03 8.365540038465605344e-01 4.394833906687512642e-02
4.411690699809440048e+03 8.636300539041370516e-01 4.252823020497279588e-02
4.416102390509250654e+03 8.560016414238553750e-01 4.467844773187315544e-02
4.420518492899761441e+03 8.779488407299483876e-01 4.686018790603743017e-02
4.424939011392662906e+03 8.822720627029514429e-01 4.552857118507565304e-02
4.429363950404056595e+03 8.392549286655712759e-01 4.831583056626654465e-02
4.433793314354462382e+03 7.965496990910204689e-01 5.036782980825488254e-02
4.438227107668818462e+03 7.960704615699835118e-01 5.521287468873231630e-02
4.442665334776488635e+03 8.220295919695216336e-01 5.406442834381733342e-02
4.447108000111265937e+03 8.614203518112814040e-01 5.434762076807677506e-02
4.451555108111379013e+03 9.213064780895318107e-01 6.070424364797854383e-02
4.456006663219492111e+03 9.859817152371246340e-01 6.193048455671273933e-02
4.460462669882713271e+03 1.032860077834283130e+00 6.009852475414851486e-02
4.464923132552597053e+03 1.085043574660472965e+00 5.797936518315177645e-02
4.469388055685150903e+03 1.131228115078816820e+00 5.774153003630331377e-02
4.473857443740837880e+03 1.164771872673090458e+00 5.759143826910214509e-02
4.478331301184580298e+03 1.193433737973524478e+00 5.854167257711007794e-02
4.482809632485766087e+03 1.195786379350721296e+00 6.010611884040754915e-02
4.487292442118253348e+03 1.152510611467639778e+00 6.345901174089017827e-02
4.491779734560373072e+03 1.089524751518841539e+00 6.386713879837623009e-02
4.496271514294934605e+03 9.943677512110254968e-01 6.748486320088367685e-02
4.500767785809231100e+03 8.990042143512433359e-01 6.632185001895188337e-02
4.505268553595042249e+03 8.623924282908286276e-01 6.504983450572841830e-02
4.509773822148638828e+03 8.587422418085172149e-01 6.582273348801459534e-02
4.514283595970789065e+03 8.531227544982600275e-01 6.788792810383351140e-02
4.518797879566761367e+03 8.345488013416908490e-01 6.746042390648092357e-02
4.523316677446328868e+03 7.902642216563752209e-01 6.448886996905632552e-02
4.527839994123776705e+03 8.083975712222967180e-01 6.739388394549235273e-02
4.532367834117902021e+03 8.475766234525121678e-01 6.210958277381301712e-02
4.536900201952022144e+03 8.716570867829486202e-01 5.974179303938860486e-02
4.541437102153975502e+03 9.086910046020730825e-01 5.759530998890001474e-02
4.545978539256130716e+03 9.085423579636000557e-01 5.594640879089623348e-02
4.550524517795388419e+03 8.941335136770629521e-01 5.304936084628204818e-02
4.555075042313184895e+03 8.830654369777081181e-01 4.954029547048689058e-02
4.559630117355500261e+03 8.799944039827014564e-01 4.683221881226561772e-02
4.564189747472856652e+03 9.092294326822023542e-01 4.633943791965721565e-02
4.568753937220330954e+03 9.685800676987244007e-01 4.140590654292909678e-02
4.573322691157552981e+03 9.980354337936485631e-01 4.169202249300912877e-02
4.577896013848711846e+03 1.009038339773102200e+00 4.208453136240686981e-02
4.582473909862562323e+03 1.001363212423822313e+00 4.336751405150651023e-02
4.587056383772426670e+03 9.814184638659151361e-01 4.226981648547938064e-02
4.591643440156200086e+03 9.591059693285511889e-01 3.967973567603776813e-02
4.596235083596357981e+03 9.616188826011374813e-01 4.088799199586684585e-02
4.600831318679955984e+03 9.323587574210285833e-01 4.117669396236992713e-02
4.605432149998637215e+03 9.076571975667018233e-01 4.168890730142093409e-02
4.610037582148637739e+03 8.860408426648117564e-01 3.648235749715782877e-02
4.614647619730787483e+03 8.920186897387274438e-01 3.568309459762605829e-02
4.619262267350520233e+03 8.831335945242755336e-01 3.701804003466158122e-02
4.623881529617872729e+03 8.765836934433844929e-01 3.524490569069300971e-02
4.628505411147491941e+03 9.229117889894632443e-01 3.777031067251031965e-02
4.633133916558640522e+03 9.717579508525077125e-01 4.218891952920617028e-02
4.637767050475200449e+03 9.915962455989056901e-01 4.223990653006985674e-02
4.642404817525677572e+03 1.007375920511085710e+00 4.255114162107847403e-02
4.647047222343205249e+03 1.024836128528567425e+00 4.271044112824432665e-02
4.651694269565549803e+03 1.032995117164013932e+00 4.260883097754727261e-02
4.656345963835116891e+03 1.035300432253323244e+00 4.389762269243643183e-02
4.661002309798953320e+03 1.055743365510007248e+00 4.407111680710649321e-02
4.665663312108753416e+03 1.042632522871701939e+00 4.309265418608260872e-02
4.670328975420864481e+03 1.001412739992359802e+00 4.624748369243519841e-02
4.674999304396286789e+03 9.559831618814078613e-01 5.070080732189163886e-02
4.679674303700684504e+03 9.504362883689512209e-01 5.060904974323463673e-02
4.684353978004386590e+03 9.763545910795615734e-01 5.563353907855373565e-02
4.689038331982392265e+03 9.715953533001256970e-01 5.564902707187562025e-02
4.693727370314376458e+03 9.617359348557266152e-01 5.547043095284135555e-02
4.698421097684692540e+03 9.733673765034439596e-01 5.518565362741476021e-02
4.703119518782378691e+03 9.706697348588100294e-01 5.480040391147672496e-02
4.707822638301162442e+03 9.569310696022979013e-01 5.408042018326003619e-02
4.712530460939465229e+03 9.298050163875877239e-01 5.365215182270813288e-02
4.717242991400406027e+03 9.049221024571241223e-01 5.220541061825646756e-02
4.721960234391808626e+03 8.704272613657928481e-01 5.563119617721530574e-02
4.726682194626201635e+03 8.256618441705898537e-01 5.355837433010279813e-02
4.731408876820829391e+03 8.032575573927224211e-01 5.125173954685907640e-02
4.736140285697651962e+03 8.111574437594823994e-01 5.260772608988076998e-02
4.740876425983350600e+03 8.275203806302796616e-01 5.555338088594282547e-02
4.745617302409335934e+03 8.405629649724799535e-01 5.643850797382155698e-02
4.750362919711747054e+03 8.852313015509791772e-01 4.578410474158878946e-02
4.755113282631459697e+03 9.293760638885456560e-01 3.856432872404758766e-02
4.759868395914093526e+03 9.298838920045235934e-01 3.649053510728109823e-02
4.764628264310008490e+03 9.252094059855737740e-01 3.286946714374578554e-02
4.769392892574320285e+03 9.411006001589306003e-01 3.378341192724023528e-02
4.774162285466896719e+03 9.413907154744181049e-01 3.243952166745057292e-02
4.778936447752364984e+03 8.991546757026541714e-01 4.768100681260258045e-02
4.783715384200118933e+03 8.974630650312265256e-01 4.384867688052975637e-02
4.788499099584319993e+03 9.268242593221831527e-01 5.214156239576199503e-02
4.793287598683906253e+03 9.490829350629312877e-01 5.325915260403454171e-02
4.798080886282591564e+03 1.004839956932210621e+00 5.418247724097031981e-02
4.802878967168876443e+03 1.048423772748674931e+00 4.987107393992028237e-02
4.807681846136046261e+03 1.072137360736470146e+00 5.003778860682324414e-02
4.812489527982183972e+03 1.085113081005785407e+00 5.383898759033105275e-02
4.817302017510168298e+03 1.083613424413975679e+00 7.432150320844621572e-02
4.822119319527679181e+03 1.132432850281654524e+00 7.656417351808973704e-02
4.826941438847208701e+03 1.160228813089049682e+00 9.521011112455901593e-02
4.831768380286057436e+03 1.204431713028949247e+00 8.633338655197593525e-02
4.836600148666345376e+03 1.449156950516577114e+00 7.836500861369845305e-02
4.841436748815013743e+03 1.772346545461600309e+00 7.934267360105522193e-02
4.846278185563829538e+03 2.137948476784169660e+00 7.410562552983561424e-02
4.851124463749395545e+03 2.502113100596310424e+00 8.801348327212595024e-02
4.855975588213146693e+03 2.735338832893464911e+00 7.283979698293532867e-02
4.860831563801360971e+03 2.765239003653611860e+00 7.945587648412591464e-02
4.865692395365163975e+03 2.781461443528838284e+00 7.340260656432420761e-02
4.870558087760530725e+03 2.686723209941336954e+00 7.490811833889536586e-02
4.875428645848292945e+03 2.516449192556895920e+00 7.086408603265328954e-02
4.880304074494142696e+03 2.249489182014583921e+00 6.115425192088632528e-02
4.885184378568638749e+03 1.840967221785853924e+00 6.466637476047325250e-02
4.890069562947209306e+03 1.509588045437539661e+00 2.760894307873653850e-02
4.894959632510157462e+03 1.386028312730013035e+00 6.219861141371182955e-02
4.899854592142669389e+03 1.357412356248619112e+00 6.643515261579366338e-02
4.904754446734813428e+03 1.310124666739251431e+00 5.495245740708997600e-02
4.909659201181550088e+03 1.199630885908749889e+00 6.208566740042418403e-02
4.914568860382732964e+03 1.003245542668685264e+00 4.348273063375489300e-02
4.919483429243117826e+03 9.003075668022698652e-01 3.336883264864810156e-02
4.924402912672362618e+03 1.021620001042540471e+00 4.493375221847628609e-02
4.929327315585036558e+03 1.022453637883260713e+00 4.477636141976301665e-02
4.934256642900622865e+03 1.024304967330497140e+00 4.451566916363387805e-02
4.939190899543525120e+03 1.025234853141868019e+00 4.429771640971708058e-02
4.944130090443070912e+03 1.054746292796398199e+00 4.008041673805391725e-02
4.949074220533515472e+03 1.084874892207827290e+00 3.364915977546673043e-02
4.954023294754050767e+03 1.080404875091161010e+00 3.864539070038531393e-02
4.958977318048806410e+03 1.068400310991791891e+00 3.158670432543191769e-02
4.963936295366856939e+03 1.068606903810902065e+00 3.225488915227102404e-02
4.968900231662225451e+03 1.070043870618995641e+00 3.251924237572525328e-02
4.973869131893889062e+03 1.054249407553300655e+00 3.220571079076502835e-02
4.978843001025784361e+03 1.034663901246069440e+00 3.269387236324024226e-02
4.983821844026811959e+03 1.013083433863767535e+00 3.346593418264640768e-02
4.988805665870840130e+03 9.892171606017678975e-01 3.488151884263777230e-02
4.993794471536712990e+03 9.764444034670372030e-01 3.680611666762939604e-02
4.998788266008251412e+03 1.000410338654129871e+00 3.744449204573045004e-02
5.003787054274261209e+03 1.037204555003120587e+00 4.382418751589774175e-02
5.008790841328536771e+03 1.035279934591922801e+00 4.549231972904881072e-02
5.013799632169867436e+03 1.043187557815825617e+00 4.444412572363629771e-02
5.018813431802038394e+03 1.060459831155518229e+00 4.203474409125095013e-02
5.023832245233842514e+03 1.067002489133673349e+00 4.069399378733302985e-02
5.028856077479077612e+03 1.065583040875517584e+00 4.195789555594513220e-02
5.033884933556558281e+03 1.054289032054534392e+00 4.477938018093712003e-02
5.038918818490116792e+03 1.052465031961888231e+00 4.441414889232524893e-02
5.043957737308608557e+03 1.048821442388249148e+00 4.354402919642941933e-02
5.049001695045918495e+03 1.032610756831087162e+00 4.102377064795174888e-02
5.054050696740966487e+03 1.015936904054425050e+00 4.083817290829687419e-02
5.059104747437709193e+03 1.011631846375909305e+00 4.049165909769981281e-02
5.064163852185148244e+03 1.026614372679810705e+00 3.918917283822379721e-02
5.069228016037335692e+03 1.031797999753595096e+00 3.970307401635093936e-02
5.074297244053374015e+03 1.030960769208557837e+00 3.967252509612378963e-02
5.079371541297429758e+03 1.024986827531690459e+00 3.976046516213926907e-02
5.084450912838728073e+03 1.003756500781489258e+00 3.636563821409668357e-02
5.089535363751569093e+03 9.768244186097573278e-01 2.991740031527066399e-02
5.094624899115322478e+03 9.772017877741752123e-01 3.095228020571678604e-02
5.099719524014439230e+03 9.883041831672101374e-01 2.859367777154499593e-02
5.104819243538455339e+03 1.002954667439851066e+00 2.789540942359386086e-02
5.109924062781995417e+03 1.010004065550416774e+00 2.888750997093507758e-02
5.115033986844779065e+03 1.022907732768508993e+00 2.785599976763898644e-02
5.120149020831625421e+03 1.028049780686467463e+00 2.646831000470355535e-02
5.125269169852458617e+03 1.011120575519464326e+00 2.690598404969018684e-02
5.130394439022313236e+03 9.913518689622327074e-01 2.439633893258366312e-02
5.135524833461337039e+03 9.850010314173576198e-01 2.430703671624938680e-02
5.140660358294800062e+03 9.927623072092016665e-01 2.446708953572940271e-02
5.145801018653096435e+03 1.000990516126018415e+00 2.319709287357156133e-02
5.150946819671751655e+03 1.007503704604324479e+00 2.258052156181813291e-02
5.156097766491425318e+03 1.013048364884671093e+00 2.247615771380214941e-02
5.161253864257918394e+03 1.030358565029587892e+00 1.990261310180843277e-02
5.166415118122177773e+03 1.049805827676226766e+00 2.170607093718395983e-02
5.171581533240301724e+03 1.074301597193096036e+00 2.284014938974668341e-02
5.176753114773543530e+03 1.087504721411012731e+00 2.162621646428600566e-02
5.181929867888318768e+03 1.087120128660012952e+00 2.174297507566605100e-02
5.187111797756208944e+03 1.067865031709769097e+00 2.337892645754503437e-02
5.192298909553966951e+03 1.061211153110207084e+00 2.336013106834037081e-02
5.197491208463522526e+03 1.038285525702180578e+00 2.080207449637246422e-02
5.202688699671987706e+03 1.016211913834057290e+00 2.255532989476139588e-02
5.207891388371661378e+03 1.014433844507551363e+00 2.361246473371240301e-02
5.213099279760034733e+03 1.026105973587051912e+00 2.442211761570926842e-02
5.218312379039796724e+03 1.016212439239056353e+00 2.275195014024946130e-02
5.223530691418837705e+03 1.016271021067650882e+00 2.282094359568799177e-02
5.228754222110258524e+03 1.032634237743971228e+00 2.574184771793406809e-02
5.233982976332370527e+03 1.046454874972328364e+00 2.679829370749718317e-02
5.239216959308704645e+03 1.050563476075493607e+00 2.685556920340310960e-02
5.244456176268015042e+03 1.050524181983667704e+00 2.854546994263521334e-02
5.249700632444284565e+03 1.066125149613976308e+00 2.971739884512717908e-02
5.254950333076731113e+03 1.059215790656587108e+00 2.790957506552416839e-02
5.260205283409809454e+03 1.051793737935164730e+00 2.526302020683535848e-02
5.265465488693221232e+03 1.060813401319979699e+00 2.572759652307252121e-02
5.270730954181915877e+03 1.070803670938717644e+00 2.583931361535586613e-02
5.276001685136099695e+03 1.064194567258577084e+00 2.645879437665032280e-02
5.281277686821237694e+03 1.051831001687228762e+00 2.978742422664372794e-02
5.286558964508059944e+03 1.044110630122476069e+00 2.912552100053037579e-02
5.291845523472569766e+03 1.062790016372750834e+00 3.083831023453884740e-02
5.297137368996044643e+03 1.081524873467037517e+00 3.099543994434166699e-02
5.302434506365042580e+03 1.104603356914067414e+00 3.416750373812107999e-02
5.307736940871409388e+03 1.129046230982896359e+00 3.195700228531418718e-02
5.313044677812282316e+03 1.141391947302938359e+00 3.230116210839509977e-02
5.318357722490096421e+03 1.149475441284532939e+00 3.157432581944374234e-02
5.323676080212588204e+03 1.149540908793715621e+00 3.158379538496176864e-02
5.328999756292802886e+03 1.164540131223321229e+00 3.002731095785611190e-02
5.334328756049097137e+03 1.151572449750864591e+00 3.082983313996539437e-02
5.339663084805148173e+03 1.118307108547220485e+00 2.998757822878101234e-02
5.345002747889954662e+03 1.083461603018918806e+00 2.856862340800587000e-02
5.350347750637846730e+03 1.054460957344353966e+00 2.792564632778242115e-02
5.355698098388485960e+03 1.032397666312848017e+00 2.800514188887179290e-02
5.361053796486876308e+03 1.006360182213572818e+00 2.786837374311073104e-02
5.366414850283365013e+03 9.993458625532062323e-01 2.599927067013858839e-02
5.371781265133649867e+03 1.006083896581603021e+00 2.310066796736997066e-02
5.377153046398785591e+03 1.007205335083620756e+00 2.318103797669750568e-02
5.382530199445186554e+03 9.988266945138928321e-01 2.166618827711480275e-02
5.387912729644633146e+03 9.965895273034514057e-01 2.117793009031878823e-02
5.393300642374279960e+03 1.004261795049761874e+00 2.265852923149503512e-02
5.398693943016655794e+03 1.006981007891504687e+00 2.280454059634355254e-02
5.404092636959673655e+03 1.022428671079193663e+00 2.097779615189948252e-02
5.409496729596635305e+03 1.023024668551903771e+00 1.977653487379928826e-02
5.414906226326233991e+03 1.012292010120414476e+00 1.943291663282795123e-02
5.420321132552561721e+03 1.014889997660968879e+00 1.868931056803278465e-02
5.425741453685116539e+03 1.008080930851092294e+00 1.856077038206761787e-02
5.431167195138803436e+03 9.999048371655864242e-01 2.044518397594901130e-02
5.436598362333943442e+03 9.847045748206909588e-01 1.984236369600544947e-02
5.442034960696279086e+03 9.801397479939009116e-01 2.010026894018929894e-02
5.447476995656978033e+03 9.937882621738097777e-01 2.172552122015995388e-02
5.452924472652636723e+03 1.007190986024685486e+00 2.461227208147192050e-02
5.458377397125291282e+03 1.037607067801919802e+00 2.495535371020469323e-02
5.463835774522417523e+03 1.047529116825651307e+00 2.412591239904872398e-02
5.469299610296941864e+03 1.051009112591527739e+00 2.428210745356127950e-02
5.474768909907241323e+03 1.039109662171990633e+00 2.696802946965193987e-02
5.480243678817149885e+03 1.026082439640369381e+00 3.140226242424912217e-02
5.485723922495968509e+03 1.018130747084914134e+00 3.286350264454614145e-02
5.491209646418466946e+03 9.926290301975313479e-01 3.409059575971738060e-02
5.496700856064887375e+03 1.019754259859986689e+00 3.952580639383723032e-02
5.502197556920953502e+03 1.041127520799475681e+00 4.434018838470157875e-02
5.507699754477876013e+03 1.063317962036739672e+00 4.611063626692402800e-02
5.513207454232356213e+03 1.083612560117122703e+00 4.562354172724260304e-02
5.518720661686590574e+03 1.091185257447040202e+00 4.605289029617408436e-02
5.524239382348278923e+03 1.102230958747431933e+00 4.523989182617213500e-02
5.529763621730628984e+03 1.119515278328272467e+00 4.433130096570450651e-02
5.535293385352360929e+03 1.112302559185351702e+00 4.429931493350337118e-02
5.540828678737715563e+03 1.086252177186586287e+00 4.429661573242993367e-02
5.546369507416455235e+03 1.054290510022117378e+00 3.939494817373895980e-02
5.551915876923872929e+03 1.050467331432861418e+00 4.113342681729471872e-02
5.557467792800798634e+03 1.045642791146415451e+00 4.163854179809394623e-02
5.563025260593602070e+03 1.049438488570405781e+00 4.228009124866263790e-02
5.568588285854197238e+03 1.053511913479420414e+00 4.017846771549817009e-02
5.574156874140053333e+03 1.092625603794337152e+00 3.635885731980301877e-02
5.579731031014194741e+03 1.104959395382610676e+00 3.651988660609079007e-02
5.585310762045211050e+03 1.111355097876338682e+00 3.655684749967097469e-02
5.590896072807257951e+03 1.112581491485120200e+00 3.518526290488516173e-02
5.596486968880067252e+03 1.072627392949808911e+00 3.091270391331764344e-02
5.602083455848949598e+03 1.069250791858295191e+00 2.947921846685670408e-02
5.607685539304799931e+03 1.068330112565215373e+00 2.845587289535438102e-02
5.613293224844106589e+03 1.051180789036530783e+00 2.967679612961253433e-02
5.618906518068952209e+03 1.042536678285806317e+00 2.899804583810664318e-02
5.624525424587023736e+03 1.017827492003548606e+00 3.056321538377063801e-02
5.630149950011612418e+03 9.785220690249143427e-01 3.230472509761677519e-02
5.635780099961625638e+03 9.794012575560403500e-01 3.217189981193638998e-02
5.641415880061589633e+03 9.828906383344474529e-01 3.132127297098194485e-02
5.647057295941652228e+03 9.801527963931121468e-01 2.958139378774628930e-02
5.652704353237596479e+03 1.004844703329656141e+00 3.172656008299647862e-02
5.658357057590835211e+03 1.037222165194159107e+00 3.081525941952863862e-02
5.664015414648428305e+03 1.063715955846182393e+00 2.952401456323798176e-02
5.669679430063079053e+03 1.068094326184759080e+00 2.972460739298177571e-02
5.675349109493143260e+03 1.056288449470446089e+00 3.250390863496711857e-02
5.681024458602638333e+03 1.043908080316480413e+00 3.333571858132347576e-02
5.686705483061243285e+03 1.033351176439398778e+00 3.221674546107661241e-02
5.692392188544306009e+03 1.016464123243912443e+00 3.330653490529562888e-02
5.698084580732852373e+03 1.007389160304204889e+00 3.526944028728841440e-02
5.703782665313587131e+03 9.814188714239122646e-01 3.041070918879576479e-02
5.709486447978903016e+03 1.011389737709511794e+00 2.940217923046584136e-02
5.715195934426883468e+03 1.064779789536288268e+00 3.123294684335380794e-02
5.720911130361312644e+03 1.133723188549198291e+00 3.821163153700569276e-02
5.726632041491675409e+03 1.220766585690258976e+00 4.287844401362260471e-02
5.732358673533169167e+03 1.290049057818710709e+00 3.813892751631008798e-02
5.738091032206703858e+03 1.333710934471480591e+00 3.867962132773070105e-02
5.743829123238912871e+03 1.384315367457432888e+00 3.740452614941222609e-02
5.749572952362153046e+03 1.415363768642489140e+00 3.612719061871259157e-02
5.755322525314517407e+03 1.393489244762674772e+00 3.861899345885628360e-02
5.761077847839834249e+03 1.365796069614040986e+00 3.964626020432225617e-02
5.766838925687675328e+03 1.324841874261642793e+00 4.005288722301342946e-02
5.772605764613364954e+03 1.270047210774910340e+00 3.964856215131486172e-02
5.778378370377980900e+03 1.191520281551356364e+00 3.526809990628387154e-02
5.784156748748360769e+03 1.137858415720559790e+00 3.318626078880253932e-02
5.789940905497111089e+03 1.113591324990479192e+00 3.377111281633839862e-02
5.795730846402610041e+03 1.115741351371762669e+00 3.332091938686472521e-02
5.801526577249013826e+03 1.106778581307992892e+00 3.443891341990231586e-02
5.807328103826264851e+03 1.099932760486814098e+00 3.459425766745164582e-02
5.813135431930093546e+03 1.090503969554213803e+00 3.306966062949413809e-02
5.818948567362025642e+03 1.096537114865921980e+00 3.259157963715498402e-02
5.824767515929389447e+03 1.112512333820456556e+00 3.405014127724850098e-02
5.830592283445320390e+03 1.163061831269982749e+00 3.168637097434889166e-02
5.836422875728768304e+03 1.216007456805590747e+00 2.940624131293842480e-02
5.842259298604498326e+03 1.260001904347642698e+00 3.317097517051147831e-02
5.848101557903105459e+03 1.289519063923621145e+00 3.755728001711996361e-02
5.853949659461010015e+03 1.315428735657311110e+00 3.499581870867534555e-02
5.859803609120473084e+03 1.329598954549340739e+00 3.217313814563297486e-02
5.865663412729595620e+03 1.335549065617435360e+00 3.240004727448976551e-02
5.871529076142326630e+03 1.322261095993372715e+00 3.613841094727190256e-02
5.877400605218471355e+03 1.293166099737382835e+00 4.074937796418656027e-02
5.883278005823691274e+03 1.289875605635161238e+00 3.985697867807695000e-02
5.889161283829516833e+03 1.269020354640317150e+00 3.895862894464230397e-02
5.895050445113348360e+03 1.279381849096386636e+00 4.307610866418892792e-02
5.900945495558464245e+03 1.267881824634546239e+00 4.278888214163778514e-02
5.906846441054024581e+03 1.274055164275957663e+00 3.996414557805195306e-02
5.912753287495080258e+03 1.272600119939637953e+00 4.139464963137113457e-02
5.918666040782577511e+03 1.258436161062421510e+00 4.062065603871351654e-02
5.924584706823361557e+03 1.247122380242376538e+00 4.188790672961259509e-02
5.930509291530187511e+03 1.238268562151061847e+00 4.225057792850771266e-02
5.936439800821719473e+03 1.213952055154973397e+00 3.935818771353567780e-02
5.942376240622543264e+03 1.193025815140123402e+00 3.878679356768251207e-02
5.948318616863167335e+03 1.169148122121941080e+00 3.812350777052136291e-02
5.954266935480032771e+03 1.178117903702876834e+00 3.359757277925877472e-02
5.960221202415515108e+03 1.171288987082570454e+00 3.246256557735144321e-02
5.966181423617932523e+03 1.152905555213419975e+00 3.427688830332415587e-02
5.972147605041552197e+03 1.153106641557807954e+00 3.350565377191697114e-02
5.978119752646595771e+03 1.160698719449492877e+00 3.244281944768769022e-02
5.984097872399243897e+03 1.127452827248354605e+00 3.239579281393212273e-02
5.990081970271645332e+03 1.085978144902464804e+00 2.605272336236340996e-02
5.996072052241918755e+03 1.065897900952954780e+00 2.484979191469142978e-02
6.002068124294162772e+03 1.051752047009406832e+00 2.463101578063399411e-02
6.008070192418459555e+03 1.042835232081397612e+00 2.461796252929824083e-02
6.014078262610879392e+03 1.037246567984956735e+00 2.531367558159293776e-02
6.020092340873492503e+03 1.043032973796574669e+00 2.412433560199807661e-02
6.026112433214368139e+03 1.053111546511735108e+00 2.460468217593282658e-02
6.032138545647584579e+03 1.051366051168113547e+00 2.656965949095098367e-02
6.038170684193233683e+03 1.028881554393842102e+00 2.720506605829944163e-02
6.044208854877429076e+03 1.020479168405971526e+00 2.726920970010659681e-02
6.050253063732308874e+03 1.009787470724162972e+00 2.737082896258263842e-02
6.056303316796042964e+03 1.011858853853625062e+00 2.885017069034092468e-02
6.062359620112841185e+03 1.013476516546880646e+00 2.918592946726217274e-02
6.068421979732956061e+03 1.019324548133506703e+00 2.835587798576747268e-02
6.074490401712690982e+03 1.019435811785663004e+00 2.695866457876699637e-02
6.080564892114405666e+03 1.022437024736610578e+00 2.518697235473277285e-02
6.086645457006521610e+03 1.066305757987738634e+00 3.084322154271251434e-02
6.092732102463530282e+03 1.106054067808601271e+00 3.167773570690130686e-02
6.098824834565995843e+03 1.111191937119875073e+00 3.240257265497926281e-02
6.104923659400564247e+03 1.124739561569056745e+00 3.008060873461316370e-02
6.111028583059966877e+03 1.133565460189587260e+00 2.864848355049805922e-02
6.117139611643028729e+03 1.125663903799400511e+00 3.025929135489329597e-02
6.123256751254673873e+03 1.097166931270611157e+00 2.664043380349237142e-02
6.129380008005929994e+03 1.069894004178500335e+00 2.657334615361332808e-02
6.135509388013938405e+03 1.047719669213750038e+00 2.636169408926126653e-02
6.141644897401954040e+03 1.044587954428996657e+00 2.612998413718361709e-02
6.147786542299358189e+03 1.047066494391997615e+00 2.594336535850274086e-02
6.153934328841659408e+03 1.052721763133538602e+00 2.573280121978863133e-02
6.160088263170503524e+03 1.070168525717319463e+00 2.639315852995277947e-02
6.166248351433675452e+03 1.079066390683441012e+00 2.665329406450824695e-02
6.172414599785111022e+03 1.107454710894670402e+00 2.300046705986809673e-02
6.178587014384898794e+03 1.115099605924035009e+00 2.304476263646676806e-02
6.184765601399285515e+03 1.113708650483630214e+00 2.304960065226984225e-02
6.190950367000687038e+03 1.100692906213421862e+00 2.307063339255868359e-02
6.197141317367689226e+03 1.064616170288577024e+00 2.364050878287959900e-02
6.203338458685059777e+03 1.031148514547547412e+00 3.473201233192881737e-02
6.209541797143746408e+03 1.031160457454625368e+00 3.635159367030528499e-02
6.215751338940892310e+03 1.034495072173079899e+00 3.407710678312893260e-02
6.221967090279835247e+03 1.066166184329838229e+00 3.769904393591130137e-02
6.228189057370116643e+03 1.091051112744349627e+00 4.032875167799250538e-02
6.234417246427488863e+03 1.116440164687608094e+00 4.068815527615356198e-02
6.240651663673918847e+03 1.126199077720126507e+00 3.889006029234873263e-02
6.246892315337594482e+03 1.135296100902432048e+00 3.994378188555847142e-02
6.253139207652934601e+03 1.132702407172753389e+00 4.018658402773254978e-02
6.259392346860589896e+03 1.122370986781625390e+00 3.981621762704561085e-02
6.265651739207452010e+03 1.090936829708297306e+00 4.006798704698311120e-02
6.271917390946661726e+03 1.075740912710402730e+00 3.872815306421097808e-02
6.278189308337610782e+03 1.057996655340451841e+00 3.823125977428240563e-02
6.284467497645950061e+03 1.055958508376365623e+00 3.662567128106067327e-02
6.290751965143597772e+03 1.078179221465361382e+00 3.803685807961577903e-02
6.297042717108744000e+03 1.116502944956871746e+00 3.863962586361791712e-02
6.303339759825854344e+03 1.160534659774837385e+00 3.556563503722405539e-02
6.309643099585682648e+03 1.205111280258593709e+00 2.894540218253864247e-02
6.315952742685270096e+03 1.233582621340407526e+00 2.547921144345220712e-02
6.322268695427957937e+03 1.228645315028790375e+00 1.618059955242702116e-02
6.328590964123387494e+03 1.227789082087229477e+00 1.846824676562320786e-02
6.334919555087512890e+03 1.222917749093819451e+00 1.955326875195922617e-02
6.341254474642602872e+03 1.204552609591455825e+00 2.242866760851598348e-02
6.347595729117247174e+03 1.116630062577564475e+00 6.934031698553115575e-02
6.353943324846366522e+03 1.052894368129393410e+00 8.678393471203196818e-02
6.360297268171215364e+03 1.087384378690628539e+00 8.517248402185936818e-02
6.366657565439388236e+03 1.145238327821065161e+00 8.990867187831910745e-02
6.373024223004829764e+03 1.272905989002517391e+00 9.728963311970889594e-02
6.379397247227837397e+03 1.373376169892553955e+00 1.016756547717517778e-01
6.385776644475066860e+03 1.488276653296953800e+00 1.027422708258209361e-01
6.392162421119543978e+03 1.547714845142335260e+00 1.009294275599685320e-01
6.398554583540665590e+03 1.597090310027482918e+00 1.003436176173140015e-01
6.404953138124208635e+03 1.560206068003366475e+00 1.015940348202473142e-01
6.411358091262334710e+03 1.526655697990282778e+00 1.032877132952224469e-01
6.417769449353599157e+03 1.427030139735928849e+00 1.060548012772614401e-01
6.424187218802954703e+03 1.336018828274295522e+00 1.036241846228033309e-01
6.430611406021760558e+03 1.243938542976337436e+00 9.454687230650864194e-02
6.437042017427784231e+03 1.131211137116864052e+00 8.757145809970379169e-02
6.443479059445214261e+03 1.089653517053895238e+00 8.753399490522008330e-02
6.449922538504661134e+03 1.147750583035361593e+00 8.771237567191429718e-02
6.456372461043168187e+03 1.240199331086440093e+00 7.596053651357820291e-02
6.462828833504213435e+03 1.355820589994812586e+00 4.850454257984165157e-02
6.469291662337719572e+03 1.398547784455845377e+00 2.591174018978642177e-02
6.475760954000059428e+03 1.433039996436833663e+00 2.566922381547019974e-02
6.482236714954061426e+03 1.526985276577091266e+00 3.699869440903387485e-02
6.488718951669017770e+03 1.573662237294339405e+00 3.691879912050025775e-02
6.495207670620688987e+03 1.532047199913393554e+00 9.756278674300221387e-02
6.501702878291312118e+03 1.534760622613296599e+00 1.715381539637195196e-01
6.508204581169605262e+03 1.540725891420960281e+00 2.808487371528536336e-01
6.514712785750777584e+03 1.925432647322653068e+00 2.646132108065116784e-01
6.521227498536530220e+03 2.587973226640841506e+00 3.609525106686441859e-02
6.527748726035069012e+03 3.112923885541211355e+00 1.114212279718145154e-01
6.534276474761106329e+03 4.192992186331609972e+00 9.187701664914101063e-02
6.540810751235869247e+03 5.893385016600329429e+00 1.069459058073427005e-01
6.547351561987107743e+03 7.966812745275184682e+00 2.176546669564519698e-01
6.553898913549096505e+03 9.692401674339992113e+00 2.353902216037209727e-01
6.560452812462647671e+03 1.011020053907679106e+01 1.767845304454707944e-01
6.567013265275112644e+03 9.018536311619314461e+00 2.675366902946834102e-01
6.573580278540390282e+03 6.974031050742004467e+00 2.738924209676621424e-01
6.580153858818932349e+03 4.788438556416463321e+00 1.323968758857078654e-01
6.586734012677753526e+03 3.398386380440105103e+00 1.601032916092841318e-01
6.593320746690433225e+03 2.743946642094467592e+00 1.015485236428012167e-01
6.599914067437126505e+03 2.409679396062045953e+00 3.177063250106402365e-02
6.606513981504565891e+03 2.105865346669761884e+00 3.167537252612927234e-02
6.613120495486072286e+03 1.863696230059813441e+00 3.541261056772492671e-02
6.619733615981560433e+03 1.635398186411029409e+00 3.720496914251845283e-02
6.626353349597544366e+03 1.447320135652228945e+00 2.235070573656938037e-02
6.632979702947143778e+03 1.517905195622163639e+00 6.785270878250374005e-02
6.639612682650093120e+03 1.413980845758009419e+00 3.279377414312201200e-02
6.646252295332745234e+03 1.389598944211287490e+00 2.919648618856781133e-02
6.652898547628080451e+03 1.371204528624936581e+00 2.665001179138739781e-02
6.659551446175711135e+03 1.357789309830539359e+00 2.530711063892481655e-02
6.666210997621888964e+03 1.364120621853253112e+00 2.336478352305459277e-02
6.672877208619513112e+03 1.368653513794872323e+00 2.019028279649684801e-02
6.679550085828134797e+03 1.339644734355596389e+00 2.089285641013131564e-02
6.686229635913964557e+03 1.280480865293569304e+00 2.223017206342798105e-02
6.692915865549881346e+03 1.233637842215521419e+00 2.056718144859484565e-02
6.699608781415433441e+03 1.201605435598311233e+00 2.161736279601764524e-02
6.706308390196851178e+03 1.159093635104698983e+00 2.147781862691155313e-02
6.713014698587049679e+03 1.117247681904899759e+00 2.182608637923653255e-02
6.719727713285638856e+03 1.088069329539825825e+00 2.218939432793411506e-02
6.726447440998927050e+03 1.055913992317095706e+00 2.104144503306054279e-02
6.733173888439928305e+03 1.049086523398961246e+00 2.249482268021830642e-02
6.739907062328370557e+03 1.053636030189216699e+00 2.196591631254659130e-02
6.746646969390701088e+03 1.045141360354473914e+00 2.263184165752453458e-02
6.753393616360093802e+03 1.037353475867758057e+00 2.230758548439233657e-02
6.760147009976456502e+03 1.060219515624177822e+00 2.419340681846067834e-02
6.766907156986434529e+03 1.055602940903799913e+00 2.621295080699485511e-02
6.773674064143423493e+03 1.042708685813051650e+00 2.848564579934721730e-02
6.780447738207569273e+03 1.033321291151895860e+00 2.714137836674062124e-02
6.787228185945778932e+03 1.025657994118421179e+00 2.703158640397929080e-02
6.794015414131727084e+03 1.025140674206692193e+00 2.761887564568418774e-02
6.800809429545861349e+03 1.019215476141115406e+00 2.743772002519560479e-02
6.807610238975408720e+03 9.883625764002664793e-01 3.207976871796294760e-02
6.814417849214386479e+03 9.923155932652345523e-01 3.118579394365576796e-02
6.821232267063603103e+03 1.016935565436734024e+00 3.428781119319514875e-02
6.828053499330669183e+03 1.041670404369124725e+00 3.315662768893472973e-02
6.834881552830001965e+03 1.063265846931732872e+00 3.423835151843013236e-02
6.841716434382834450e+03 1.066026150534003847e+00 3.450231130171382138e-02
6.848558150817219939e+03 1.075337928048341274e+00 3.491024256604269294e-02
6.855406708968039311e+03 1.072112767157984869e+00 3.453128373629223147e-02
6.862262115677009206e+03 1.077337798308589001e+00 3.404494847159437315e-02
6.869124377792688392e+03 1.079602534318118590e+00 3.397492747895095033e-02
6.875993502170483225e+03 1.061484849213724102e+00 3.351138346318425359e-02
6.882869495672656740e+03 1.045990938678221127e+00 3.259814896072996127e-02
6.889752365168331380e+03 1.057687174249889228e+00 3.153538653703363837e-02
6.896642117533501732e+03 1.065381732430340067e+00 3.172546326464259492e-02
6.903538759651037253e+03 1.070223251287249155e+00 3.195784251183149405e-02
6.910442298410691365e+03 1.075384460162840172e+00 3.138601784955718371e-02
6.917352740709104182e+03 1.080846243755125391e+00 2.898170173207437542e-02
6.924270093449815249e+03 1.081887885564962959e+00 2.647458891109157053e-02
6.931194363543267173e+03 1.061554330157508552e+00 2.645859569324921640e-02
6.938125557906812901e+03 1.028496017991195277e+00 2.291488766272116104e-02
6.945063683464722089e+03 9.956656377539696567e-01 2.011383547135850436e-02
6.952008747148189286e+03 9.783129552228999604e-01 2.014479065280004241e-02
6.958960755895339389e+03 9.584991595739964509e-01 1.953098631525845841e-02
6.965919716651237650e+03 9.590915282662250130e-01 1.964104059666612126e-02
6.972885636367890584e+03 9.601686778672972045e-01 1.815863543830712259e-02
6.979858522004260521e+03 9.739997758813007112e-01 1.871944434637093715e-02
6.986838380526267429e+03 1.003167888836073995e+00 1.640189571083718392e-02
6.993825218906796181e+03 1.020363954098322035e+00 1.532130622043943041e-02
7.000819044125705659e+03 1.046449543330298937e+00 1.430208545859921847e-02
7.007819863169833297e+03 1.065266467028297415e+00 1.507989792509662093e-02
7.014827683033005087e+03 1.075617804197585459e+00 1.067295808898905372e-02
7.021842510716041033e+03 1.097237015852744690e+00 9.756546034237423282e-03
7.028864353226758794e+03 1.120693609681240765e+00 9.481195408328760982e-03
7.035893217579988232e+03 1.156099103678174256e+00 9.922336878351582790e-03
7.042929110797570502e+03 1.186891129858009375e+00 1.037665810730724163e-02
7.049972039908370789e+03 1.218383887825445377e+00 1.199347515588669762e-02
7.057022011948281033e+03 1.245990640254545312e+00 1.287609286613987901e-02
7.064079033960231754e+03 1.258686550435020646e+00 1.107714598428975392e-02
7.071143112994193871e+03 1.255629259054912517e+00 1.064504747856772314e-02
7.078214256107190522e+03 1.239954108293437773e+00 1.167648498497784841e-02
7.085292470363300708e+03 1.204953353141640759e+00 1.166841675752346846e-02
7.092377762833665656e+03 1.166628802318887104e+00 1.012843383108341308e-02
7.099470140596501551e+03 1.123255826265387114e+00 7.799176738207892062e-03
7.106569610737100447e+03 1.087333645355123668e+00 8.080178831206218798e-03
7.113676180347840273e+03 1.054355773302567023e+00 8.597119396207721434e-03
7.120789856528190285e+03 1.016557129415002425e+00 1.007967525702623685e-02
7.127910646384721076e+03 9.875200641936316970e-01 1.210290904642157342e-02
7.135038557031108212e+03 9.721199712480754762e-01 1.218861893110655993e-02
7.142173595588141325e+03 9.744368388220179256e-01 1.272365596881520206e-02
7.149315769183732300e+03 9.966271653569926947e-01 1.639950623080656603e-02
7.156465084952918005e+03 1.010960690766757875e+00 1.806448486894192407e-02
7.163621550037873021e+03 1.019247524460057175e+00 1.810553640741060372e-02
7.170785171587913283e+03 1.013131819569271341e+00 1.779051370131140564e-02
7.177955956759504261e+03 1.008034837373546821e+00 1.833337888656650858e-02
7.185133912716265513e+03 1.000018319492751440e+00 1.751017735523872562e-02
7.192319046628984324e+03 9.927300778054077846e-01 1.736891403107507226e-02
7.199511365675615707e+03 9.725744418847173112e-01 1.720607416257923655e-02
7.206710877041294225e+03 9.451780233411453125e-01 1.749766770119286219e-02
7.213917587918337631e+03 9.138858803345181192e-01 1.645908257790896709e-02
7.221131505506257781e+03 8.985367588116884852e-01 1.480281589554159095e-02
7.228352637011767001e+03 8.911662086762868196e-01 1.369418280095793458e-02
7.235580989648780815e+03 9.069403863398861620e-01 1.420048034686846074e-02
7.242816570638432495e+03 9.406466567937277201e-01 1.421922449287971006e-02
7.250059387209073066e+03 9.804940332665159630e-01 1.277988681644016793e-02
7.257309446596284033e+03 1.016694952398274010e+00 1.086122534115076949e-02
7.264566756042882844e+03 1.037373694247704314e+00 1.079688290944424284e-02
7.271831322798928340e+03 1.048731018910578960e+00 1.060890105274141237e-02
7.279103154121729858e+03 1.053474308542960980e+00 1.096628401869386912e-02
7.286382257275853590e+03 1.051473018054686293e+00 1.052229903048216599e-02
7.293668639533132591e+03 1.046046960363853140e+00 9.967466569885282540e-03
7.300962308172667690e+03 1.024330302247203228e+00 1.078082216614059501e-02
7.308263270480842948e+03 9.864143490214560828e-01 8.330072772714160884e-03
7.315571533751325660e+03 9.568008523365537643e-01 6.437343543198179897e-03
7.322887105285079997e+03 9.359146242267720739e-01 6.144758494272214468e-03
7.330209992390367006e+03 9.234022392917827782e-01 6.886829059849592857e-03
7.337540202382760071e+03 9.151809690727044089e-01 6.948299315831068558e-03
7.344877742585144915e+03 9.083047219206157319e-01 6.662929429291052953e-03
7.352222620327733239e+03 9.043410960894552320e-01 6.854601661200201458e-03
7.359574842948062724e+03 9.043749054544880650e-01 7.012972602916853725e-03
7.366934417791013402e+03 9.128095156708521118e-01 7.542331951744194081e-03
7.374301352208806748e+03 9.223264782246692883e-01 8.394978745050326110e-03
7.381675653561018407e+03 9.353436260351943865e-01 8.285751155637552379e-03
7.389057329214581841e+03 9.399183655535890969e-01 7.779108912674565120e-03
7.396446386543798326e+03 9.427201690384912069e-01 7.902429444906058920e-03
7.403842832930345139e+03 9.373747893082606808e-01 8.917368132220791777e-03
7.411246675763277381e+03 9.319573030474671560e-01 9.734850260227323818e-03
7.418657922439043432e+03 9.309799046728538530e-01 9.920620787631759946e-03
7.426076580361484957e+03 9.335227073059398917e-01 1.063565833692017154e-02
7.433502656941848727e+03 9.307918780568005257e-01 1.052848138624120841e-02
7.440936159598792983e+03 9.149549043081985911e-01 1.182754135381797189e-02
7.448377095758394717e+03 9.144931768364461533e-01 1.117773794639370308e-02
7.455825472854155123e+03 9.135802434832102081e-01 1.135183751244464925e-02
7.463281298327012337e+03 9.135695751829041589e-01 1.145112948052122437e-02
7.470744579625341430e+03 9.363703909006644288e-01 1.432534154289522715e-02
7.478215324204968965e+03 9.715697221148630325e-01 2.317377670464761813e-02
7.485693539529176633e+03 9.782120937835272478e-01 2.823634912220024384e-02
7.493179233068708527e+03 9.415848506400777973e-01 3.575468651573392859e-02
7.500672412301779332e+03 9.290147571379432367e-01 3.681465737136965788e-02
7.508173084714083416e+03 9.351892901099904121e-01 3.675223406662601194e-02
7.515681257798800289e+03 9.490097859133379554e-01 3.931289437578966428e-02
7.523196939056601877e+03 9.579983394918598627e-01 3.816215862087510985e-02
7.530720135995660712e+03 9.627072078258920307e-01 3.816141988311499977e-02
7.538250856131659020e+03 9.430017486949887617e-01 3.947570772904401837e-02
7.545789106987793275e+03 9.061189951096224604e-01 4.002055682672894105e-02
7.553334896094783289e+03 8.808140912401342115e-01 3.937686076344654174e-02
7.560888230990880402e+03 8.817385542880086247e-01 3.926796738678326598e-02
7.568449119221873843e+03 8.986774370518522126e-01 3.891778544559557768e-02
7.576017568341098013e+03 9.033149505327361384e-01 3.813295209005251180e-02
7.583593585909441572e+03 9.030153537423611931e-01 3.774638535373774084e-02
7.591177179495353812e+03 9.039006317026986315e-01 3.689882104629782500e-02
7.598768356674851930e+03 8.999571590491918238e-01 3.556801009928949736e-02
7.606367125031529213e+03 9.046159962028620383e-01 3.466807638153918125e-02
7.613973492156563225e+03 9.329193294359114930e-01 3.483958975537175540e-02
7.621587465648722173e+03 9.706478005967649203e-01 2.553470843723762429e-02
7.629209053114373091e+03 9.838707199096077272e-01 2.471534326257392514e-02
7.636838262167490029e+03 9.576662037960278484e-01 2.099276699956200906e-02
7.644475100429660415e+03 9.414153164175821376e-01 1.804652532094416090e-02
7.652119575530092334e+03 9.235881117145682273e-01 1.712139591074287107e-02
7.659771695105625440e+03 9.109959355580972140e-01 1.677913496388598949e-02
7.667431466800733688e+03 8.935084151023846566e-01 1.591173303919667104e-02
7.675098898267536242e+03 8.735648355011252919e-01 1.452028438350138825e-02
7.682773997165806577e+03 8.464714912746343911e-01 1.384015533649683889e-02
7.690456771162975201e+03 8.177424064635165912e-01 1.181373100645274725e-02
7.698147227934140574e+03 7.916344111328084132e-01 9.073101829403120919e-03
7.705845375162077289e+03 7.840498936377207073e-01 9.053676940669726225e-03
7.713551220537241534e+03 7.915326168248176808e-01 9.294552622562920682e-03
7.721264771757782000e+03 8.193868950897958969e-01 1.464073211335170134e-02
7.728986036529541707e+03 8.292829906045517951e-01 1.409084774903247676e-02
7.736715022566074367e+03 8.114955492568409756e-01 2.157722527378080207e-02
7.744451737588642573e+03 8.230916524092161124e-01 2.188302566683572939e-02
7.752196189326234162e+03 8.562076582826194660e-01 2.385953631580274917e-02
7.759948385515562222e+03 8.750597941263937862e-01 2.319307046141967296e-02
7.767708333901080550e+03 8.930120634978145899e-01 2.225648965828355696e-02
7.775476042234984561e+03 8.968016177822365487e-01 2.156551106350650462e-02
7.783251518277222203e+03 8.878511778412951916e-01 2.145217486455935907e-02
7.791034769795502143e+03 8.688436012007311193e-01 2.182454033444965191e-02
7.798825804565300132e+03 8.450767957347046222e-01 2.220736790248998074e-02
7.806624630369868100e+03 8.429189279109347011e-01 2.161957672786110618e-02
7.814431255000240526e+03 8.402540199038670554e-01 2.126191265584931669e-02
7.822245686255242617e+03 8.398093007471927329e-01 2.051947591046838701e-02
7.830067931941501229e+03 8.390562325921374631e-01 1.975606812400718809e-02
7.837897999873444860e+03 8.392766286842633372e-01 1.937314240525269890e-02
7.845735897873320937e+03 8.403346422557749218e-01 1.850273054544180479e-02
7.853581633771196721e+03 8.579377558729111009e-01 1.841368059492364678e-02
7.861435215404970222e+03 8.679488990958652561e-01 1.715749684596039673e-02
7.869296650620378387e+03 8.863088562675298654e-01 1.517285104695443795e-02
7.877165947271001642e+03 9.090098250732245866e-01 1.488361439754772898e-02
7.885043113218274812e+03 9.203886752232467439e-01 1.422315056198901820e-02
7.892928156331495302e+03 9.058712753135846896e-01 1.383244999379623467e-02
7.900821084487829467e+03 8.934604936961065835e-01 1.408913882439331508e-02
7.908721905572319884e+03 8.737047898535341695e-01 1.400326596167965690e-02
7.916630627477895359e+03 8.553936263636612303e-01 1.356205911613776044e-02
7.924547258105375477e+03 8.431766437859486985e-01 1.317406223780815365e-02
7.932471805363483327e+03 8.297299721148925222e-01 1.311422322898899394e-02
7.940404277168850058e+03 8.170967860064142219e-01 1.228494889910621522e-02
7.948344681446021241e+03 8.048457079507006506e-01 1.129665377634111491e-02
7.956293026127469602e+03 8.016550653808385274e-01 1.122766494945843033e-02
7.964249319153599572e+03 8.037130398395421205e-01 1.139078967163122472e-02
7.972213568472756378e+03 8.101277349441020625e-01 1.098461152863257177e-02
7.980185782041231505e+03 8.195405459640395796e-01 1.045955489595621832e-02
7.988165967823275423e+03 8.223789209889037499e-01 1.018693962758283715e-02
7.996154133791101231e+03 8.196081366552808722e-01 1.016530990722641810e-02
8.004150287924895565e+03 8.139345889868645489e-01 9.841715019498426323e-03
8.012154438212822242e+03 7.904340595219795373e-01 1.036765435372091759e-02
8.020166592651037718e+03 7.656019375170518559e-01 8.359012234436118821e-03
8.028186759243691995e+03 7.542523593642470603e-01 8.862205936345741997e-03
8.036214946002938632e+03 7.524778390245721038e-01 9.441055972875115818e-03
8.044251160948943834e+03 7.554579836521512215e-01 8.406347797848417319e-03
8.052295412109895551e+03 7.635180856119411219e-01 6.880887132662394552e-03
8.060347707522008022e+03 7.857034143154258965e-01 7.636583255683644135e-03
8.068408055229532692e+03 8.216341198339577323e-01 1.358741170135302143e-02
8.076476463284764577e+03 8.628545524171916670e-01 1.653605469692411012e-02
8.084552939748052268e+03 8.869762046560610846e-01 1.416599458334272428e-02
8.092637492687803388e+03 8.813747807500722509e-01 1.655668395991173603e-02
8.100730130180493688e+03 8.777127625438770897e-01 1.850106467240935498e-02
8.108830860310677053e+03 8.593131055068022883e-01 1.943815202107980478e-02
8.116939691170990045e+03 8.396263132157304465e-01 1.862196442407137650e-02
8.125056630862163729e+03 8.202221533441245160e-01 1.808595557791968511e-02
8.133181687493028221e+03 7.904000497702282635e-01 1.834817458258038506e-02
8.141314869180524511e+03 7.553350918307647488e-01 1.857423316789033260e-02
8.149456184049707190e+03 7.195961376724484548e-01 2.265799507377536798e-02
8.157605640233759914e+03 7.185006816741049684e-01 2.232527374410585991e-02
8.165763245873996311e+03 7.281207187846794326e-01 2.248938571545486612e-02
8.173929009119872717e+03 7.515440599322559256e-01 2.313144478465086612e-02
8.182102938128995447e+03 7.995785822059597869e-01 2.803671665626805698e-02
8.190285041067127167e+03 8.317216691888974500e-01 2.864686298534151535e-02
8.198475326108196896e+03 8.463924713217961804e-01 2.837106142337021686e-02
8.206673801434308189e+03 8.507290083506231504e-01 2.841063663173129528e-02
8.214880475235744598e+03 8.505979540181098919e-01 2.937282452313244238e-02
8.223095355710984222e+03 8.383323344909010544e-01 2.810071860396862187e-02
8.231318451066697889e+03 8.155395800893274760e-01 2.904937310771825085e-02
8.239549769517767345e+03 7.805261976296080650e-01 3.098318899278172320e-02
8.247789319287287071e+03 7.363079867910978793e-01 2.790322173058723890e-02
8.256037108606577021e+03 7.036304522384130289e-01 2.472486364799132003e-02
8.264293145715186256e+03 6.669958615595145135e-01 2.166719080442506065e-02
8.272557438860903858e+03 6.606527659509575656e-01 2.052986564589823204e-02
8.280829996299768027e+03 6.810159644099643694e-01 2.023547412925296926e-02
8.289110826296069718e+03 7.596081636460784159e-01 2.963934506572692834e-02
8.297399937122369010e+03 8.228844231066807513e-01 3.211397856690859087e-02
8.305697337059495112e+03 8.837390329062333461e-01 3.066249494197463218e-02
8.314003034396557268e+03 8.853449725031954376e-01 3.194425609096721713e-02
8.322317037430955679e+03 8.690950288448459071e-01 3.768265009922665276e-02
8.330639354468388774e+03 8.657719613057335284e-01 3.730642695131754227e-02
8.338969993822860488e+03 8.529683957605133093e-01 3.711527809926137150e-02
8.347308963816685718e+03 8.220831304763268621e-01 3.574545937701453097e-02
8.355656272780506697e+03 7.918670405740972917e-01 3.785542864828086301e-02
8.364011929053289350e+03 7.741099650793741294e-01 3.770829851380268910e-02
8.372375940982345128e+03 7.451266363537694115e-01 3.536633011506307156e-02
8.380748316923331004e+03 7.333159075408302030e-01 3.378692551483394868e-02
8.389129065240256750e+03 7.307010952444736862e-01 3.484336759734212030e-02
8.397518194305499492e+03 7.462576950545654064e-01 3.529211525928556414e-02
8.405915712499807341e+03 7.698812377933927920e-01 3.735268771044197855e-02
8.414321628212310316e+03 7.935419091192317254e-01 3.887619205056822014e-02
8.422735949840525791e+03 8.281543587290218777e-01 4.162514304150592009e-02
8.431158685790369418e+03 8.561586265934598705e-01 4.157383825433680347e-02
8.439589844476162398e+03 8.996729710026796223e-01 3.897986695546820646e-02
8.448029434320640576e+03 9.203299334017953637e-01 3.795863408269028322e-02
8.456477463754963537e+03 9.320043123708761090e-01 3.924195398019753034e-02
8.464933941218721884e+03 9.149902168795199797e-01 3.998608177531311897e-02
8.473398875159942691e+03 8.677940010024856043e-01 3.989244876726856515e-02
8.481872274035105875e+03 8.230633831049865012e-01 3.759158824185642594e-02
8.490354146309144198e+03 7.660497623974711345e-01 3.563228121773505397e-02
8.498844500455456000e+03 7.423235349608956479e-01 3.628570548067470980e-02
8.507343344955914290e+03 7.231450676883306450e-01 3.676752035340574015e-02
8.515850688300872207e+03 7.152058254944935189e-01 3.791934641941104717e-02
8.524366538989177570e+03 7.079520645991211891e-01 3.722266173277460899e-02
8.532890905528169242e+03 6.893849240973671799e-01 3.830959117845893214e-02
8.541423796433698953e+03 6.458406747064598941e-01 3.464157119715297051e-02
8.549965220230136765e+03 5.857975179866181659e-01 2.690959831985260259e-02
8.558515185450369245e+03 5.829103266204009870e-01 2.719993041162052302e-02
8.567073700635823116e+03 6.172803668979085501e-01 2.308101806636145281e-02
8.575640774336461618e+03 6.353988060006093841e-01 2.132106571981893378e-02
8.584216415110800881e+03 6.527239918522573792e-01 2.159945747970203056e-02
8.592800631525913559e+03 6.525852399496646639e-01 2.225214919165184949e-02
8.601393432157443385e+03 6.375861438429418770e-01 2.057909997084829412e-02
8.609994825589603352e+03 6.448014832557450449e-01 2.215805480008526882e-02
8.618604820415195718e+03 6.623443317354017479e-01 2.373575593892210747e-02
8.627223425235613831e+03 6.687409934854167126e-01 2.668309974064775325e-02
8.635850648660851220e+03 6.693244266861964054e-01 3.092271540749283801e-02
8.644486499309516148e+03 6.639872790177685502e-01 3.657598144107825772e-02
8.653130985808827973e+03 6.523791316670892737e-01 4.379687748737257080e-02
8.661784116794638976e+03 6.466791114494534476e-01 4.676538518439638664e-02
8.670445900911438002e+03 6.313947071284309320e-01 5.665371292804544795e-02
8.679116346812352276e+03 5.906485552076782275e-01 7.254465333030227225e-02
8.687795463159167412e+03 5.163910604917352209e-01 9.114152860503084430e-02
8.696483258622329231e+03 3.903899791611289971e-01 8.779967727385308562e-02
8.705179741880954680e+03 2.817351966544647812e-01 1.049657715684705200e-01
8.713884921622837282e+03 1.814403187473814794e-01 1.450226002221672028e-01
