# starting wavelength: 3467.557
# ending wavelength: 9309.208
# wav flux eflux
3.470775009469947236e+03 7.432239275755085917e-01 1.824357511806236343e-01
3.474245784479418489e+03 7.474497521237821740e-01 1.313260935592865108e-01
3.477720030263898934e+03 7.649860679491872206e-01 1.050645312933874143e-01
3.481197750294164052e+03 7.726757923589774313e-01 8.128446351271953474e-02
3.484678948044459503e+03 7.786150807589897749e-01 6.350638420797026507e-02
3.488163626992504760e+03 7.857697606341895735e-01 5.309971440168282514e-02
3.491651790619498570e+03 7.866339730711731093e-01 4.274256063032674802e-02
3.495143442410119405e+03 7.873852178668663271e-01 3.595606504850874796e-02
3.498638585852530468e+03 7.875082983883948673e-01 3.071265059094736502e-02
3.502137224438384237e+03 7.871735037440343863e-01 2.633450782427793069e-02
3.505639361662823831e+03 7.884828979302950236e-01 2.355546869298411755e-02
3.509145001024487556e+03 7.859457263514557646e-01 2.143663275214968342e-02
3.512654146025513455e+03 7.854207970801925232e-01 1.979885691222375843e-02
3.516166800171540217e+03 7.889474633943129867e-01 1.873949085702157624e-02
3.519682966971712631e+03 7.945901109546719132e-01 1.832438671527065674e-02
3.523202649938685681e+03 7.940705058432940833e-01 1.782148532046926720e-02
3.526725852588625457e+03 7.896149285385437588e-01 1.735328955648706914e-02
3.530252578441215064e+03 7.904714411544992991e-01 1.662611185579573533e-02
3.533782831019657806e+03 7.900419699821582542e-01 1.665689330962032144e-02
3.537316613850678550e+03 7.918879872416417776e-01 1.635488865245537243e-02
3.540853930464530094e+03 7.887203661492544482e-01 1.665247545923025790e-02
3.544394784394995895e+03 7.879342454433136966e-01 1.600012578544510178e-02
3.547939179179392340e+03 7.881443946544942625e-01 1.598644925757398624e-02
3.551487118358572843e+03 7.885780501039523216e-01 1.618374058919346686e-02
3.555038605476932389e+03 7.916785750318598991e-01 1.516733306132661899e-02
3.558593644082410719e+03 7.979195797904831133e-01 1.506534818930364492e-02
3.562152237726494150e+03 8.012389637066792414e-01 1.447655566429686090e-02
3.565714389964221937e+03 8.054537723252183090e-01 1.462753060398307159e-02
3.569280104354187188e+03 8.038541774498353387e-01 1.502850160383865583e-02
3.572849384458542772e+03 8.077442846229662132e-01 1.486033030962172728e-02
3.576422233843002232e+03 8.070922429039679713e-01 1.423769686412597844e-02
3.579998656076846601e+03 8.057317408348744214e-01 1.487227820750441909e-02
3.583578654732924406e+03 8.007755879706291990e-01 1.427189583589459285e-02
3.587162233387658489e+03 7.935831084690873061e-01 1.566648749386395645e-02
3.590749395621047370e+03 7.883711775987390924e-01 1.538049624270509431e-02
3.594340145016669794e+03 7.868449248981892463e-01 1.605324780971743165e-02
3.597934485161687462e+03 7.920275073812795830e-01 1.601791802643302148e-02
3.601532419646850485e+03 7.853480295357532226e-01 1.758023512129720800e-02
3.605133952066498296e+03 7.820822882858943226e-01 1.770878356221525923e-02
3.608739086018566013e+03 7.815407354021240982e-01 1.707018115429901478e-02
3.612347825104585809e+03 7.840078260989128411e-01 1.704493410326277450e-02
3.615960172929691907e+03 7.816070046199915522e-01 1.656264118610387484e-02
3.619576133102622407e+03 7.849580530285552582e-01 1.655956738323181160e-02
3.623195709235726554e+03 7.993219733820716710e-01 1.869322541440510133e-02
3.626818904944963379e+03 8.079974575732307152e-01 1.950519768749544788e-02
3.630445723849909427e+03 8.135054198320511576e-01 2.031150234493163745e-02
3.634076169573760581e+03 8.175491992705180566e-01 2.031908958129110404e-02
3.637710245743335690e+03 8.228983753742208362e-01 1.943293921871991348e-02
3.641347955989080219e+03 8.343404830041671882e-01 1.912027505028800201e-02
3.644989303945070333e+03 8.437046649670357779e-01 1.827872999635869050e-02
3.648634293249016537e+03 8.509237482680536147e-01 1.853869186423372228e-02
3.652282927542266862e+03 8.587178606408676362e-01 1.870994088537418151e-02
3.655935210469810499e+03 8.610389335539192501e-01 1.787714653955207664e-02
3.659591145680281443e+03 8.518438543624107240e-01 2.004305945544156836e-02
3.663250736825963031e+03 8.659413845981460689e-01 2.638735771400954611e-02
3.666913987562790226e+03 8.657304328178312414e-01 2.695229721865188138e-02
3.670580901550354156e+03 8.527331924102410365e-01 2.685594813960930430e-02
3.674251482451905758e+03 8.292634057061919473e-01 3.247196479799815266e-02
3.677925733934358959e+03 8.153093133729237829e-01 3.211751462942780827e-02
3.681603659668294313e+03 8.002423751255256512e-01 3.351812528765708149e-02
3.685285263327964003e+03 7.936477072149596967e-01 3.326957136084036926e-02
3.688970548591293209e+03 8.046825194127673608e-01 3.228533870628596397e-02
3.692659519139885560e+03 8.089010767011395320e-01 3.356311179734462052e-02
3.696352178659026777e+03 8.340145925959447926e-01 3.838205733511214357e-02
3.700048530837686940e+03 8.553841061794014156e-01 3.889683269406508243e-02
3.703748579368525952e+03 8.643816907841662678e-01 3.898177921063732815e-02
3.707452327947895355e+03 8.752013393223636584e-01 3.925520175898960379e-02
3.711159780275844696e+03 8.901462416505586672e-01 3.827541938304658553e-02
3.714870940056121526e+03 9.078909595007284006e-01 3.662590717494306619e-02
3.718585810996179134e+03 9.124110060654461174e-01 3.836450203956545679e-02
3.722304396807176545e+03 9.124950734676060549e-01 3.663711322646730911e-02
3.726026701203984885e+03 9.160038504071595922e-01 3.632853897874700061e-02
3.729752727905190113e+03 9.158851897397898290e-01 3.807279035798441513e-02
3.733482480633096657e+03 9.001638557279774133e-01 4.024338223749004267e-02
3.737215963113731050e+03 8.924933681693177911e-01 4.149788503945889273e-02
3.740953179076846027e+03 8.856614361400562130e-01 4.025380564433251457e-02
3.744694132255923705e+03 8.797589743345445301e-01 4.150252598472518178e-02
3.748438826388181042e+03 8.687382638396767831e-01 3.901785989991585213e-02
3.752187265214570289e+03 8.685791207948254655e-01 3.886933638445518036e-02
3.755939452479786269e+03 8.694995952239599202e-01 3.907249881401273633e-02
3.759695391932267285e+03 8.696634465724968344e-01 3.898720081903001011e-02
3.763455087324201031e+03 8.786187521796550159e-01 3.916393013816554802e-02
3.767218542411526414e+03 8.881440788335454029e-01 3.911951978350044351e-02
3.770985760953939007e+03 9.021117598835526330e-01 4.075072639389016455e-02
3.774756746714894234e+03 9.438044541250569797e-01 2.182513372187780409e-02
3.778531503461610555e+03 9.593693121738151586e-01 2.108056447136463091e-02
3.782310034965073100e+03 9.726766676996515537e-01 2.120294936815797157e-02
3.786092345000039586e+03 9.781028774771304279e-01 2.068535627458670603e-02
3.789878437345040766e+03 9.856968453561026910e-01 2.074837802205638931e-02
3.793668315782387253e+03 9.842166950419546367e-01 1.996334226572724774e-02
3.797461984098170888e+03 9.835721407931231619e-01 1.892769696179052996e-02
3.801259446082270188e+03 9.815375335235357879e-01 1.990470824683965648e-02
3.805060705528353537e+03 9.779419970498539616e-01 2.034752209490566302e-02
3.808865766233883278e+03 9.725808338403253428e-01 1.987697315421583025e-02
3.812674632000118436e+03 9.651688182248727710e-01 2.083555538571001120e-02
3.816487306632119726e+03 9.564582567374931843e-01 2.015811018509883201e-02
3.820303793938753188e+03 9.454007498361644002e-01 1.993188202273152645e-02
3.824124097732693372e+03 9.422669000850285581e-01 2.019456354106155538e-02
3.827948221830427428e+03 9.451775962240299700e-01 2.128262250301862779e-02
3.831776170052258749e+03 9.518303027790966375e-01 2.103132127324338491e-02
3.835607946222312421e+03 9.588033247000001813e-01 2.166306817582085500e-02
3.839443554168536139e+03 9.610120031436562016e-01 2.051213654734423270e-02
3.843282997722705659e+03 9.606855478749499744e-01 2.105446550874380887e-02
3.847126280720429804e+03 9.693391838185266840e-01 2.250476817408059160e-02
3.850973407001151372e+03 9.820687336066735718e-01 2.221003975947127840e-02
3.854824380408153957e+03 9.940035021421057548e-01 1.886809158888910071e-02
3.858679204788563311e+03 9.981743060793779598e-01 1.887995512782981652e-02
3.862537883993353262e+03 1.007052060627771306e+00 1.722960558703183834e-02
3.866400421877347981e+03 1.002916995674888456e+00 1.872157826836823649e-02
3.870266822299226533e+03 9.871427817527000936e-01 2.197515186025453607e-02
3.874137089121526969e+03 9.772437158520378420e-01 2.095504705711374177e-02
3.878011226210649966e+03 9.659758841753470771e-01 1.939372483247442033e-02
3.881889237436861549e+03 9.684016632608533071e-01 1.925815065052498623e-02
3.885771126674299921e+03 9.737626872449405280e-01 2.422609735926530006e-02
3.889656897800975457e+03 9.723325746229714017e-01 2.494666740929394472e-02
3.893546554698777527e+03 9.759363863873633527e-01 2.690451830998957100e-02
3.897440101253477678e+03 9.646697142548222859e-01 2.710233442068828158e-02
3.901337541354732366e+03 9.499002212606265649e-01 2.780003148648741568e-02
3.905238878896088409e+03 9.399424560012685781e-01 2.775715730295214706e-02
3.909144117774985716e+03 9.321793315091936316e-01 2.893385973609917394e-02
3.913053261892762293e+03 9.121048286954397399e-01 3.282278306937144036e-02
3.916966315154656058e+03 9.147851324291251807e-01 3.301041434623470938e-02
3.920883281469812118e+03 9.066116021352773613e-01 3.319793519186794994e-02
3.924804164751283224e+03 9.140389977311599301e-01 3.521956421605210164e-02
3.928728968916035683e+03 9.235169204905743223e-01 3.473481404853913379e-02
3.932657697884953450e+03 9.335112069268431956e-01 3.421227255719948290e-02
3.936590355582839493e+03 9.302871098501812597e-01 3.612063460948715388e-02
3.940526945938423523e+03 9.436802779423830723e-01 3.450925881293039760e-02
3.944467472884363360e+03 9.421702791250502473e-01 3.618968990356982718e-02
3.948411940357249023e+03 9.470519764914123728e-01 3.663022629438320715e-02
3.952360352297607733e+03 9.631547959412029014e-01 3.812201857614028189e-02
3.956312712649906643e+03 9.709568435752073956e-01 3.586982815228734883e-02
3.960269025362557841e+03 9.692933894274636808e-01 3.563865549017734141e-02
3.964229294387921527e+03 9.665746970447204323e-01 3.197542594951027772e-02
3.968193523682310570e+03 9.580843797479970947e-01 3.149666146010399875e-02
3.972161717205994591e+03 9.662683406019803023e-01 3.325593237925863338e-02
3.976133878923201792e+03 9.810016033749753284e-01 3.069070499313147210e-02
3.980110012802126221e+03 9.918210084113681102e-01 2.872623365512569707e-02
3.984090122814929600e+03 1.017340257583671193e+00 2.669731884626320648e-02
3.988074212937745870e+03 1.031888046878721044e+00 2.650087468170206004e-02
3.992062287150684824e+03 1.046873769421741374e+00 2.612767299654647837e-02
3.996054349437837118e+03 1.046890974901528049e+00 2.418800503146906200e-02
4.000050403787276082e+03 1.035655496409067622e+00 1.669686874899414461e-02
4.004050454191064546e+03 1.039404116895490837e+00 1.670631218867298443e-02
4.008054504645257111e+03 1.051966494329440671e+00 1.714485659754584265e-02
4.012062559149903791e+03 1.062320990414987509e+00 1.761237691141084860e-02
4.016074621709055009e+03 1.080281300802704791e+00 1.840399264623554174e-02
4.020090696330765240e+03 1.092121808966521446e+00 1.766507105663788976e-02
4.024110787027097558e+03 1.103469827735666486e+00 1.378739671029343382e-02
4.028134897814125907e+03 1.089433013815408025e+00 1.522912815921430817e-02
4.032163032711941469e+03 1.077207626145115338e+00 1.683802447916969355e-02
4.036195195744654484e+03 1.070694236397333965e+00 1.762722535862625700e-02
4.040231390940400615e+03 1.067695652404509588e+00 1.639452929579508778e-02
4.044271622331342314e+03 1.058539831011625632e+00 1.399269126476538998e-02
4.048315893953675186e+03 1.059126540122624638e+00 1.364403256203329355e-02
4.052364209847629809e+03 1.062537669534530771e+00 1.448680404777695149e-02
4.056416574057479011e+03 1.062173484118355216e+00 1.377512723250409743e-02
4.060472990631537868e+03 1.079530710736661181e+00 1.927979616885977174e-02
4.064533463622170530e+03 1.070024147982931328e+00 1.951117746097365616e-02
4.068597997085794304e+03 1.068923882424885230e+00 1.919569148380735613e-02
4.072666595082881486e+03 1.068840167179341494e+00 1.871088514930097438e-02
4.076739261677965715e+03 1.063690986191645926e+00 2.002097255400363263e-02
4.080816000939644709e+03 1.039447226802236557e+00 1.962146197578074069e-02
4.084896816940585722e+03 1.021617481583461107e+00 2.011750724990868378e-02
4.088981713757527814e+03 1.023697943913173924e+00 1.950334958911901020e-02
4.093070695471286854e+03 1.024068811850001204e+00 2.011900017003842231e-02
4.097163766166759160e+03 1.033772771040345040e+00 1.942711542204920636e-02
4.101260929932927866e+03 1.044222105335401718e+00 2.010595561253452832e-02
4.105362190862862008e+03 1.050755446534605619e+00 2.029065784959065838e-02
4.109467553053726078e+03 1.061434426203053949e+00 1.908328535006795224e-02
4.113577020606780934e+03 1.068768869210546146e+00 1.899970340087281037e-02
4.117690597627389252e+03 1.081358438963528901e+00 1.870802230992023654e-02
4.121808288225018259e+03 1.080528448179707945e+00 1.952304909170483882e-02
4.125930096513244280e+03 1.073281196737778886e+00 1.845280464025574399e-02
4.130056026609759101e+03 1.066940749904687236e+00 1.921330142805054500e-02
4.134186082636369974e+03 1.063225125550814276e+00 1.791100584430297890e-02
4.138320268719007800e+03 1.070208342232734200e+00 1.664317792337538862e-02
4.142458588987728035e+03 1.060385357971059372e+00 1.421915559352611609e-02
4.146601047576717065e+03 1.058602882602007300e+00 1.368861864199129481e-02
4.150747648624294925e+03 1.061380102062789765e+00 1.140717022332027666e-02
4.154898396272920763e+03 1.055094815546147036e+00 1.198069841490307340e-02
4.159053294669195566e+03 1.046197681300825577e+00 1.211236682365069393e-02
4.163212347963865795e+03 1.034867452903386109e+00 1.021813611025991324e-02
4.167375560311830668e+03 1.035054814048042893e+00 1.010855874766430386e-02
4.171542935872143971e+03 1.036451558395745876e+00 9.985126403745150578e-03
4.175714478808017702e+03 1.031541234906285132e+00 1.003029779250525118e-02
4.179890193286827525e+03 1.018755145997632727e+00 1.079283912131689428e-02
4.184070083480115500e+03 1.016328917886127892e+00 1.082489462441925572e-02
4.188254153563597356e+03 1.019553530556125409e+00 1.227365339390128034e-02
4.192442407717161586e+03 1.022208192762986911e+00 1.440217083965466237e-02
4.196634850124880359e+03 1.017072651381523585e+00 1.621214363162805372e-02
4.200831484975006788e+03 1.010464399838233218e+00 1.641995105178978634e-02
4.205032316459983122e+03 1.005260706163492834e+00 1.685116026951469920e-02
4.209237348776444378e+03 1.014201371737672108e+00 1.830351713863654847e-02
4.213446586125221984e+03 1.019070397021360153e+00 1.831172932050371266e-02
4.217660032711349231e+03 1.033249949497579090e+00 2.051302476715467088e-02
4.221877692744061278e+03 1.038670041434537561e+00 2.025208549085147705e-02
4.226099570436806971e+03 1.043025009115620572e+00 2.023523440354528871e-02
4.230325670007245208e+03 1.050733029722294098e+00 1.977758303002057072e-02
4.234555995677254032e+03 1.049006127618211881e+00 1.978620486933063000e-02
4.238790551672932452e+03 1.049352632258549356e+00 1.840121455232524017e-02
4.243029342224606808e+03 1.045583993759015673e+00 1.838394721749679953e-02
4.247272371566832589e+03 1.042466948360797785e+00 1.975834766396744949e-02
4.251519643938400804e+03 1.035604154229059493e+00 2.037843551629690830e-02
4.255771163582340705e+03 1.025569755097420321e+00 1.998429545163893026e-02
4.260026934745924336e+03 1.028919293352843045e+00 2.255777025692937837e-02
4.264286961680671993e+03 1.037915392871433529e+00 2.125850989875929103e-02
4.268551248642354039e+03 1.038758088828398485e+00 1.998461615553313170e-02
4.272819799890998183e+03 1.044563249474397715e+00 1.637596800134748926e-02
4.277092619690890388e+03 1.032171824686560324e+00 1.815104683354378662e-02
4.281369712310583054e+03 1.028417478997514012e+00 1.927782689218386289e-02
4.285651082022895025e+03 1.015172575407820688e+00 1.698706219708288889e-02
4.289936733104918858e+03 1.019291095370410183e+00 1.695588339940224884e-02
4.294226669838025373e+03 1.044328694160249205e+00 2.588702182550607633e-02
4.298520896507864563e+03 1.042322487970324785e+00 2.443619456064366827e-02
4.302819417404373780e+03 1.027051135570431928e+00 3.166108046815444693e-02
4.307122236821779552e+03 1.034079179145306560e+00 3.123140825683144717e-02
4.311429359058603040e+03 1.056766592552200734e+00 3.146556312108821779e-02
4.315740788417662770e+03 1.081147557802692116e+00 3.368099642648507419e-02
4.320056529206081905e+03 1.123531250909191037e+00 3.530014372942711504e-02
4.324376585735290064e+03 1.156711764000585951e+00 3.507093458761970789e-02
4.328700962321026054e+03 1.177745241104422691e+00 3.497318077320895474e-02
4.333029663283348782e+03 1.202912807059726141e+00 3.311820296031305066e-02
4.337362692946633615e+03 1.214457906767111073e+00 3.297570968714302192e-02
4.341700055639581478e+03 1.229978149388095687e+00 3.101097636976360775e-02
4.346041755695222491e+03 1.232777099140863530e+00 3.076772944896153869e-02
4.350387797450919606e+03 1.225420961548253196e+00 3.060503189347177355e-02
4.354738185248371337e+03 1.208012524662478215e+00 3.265798006864631398e-02
4.359092923433621763e+03 1.168021744351826596e+00 3.109378027407507308e-02
4.363452016357056891e+03 1.124026381711979328e+00 2.769113005597950358e-02
4.367815468373414660e+03 1.101836681659203565e+00 2.596656340946454367e-02
4.372183283841789489e+03 1.082470428537823715e+00 2.582040427634469879e-02
4.376555467125633186e+03 1.095856004833552833e+00 1.731281131591736605e-02
4.380932022592760404e+03 1.092021595527680411e+00 1.725340278178328496e-02
4.385312954615354101e+03 1.078227533939812410e+00 1.288146026064673419e-02
4.389698267569970994e+03 1.082227640394038071e+00 1.323018004284151616e-02
4.394087965837542470e+03 1.094110516819162715e+00 1.436576550026484947e-02
4.398482053803381859e+03 1.106301404306981651e+00 1.114133079508149507e-02
4.402880535857186260e+03 1.110294004566434900e+00 1.051866720046714700e-02
4.407283416393044718e+03 1.108453949123943572e+00 1.069951732045897920e-02
4.411690699809440048e+03 1.095215674818838192e+00 1.285609003687832909e-02
4.416102390509250654e+03 1.089288025108776425e+00 1.299285939792416480e-02
4.420518492899761441e+03 1.079554137325556828e+00 1.184411727567954292e-02
4.424939011392662906e+03 1.069367505913401795e+00 1.112852772280106643e-02
4.429363950404056595e+03 1.073175493492177779e+00 1.420255134585885273e-02
4.433793314354462382e+03 1.063242935480163354e+00 1.527478304784471268e-02
4.438227107668818462e+03 1.059014915055909389e+00 1.528857403034644506e-02
4.442665334776488635e+03 1.055211607452444023e+00 1.530802374615555447e-02
4.447108000111265937e+03 1.050688202411142358e+00 1.528593400442622430e-02
4.451555108111379013e+03 1.046695286641405209e+00 1.536457454976940598e-02
4.456006663219492111e+03 1.046137061113822542e+00 1.536448347491811868e-02
4.460462669882713271e+03 1.050848914056718097e+00 1.494749784109351831e-02
4.464923132552597053e+03 1.050378457871636861e+00 1.450481454763452409e-02
4.469388055685150903e+03 1.054116679939171020e+00 1.378399463967402462e-02
4.473857443740837880e+03 1.064649757259301888e+00 1.571884874917834490e-02
4.478331301184580298e+03 1.070919977504564136e+00 1.513064985455288454e-02
4.482809632485766087e+03 1.080060190588062685e+00 1.458952201158845129e-02
4.487292442118253348e+03 1.087160060059658706e+00 1.380129615703691408e-02
4.491779734560373072e+03 1.096540651137148936e+00 1.375935628794388958e-02
4.496271514294934605e+03 1.099809278328826689e+00 1.396410141663019522e-02
4.500767785809231100e+03 1.108200767342562454e+00 1.518037935653660485e-02
4.505268553595042249e+03 1.108395386999055710e+00 1.513575814678270667e-02
4.509773822148638828e+03 1.107881811018241347e+00 1.565611189231189485e-02
4.514283595970789065e+03 1.107993335965811843e+00 1.332916471599466732e-02
4.518797879566761367e+03 1.086257628550824084e+00 1.492229648944473457e-02
4.523316677446328868e+03 1.076905169677087049e+00 1.549112059275862575e-02
4.527839994123776705e+03 1.071777829338947496e+00 1.584227644619671041e-02
4.532367834117902021e+03 1.077246588583299136e+00 1.555039007185078301e-02
4.536900201952022144e+03 1.081392634035758915e+00 1.650979908691159459e-02
4.541437102153975502e+03 1.083311534882737792e+00 1.652534742825655448e-02
4.545978539256130716e+03 1.084334935697033320e+00 1.649802491551659311e-02
4.550524517795388419e+03 1.087337514973407693e+00 1.647886639533132844e-02
4.555075042313184895e+03 1.100636759612597215e+00 1.558701753431581023e-02
4.559630117355500261e+03 1.116462703836665016e+00 1.430912680095759205e-02
4.564189747472856652e+03 1.121263608015313107e+00 1.444951699427845376e-02
4.568753937220330954e+03 1.124935023198704087e+00 1.438898673822630592e-02
4.573322691157552981e+03 1.125291659807516442e+00 1.361965800015821002e-02
4.577896013848711846e+03 1.125347188219045558e+00 1.380266580771525274e-02
4.582473909862562323e+03 1.123039500308293581e+00 1.373133484464281358e-02
4.587056383772426670e+03 1.120605339522563249e+00 1.288075104368126625e-02
4.591643440156200086e+03 1.115377356948536791e+00 1.311073526967724244e-02
4.596235083596357981e+03 1.119715228870426404e+00 1.177108133563767485e-02
4.600831318679955984e+03 1.121539412563324012e+00 1.189579437042430528e-02
4.605432149998637215e+03 1.121259207909491407e+00 1.099456107945489571e-02
4.610037582148637739e+03 1.119032718515820202e+00 1.051449197897992571e-02
4.614647619730787483e+03 1.117563456921163434e+00 1.012632421245660171e-02
4.619262267350520233e+03 1.120109533312176220e+00 9.350679383602558334e-03
4.623881529617872729e+03 1.127550026458178589e+00 7.839820022629827648e-03
4.628505411147491941e+03 1.133556038396359877e+00 7.781145669375866096e-03
4.633133916558640522e+03 1.136211846706843609e+00 7.787780647792668688e-03
4.637767050475200449e+03 1.135635112608738284e+00 8.268127996217603318e-03
4.642404817525677572e+03 1.132708309710443784e+00 8.517021246398038745e-03
4.647047222343205249e+03 1.124883960714497810e+00 8.102231857183828795e-03
4.651694269565549803e+03 1.120451957680202781e+00 8.236268980234174794e-03
4.656345963835116891e+03 1.116755347314108970e+00 7.322066057709885820e-03
4.661002309798953320e+03 1.120719647548877651e+00 8.500479222415398620e-03
4.665663312108753416e+03 1.126143066476611665e+00 8.017677715861678059e-03
4.670328975420864481e+03 1.131700625955825101e+00 9.760787817056418986e-03
4.674999304396286789e+03 1.133718686218254001e+00 8.925798991829885995e-03
4.679674303700684504e+03 1.126798933921735912e+00 1.019394286027319046e-02
4.684353978004386590e+03 1.122100999781447284e+00 1.031203497785579230e-02
4.689038331982392265e+03 1.116509294420146903e+00 1.020985843397490683e-02
4.693727370314376458e+03 1.117721400401294085e+00 1.017085213518977016e-02
4.698421097684692540e+03 1.110093442694575661e+00 1.026008858562552084e-02
4.703119518782378691e+03 1.104148157983264156e+00 1.022890283872768952e-02
4.707822638301162442e+03 1.095473584212210305e+00 9.033159560470469321e-03
4.712530460939465229e+03 1.086457317333252348e+00 9.808132118409425282e-03
4.717242991400406027e+03 1.088346084720003493e+00 9.935077703563270635e-03
4.721960234391808626e+03 1.096931481135441588e+00 1.072057238042424532e-02
4.726682194626201635e+03 1.103647490160130529e+00 1.077149218030501281e-02
4.731408876820829391e+03 1.104973622249149301e+00 1.012899288388650551e-02
4.736140285697651962e+03 1.102801821846241870e+00 1.034247487972715651e-02
4.740876425983350600e+03 1.097683981860599678e+00 1.021016050513851893e-02
4.745617302409335934e+03 1.093740495124079226e+00 1.044857373787204217e-02
4.750362919711747054e+03 1.082246072849700758e+00 1.221529575954021299e-02
4.755113282631459697e+03 1.073625737740458108e+00 1.213121575568864956e-02
4.759868395914093526e+03 1.070880162095747323e+00 1.193139940321550317e-02
4.764628264310008490e+03 1.065666704093438000e+00 1.164105179003481656e-02
4.769392892574320285e+03 1.059865907433399146e+00 1.063881338942517830e-02
4.774162285466896719e+03 1.062524825357998415e+00 1.174942051327127097e-02
4.778936447752364984e+03 1.067443562903846788e+00 1.255926439872422605e-02
4.783715384200118933e+03 1.076541891278988139e+00 1.124565954867158199e-02
4.788499099584319993e+03 1.083607435157384336e+00 1.090177864233494824e-02
4.793287598683906253e+03 1.092256682558452763e+00 9.489616014381137971e-03
4.798080886282591564e+03 1.093605487506620122e+00 1.022628489111711628e-02
4.802878967168876443e+03 1.080908049985115582e+00 1.494942147859961920e-02
4.807681846136046261e+03 1.097025032818800927e+00 2.139714473844801096e-02
4.812489527982183972e+03 1.134261152940592821e+00 4.657194367500887972e-02
4.817302017510168298e+03 1.092569133887854926e+00 6.512372682989292505e-02
4.822119319527679181e+03 1.055474242473202429e+00 8.364232952142290622e-02
4.826941438847208701e+03 1.138842382901190886e+00 1.487678966328795718e-02
4.831768380286057436e+03 1.201583980721631528e+00 4.416528742529826634e-02
4.836600148666345376e+03 1.233215766543454883e+00 3.834472285135758635e-02
4.841436748815013743e+03 1.136593359724452634e+00 1.479378026624880993e-01
4.846278185563829538e+03 1.316291446478216054e+00 1.273361976933359563e-01
4.851124463749395545e+03 1.566989889958335436e+00 1.631516353671681741e-01
4.855975588213146693e+03 1.786478283307699977e+00 1.682526867743233401e-01
4.860831563801360971e+03 1.844318748133768837e+00 1.483235936470063410e-01
4.865692395365163975e+03 1.697388174186219789e+00 1.653105401992077950e-01
4.870558087760530725e+03 1.389702088158905724e+00 1.217718584275271076e-01
4.875428645848292945e+03 1.179387137713450606e+00 1.010850415759774190e-01
4.880304074494142696e+03 1.216722450278072021e+00 2.362036994083507521e-02
4.885184378568638749e+03 1.219885072000321591e+00 2.196297280111485575e-02
4.890069562947209306e+03 1.212551206409031357e+00 1.503694430064109189e-02
4.894959632510157462e+03 1.217443832418972027e+00 2.203154334670280601e-02
4.899854592142669389e+03 1.205770316092910743e+00 1.387337302194290543e-02
4.904754446734813428e+03 1.156117096930042054e+00 2.220217699457395499e-02
4.909659201181550088e+03 1.114870607603330122e+00 1.653313954104271982e-02
4.914568860382732964e+03 1.105353314374169837e+00 1.290511901700903616e-02
4.919483429243117826e+03 1.140496996956104736e+00 2.041493797120911766e-02
4.924402912672362618e+03 1.144993017898792598e+00 1.520545804389139381e-02
4.929327315585036558e+03 1.139127994847594527e+00 1.501339007763185032e-02
4.934256642900622865e+03 1.137037778706440738e+00 1.470443088212541535e-02
4.939190899543525120e+03 1.135984815694919270e+00 1.314963275379106740e-02
4.944130090443070912e+03 1.131690823526436018e+00 1.251316886814493601e-02
4.949074220533515472e+03 1.117963563315612197e+00 1.283784447373733512e-02
4.954023294754050767e+03 1.100710728074640210e+00 1.065055355192131951e-02
4.958977318048806410e+03 1.080013276911255593e+00 7.295441487211637953e-03
4.963936295366856939e+03 1.074094889237799055e+00 7.375619778002923295e-03
4.968900231662225451e+03 1.079767863805429329e+00 1.355000190822742284e-02
4.973869131893889062e+03 1.076244524715999074e+00 1.290752351309950446e-02
4.978843001025784361e+03 1.066988425556488096e+00 1.426963453483245763e-02
4.983821844026811959e+03 1.054498425731441591e+00 1.563865593185564257e-02
4.988805665870840130e+03 1.054997928140394947e+00 1.561974299404622103e-02
4.993794471536712990e+03 1.062646681515369895e+00 1.522255183180532337e-02
4.998788266008251412e+03 1.071788070765128609e+00 1.535250643876299136e-02
5.003787054274261209e+03 1.084293639081565397e+00 1.533014666975599828e-02
5.008790841328536771e+03 1.092981408661622744e+00 1.500562392764651087e-02
5.013799632169867436e+03 1.103427436525435734e+00 1.510982395976693052e-02
5.018813431802038394e+03 1.123091164685112719e+00 1.617094921490597192e-02
5.023832245233842514e+03 1.138041238356077178e+00 1.576341264704108833e-02
5.028856077479077612e+03 1.147441649598739843e+00 1.563832577906646565e-02
5.033884933556558281e+03 1.155205181178487361e+00 1.550133028677313021e-02
5.038918818490116792e+03 1.157788487882819739e+00 1.547306868668378577e-02
5.043957737308608557e+03 1.149981093082797168e+00 1.634234797300801803e-02
5.049001695045918495e+03 1.142911851603586992e+00 1.590257631397111113e-02
5.054050696740966487e+03 1.130928867756544109e+00 1.403445680684993480e-02
5.059104747437709193e+03 1.120374533986686627e+00 1.401395243981088702e-02
5.064163852185148244e+03 1.123374759320445060e+00 1.031985640113353316e-02
5.069228016037335692e+03 1.119513800883252586e+00 1.027001585076325885e-02
5.074297244053374015e+03 1.112109242681472487e+00 1.017973820109525224e-02
5.079371541297429758e+03 1.100898098572862693e+00 9.869554615067870768e-03
5.084450912838728073e+03 1.091404769106826267e+00 1.016306646646933029e-02
5.089535363751569093e+03 1.083066903590345520e+00 1.005589302972573727e-02
5.094624899115322478e+03 1.080623511517960544e+00 9.616125122183211138e-03
5.099719524014439230e+03 1.078390939839626528e+00 1.023935067490002425e-02
5.104819243538455339e+03 1.066416674107088625e+00 1.220891133070567576e-02
5.109924062781995417e+03 1.064633857929575100e+00 1.181155831364280075e-02
5.115033986844779065e+03 1.078404987006016169e+00 1.637124118690112470e-02
5.120149020831625421e+03 1.077477056100568209e+00 1.647785410357148483e-02
5.125269169852458617e+03 1.068698961086744337e+00 1.647569599261568957e-02
5.130394439022313236e+03 1.045519127870522924e+00 2.056122838263000144e-02
5.135524833461337039e+03 1.039653855449058195e+00 2.058982411277409524e-02
5.140660358294800062e+03 1.038365918764840190e+00 2.003776960106132612e-02
5.145801018653096435e+03 1.042837283085419120e+00 2.066896146557154271e-02
5.150946819671751655e+03 1.042638679687907910e+00 2.065590689793105061e-02
5.156097766491425318e+03 1.041589917337404581e+00 2.004189215123684462e-02
5.161253864257918394e+03 1.049434066377429309e+00 2.009824721657697474e-02
5.166415118122177773e+03 1.062952563165269648e+00 2.014189203193200023e-02
5.171581533240301724e+03 1.080008018045151674e+00 1.960221318604146029e-02
5.176753114773543530e+03 1.098479646878971039e+00 2.051582562135261315e-02
5.181929867888318768e+03 1.104832101102492192e+00 2.009111310162869923e-02
5.187111797756208944e+03 1.101716287393529115e+00 2.024149946575337297e-02
5.192298909553966951e+03 1.088571245752142813e+00 2.210218879853965632e-02
5.197491208463522526e+03 1.070403589548694745e+00 2.289181567487722987e-02
5.202688699671987706e+03 1.048090577382494670e+00 1.701769358254914821e-02
5.207891388371661378e+03 1.040771090493282980e+00 1.717063331767924514e-02
5.213099279760034733e+03 1.043305565292342862e+00 1.613807691592301571e-02
5.218312379039796724e+03 1.051844707776900867e+00 1.569656386736838563e-02
5.223530691418837705e+03 1.060036928557438030e+00 1.599854686498447531e-02
5.228754222110258524e+03 1.059558236153286703e+00 1.578724337015506921e-02
5.233982976332370527e+03 1.064312090420491907e+00 1.580368971645965126e-02
5.239216959308704645e+03 1.075804355155153935e+00 1.335851027285786530e-02
5.244456176268015042e+03 1.083355803110446436e+00 1.303705576908290378e-02
5.249700632444284565e+03 1.084802700684550647e+00 1.333468053534113580e-02
5.254950333076731113e+03 1.087904203869169750e+00 1.269414902631548457e-02
5.260205283409809454e+03 1.087634185307826629e+00 1.201419738373043881e-02
5.265465488693221232e+03 1.084474976310566330e+00 1.131148828160088819e-02
5.270730954181915877e+03 1.082681445184994207e+00 1.124941146052975405e-02
5.276001685136099695e+03 1.089025978242159631e+00 9.283022548871139659e-03
5.281277686821237694e+03 1.096761102052997261e+00 8.993518944925156175e-03
5.286558964508059944e+03 1.098432695042166118e+00 9.324258947876980230e-03
5.291845523472569766e+03 1.105021393467245483e+00 9.597753897612883861e-03
5.297137368996044643e+03 1.107083719443722192e+00 9.515694814717357702e-03
5.302434506365042580e+03 1.114015945883073622e+00 9.347095690632193504e-03
5.307736940871409388e+03 1.120417197775137597e+00 1.027752302636806593e-02
5.313044677812282316e+03 1.118099302314466970e+00 1.000827511542204222e-02
5.318357722490096421e+03 1.116903005884924971e+00 9.970842078054433302e-03
5.323676080212588204e+03 1.117085400013882346e+00 1.043769697124901849e-02
5.328999756292802886e+03 1.112865172198944430e+00 1.032444874756771776e-02
5.334328756049097137e+03 1.111388997080685836e+00 1.029491807917136577e-02
5.339663084805148173e+03 1.109191404933689951e+00 1.050052461665595960e-02
5.345002747889954662e+03 1.097978966279545610e+00 9.440623848471350887e-03
5.350347750637846730e+03 1.090626732990167769e+00 9.020728554780799852e-03
5.355698098388485960e+03 1.091619397265917613e+00 8.929255768025541259e-03
5.361053796486876308e+03 1.097086145461426021e+00 9.745485482146426862e-03
5.366414850283365013e+03 1.099921718720814123e+00 9.597744597487814500e-03
5.371781265133649867e+03 1.100758691322146099e+00 9.536303141045244375e-03
5.377153046398785591e+03 1.099348741605075785e+00 9.725623367991674539e-03
5.382530199445186554e+03 1.099672430537697476e+00 9.743756730560734422e-03
5.387912729644633146e+03 1.094947305365386647e+00 8.914313165749157553e-03
5.393300642374279960e+03 1.097656233364089795e+00 1.047226419990920226e-02
5.398693943016655794e+03 1.088755751151722961e+00 1.092020262111908883e-02
5.404092636959673655e+03 1.083234136212702703e+00 1.078866604440078397e-02
5.409496729596635305e+03 1.080105665848696717e+00 9.983172758718813697e-03
5.414906226326233991e+03 1.068648839077402268e+00 1.062883608674013505e-02
5.420321132552561721e+03 1.057863903733893940e+00 1.010911549507960416e-02
5.425741453685116539e+03 1.048695357830687902e+00 9.853881820596250771e-03
5.431167195138803436e+03 1.040104943997251175e+00 9.819490366068703291e-03
5.436598362333943442e+03 1.035747434464388661e+00 9.815385254991969635e-03
5.442034960696279086e+03 1.038021894644527210e+00 9.551717938244505893e-03
5.447476995656978033e+03 1.039062515935762265e+00 9.509779502708013560e-03
5.452924472652636723e+03 1.034549124662493602e+00 9.825325132391145994e-03
5.458377397125291282e+03 1.033390036040068072e+00 9.922749778146857519e-03
5.463835774522417523e+03 1.037933112001577118e+00 9.317052404903339302e-03
5.469299610296941864e+03 1.043127652247875181e+00 9.294371339697021436e-03
5.474768909907241323e+03 1.046950491029609021e+00 9.382549901421451816e-03
5.480243678817149885e+03 1.051442495269696353e+00 8.931625651577058261e-03
5.485723922495968509e+03 1.055082527913043133e+00 8.446361701054630466e-03
5.491209646418466946e+03 1.064991068919661554e+00 9.116751009095362679e-03
5.496700856064887375e+03 1.075315621514761455e+00 7.839126236414938054e-03
5.502197556920953502e+03 1.081750237745187526e+00 7.512424962016180444e-03
5.507699754477876013e+03 1.084582645630817188e+00 6.811907189395908536e-03
5.513207454232356213e+03 1.085078990304016999e+00 7.323828183117739830e-03
5.518720661686590574e+03 1.081970647025340515e+00 7.197317534789792262e-03
5.524239382348278923e+03 1.082106542925573400e+00 7.208542746652277407e-03
5.529763621730628984e+03 1.079736734214832738e+00 7.171724599144065071e-03
5.535293385352360929e+03 1.073049839149524676e+00 5.885887959664954511e-03
5.540828678737715563e+03 1.066735759753049129e+00 5.417710302218328548e-03
5.546369507416455235e+03 1.065190967103690545e+00 5.520907069512104651e-03
5.551915876923872929e+03 1.068071779753525519e+00 6.117391542974705797e-03
5.557467792800798634e+03 1.064726745132963615e+00 6.405081578730630228e-03
5.563025260593602070e+03 1.057335497289521475e+00 7.312181355435433752e-03
5.568588285854197238e+03 1.053017640907816022e+00 7.583411114586270131e-03
5.574156874140053333e+03 1.049360525626767515e+00 7.557053027894343293e-03
5.579731031014194741e+03 1.051861209561754995e+00 8.272824008384775316e-03
5.585310762045211050e+03 1.055289994266628506e+00 8.953923294744302666e-03
5.590896072807257951e+03 1.054452212838614233e+00 8.918314585512399084e-03
5.596486968880067252e+03 1.052952899405321663e+00 9.001373491876206445e-03
5.602083455848949598e+03 1.056955453014352564e+00 8.292523173829396618e-03
5.607685539304799931e+03 1.061789317503349483e+00 8.699075855287903558e-03
5.613293224844106589e+03 1.058263801996412345e+00 8.616530463057936462e-03
5.618906518068952209e+03 1.053180833354979251e+00 8.640584989300989852e-03
5.624525424587023736e+03 1.048419756053561969e+00 8.719923418168015056e-03
5.630149950011612418e+03 1.044808548547594196e+00 8.970693291941209124e-03
5.635780099961625638e+03 1.042626284443225915e+00 8.768249811231580704e-03
5.641415880061589633e+03 1.042768979027607346e+00 8.552200088981574966e-03
5.647057295941652228e+03 1.045138966165820582e+00 1.006780415963192885e-02
5.652704353237596479e+03 1.051422695997927148e+00 9.495668806360631556e-03
5.658357057590835211e+03 1.057116702900837701e+00 7.200155805737711544e-03
5.664015414648428305e+03 1.058958611380772519e+00 7.151840961588624285e-03
5.669679430063079053e+03 1.057582122967100746e+00 7.171370121942446420e-03
5.675349109493143260e+03 1.052278579392236013e+00 7.653014810548032856e-03
5.681024458602638333e+03 1.043625749945216619e+00 7.788875470775773191e-03
5.686705483061243285e+03 1.038319534857038873e+00 7.223663583885151993e-03
5.692392188544306009e+03 1.037279232893481007e+00 7.445967666165559731e-03
5.698084580732852373e+03 1.036888315158711604e+00 6.775274847389450676e-03
5.703782665313587131e+03 1.036283796306872063e+00 5.906120065847539173e-03
5.709486447978903016e+03 1.044156639944057607e+00 7.061337023286155118e-03
5.715195934426883468e+03 1.055850056522889879e+00 6.734157784534586765e-03
5.720911130361312644e+03 1.061683966088175834e+00 6.104932144845961160e-03
5.726632041491675409e+03 1.069528259669424664e+00 5.574301555623813707e-03
5.732358673533169167e+03 1.072999436997590150e+00 5.688192679889223814e-03
5.738091032206703858e+03 1.069398848855370510e+00 5.566500814593170962e-03
5.743829123238912871e+03 1.057937293836039183e+00 7.513249275141437034e-03
5.749572952362153046e+03 1.047444343780316922e+00 8.830567825832245574e-03
5.755322525314517407e+03 1.045699304237895255e+00 9.144914269902701398e-03
5.761077847839834249e+03 1.036486407923385311e+00 9.065834213829341431e-03
5.766838925687675328e+03 1.022184379932380871e+00 9.746423596026990502e-03
5.772605764613364954e+03 1.018352403814386520e+00 9.701326976431737248e-03
5.778378370377980900e+03 1.019133887010172268e+00 1.044914513702140980e-02
5.784156748748360769e+03 1.017768226505834095e+00 1.012529093607796374e-02
5.789940905497111089e+03 1.014071219218707132e+00 1.008557626496588144e-02
5.795730846402610041e+03 1.008428750660802953e+00 1.100847625654472264e-02
5.801526577249013826e+03 1.005721334138503176e+00 1.154275379183464408e-02
5.807328103826264851e+03 1.006257025182239362e+00 1.163155497584669219e-02
5.813135431930093546e+03 1.005967709009165212e+00 1.162394025763583902e-02
5.818948567362025642e+03 1.003168085722210057e+00 1.217083379052551033e-02
5.824767515929389447e+03 1.001643119056379927e+00 1.298547582599848989e-02
5.830592283445320390e+03 1.003260486316887468e+00 1.265376243009840376e-02
5.836422875728768304e+03 1.013518779193276709e+00 1.329239317081021624e-02
5.842259298604498326e+03 1.034242437700092054e+00 1.484960788201630973e-02
5.848101557903105459e+03 1.050071965636572902e+00 1.463872870247068247e-02
5.853949659461010015e+03 1.056182349688291167e+00 1.453161681159433581e-02
5.859803609120473084e+03 1.060969439814023696e+00 1.450019020148447628e-02
5.865663412729595620e+03 1.067152944027293104e+00 1.322350423047195453e-02
5.871529076142326630e+03 1.064999532424747652e+00 1.433023424003588946e-02
5.877400605218471355e+03 1.054920397705654933e+00 1.298428504122192857e-02
5.883278005823691274e+03 1.052650787610424077e+00 1.287128537222296393e-02
5.889161283829516833e+03 1.055553502822923928e+00 1.302354123622110130e-02
5.895050445113348360e+03 1.058519305649964437e+00 1.349685886193961216e-02
5.900945495558464245e+03 1.056141735421437522e+00 1.334106887757225204e-02
5.906846441054024581e+03 1.057080293387733905e+00 1.304754543418482245e-02
5.912753287495080258e+03 1.064858337491182194e+00 1.320271930171824232e-02
5.918666040782577511e+03 1.072852586481712445e+00 1.169546090213434766e-02
5.924584706823361557e+03 1.084137328674707801e+00 9.052947295948188255e-03
5.930509291530187511e+03 1.084306079013815038e+00 9.103748111266674742e-03
5.936439800821719473e+03 1.079081338880946817e+00 7.970399055911982916e-03
5.942376240622543264e+03 1.074777133495360415e+00 6.255946337129046110e-03
5.948318616863167335e+03 1.072874814028569768e+00 6.133807939405291204e-03
5.954266935480032771e+03 1.075840354618165629e+00 6.010920853023671122e-03
5.960221202415515108e+03 1.082655292255061852e+00 7.348846986154400351e-03
5.966181423617932523e+03 1.085352036900604222e+00 6.998115547186808082e-03
5.972147605041552197e+03 1.086919259078400923e+00 6.603738348107864205e-03
5.978119752646595771e+03 1.087577565792869239e+00 6.665054094663965152e-03
5.984097872399243897e+03 1.081660888297347300e+00 6.830108381492501317e-03
5.990081970271645332e+03 1.076729599339053989e+00 6.807101945743640817e-03
5.996072052241918755e+03 1.070548833521137055e+00 7.080214772882705357e-03
6.002068124294162772e+03 1.064331137254869386e+00 7.076550739191168372e-03
6.008070192418459555e+03 1.056243450947130791e+00 8.341184900280393388e-03
6.014078262610879392e+03 1.049629376421945981e+00 6.969316241885568572e-03
6.020092340873492503e+03 1.048705565987434474e+00 7.584744765368243644e-03
6.026112433214368139e+03 1.051187238508565436e+00 8.162576929641706877e-03
6.032138545647584579e+03 1.048846120615771316e+00 8.153134924217483176e-03
6.038170684193233683e+03 1.048512594951384935e+00 7.452557887235452053e-03
6.044208854877429076e+03 1.047969480581456336e+00 7.477521451233534906e-03
6.050253063732308874e+03 1.047454070966939765e+00 7.731492349577818481e-03
6.056303316796042964e+03 1.046468904427632962e+00 7.788200314764840392e-03
6.062359620112841185e+03 1.043757739808075513e+00 6.989510304420624986e-03
6.068421979732956061e+03 1.043177128559955591e+00 6.886742185899173176e-03
6.074490401712690982e+03 1.045692003663216685e+00 7.108463863501035193e-03
6.080564892114405666e+03 1.047235165025532266e+00 7.495192668048959381e-03
6.086645457006521610e+03 1.047282156924650209e+00 7.405121375557782541e-03
6.092732102463530282e+03 1.044602583356343706e+00 7.666242715168929481e-03
6.098824834565995843e+03 1.040860377078709487e+00 8.220001984698898159e-03
6.104923659400564247e+03 1.041727455949808423e+00 8.442436571059931325e-03
6.111028583059966877e+03 1.043400621292188912e+00 8.155567591494491259e-03
6.117139611643028729e+03 1.044665478531528580e+00 7.844266989090877690e-03
6.123256751254673873e+03 1.042937705741530774e+00 6.829413125829453084e-03
6.129380008005929994e+03 1.043343467388653023e+00 7.000336532846760003e-03
6.135509388013938405e+03 1.048172146053870435e+00 6.853081225774109927e-03
6.141644897401954040e+03 1.049173111142152504e+00 6.526916333188779312e-03
6.147786542299358189e+03 1.049684147105121701e+00 6.517136133294986790e-03
6.153934328841659408e+03 1.051082726322749794e+00 6.410889533504078065e-03
6.160088263170503524e+03 1.047702073988043159e+00 6.498557906078073973e-03
6.166248351433675452e+03 1.043521756894375541e+00 6.508407147478540572e-03
6.172414599785111022e+03 1.034680516841327336e+00 6.957216152489238692e-03
6.178587014384898794e+03 1.027701948367852447e+00 6.464658758381676765e-03
6.184765601399285515e+03 1.019594730591389720e+00 5.737332475886905772e-03
6.190950367000687038e+03 1.019732792455375847e+00 5.790299526160279028e-03
6.197141317367689226e+03 1.024811152856640373e+00 5.553206307256914991e-03
6.203338458685059777e+03 1.032660203570759272e+00 5.009064595410619818e-03
6.209541797143746408e+03 1.038427434664959792e+00 5.278294155958949962e-03
6.215751338940892310e+03 1.043193803449146806e+00 5.328617883134608747e-03
6.221967090279835247e+03 1.047713635172573987e+00 5.232588376466402146e-03
6.228189057370116643e+03 1.049397430118292673e+00 5.014408992184807116e-03
6.234417246427488863e+03 1.052708765700830718e+00 4.596184651127890007e-03
6.240651663673918847e+03 1.052264190957078904e+00 4.486780649174885831e-03
6.246892315337594482e+03 1.046301110267494394e+00 4.683912268229823914e-03
6.253139207652934601e+03 1.035554113601364623e+00 5.121532667016892061e-03
6.259392346860589896e+03 1.023524921438458302e+00 3.709524463026834390e-03
6.265651739207452010e+03 1.012644463589335908e+00 4.171795827559780095e-03
6.271917390946661726e+03 1.007206340979279746e+00 4.318251396347445696e-03
6.278189308337610782e+03 1.005766107597670489e+00 5.544380441843841691e-03
6.284467497645950061e+03 1.007691242652453356e+00 6.899147416461778697e-03
6.290751965143597772e+03 1.003513678588936031e+00 7.014367621073298344e-03
6.297042717108744000e+03 9.997668159796386789e-01 8.244876704661948524e-03
6.303339759825854344e+03 1.004807091072312142e+00 8.707409379839669422e-03
6.309643099585682648e+03 1.010250418512889103e+00 9.967307300418294311e-03
6.315952742685270096e+03 1.012748757471687355e+00 9.948871075031479050e-03
6.322268695427957937e+03 1.008939287142069707e+00 1.028401309884087456e-02
6.328590964123387494e+03 1.002972798519161435e+00 1.168244978910409904e-02
6.334919555087512890e+03 9.999899150585637164e-01 1.120358936748601895e-02
6.341254474642602872e+03 9.955471917128569936e-01 1.116439596965634884e-02
6.347595729117247174e+03 9.932260820643091792e-01 1.106805952935879279e-02
6.353943324846366522e+03 9.929830779120405460e-01 1.142586351028953076e-02
6.360297268171215364e+03 1.002125250720764083e+00 1.124351633552365254e-02
6.366657565439388236e+03 1.009362810793690723e+00 1.132011023489168378e-02
6.373024223004829764e+03 1.016517845062419267e+00 1.134298828757359344e-02
6.379397247227837397e+03 1.028285489214489257e+00 1.134155456836487101e-02
6.385776644475066860e+03 1.034871731238316661e+00 1.137468543708185405e-02
6.392162421119543978e+03 1.039909567520167055e+00 1.133890272066193257e-02
6.398554583540665590e+03 1.047598677017954616e+00 1.034685144329632045e-02
6.404953138124208635e+03 1.052700396029318197e+00 1.017027558545987101e-02
6.411358091262334710e+03 1.048604949894765825e+00 9.091522995380661026e-03
6.417769449353599157e+03 1.039817881172634628e+00 6.457013565890729404e-03
6.424187218802954703e+03 1.033746150513025652e+00 6.491510939559956561e-03
6.430611406021760558e+03 1.031026547324941145e+00 6.423474808541816163e-03
6.437042017427784231e+03 1.030775624023866355e+00 6.388865441884996124e-03
6.443479059445214261e+03 1.032675756554166879e+00 7.355447795161164544e-03
6.449922538504661134e+03 1.031850477197373772e+00 7.570272533448145318e-03
6.456372461043168187e+03 1.033558652108876208e+00 6.977815518584511330e-03
6.462828833504213435e+03 1.036158331560934398e+00 5.973191077197839358e-03
6.469291662337719572e+03 1.035899316490007438e+00 6.205450784450794628e-03
6.475760954000059428e+03 1.034252709594155828e+00 7.162323506852179104e-03
6.482236714954061426e+03 1.053742788692798582e+00 1.715628398859178616e-02
6.488718951669017770e+03 1.090083822624206666e+00 3.535091021008893858e-02
6.495207670620688987e+03 1.113036642693139733e+00 4.518868326711205502e-02
6.501702878291312118e+03 1.006176893687852347e+00 1.067529977770280969e-01
6.508204581169605262e+03 9.467627101774529486e-01 1.451454567360474790e-01
6.514712785750777584e+03 1.021968469961068493e+00 1.436798502416656298e-01
6.521227498536530220e+03 1.292747985245765285e+00 2.840298784615781849e-02
6.527748726035069012e+03 1.333401394831298381e+00 2.959194897600584198e-02
6.534276474761106329e+03 1.355973155825733745e+00 1.421072036467155297e-01
6.540810751235869247e+03 1.745647053832739104e+00 1.207842164005239333e-01
6.547351561987107743e+03 2.495970891404845293e+00 2.124216534287392821e-01
6.553898913549096505e+03 3.155794642884129697e+00 2.155859897146769066e-01
6.560452812462647671e+03 3.403594905657969072e+00 2.007772846140123690e-01
6.567013265275112644e+03 3.076679831660376507e+00 2.286820079479049694e-01
6.573580278540390282e+03 2.432219932884632119e+00 1.753528854267510650e-01
6.580153858818932349e+03 1.824511883277107671e+00 1.424552360567125919e-01
6.586734012677753526e+03 1.612706683364521831e+00 1.062075625765785264e-01
6.593320746690433225e+03 1.533158315281717421e+00 5.424339269910054967e-02
6.599914067437126505e+03 1.370272711013776679e+00 2.950019361500378495e-02
6.606513981504565891e+03 1.290736639370729577e+00 3.165665825113693488e-02
6.613120495486072286e+03 1.265164500284412519e+00 1.437119922542784076e-02
6.619733615981560433e+03 1.223082586569037344e+00 1.304388341296289743e-02
6.626353349597544366e+03 1.182629600388955149e+00 8.978556591889813587e-03
6.632979702947143778e+03 1.142619286197877226e+00 1.581969749064409542e-02
6.639612682650093120e+03 1.131197874504875633e+00 1.488811976155223100e-02
6.646252295332745234e+03 1.127953243031990294e+00 1.311478557335002924e-02
6.652898547628080451e+03 1.099597443187978696e+00 8.795040212002589591e-03
6.659551446175711135e+03 1.079547421124201989e+00 9.186918534569646008e-03
6.666210997621888964e+03 1.069661740717282816e+00 9.303314346370040316e-03
6.672877208619513112e+03 1.063073215418850248e+00 9.501363203181421857e-03
6.679550085828134797e+03 1.061393336304228052e+00 9.027408163062430532e-03
6.686229635913964557e+03 1.065127447829129936e+00 9.056690105240551569e-03
6.692915865549881346e+03 1.070741383618424081e+00 9.524895941915726208e-03
6.699608781415433441e+03 1.077042691729981794e+00 9.664656622133787831e-03
6.706308390196851178e+03 1.079988181929166791e+00 9.334150492343767577e-03
6.713014698587049679e+03 1.080667958407164564e+00 9.633382138534334407e-03
6.719727713285638856e+03 1.075869762499594984e+00 9.858607142820791785e-03
6.726447440998927050e+03 1.069712537469069247e+00 9.678330363627044020e-03
6.733173888439928305e+03 1.062818228430304934e+00 1.020746065976912802e-02
6.739907062328370557e+03 1.054081463410256658e+00 9.908683032581484112e-03
6.746646969390701088e+03 1.041428908211957882e+00 9.449020551693046097e-03
6.753393616360093802e+03 1.026331392912863905e+00 8.047304084895982521e-03
6.760147009976456502e+03 1.016496900821064697e+00 7.705772159198277446e-03
6.766907156986434529e+03 1.009234502284604540e+00 7.876543600918332194e-03
6.773674064143423493e+03 1.008111970406043278e+00 6.168496602615637821e-03
6.780447738207569273e+03 1.010459235424402635e+00 4.426924730749485712e-03
6.787228185945778932e+03 1.005974011342671837e+00 4.753439789049465451e-03
6.794015414131727084e+03 1.004700819784056787e+00 5.082188262063950038e-03
6.800809429545861349e+03 1.005753220081138544e+00 4.616075536157253877e-03
6.807610238975408720e+03 1.010052199960017827e+00 5.116157860077601670e-03
6.814417849214386479e+03 1.013379394361316743e+00 4.952877274197417003e-03
6.821232267063603103e+03 1.016434044716841179e+00 5.096132946548729767e-03
6.828053499330669183e+03 1.020678585881249933e+00 4.676792929114353091e-03
6.834881552830001965e+03 1.023231011672837143e+00 4.636583018742998150e-03
6.841716434382834450e+03 1.026543259673442510e+00 4.638183972613824264e-03
6.848558150817219939e+03 1.025639281023797755e+00 4.483960051357594769e-03
6.855406708968039311e+03 1.024363405472639599e+00 4.590519982661256555e-03
6.862262115677009206e+03 1.018574178405571296e+00 4.155951654612308546e-03
6.869124377792688392e+03 1.016624380564950636e+00 4.214855331521332946e-03
6.875993502170483225e+03 1.012673594731976490e+00 4.323930525617310228e-03
6.882869495672656740e+03 1.010145626217765491e+00 4.035625598712288230e-03
6.889752365168331380e+03 1.009620563918270486e+00 4.011086454023376699e-03
6.896642117533501732e+03 1.011580661810353554e+00 4.295027396476375908e-03
6.903538759651037253e+03 1.009466867649115862e+00 4.412268141774930777e-03
6.910442298410691365e+03 1.010290313936286655e+00 3.811335722436974723e-03
6.917352740709104182e+03 1.007130263832687112e+00 3.552765891328356438e-03
6.924270093449815249e+03 1.004612312070156888e+00 4.012220325393099120e-03
6.931194363543267173e+03 1.000261357474333312e+00 4.393104129589116454e-03
6.938125557906812901e+03 9.956032207622805830e-01 4.749966032382784385e-03
6.945063683464722089e+03 9.914466178113929828e-01 4.466774449468371121e-03
6.952008747148189286e+03 9.884665478893933654e-01 4.617312017279619728e-03
6.958960755895339389e+03 9.860399376804853677e-01 4.602646236444417165e-03
6.965919716651237650e+03 9.837375055220212161e-01 4.534936408921807702e-03
6.972885636367890584e+03 9.850615054249717284e-01 4.612807737928966215e-03
6.979858522004260521e+03 9.865407606992167011e-01 4.325877178216031883e-03
6.986838380526267429e+03 9.882793546580154187e-01 4.574511656594248445e-03
6.993825218906796181e+03 9.893930485788716700e-01 4.461248273417001836e-03
7.000819044125705659e+03 9.908009885943732664e-01 4.740308932563293449e-03
7.007819863169833297e+03 9.904811964058763962e-01 4.713680962216495324e-03
7.014827683033005087e+03 9.923320024616210100e-01 4.522993427683412448e-03
7.021842510716041033e+03 9.941211657945815405e-01 4.764309866498644963e-03
7.028864353226758794e+03 9.973534473370019304e-01 4.585567611822277331e-03
7.035893217579988232e+03 9.954597202671655598e-01 4.475023181941670779e-03
7.042929110797570502e+03 9.956497619702784352e-01 4.414986075329297571e-03
7.049972039908370789e+03 9.976471237522118729e-01 4.530513129612735376e-03
7.057022011948281033e+03 1.001582370766365804e+00 3.913294018247001453e-03
7.064079033960231754e+03 1.002414807057438129e+00 3.916513035405453681e-03
7.071143112994193871e+03 1.000088797267406626e+00 3.766927422844427217e-03
7.078214256107190522e+03 9.987698414080611320e-01 3.577419069182482744e-03
7.085292470363300708e+03 9.949704384772765087e-01 4.337354014976829535e-03
7.092377762833665656e+03 9.934104727446063654e-01 4.320170740043613976e-03
7.099470140596501551e+03 9.888987710200569659e-01 4.279539521655413049e-03
7.106569610737100447e+03 9.853111665269247421e-01 4.307798602417252203e-03
7.113676180347840273e+03 9.798485975557866823e-01 4.341300187528142514e-03
7.120789856528190285e+03 9.752782229301460992e-01 4.495203996944653266e-03
7.127910646384721076e+03 9.713583194868564696e-01 4.590374684484313343e-03
7.135038557031108212e+03 9.661433742737841612e-01 4.070485648491850052e-03
7.142173595588141325e+03 9.638314472844476954e-01 3.983592601019450563e-03
7.149315769183732300e+03 9.643696788902518247e-01 3.916571092461908557e-03
7.156465084952918005e+03 9.671952770890531736e-01 4.022168169853851914e-03
7.163621550037873021e+03 9.700884860082963357e-01 3.965409745829831523e-03
7.170785171587913283e+03 9.731362334157076521e-01 3.924692309428862332e-03
7.177955956759504261e+03 9.756015999207295897e-01 4.267029535376125685e-03
7.185133912716265513e+03 9.756416867180984775e-01 4.367209801992880461e-03
7.192319046628984324e+03 9.746368476524518432e-01 4.403282167283320558e-03
7.199511365675615707e+03 9.772132719719939242e-01 4.191385197316582940e-03
7.206710877041294225e+03 9.740699161221233471e-01 4.230591436528122369e-03
7.213917587918337631e+03 9.667506890797746832e-01 5.077645837616498285e-03
7.221131505506257781e+03 9.585373827315076811e-01 4.306974073438588416e-03
7.228352637011767001e+03 9.591939042894659373e-01 4.548900471762981797e-03
7.235580989648780815e+03 9.568387807214634444e-01 4.695820692634990884e-03
7.242816570638432495e+03 9.547705808765750701e-01 4.565663053377307969e-03
7.250059387209073066e+03 9.562065069251592941e-01 4.694179715311551024e-03
7.257309446596284033e+03 9.589940186623291396e-01 4.689949335263744398e-03
7.264566756042882844e+03 9.609264858682649013e-01 4.806833827953751505e-03
7.271831322798928340e+03 9.629450839254332095e-01 4.673627719442218983e-03
7.279103154121729858e+03 9.616488419123777609e-01 5.261900819097161536e-03
7.286382257275853590e+03 9.644225669219395058e-01 5.542460299274404659e-03
7.293668639533132591e+03 9.614804974679518335e-01 5.627415573032265063e-03
7.300962308172667690e+03 9.544006279826386940e-01 6.325585485683652906e-03
7.308263270480842948e+03 9.502024023759878535e-01 6.231752607277500980e-03
7.315571533751325660e+03 9.497287012956667773e-01 6.543545148870217806e-03
7.322887105285079997e+03 9.445281348710098390e-01 6.490804092558366545e-03
7.330209992390367006e+03 9.425643888362122969e-01 6.414858412202507215e-03
7.337540202382760071e+03 9.424973390809240348e-01 6.230480112830455962e-03
7.344877742585144915e+03 9.435139771626499527e-01 6.162565409591814515e-03
7.352222620327733239e+03 9.416229307949960381e-01 6.134201332301351950e-03
7.359574842948062724e+03 9.394064545706809488e-01 6.105266201597071320e-03
7.366934417791013402e+03 9.386657058268651488e-01 5.716772367959933529e-03
7.374301352208806748e+03 9.360768076824154127e-01 5.706021062042991761e-03
7.381675653561018407e+03 9.323898154379085534e-01 5.573120766412108240e-03
7.389057329214581841e+03 9.274056238074231961e-01 5.598351562315779552e-03
7.396446386543798326e+03 9.246130661756150060e-01 5.614780304100062611e-03
7.403842832930345139e+03 9.209571770372019239e-01 5.808556775555724985e-03
7.411246675763277381e+03 9.184479603242781121e-01 5.990529349848107595e-03
7.418657922439043432e+03 9.140645281438096736e-01 5.782336044322713801e-03
7.426076580361484957e+03 9.202822426680117296e-01 5.447158217885612018e-03
7.433502656941848727e+03 9.320911909529562278e-01 6.774563774825665373e-03
7.440936159598792983e+03 9.407475089256598366e-01 7.819428598236767211e-03
7.448377095758394717e+03 9.524217217562760407e-01 8.274418256764214455e-03
7.455825472854155123e+03 9.563223633212163399e-01 7.467862121354753094e-03
7.463281298327012337e+03 9.527033517191718648e-01 7.945197349094523451e-03
7.470744579625341430e+03 9.497601809628055669e-01 8.150056286921805032e-03
7.478215324204968965e+03 9.406801563822957402e-01 8.845483943786126846e-03
7.485693539529176633e+03 9.352360323299206968e-01 8.739298849519990323e-03
7.493179233068708527e+03 9.295292362439184775e-01 8.511862039666799606e-03
7.500672412301779332e+03 9.287393065862883379e-01 8.215158369329841198e-03
7.508173084714083416e+03 9.269872607645478491e-01 8.810180234871265587e-03
7.515681257798800289e+03 9.254724233298819991e-01 8.481550908769024469e-03
7.523196939056601877e+03 9.281757221137436620e-01 8.602614429652441844e-03
7.530720135995660712e+03 9.324421624600693903e-01 8.322048256931125973e-03
7.538250856131659020e+03 9.417259444106365063e-01 6.891861760148377397e-03
7.545789106987793275e+03 9.437730194166811248e-01 6.542156858643936694e-03
7.553334896094783289e+03 9.425319879763164321e-01 6.740469112896373474e-03
7.560888230990880402e+03 9.334331595483155164e-01 6.535533335720090237e-03
7.568449119221873843e+03 9.204883609528478061e-01 4.561345242026192126e-03
7.576017568341098013e+03 9.182099063581428133e-01 5.351096537756440570e-03
7.583593585909441572e+03 9.137103258558850749e-01 5.144850803296303031e-03
7.591177179495353812e+03 9.106187602574956630e-01 4.986657845945270673e-03
7.598768356674851930e+03 9.051903907417278017e-01 5.046169272300934927e-03
7.606367125031529213e+03 8.981125677266507124e-01 5.254499220984577140e-03
7.613973492156563225e+03 8.935711161587779339e-01 5.557948209079820352e-03
7.621587465648722173e+03 8.846766069832167068e-01 5.526569018958284001e-03
7.629209053114373091e+03 8.740948176787666224e-01 5.642082633690655158e-03
7.636838262167490029e+03 8.639403525997545463e-01 5.650920022323217308e-03
7.644475100429660415e+03 8.570755477296739810e-01 5.544406029381772176e-03
7.652119575530092334e+03 8.523807502530208469e-01 5.468516597689012521e-03
7.659771695105625440e+03 8.479470378352156335e-01 5.905118783885328175e-03
7.667431466800733688e+03 8.387605507654897208e-01 6.641927496985227872e-03
7.675098898267536242e+03 8.328427487118599259e-01 6.886453694194785702e-03
7.682773997165806577e+03 8.301022305321191785e-01 7.201761431982430829e-03
7.690456771162975201e+03 8.342226666784022804e-01 7.555361553331071955e-03
7.698147227934140574e+03 8.480526902879642615e-01 1.022061741490554870e-02
7.705845375162077289e+03 8.470376642276418178e-01 9.958503200115445542e-03
7.713551220537241534e+03 8.464718319891670895e-01 1.027061380339222389e-02
7.721264771757782000e+03 8.434142172633495305e-01 1.047866333393660324e-02
7.728986036529541707e+03 8.417151108518109437e-01 1.091602923147325967e-02
7.736715022566074367e+03 8.403550164777755516e-01 1.112144813152902457e-02
7.744451737588642573e+03 8.441492557490468673e-01 1.072480262292552916e-02
7.752196189326234162e+03 8.470728275510329697e-01 1.095792703093551555e-02
7.759948385515562222e+03 8.533448493927165979e-01 1.052704468337648837e-02
7.767708333901080550e+03 8.619145196463110503e-01 1.079044046029479023e-02
7.775476042234984561e+03 8.705547221710517869e-01 1.041468312001109925e-02
7.783251518277222203e+03 8.825427960830946050e-01 1.086976705335328426e-02
7.791034769795502143e+03 8.986498166357289596e-01 1.079382971429836309e-02
7.798825804565300132e+03 9.148488531288757608e-01 1.024740738940968336e-02
7.806624630369868100e+03 9.317744105319359926e-01 9.250362059735650275e-03
7.814431255000240526e+03 9.354277395851596788e-01 1.033085625919223996e-02
7.822245686255242617e+03 9.359710122923013964e-01 9.050392476790597440e-03
7.830067931941501229e+03 9.408938776451185593e-01 7.453154268643041869e-03
7.837897999873444860e+03 9.530059953154426111e-01 7.117414285622224515e-03
7.845735897873320937e+03 9.704348873112131901e-01 6.955805989114947734e-03
7.853581633771196721e+03 9.857857394570775922e-01 7.461849061844454470e-03
7.861435215404970222e+03 9.970050480753014366e-01 6.984837009619400579e-03
7.869296650620378387e+03 1.004728387359433484e+00 7.135583475837765054e-03
7.877165947271001642e+03 1.005008215027807461e+00 7.183731042279564022e-03
7.885043113218274812e+03 1.002232196298441513e+00 7.060992105071082353e-03
7.892928156331495302e+03 9.899902182557597241e-01 7.995318242087493671e-03
7.900821084487829467e+03 9.790395807039132814e-01 8.144624367306342941e-03
7.908721905572319884e+03 9.626392670190998535e-01 7.758118738415619928e-03
7.916630627477895359e+03 9.436241570410117685e-01 7.110107644574908264e-03
7.924547258105375477e+03 9.265362410500613821e-01 6.553132861792228432e-03
7.932471805363483327e+03 9.129939756037399601e-01 6.402649303920146702e-03
7.940404277168850058e+03 9.022533520258352313e-01 6.103862591902707233e-03
7.948344681446021241e+03 8.946908917391298566e-01 6.021939153309827097e-03
7.956293026127469602e+03 8.910290368713981168e-01 5.726569075246163397e-03
7.964249319153599572e+03 8.868725199638316514e-01 5.578219959672344776e-03
7.972213568472756378e+03 8.840417675279631515e-01 5.644347945738835415e-03
7.980185782041231505e+03 8.842707377678155067e-01 5.671714797670341680e-03
7.988165967823275423e+03 8.808926819013996878e-01 5.655238787173197217e-03
7.996154133791101231e+03 8.812014598669082321e-01 5.746692508641235327e-03
8.004150287924895565e+03 8.807125340754384801e-01 5.563942310210080386e-03
8.012154438212822242e+03 8.798720911689316138e-01 5.988730421607066368e-03
8.020166592651037718e+03 8.805965054698783323e-01 5.703162093894655407e-03
8.028186759243691995e+03 8.789589550740197765e-01 5.904940777984903078e-03
8.036214946002938632e+03 8.781883785211417326e-01 5.914543297351978514e-03
8.044251160948943834e+03 8.738627619064244234e-01 5.614486152089091450e-03
8.052295412109895551e+03 8.724920712840813497e-01 5.547607288512085288e-03
8.060347707522008022e+03 8.743809641601822946e-01 6.509544574566763012e-03
8.068408055229532692e+03 8.734011381850507183e-01 6.348169690022476518e-03
8.076476463284764577e+03 8.760764333774425650e-01 6.461909688538951604e-03
8.084552939748052268e+03 8.762423510839744134e-01 6.492048308720750616e-03
8.092637492687803388e+03 8.779497490358542100e-01 6.408687559395118485e-03
8.100730130180493688e+03 8.789110817586889279e-01 6.816106316804547600e-03
8.108830860310677053e+03 8.749184879494764644e-01 6.865016120120982432e-03
8.116939691170990045e+03 8.697170580975371879e-01 6.826601167879140127e-03
8.125056630862163729e+03 8.629857250606152164e-01 6.998557895717904230e-03
8.133181687493028221e+03 8.572190109018570370e-01 7.104394958861048708e-03
8.141314869180524511e+03 8.500680435901046827e-01 7.188831111593069548e-03
8.149456184049707190e+03 8.452183126783021638e-01 6.735657352769453335e-03
8.157605640233759914e+03 8.467182654048601709e-01 6.900152072778151235e-03
8.165763245873996311e+03 8.546759752280195244e-01 6.807862456095184651e-03
8.173929009119872717e+03 8.683364017687213998e-01 7.237202153668968047e-03
8.182102938128995447e+03 8.820167465536908891e-01 8.110534985607233821e-03
8.190285041067127167e+03 8.984562753609207642e-01 7.917640372018055345e-03
8.198475326108196896e+03 9.134860517851197681e-01 8.494766660503735856e-03
8.206673801434308189e+03 9.212866113085038666e-01 8.725544576764492077e-03
8.214880475235744598e+03 9.271894687174331295e-01 9.174637538676160345e-03
8.223095355710984222e+03 9.317584212736009786e-01 8.863769681265872349e-03
8.231318451066697889e+03 9.323352766597321484e-01 9.155033391012208643e-03
8.239549769517767345e+03 9.228717239037272924e-01 8.295042452886139048e-03
8.247789319287287071e+03 9.108677947024420574e-01 8.083902994158441782e-03
8.256037108606577021e+03 8.980135041352458325e-01 8.348007483392179753e-03
8.264293145715186256e+03 8.805156830770984877e-01 8.314170493284832320e-03
8.272557438860903858e+03 8.665987886318130551e-01 8.141965210098812619e-03
8.280829996299768027e+03 8.552406225215729574e-01 8.210943071165351451e-03
8.289110826296069718e+03 8.467567708135683713e-01 8.488814049079657781e-03
8.297399937122369010e+03 8.414377265598796951e-01 8.566915845202435417e-03
8.305697337059495112e+03 8.332273274675128238e-01 8.637329922287689810e-03
8.314003034396557268e+03 8.251963148439124263e-01 8.873886193524208044e-03
8.322317037430955679e+03 8.186351153512152479e-01 8.868186568058209970e-03
8.330639354468388774e+03 8.137857215444830317e-01 8.975804371484645550e-03
8.338969993822860488e+03 8.071008690337759806e-01 9.439314572258369895e-03
8.347308963816685718e+03 7.956456220766262577e-01 1.073769316476422958e-02
8.355656272780506697e+03 7.993727897837623608e-01 1.037674894844741250e-02
8.364011929053289350e+03 7.936302717940327822e-01 9.208486930865837639e-03
8.372375940982345128e+03 7.890940820334424455e-01 8.294531043299050929e-03
8.380748316923331004e+03 7.885859222081520459e-01 8.022690828510597658e-03
8.389129065240256750e+03 7.915891225643375551e-01 7.991602012552188883e-03
8.397518194305499492e+03 7.979001167228886304e-01 7.981514430710127603e-03
8.405915712499807341e+03 8.070487295015944529e-01 7.815222212049893410e-03
8.414321628212310316e+03 8.120508118085142391e-01 7.634790682590439706e-03
8.422735949840525791e+03 8.144003241332252729e-01 7.431014900765029081e-03
8.431158685790369418e+03 8.137600302430184618e-01 7.713802618171545708e-03
8.439589844476162398e+03 8.099360351628623889e-01 7.934645413525023838e-03
8.448029434320640576e+03 8.039235882377314679e-01 7.828387245130366545e-03
8.456477463754963537e+03 7.953768274713668429e-01 7.620031528469332731e-03
8.464933941218721884e+03 7.866720686109248684e-01 7.732939581124667790e-03
8.473398875159942691e+03 7.766714860851986479e-01 8.055091522723817690e-03
8.481872274035105875e+03 7.734763618679909580e-01 7.868289662117996380e-03
8.490354146309144198e+03 7.775741867166365839e-01 7.787307080928244397e-03
8.498844500455456000e+03 7.763970252322244248e-01 7.028566310246623511e-03
8.507343344955914290e+03 7.746293171203069150e-01 6.571819358686730936e-03
8.515850688300872207e+03 7.806557748627314108e-01 6.474579448745314617e-03
8.524366538989177570e+03 7.866636781533237199e-01 6.504071364158372018e-03
8.532890905528169242e+03 7.882051306492624532e-01 6.613795363134579268e-03
8.541423796433698953e+03 7.892477754504023668e-01 6.463140961408874417e-03
8.549965220230136765e+03 7.840529642576125058e-01 7.502753907934504515e-03
8.558515185450369245e+03 7.837525857876315172e-01 7.870614820630148639e-03
8.567073700635823116e+03 7.874680056392157068e-01 8.037988819059677104e-03
8.575640774336461618e+03 7.878674160229305334e-01 8.453086183080577021e-03
8.584216415110800881e+03 7.850385502909729141e-01 8.788594208927363524e-03
8.592800631525913559e+03 7.794552195365768155e-01 9.188728494192686946e-03
8.601393432157443385e+03 7.758643511713479990e-01 9.020754279945794596e-03
8.609994825589603352e+03 7.780702765851987834e-01 8.784270508572132596e-03
8.618604820415195718e+03 7.820561596552766392e-01 9.013084542657617826e-03
8.627223425235613831e+03 7.814646278983078398e-01 9.199609338746111975e-03
8.635850648660851220e+03 7.791156693193551641e-01 8.935766560399127645e-03
8.644486499309516148e+03 7.785377952478458319e-01 8.665699333936975959e-03
8.653130985808827973e+03 7.849917521875339199e-01 9.766222292944356023e-03
8.661784116794638976e+03 7.858991961049188735e-01 9.548257964717700788e-03
8.670445900911438002e+03 7.889693927443786059e-01 9.790753988948497008e-03
8.679116346812352276e+03 7.964021889766641493e-01 9.652505370567145138e-03
8.687795463159167412e+03 7.995287871450112993e-01 9.786533068759102616e-03
8.696483258622329231e+03 7.991879437051101487e-01 9.922634480460953629e-03
8.705179741880954680e+03 7.972261671420696194e-01 1.014098108958622069e-02
8.713884921622837282e+03 7.926258744799687950e-01 1.032446179664211171e-02
8.722598806544463514e+03 7.837957902579156810e-01 9.706608474991889821e-03
8.731321405351010981e+03 7.769944652861391354e-01 9.517476005944453671e-03
8.740052726756364791e+03 7.718634373715811403e-01 9.882843606519118446e-03
8.748792779483124832e+03 7.725159608428130431e-01 9.503365607298881051e-03
8.757541572262609407e+03 7.696912181717716628e-01 9.567673759323731125e-03
8.766299113834875243e+03 7.693209058555899871e-01 9.904676306330746638e-03
8.775065412948713856e+03 7.659394778662285130e-01 1.003148188052416928e-02
8.783840478361664282e+03 7.639084855479736369e-01 9.866949581826984020e-03
8.792624318840029446e+03 7.576157008808862559e-01 9.941294214252924255e-03
8.801416943158872527e+03 7.589283313351191662e-01 9.619129718933241632e-03
8.810218360102035149e+03 7.554507315638175902e-01 9.163737485190377383e-03
8.819028578462139194e+03 7.573471831834308610e-01 8.959672287019082235e-03
8.827847607040604998e+03 7.652762959688664823e-01 9.075246781152698436e-03
8.836675454647647712e+03 7.732461408468925823e-01 8.737615638635422982e-03
8.845512130102299125e+03 7.746432005254229036e-01 8.593330786797557380e-03
8.854357642232404032e+03 7.773454266342665342e-01 8.469152210803165479e-03
8.863211999874638423e+03 7.818363401088067599e-01 8.322345664140253299e-03
8.872075211874516754e+03 7.873264557113913709e-01 8.704424520834513207e-03
8.880947287086393771e+03 7.826435394257412748e-01 8.624234971292049981e-03
8.889828234373482701e+03 7.797983697664537805e-01 8.739290793184185252e-03
8.898718062607858883e+03 7.780065437297241093e-01 8.339092738089854198e-03
8.907616780670470689e+03 7.757278371409286333e-01 8.077844352940408493e-03
8.916524397451143159e+03 7.719546430875325882e-01 7.846032288611132569e-03
8.925440921848598009e+03 7.644008350547905062e-01 7.771311394829148907e-03
8.934366362770449996e+03 7.557315152896573185e-01 7.003049206528826932e-03
8.943300729133223285e+03 7.493474243990951855e-01 6.859769708758605561e-03
8.952244029862358730e+03 7.417874499867589400e-01 7.119246200238622639e-03
8.961196273892224781e+03 7.354569334116749513e-01 7.073936282395840505e-03
8.970157470166119310e+03 7.352237087436002128e-01 6.745915651564489759e-03
8.979127627636287798e+03 7.351592777496509523e-01 6.623739076560342283e-03
8.988106755263928790e+03 7.328366753484132357e-01 6.777267636002224857e-03
8.997094862019195716e+03 7.377498654879363071e-01 6.625134537123650649e-03
9.006091956881216902e+03 7.438960304397869150e-01 6.596734858090392076e-03
9.015098048838101022e+03 7.509815317692590808e-01 6.674473253558649982e-03
9.024113146886942559e+03 7.590022703812741023e-01 7.136863299219716079e-03
9.033137260033832717e+03 7.708286472558195657e-01 8.729592588639072809e-03
9.042170397293868518e+03 7.758766375369453572e-01 9.265657693471577097e-03
9.051212567691165532e+03 7.778037415083074446e-01 9.477609879925704903e-03
9.060263780258859697e+03 7.827759251716412958e-01 9.621310193701529748e-03
9.069324044039121873e+03 7.910786180687423563e-01 9.731780009942727835e-03
9.078393368083163296e+03 7.960757487175976754e-01 9.660979128332362192e-03
9.087471761451250131e+03 7.965589653618163624e-01 1.016135785108772567e-02
9.096559233212705294e+03 7.970213823217662252e-01 1.030619861129730523e-02
9.105655792445919360e+03 7.976932517203764172e-01 1.046420663399104563e-02
9.114761448238368757e+03 8.010665690873864930e-01 1.039391160430078696e-02
9.123876209686610309e+03 8.084085507677544191e-01 1.041518720634987058e-02
9.133000085896299424e+03 8.106580352885944807e-01 1.036132582282205290e-02
9.142133085982199191e+03 8.108669404668885639e-01 1.038044655118438783e-02
9.151275219068184015e+03 8.165587093109093475e-01 1.136461247794288282e-02
9.160426494287255991e+03 8.151124723477997103e-01 1.164523437568669439e-02
9.169586920781546723e+03 8.155976081102691566e-01 1.196535592080025939e-02
9.178756507702330055e+03 8.132838285661742050e-01 1.263924200258437214e-02
9.187935264210036621e+03 8.100728546487574455e-01 1.334725463979228796e-02
9.197123199474248395e+03 8.070450435664485722e-01 1.443341680449243720e-02
9.206320322673725968e+03 8.090929017825754244e-01 1.530822875938232797e-02
9.215526642996403098e+03 8.079364760994363071e-01 1.643689512809459741e-02
9.224742169639403073e+03 8.040907944527300177e-01 1.819575135826476814e-02
9.233966911809044177e+03 7.950672833727145949e-01 2.125812451606941267e-02
9.243200878720857872e+03 7.837440975954708122e-01 2.552956732635147663e-02
9.252444079599581528e+03 7.705378387772311433e-01 3.076765886469709846e-02
9.261696523679183883e+03 7.529083745472290312e-01 3.601419106343624332e-02
9.270958220202865050e+03 7.416456462350671242e-01 4.604191541014791833e-02
9.280229178423071062e+03 7.369688993439174052e-01 5.994382355018343378e-02
9.289509407601497514e+03 7.470441173114904521e-01 7.943346792408735590e-02
9.298798917009102297e+03 7.755304205715000121e-01 1.076743409348962094e-01
9.308097715926114688e+03 8.200663149856269873e-01 1.512935991101247712e-01
