# starting wavelength: 3399.625
# ending wavelength: 8610.368
# wav flux eflux
3.402083057625803121e+03 1.679404057949695384e+00 1.154541473304075749e+00
3.405485140683430018e+03 1.661600476511021718e+00 8.548301366807580237e-01
3.408890625824114522e+03 1.671671363896719109e+00 6.497174974559933869e-01
3.412299516449939802e+03 1.731171392682959276e+00 5.044467059560908684e-01
3.415711815966390986e+03 1.754531614722605326e+00 3.924090246695638995e-01
3.419127527782358356e+03 1.765647283308530158e+00 3.098923991773104292e-01
3.422546655310141887e+03 1.772998651169536810e+00 2.520408897170643425e-01
3.425969201965453522e+03 1.780100577749572199e+00 2.133515333637543698e-01
3.429395171167419903e+03 1.786809122025814878e+00 1.778853996453180764e-01
3.432824566338588284e+03 1.788062873943091935e+00 1.544805428547087744e-01
3.436257390904928343e+03 1.781358413870735014e+00 1.366358545824397364e-01
3.439693648295834464e+03 1.771832703126845709e+00 1.225600743502351098e-01
3.443133341944131189e+03 1.729695519474255150e+00 1.152287305356839014e-01
3.446576475286076402e+03 1.710349838837860403e+00 1.085093766829755696e-01
3.450023051761363604e+03 1.653977490960856445e+00 1.063842887634391804e-01
3.453473074813126004e+03 1.626985097261997915e+00 1.004511639666057637e-01
3.456926547887940615e+03 1.614040970944881970e+00 9.867521426724978895e-02
3.460383474435829612e+03 1.602956498829207321e+00 9.386683994755253002e-02
3.463843857910266706e+03 1.620450058533697391e+00 9.250581859365135384e-02
3.467307701768178049e+03 1.599878624266346527e+00 9.499164600210857623e-02
3.470775009469947236e+03 1.617154261980131791e+00 9.348790415122554265e-02
3.474245784479418489e+03 1.625711456668840871e+00 8.959916649246332798e-02
3.477720030263898934e+03 1.619319718703048361e+00 9.317556073669790162e-02
3.481197750294164052e+03 1.652145424864455814e+00 9.248035638310071749e-02
3.484678948044459503e+03 1.661352363472111460e+00 9.323745895192624145e-02
3.488163626992504760e+03 1.657151218904193923e+00 9.299727883589935240e-02
3.491651790619498570e+03 1.644996347889063015e+00 9.222874020058187405e-02
3.495143442410119405e+03 1.634099738772707200e+00 9.638677190401236106e-02
3.498638585852530468e+03 1.623549917477673521e+00 9.191836277560337665e-02
3.502137224438384237e+03 1.632472750283296525e+00 8.388283253336081824e-02
3.505639361662823831e+03 1.666946901039107809e+00 7.929702489173660884e-02
3.509145001024487556e+03 1.642118129629309031e+00 7.269835279772897396e-02
3.512654146025513455e+03 1.632447076589941259e+00 6.920425733977970950e-02
3.516166800171540217e+03 1.589291820702939617e+00 6.506188469519225137e-02
3.519682966971712631e+03 1.555821285365664552e+00 6.760105834303035965e-02
3.523202649938685681e+03 1.540342419446854239e+00 6.438766827584307961e-02
3.526725852588625457e+03 1.526081235037184625e+00 6.733234241215457772e-02
3.530252578441215064e+03 1.514534192791102241e+00 6.704105537369077494e-02
3.533782831019657806e+03 1.484383466174920674e+00 5.726244231351668157e-02
3.537316613850678550e+03 1.472665745702856244e+00 5.718925046402197759e-02
3.540853930464530094e+03 1.471318293638156582e+00 5.893758601475933279e-02
3.544394784394995895e+03 1.453547356348651620e+00 5.980729414853790810e-02
3.547939179179392340e+03 1.475939294715111094e+00 5.724944080731159818e-02
3.551487118358572843e+03 1.506511616775321860e+00 5.903971573142340751e-02
3.555038605476932389e+03 1.527054330466186771e+00 5.597792633549276281e-02
3.558593644082410719e+03 1.557791766879397688e+00 5.492739669168401895e-02
3.562152237726494150e+03 1.563593016337063268e+00 5.345810101228683220e-02
3.565714389964221937e+03 1.574443338439906581e+00 5.585144967598800608e-02
3.569280104354187188e+03 1.588314607176563920e+00 5.667003579363367322e-02
3.572849384458542772e+03 1.583568512807735695e+00 5.747181388635465987e-02
3.576422233843002232e+03 1.588909593553974098e+00 5.756479529488914282e-02
3.579998656076846601e+03 1.590551765720781718e+00 5.702044159432767545e-02
3.583578654732924406e+03 1.580325974741851880e+00 6.114891916304147218e-02
3.587162233387658489e+03 1.572297192138527810e+00 6.098193714740702404e-02
3.590749395621047370e+03 1.578766433728434837e+00 5.788598801656963388e-02
3.594340145016669794e+03 1.587965921822418469e+00 5.744498388871346894e-02
3.597934485161687462e+03 1.605051332720629054e+00 6.012651500876111527e-02
3.601532419646850485e+03 1.632640465899001025e+00 5.911227601342224774e-02
3.605133952066498296e+03 1.660147248765564632e+00 5.907560925187308604e-02
3.608739086018566013e+03 1.670409465114756520e+00 6.209799106425829135e-02
3.612347825104585809e+03 1.697400306064298592e+00 6.544567738682928459e-02
3.615960172929691907e+03 1.683760374672908844e+00 6.424253370500866700e-02
3.619576133102622407e+03 1.672228047716823651e+00 6.623737586823487400e-02
3.623195709235726554e+03 1.691200883438942482e+00 5.979572238074117724e-02
3.626818904944963379e+03 1.699835731413158468e+00 5.943822250177031863e-02
3.630445723849909427e+03 1.702406542462321593e+00 5.955945832223585173e-02
3.634076169573760581e+03 1.675012681685479787e+00 5.866402163452944657e-02
3.637710245743335690e+03 1.668734999322469381e+00 5.910002883576565696e-02
3.641347955989080219e+03 1.664007177608001431e+00 6.154057303029216580e-02
3.644989303945070333e+03 1.672093174349616129e+00 5.857550485019967501e-02
3.648634293249016537e+03 1.676560639954943754e+00 5.827464061772068271e-02
3.652282927542266862e+03 1.676752583888267978e+00 6.129712983010775912e-02
3.655935210469810499e+03 1.668789503024946663e+00 5.766487459649986130e-02
3.659591145680281443e+03 1.682906768612685511e+00 5.841835800976837717e-02
3.663250736825963031e+03 1.698365538094928295e+00 5.665020424616241945e-02
3.666913987562790226e+03 1.687902074098675209e+00 5.592548382914506316e-02
3.670580901550354156e+03 1.700280990626075850e+00 5.643871350658571928e-02
3.674251482451905758e+03 1.684917538585082752e+00 5.660729111973848704e-02
3.677925733934358959e+03 1.693273676767400593e+00 4.489419121610133123e-02
3.681603659668294313e+03 1.657533096343058121e+00 5.231379739786930910e-02
3.685285263327964003e+03 1.605663647338649191e+00 6.988828402660057781e-02
3.688970548591293209e+03 1.605417023594689407e+00 6.975819293928861575e-02
3.692659519139885560e+03 1.570897506659682419e+00 5.777091336453660242e-02
3.696352178659026777e+03 1.552273754703943576e+00 5.312267518676593026e-02
3.700048530837686940e+03 1.538267959654254557e+00 5.042850555889120262e-02
3.703748579368525952e+03 1.573217508516156826e+00 5.447135912080305897e-02
3.707452327947895355e+03 1.626162555863396308e+00 6.935083557180533875e-02
3.711159780275844696e+03 1.650679521055583576e+00 7.198164185654445935e-02
3.714870940056121526e+03 1.708638672218183219e+00 6.462017543265356767e-02
3.718585810996179134e+03 1.733182242695578745e+00 6.454926961436380228e-02
3.722304396807176545e+03 1.743657574552065714e+00 6.437326642114495068e-02
3.726026701203984885e+03 1.759573615932922053e+00 6.117183514225302959e-02
3.729752727905190113e+03 1.748551302769925542e+00 7.063608599582732461e-02
3.733482480633096657e+03 1.750545312778545970e+00 7.392982729333152925e-02
3.737215963113731050e+03 1.741749218235240093e+00 7.142478501190065165e-02
3.740953179076846027e+03 1.729001853425016888e+00 6.897211240635356400e-02
3.744694132255923705e+03 1.712639090561154154e+00 7.069131681050402904e-02
3.748438826388181042e+03 1.693950040976547777e+00 6.522481147664409284e-02
3.752187265214570289e+03 1.698118851167704779e+00 6.303407673380335974e-02
3.755939452479786269e+03 1.678616709190192013e+00 6.596088020090955240e-02
3.759695391932267285e+03 1.693355296511012353e+00 7.041985504065555179e-02
3.763455087324201031e+03 1.684700912436473796e+00 7.027577699747959705e-02
3.767218542411526414e+03 1.723759435821589525e+00 5.960734566157677855e-02
3.770985760953939007e+03 1.727521156823241144e+00 5.934137622674953011e-02
3.774756746714894234e+03 1.737568520026087748e+00 5.642855058636299381e-02
3.778531503461610555e+03 1.723098091079887650e+00 6.027122420738812575e-02
3.782310034965073100e+03 1.697783638609117629e+00 5.688092045633667132e-02
3.786092345000039586e+03 1.692848422983117995e+00 5.359863832362746217e-02
3.789878437345040766e+03 1.661977402311016760e+00 5.597528599165008806e-02
3.793668315782387253e+03 1.620457674983040164e+00 4.586135471889882242e-02
3.797461984098170888e+03 1.610684710639465722e+00 4.550764683170466923e-02
3.801259446082270188e+03 1.644715115188438714e+00 5.089099000860282385e-02
3.805060705528353537e+03 1.643465582737799746e+00 5.095990065274749042e-02
3.808865766233883278e+03 1.659239524753463257e+00 4.933527169292909603e-02
3.812674632000118436e+03 1.690626072700264881e+00 4.140369606995998597e-02
3.816487306632119726e+03 1.692617730384653241e+00 4.054955644906494544e-02
3.820303793938753188e+03 1.689359120811253057e+00 4.053286520120441550e-02
3.824124097732693372e+03 1.646612088160731568e+00 4.295593342122643737e-02
3.827948221830427428e+03 1.609242348386605403e+00 5.037062572865620702e-02
3.831776170052258749e+03 1.597971472601856568e+00 5.137313851119660463e-02
3.835607946222312421e+03 1.603720144567968964e+00 5.120584879666342099e-02
3.839443554168536139e+03 1.626427485556308783e+00 5.024761081948882213e-02
3.843282997722705659e+03 1.635141656657152387e+00 5.383628241965378314e-02
3.847126280720429804e+03 1.665454191512518722e+00 5.302387570395643290e-02
3.850973407001151372e+03 1.687463344421502365e+00 5.452545396599027538e-02
3.854824380408153957e+03 1.725743423729172665e+00 4.667143033130457391e-02
3.858679204788563311e+03 1.740281434164465235e+00 4.655383810842614323e-02
3.862537883993353262e+03 1.755479117957916779e+00 4.508772125754405280e-02
3.866400421877347981e+03 1.767623502260097235e+00 4.429264837508677805e-02
3.870266822299226533e+03 1.775292197580950138e+00 4.220031117638059492e-02
3.874137089121526969e+03 1.704372633929863046e+00 4.773660393176232947e-02
3.878011226210649966e+03 1.674869337353440013e+00 4.530454953343533708e-02
3.881889237436861549e+03 1.636101483219322583e+00 4.322557777688686848e-02
3.885771126674299921e+03 1.610635947076925145e+00 4.160490666015297795e-02
3.889656897800975457e+03 1.618261988100487381e+00 5.283563288366228267e-02
3.893546554698777527e+03 1.628045701802496747e+00 4.915564355254163631e-02
3.897440101253477678e+03 1.626759446037301604e+00 4.913919199561884305e-02
3.901337541354732366e+03 1.643911622585738863e+00 4.495180626380850669e-02
3.905238878896088409e+03 1.655577206692096848e+00 4.463891256289268666e-02
3.909144117774985716e+03 1.647253026133625786e+00 4.668297243639578376e-02
3.913053261892762293e+03 1.660465303056803510e+00 4.434001700637512505e-02
3.916966315154656058e+03 1.649494632166200736e+00 4.187411117209442757e-02
3.920883281469812118e+03 1.629848607286394468e+00 4.629547403474066486e-02
3.924804164751283224e+03 1.614220438557028681e+00 4.588353981824389027e-02
3.928728968916035683e+03 1.618332790718388647e+00 4.628884752315421541e-02
3.932657697884953450e+03 1.620672660473463367e+00 4.593979208009833087e-02
3.936590355582839493e+03 1.617571541612849773e+00 4.339702363997322704e-02
3.940526945938423523e+03 1.636088785689410630e+00 4.712012472359514148e-02
3.944467472884363360e+03 1.708068976654324445e+00 5.128736376037862366e-02
3.948411940357249023e+03 1.712239468393223385e+00 5.124165909288513204e-02
3.952360352297607733e+03 1.691732235013789554e+00 5.515001342764299513e-02
3.956312712649906643e+03 1.684578631189141307e+00 5.614364089746706060e-02
3.960269025362557841e+03 1.677797009329156319e+00 5.742113390011495400e-02
3.964229294387921527e+03 1.711998721039758697e+00 5.751530311609168167e-02
3.968193523682310570e+03 1.733158242087653012e+00 5.720601917760061161e-02
3.972161717205994591e+03 1.711197615252741278e+00 5.751036405491170844e-02
3.976133878923201792e+03 1.688369025709711257e+00 6.190440805026430071e-02
3.980110012802126221e+03 1.673417955126227818e+00 6.104492019337878078e-02
3.984090122814929600e+03 1.649512478269448579e+00 5.640325890370415096e-02
3.988074212937745870e+03 1.620112328346746233e+00 6.075020436057348983e-02
3.992062287150684824e+03 1.618278045050437042e+00 6.183704534654416163e-02
3.996054349437837118e+03 1.593970582504853351e+00 6.503323490783337324e-02
4.000050403787276082e+03 1.585032194764279367e+00 6.485045040208664568e-02
4.004050454191064546e+03 1.576012489080753420e+00 6.067945067932854070e-02
4.008054504645257111e+03 1.583722856097207199e+00 5.998688298421613746e-02
4.012062559149903791e+03 1.578128087404647495e+00 6.027760507854500183e-02
4.016074621709055009e+03 1.663017143889594207e+00 5.139813407710359244e-02
4.020090696330765240e+03 1.673091712848569390e+00 4.876827652092353971e-02
4.024110787027097558e+03 1.703317256267143476e+00 4.471064629299831977e-02
4.028134897814125907e+03 1.691073346675251665e+00 4.392901276118539589e-02
4.032163032711941469e+03 1.671189967595038128e+00 4.480760874686633144e-02
4.036195195744654484e+03 1.655373456387953857e+00 4.468787227839934872e-02
4.040231390940400615e+03 1.621077381257775452e+00 4.617691069810948845e-02
4.044271622331342314e+03 1.627722380754438536e+00 4.805358292240595464e-02
4.048315893953675186e+03 1.589511313866015518e+00 4.878891406586859103e-02
4.052364209847629809e+03 1.581405847942338960e+00 5.252782452254325246e-02
4.056416574057479011e+03 1.603397164509107853e+00 5.834707179816574912e-02
4.060472990631537868e+03 1.589396859004675644e+00 6.085262837764413013e-02
4.064533463622170530e+03 1.581989757492609616e+00 5.915416798291556200e-02
4.068597997085794304e+03 1.629708434361568203e+00 5.622135786317039585e-02
4.072666595082881486e+03 1.648825266552355284e+00 6.029769023936774192e-02
4.076739261677965715e+03 1.656074367397245339e+00 5.607667211818723185e-02
4.080816000939644709e+03 1.643219840006485022e+00 5.616373712407028013e-02
4.084896816940585722e+03 1.641351857263081415e+00 5.651782605904241003e-02
4.088981713757527814e+03 1.702175875588697762e+00 6.419299367623194918e-02
4.093070695471286854e+03 1.721851688693903037e+00 6.439309665088967238e-02
4.097163766166759160e+03 1.730098340515338062e+00 6.327773078290001296e-02
4.101260929932927866e+03 1.751127389495164888e+00 6.196367423117129375e-02
4.105362190862862008e+03 1.757602505915277336e+00 6.169586867008370473e-02
4.109467553053726078e+03 1.756783402461271848e+00 6.235624691826398280e-02
4.113577020606780934e+03 1.758503555455348533e+00 6.250182185082285569e-02
4.117690597627389252e+03 1.721115500145541377e+00 6.242747014718939835e-02
4.121808288225018259e+03 1.745439174484741507e+00 6.535093395117082260e-02
4.125930096513244280e+03 1.732581954209135411e+00 6.278321955580154490e-02
4.130056026609759101e+03 1.760991584424709488e+00 5.719401147423818638e-02
4.134186082636369974e+03 1.748168957482920893e+00 5.736208480896199530e-02
4.138320268719007800e+03 1.696778155730480409e+00 5.807810733177666551e-02
4.142458588987728035e+03 1.677267600670809600e+00 5.784346143022262715e-02
4.146601047576717065e+03 1.696989426354723385e+00 5.496065944880811766e-02
4.150747648624294925e+03 1.668727831387708527e+00 5.770823535618229555e-02
4.154898396272920763e+03 1.641459612106992871e+00 5.499351857294351720e-02
4.159053294669195566e+03 1.608446391357899463e+00 5.540443239640873568e-02
4.163212347963865795e+03 1.578544250308300256e+00 5.160658655894981295e-02
4.167375560311830668e+03 1.565902463348707530e+00 5.065314850098623367e-02
4.171542935872143971e+03 1.566319972525264781e+00 5.082801476774584382e-02
4.175714478808017702e+03 1.580011793832729383e+00 4.831829400333054886e-02
4.179890193286827525e+03 1.599108634212638380e+00 5.057093560643875774e-02
4.184070083480115500e+03 1.615655730272959278e+00 4.997090524505735237e-02
4.188254153563597356e+03 1.636442333898349366e+00 5.025273001028723180e-02
4.192442407717161586e+03 1.619290195425948653e+00 4.574565438550026730e-02
4.196634850124880359e+03 1.634387706341054347e+00 4.414906566067765270e-02
4.200831484975006788e+03 1.663797949330678483e+00 4.517073797177578731e-02
4.205032316459983122e+03 1.664769204011834258e+00 4.760878411339988792e-02
4.209237348776444378e+03 1.654701153512167622e+00 4.848777895257955217e-02
4.213446586125221984e+03 1.617728275606261645e+00 4.352205309554979529e-02
4.217660032711349231e+03 1.591714662837478977e+00 4.153547794311000102e-02
4.221877692744061278e+03 1.563049132197266822e+00 4.073317672666612599e-02
4.226099570436806971e+03 1.578895231521367570e+00 4.323955985272606023e-02
4.230325670007245208e+03 1.561626501370625419e+00 4.457822526118080525e-02
4.234555995677254032e+03 1.568512463368359144e+00 4.778055209339650972e-02
4.238790551672932452e+03 1.567169607074183624e+00 4.592739060068321694e-02
4.243029342224606808e+03 1.558170640829874776e+00 4.634664926545948443e-02
4.247272371566832589e+03 1.568237170908534539e+00 4.628713831233757098e-02
4.251519643938400804e+03 1.587969213014560621e+00 4.586174187311167078e-02
4.255771163582340705e+03 1.604181503302471334e+00 4.816384346938890060e-02
4.260026934745924336e+03 1.613090506728443341e+00 4.938206344398018283e-02
4.264286961680671993e+03 1.599437842549919830e+00 4.619536400822726180e-02
4.268551248642354039e+03 1.586229323236317823e+00 4.598406363166680083e-02
4.272819799890998183e+03 1.548283231514514968e+00 4.299100837116928697e-02
4.277092619690890388e+03 1.526404407586402057e+00 4.289797612894455381e-02
4.281369712310583054e+03 1.519054497326466580e+00 4.380459975952726015e-02
4.285651082022895025e+03 1.491861504311485787e+00 4.205378638489220416e-02
4.289936733104918858e+03 1.470040227639739294e+00 3.939130102886172907e-02
4.294226669838025373e+03 1.452618287099842975e+00 4.016117806857205652e-02
4.298520896507864563e+03 1.442294557512109998e+00 3.729693258486171947e-02
4.302819417404373780e+03 1.445600057902135971e+00 3.726491310516878708e-02
4.307122236821779552e+03 1.475432039882218715e+00 3.345955938818102188e-02
4.311429359058603040e+03 1.519149289027995176e+00 2.435305696299682604e-02
4.315740788417662770e+03 1.541401911676955061e+00 2.781317422920173005e-02
4.320056529206081905e+03 1.581053701362543418e+00 3.044743077665445705e-02
4.324376585735290064e+03 1.599923692189171742e+00 2.839171330992168799e-02
4.328700962321026054e+03 1.618384367581998884e+00 3.139241138888311522e-02
4.333029663283348782e+03 1.647029837729359514e+00 3.139227564190631703e-02
4.337362692946633615e+03 1.677776779628770143e+00 3.243929628054776498e-02
4.341700055639581478e+03 1.710634604185200969e+00 3.752914382663809917e-02
4.346041755695222491e+03 1.705804143418296004e+00 3.769167690525968006e-02
4.350387797450919606e+03 1.698538247436797821e+00 3.766465665622247688e-02
4.354738185248371337e+03 1.649109766445191916e+00 4.730372675926180354e-02
4.359092923433621763e+03 1.618738413522017749e+00 4.701523647755435215e-02
4.363452016357056891e+03 1.598804320615238472e+00 4.753490558996930487e-02
4.367815468373414660e+03 1.570837667743671062e+00 4.748321743533334000e-02
4.372183283841789489e+03 1.530833421762132218e+00 4.717068932467604475e-02
4.376555467125633186e+03 1.507679812064109059e+00 4.755281869271643647e-02
4.380932022592760404e+03 1.491770832091061427e+00 4.722620267336671840e-02
4.385312954615354101e+03 1.482015631979411774e+00 4.684357272864534544e-02
4.389698267569970994e+03 1.468765867876506981e+00 4.799278958175989818e-02
4.394087965837542470e+03 1.478912820822600338e+00 4.471663149995042108e-02
4.398482053803381859e+03 1.484209681033849648e+00 4.759575152684070859e-02
4.402880535857186260e+03 1.527240540511021427e+00 4.274676181948101200e-02
4.407283416393044718e+03 1.557355348107115622e+00 4.682944326070878627e-02
4.411690699809440048e+03 1.529814551558943636e+00 4.694657699134204693e-02
4.416102390509250654e+03 1.521349368187349338e+00 4.747419529283472550e-02
4.420518492899761441e+03 1.549421100160006670e+00 4.681139324025695297e-02
4.424939011392662906e+03 1.547809562576686782e+00 4.348073193054185354e-02
4.429363950404056595e+03 1.532739258391471404e+00 4.495217286292868542e-02
4.433793314354462382e+03 1.536716071476646794e+00 4.734913364588268225e-02
4.438227107668818462e+03 1.509392509928206172e+00 4.096988689187371774e-02
4.442665334776488635e+03 1.493961410266763767e+00 4.085480378166084225e-02
4.447108000111265937e+03 1.477642791765719110e+00 4.121871386218105282e-02
4.451555108111379013e+03 1.467223410391548688e+00 4.054033806874878659e-02
4.456006663219492111e+03 1.460520834476990215e+00 3.766415955162287499e-02
4.460462669882713271e+03 1.469775187703107999e+00 3.589464022092610923e-02
4.464923132552597053e+03 1.481498137235011114e+00 3.855408366425960159e-02
4.469388055685150903e+03 1.496289078841012143e+00 3.878786924521594043e-02
4.473857443740837880e+03 1.504013350970742735e+00 3.918001973320540260e-02
4.478331301184580298e+03 1.511829137660562372e+00 3.951769073959988943e-02
4.482809632485766087e+03 1.514524114074958128e+00 3.859056334130460397e-02
4.487292442118253348e+03 1.519459129342363157e+00 3.762151719944385742e-02
4.491779734560373072e+03 1.516483892105805031e+00 3.454504083034961454e-02
4.496271514294934605e+03 1.483305658583326636e+00 3.052862633000361439e-02
4.500767785809231100e+03 1.450289788404176772e+00 2.947748610498705096e-02
4.505268553595042249e+03 1.440801440775663966e+00 3.125852531369134601e-02
4.509773822148638828e+03 1.422280062422930591e+00 2.899218075453691840e-02
4.514283595970789065e+03 1.406604814366671174e+00 2.485723813800890317e-02
4.518797879566761367e+03 1.418129935811186515e+00 2.713929389165595230e-02
4.523316677446328868e+03 1.441879947645720472e+00 2.720378351663370331e-02
4.527839994123776705e+03 1.456233722542198628e+00 2.647059484613486710e-02
4.532367834117902021e+03 1.465134282949129174e+00 2.723440270508898850e-02
4.536900201952022144e+03 1.489757076265698643e+00 2.476883601410010197e-02
4.541437102153975502e+03 1.497303074085599706e+00 2.608196757322524609e-02
4.545978539256130716e+03 1.504787322443033926e+00 2.499138935900959216e-02
4.550524517795388419e+03 1.523702267028448798e+00 2.612138002330827852e-02
4.555075042313184895e+03 1.536498390170615957e+00 2.445650272612402004e-02
4.559630117355500261e+03 1.551487048440441052e+00 2.437556862680808137e-02
4.564189747472856652e+03 1.562341399484986182e+00 2.406250596973216749e-02
4.568753937220330954e+03 1.575544346947773233e+00 2.490040844244034365e-02
4.573322691157552981e+03 1.603832903043002966e+00 1.733650176209674751e-02
4.577896013848711846e+03 1.607804181635852148e+00 1.782939238292416753e-02
4.582473909862562323e+03 1.589736712187592493e+00 2.503240956598032710e-02
4.587056383772426670e+03 1.575951416960329254e+00 2.591585881359238092e-02
4.591643440156200086e+03 1.553124833076630740e+00 2.543656797440250333e-02
4.596235083596357981e+03 1.533788623323047773e+00 2.563009058968677284e-02
4.600831318679955984e+03 1.514138451952990794e+00 2.142193370088604429e-02
4.605432149998637215e+03 1.522001809806651451e+00 2.762901002674191323e-02
4.610037582148637739e+03 1.519562049308504026e+00 2.729833633766959311e-02
4.614647619730787483e+03 1.535090392662152414e+00 3.241218684869683064e-02
4.619262267350520233e+03 1.522849263140916287e+00 3.321295283439305163e-02
4.623881529617872729e+03 1.525601563519396242e+00 3.210554517268596197e-02
4.628505411147491941e+03 1.507597296184898461e+00 3.337980935205171057e-02
4.633133916558640522e+03 1.504686472197136915e+00 3.229984622993178900e-02
4.637767050475200449e+03 1.489460418346427284e+00 3.227811997267650973e-02
4.642404817525677572e+03 1.461552913544120313e+00 3.196885978583071525e-02
4.647047222343205249e+03 1.423255232920649149e+00 3.346299246062252319e-02
4.651694269565549803e+03 1.392471113645663783e+00 3.099199935415756016e-02
4.656345963835116891e+03 1.388109170259010705e+00 3.164727266544979656e-02
4.661002309798953320e+03 1.400569097274577013e+00 3.234613232058114463e-02
4.665663312108753416e+03 1.417902039314514751e+00 3.035095473105423741e-02
4.670328975420864481e+03 1.443265398552090240e+00 3.335219881180778723e-02
4.674999304396286789e+03 1.470452193308444899e+00 3.181037246911695704e-02
4.679674303700684504e+03 1.472555529049194067e+00 3.075206125796871651e-02
4.684353978004386590e+03 1.474116543073532792e+00 3.059047080640928465e-02
4.689038331982392265e+03 1.475356671764127325e+00 3.050042780014707716e-02
4.693727370314376458e+03 1.477239206509797009e+00 3.135274601285436419e-02
4.698421097684692540e+03 1.445707380674689624e+00 3.204846454528518379e-02
4.703119518782378691e+03 1.440290273459290171e+00 3.166363316622140128e-02
4.707822638301162442e+03 1.414965102806876818e+00 2.527547593705084875e-02
4.712530460939465229e+03 1.410249938868543884e+00 2.580035031695019493e-02
4.717242991400406027e+03 1.418259634388900459e+00 3.565406838559907060e-02
4.721960234391808626e+03 1.414429624640370919e+00 3.224553452593837549e-02
4.726682194626201635e+03 1.412320666958639892e+00 3.102080902580130542e-02
4.731408876820829391e+03 1.406163728492671350e+00 2.903182567436971701e-02
4.736140285697651962e+03 1.382553780302867796e+00 3.393197552532575129e-02
4.740876425983350600e+03 1.373495062175571713e+00 3.361829074455757044e-02
4.745617302409335934e+03 1.388656738461752527e+00 3.645877421324073692e-02
4.750362919711747054e+03 1.380429551731825022e+00 3.653427766518935887e-02
4.755113282631459697e+03 1.371515352394707676e+00 3.415961375239290332e-02
4.759868395914093526e+03 1.386015089198465278e+00 3.592136837858468656e-02
4.764628264310008490e+03 1.410567536329659477e+00 3.751819147601402615e-02
4.769392892574320285e+03 1.427623791274158727e+00 3.838005738272237677e-02
4.774162285466896719e+03 1.451541557662979764e+00 3.592252525150156639e-02
4.778936447752364984e+03 1.465356526492070710e+00 3.249576774184536471e-02
4.783715384200118933e+03 1.437981841598124921e+00 3.663868058951053747e-02
4.788499099584319993e+03 1.416611198683037198e+00 3.561071395578352394e-02
4.793287598683906253e+03 1.383002364886162461e+00 3.771134634211594644e-02
4.798080886282591564e+03 1.357780279417758695e+00 3.413532314143867541e-02
4.802878967168876443e+03 1.346511677049929911e+00 3.334682467827664726e-02
4.807681846136046261e+03 1.360614392806130279e+00 3.223193221001970782e-02
4.812489527982183972e+03 1.377822707557316395e+00 4.006147635060413464e-02
4.817302017510168298e+03 1.391470399152593185e+00 3.829119227470415693e-02
4.822119319527679181e+03 1.373458983314665094e+00 5.424102893814632120e-02
4.826941438847208701e+03 1.476890194274190327e+00 2.860913444214787174e-02
4.831768380286057436e+03 1.475191871399832877e+00 2.735236371493095231e-02
4.836600148666345376e+03 1.464959427484943566e+00 3.049457512125559530e-02
4.841436748815013743e+03 1.424477046890207266e+00 4.038367395809507043e-02
4.846278185563829538e+03 1.422866320013266517e+00 6.147039483251667824e-02
4.851124463749395545e+03 1.552405005121269665e+00 8.637216156898740171e-02
4.855975588213146693e+03 1.709262071078325729e+00 8.797481045372217145e-02
4.860831563801360971e+03 1.770226743879572240e+00 9.018949413211203858e-02
4.865692395365163975e+03 1.796066982132566547e+00 8.889990124037298880e-02
4.870558087760530725e+03 1.724726393120700640e+00 1.031719453888174653e-01
4.875428645848292945e+03 1.566394895154475941e+00 8.455641497980681542e-02
4.880304074494142696e+03 1.476746418945321881e+00 8.375840900112835330e-02
4.885184378568638749e+03 1.468444854029020252e+00 8.248166822385623320e-02
4.890069562947209306e+03 1.482374785763445724e+00 1.038421536424771752e-01
4.894959632510157462e+03 1.464325641461746041e+00 9.518640686871229772e-02
4.899854592142669389e+03 1.390635730638027256e+00 1.110627033150425602e-01
4.904754446734813428e+03 1.302953738561474228e+00 9.378233966552712575e-02
4.909659201181550088e+03 1.248310091298290514e+00 9.548773923577591471e-02
4.914568860382732964e+03 1.258739163726759980e+00 8.322497164289580085e-02
4.919483429243117826e+03 1.279390431628750324e+00 7.167121380075906767e-02
4.924402912672362618e+03 1.323178206636411725e+00 5.094403217887438773e-02
4.929327315585036558e+03 1.337742907868729736e+00 5.044502957884661187e-02
4.934256642900622865e+03 1.378580852566469783e+00 4.862948480652122540e-02
4.939190899543525120e+03 1.403590164731020051e+00 4.662004811013584910e-02
4.944130090443070912e+03 1.425276781176686658e+00 4.216694762523560264e-02
4.949074220533515472e+03 1.415274428091773729e+00 4.449805307419756745e-02
4.954023294754050767e+03 1.398844494644983838e+00 3.919904936097712289e-02
4.958977318048806410e+03 1.392689975362381372e+00 3.744215732713678663e-02
4.963936295366856939e+03 1.362500205433712086e+00 3.988757116380373113e-02
4.968900231662225451e+03 1.327729506063451081e+00 3.516088331594474647e-02
4.973869131893889062e+03 1.312159411883632831e+00 3.516738980831573408e-02
4.978843001025784361e+03 1.311375463711874190e+00 3.477709463018785474e-02
4.983821844026811959e+03 1.312912419319129498e+00 3.699005304112852610e-02
4.988805665870840130e+03 1.312729621644322053e+00 3.676225925199749084e-02
4.993794471536712990e+03 1.318149416985737954e+00 3.522121656819211799e-02
4.998788266008251412e+03 1.342729724786786205e+00 3.855197648936350974e-02
5.003787054274261209e+03 1.378369180551163309e+00 3.425662244655507116e-02
5.008790841328536771e+03 1.404043185069804967e+00 3.194279192449539506e-02
5.013799632169867436e+03 1.411455531077762782e+00 2.965493017628504160e-02
5.018813431802038394e+03 1.416990501305847694e+00 2.969871346705157608e-02
5.023832245233842514e+03 1.413425475594201064e+00 2.991816480049701646e-02
5.028856077479077612e+03 1.412886160606813268e+00 2.967482337879253848e-02
5.033884933556558281e+03 1.411614960832223264e+00 2.975089928229495556e-02
5.038918818490116792e+03 1.380669096254757200e+00 2.646542039247376174e-02
5.043957737308608557e+03 1.351173671307742907e+00 2.642739582587089534e-02
5.049001695045918495e+03 1.321139858036234127e+00 2.808173586475990954e-02
5.054050696740966487e+03 1.298556087655352353e+00 2.800532908819392680e-02
5.059104747437709193e+03 1.261599055748054976e+00 2.825325637145742128e-02
5.064163852185148244e+03 1.259785211135455274e+00 3.194872451145534809e-02
5.069228016037335692e+03 1.233717159775114869e+00 3.442060512320636173e-02
5.074297244053374015e+03 1.247226601741765251e+00 4.118817819533936858e-02
5.079371541297429758e+03 1.230357657428466922e+00 4.216291770375398679e-02
5.084450912838728073e+03 1.225325279200569994e+00 4.174203425104386356e-02
5.089535363751569093e+03 1.257867474866393165e+00 5.078963325901444947e-02
5.094624899115322478e+03 1.274596642077959974e+00 4.873308353210539789e-02
5.099719524014439230e+03 1.282146712355123785e+00 4.851397104330486265e-02
5.104819243538455339e+03 1.275137197912271425e+00 4.861971965579640897e-02
5.109924062781995417e+03 1.280171607778144649e+00 4.761944768566715724e-02
5.115033986844779065e+03 1.256560298694389344e+00 4.892781237783257187e-02
5.120149020831625421e+03 1.235786103865149421e+00 4.800951403035026016e-02
5.125269169852458617e+03 1.219410329059017029e+00 4.764014422303194940e-02
5.130394439022313236e+03 1.210518317979341285e+00 4.825866524600860158e-02
5.135524833461337039e+03 1.223530115593592704e+00 5.078125548868766409e-02
5.140660358294800062e+03 1.228752062573479575e+00 5.059346210036563818e-02
5.145801018653096435e+03 1.224382333627646924e+00 4.963776390278693690e-02
5.150946819671751655e+03 1.238633135000115182e+00 4.876723203092882958e-02
5.156097766491425318e+03 1.234212558611816890e+00 4.918784044482344547e-02
5.161253864257918394e+03 1.256166847807739018e+00 4.669560434145336725e-02
5.166415118122177773e+03 1.269406057475845229e+00 5.001220498006828802e-02
5.171581533240301724e+03 1.280563544435292300e+00 4.826030708632288169e-02
5.176753114773543530e+03 1.240632565291995615e+00 4.682336531409370811e-02
5.181929867888318768e+03 1.251355131231637552e+00 4.759284060941301742e-02
5.187111797756208944e+03 1.289715918662435401e+00 4.627266116824813036e-02
5.192298909553966951e+03 1.293654240065422290e+00 4.516382390121532336e-02
5.197491208463522526e+03 1.311319889933041827e+00 4.523661491995691064e-02
5.202688699671987706e+03 1.326364930563519451e+00 4.517016888224516247e-02
5.207891388371661378e+03 1.333062866393800672e+00 4.302331960745280764e-02
5.213099279760034733e+03 1.332526271866640410e+00 4.297538563900752534e-02
5.218312379039796724e+03 1.330480434694269354e+00 4.348414845701821518e-02
5.223530691418837705e+03 1.333363725592119797e+00 4.452513973193631541e-02
5.228754222110258524e+03 1.319342806826830250e+00 4.412864541022551435e-02
5.233982976332370527e+03 1.316021922861470461e+00 4.262044595735864361e-02
5.239216959308704645e+03 1.276189868914491710e+00 4.551290484580177570e-02
5.244456176268015042e+03 1.256426236614321290e+00 4.588252919971436139e-02
5.249700632444284565e+03 1.247170818843446050e+00 4.670972163643663522e-02
5.254950333076731113e+03 1.230474479278886646e+00 4.679956795893526478e-02
5.260205283409809454e+03 1.217856551400440468e+00 4.654937211958854598e-02
5.265465488693221232e+03 1.218371458486072090e+00 4.518069657466046440e-02
5.270730954181915877e+03 1.195980753189548551e+00 4.010491026014333799e-02
5.276001685136099695e+03 1.188811685666270046e+00 3.526500973011975626e-02
5.281277686821237694e+03 1.212125364583628517e+00 3.461709125544897014e-02
5.286558964508059944e+03 1.239503982990693531e+00 3.824507992323714772e-02
5.291845523472569766e+03 1.248985334308277295e+00 3.781412999016642296e-02
5.297137368996044643e+03 1.271569941975313478e+00 3.777017483748175419e-02
5.302434506365042580e+03 1.267863892360779676e+00 3.723202310436003054e-02
5.307736940871409388e+03 1.239723501079162737e+00 3.871678052719563362e-02
5.313044677812282316e+03 1.211169265512382021e+00 4.024973507885969137e-02
5.318357722490096421e+03 1.173915270078919715e+00 3.844161949159904945e-02
5.323676080212588204e+03 1.148876504890104622e+00 3.944443734448232347e-02
5.328999756292802886e+03 1.139140598055859765e+00 3.981160156271421752e-02
5.334328756049097137e+03 1.125341895693267924e+00 3.980366517617679734e-02
5.339663084805148173e+03 1.110821157845435003e+00 3.376926474397062838e-02
5.345002747889954662e+03 1.124190704120636486e+00 3.474976206775695631e-02
5.350347750637846730e+03 1.179658387817275722e+00 3.206388323153947645e-02
5.355698098388485960e+03 1.211131121185282877e+00 2.584195298106398142e-02
5.361053796486876308e+03 1.228659935624437649e+00 2.552255798871107262e-02
5.366414850283365013e+03 1.231256412276778178e+00 2.487157917627275464e-02
5.371781265133649867e+03 1.217119521095861634e+00 2.722515250603055673e-02
5.377153046398785591e+03 1.202431643971882069e+00 2.920517876217279193e-02
5.382530199445186554e+03 1.188102358137028913e+00 2.749277561915972057e-02
5.387912729644633146e+03 1.166800784876657060e+00 3.031795592114746099e-02
5.393300642374279960e+03 1.156877633506282699e+00 2.881456013464261598e-02
5.398693943016655794e+03 1.174737591197873465e+00 3.281088375006598751e-02
5.404092636959673655e+03 1.157149467912319318e+00 3.259897709757756529e-02
5.409496729596635305e+03 1.150523978624628407e+00 3.265430417325501655e-02
5.414906226326233991e+03 1.143744988102879168e+00 3.273581746947923365e-02
5.420321132552561721e+03 1.136242802354950676e+00 3.459443991385230399e-02
5.425741453685116539e+03 1.134553241782265243e+00 3.437035922538150129e-02
5.431167195138803436e+03 1.153102383459766678e+00 3.448082750632409238e-02
5.436598362333943442e+03 1.150830136224835210e+00 3.416963167172477889e-02
5.442034960696279086e+03 1.149762658873749066e+00 3.531489844721524829e-02
5.447476995656978033e+03 1.148868336815762170e+00 3.673583485717759473e-02
5.452924472652636723e+03 1.134015551884361539e+00 3.739971320106243863e-02
5.458377397125291282e+03 1.131724372733030615e+00 3.835400924329217254e-02
5.463835774522417523e+03 1.126643036805650366e+00 3.786795242139217449e-02
5.469299610296941864e+03 1.107701144884108757e+00 4.207317096186431044e-02
5.474768909907241323e+03 1.098750175190595701e+00 4.093492676625001131e-02
5.480243678817149885e+03 1.092731300299850217e+00 4.099744025273915904e-02
5.485723922495968509e+03 1.079922032323566539e+00 4.092817458648027873e-02
5.491209646418466946e+03 1.064199879727392828e+00 3.817717188569275111e-02
5.496700856064887375e+03 1.075633791685622231e+00 3.795076102632354009e-02
5.502197556920953502e+03 1.085635071678404895e+00 3.303939618663447042e-02
5.507699754477876013e+03 1.079763437566080508e+00 3.361612133921758339e-02
5.513207454232356213e+03 1.071101489026637266e+00 3.528581357550527459e-02
5.518720661686590574e+03 1.084619114113885674e+00 3.874634998539820685e-02
5.524239382348278923e+03 1.065120971210993917e+00 3.961794408464455741e-02
5.529763621730628984e+03 1.057357753016297419e+00 4.015965177264099045e-02
5.535293385352360929e+03 1.070163141002816287e+00 4.075937526774497249e-02
5.540828678737715563e+03 1.075086086256481277e+00 4.057962920527112549e-02
5.546369507416455235e+03 1.081549983404329840e+00 4.139029999664207982e-02
5.551915876923872929e+03 1.119286860911573367e+00 3.793877727388869636e-02
5.557467792800798634e+03 1.119102219185262870e+00 3.872610774645882797e-02
5.563025260593602070e+03 1.122546502435151972e+00 3.950804156300419256e-02
5.568588285854197238e+03 1.134039236204911649e+00 4.068005534052727273e-02
5.574156874140053333e+03 1.107268169366745658e+00 3.637814456321688400e-02
5.579731031014194741e+03 1.092596860642805368e+00 3.687610795103644923e-02
5.585310762045211050e+03 1.081961475983043375e+00 3.679499957724057663e-02
5.590896072807257951e+03 1.056613670029978191e+00 3.591468286133123189e-02
5.596486968880067252e+03 1.058692655222668311e+00 3.577593200585043459e-02
5.602083455848949598e+03 1.073718040645987859e+00 3.726793105430321884e-02
5.607685539304799931e+03 1.086182798588512410e+00 4.081537365367070291e-02
5.613293224844106589e+03 1.079222364748649632e+00 4.094329383561438884e-02
5.618906518068952209e+03 1.060485460827108373e+00 4.115287171226824497e-02
5.624525424587023736e+03 1.082211842974355909e+00 3.729923110728156771e-02
5.630149950011612418e+03 1.049177601672731219e+00 3.572891728448742560e-02
5.635780099961625638e+03 1.058781175468783031e+00 3.548453855323101952e-02
5.641415880061589633e+03 1.090843277217421248e+00 4.294510539126060455e-02
5.647057295941652228e+03 1.090747496144887307e+00 4.302166522894748657e-02
5.652704353237596479e+03 1.115404983728611965e+00 4.398937540860154566e-02
5.658357057590835211e+03 1.108992894469420731e+00 4.465179742913033545e-02
5.664015414648428305e+03 1.091493417061289328e+00 4.573432010831904315e-02
5.669679430063079053e+03 1.086526950219622645e+00 4.576217139399924722e-02
5.675349109493143260e+03 1.096413329161701533e+00 4.404992434194176382e-02
5.681024458602638333e+03 1.097802588448576255e+00 4.254841329203488953e-02
5.686705483061243285e+03 1.102899647240491943e+00 4.234410575812447286e-02
5.692392188544306009e+03 1.105328853346414064e+00 4.477864431699411785e-02
5.698084580732852373e+03 1.096956211678798754e+00 4.232839399401146924e-02
5.703782665313587131e+03 1.101448600950553081e+00 4.357757020791981628e-02
5.709486447978903016e+03 1.113629972277499824e+00 4.078312426787531614e-02
5.715195934426883468e+03 1.132905694091875137e+00 3.398004505937978620e-02
5.720911130361312644e+03 1.124957582887025742e+00 3.511790210057316730e-02
5.726632041491675409e+03 1.105536187149869454e+00 3.975185427732872562e-02
5.732358673533169167e+03 1.084517233237358491e+00 3.848323460967863208e-02
5.738091032206703858e+03 1.067007399840448345e+00 3.542350913327826228e-02
5.743829123238912871e+03 1.042879037600021652e+00 3.076542677748133128e-02
5.749572952362153046e+03 1.043835714700737327e+00 3.023409668881856319e-02
5.755322525314517407e+03 1.036172480427120401e+00 2.991177617743586564e-02
5.761077847839834249e+03 1.055898679735622014e+00 2.157008255843640560e-02
5.766838925687675328e+03 1.047535639730720058e+00 2.334799880622765236e-02
5.772605764613364954e+03 1.045626651162423038e+00 2.253501626206502045e-02
5.778378370377980900e+03 1.045188352064777559e+00 2.292258794571330055e-02
5.784156748748360769e+03 1.042878900912076690e+00 2.263574856714330868e-02
5.789940905497111089e+03 1.031029937640081773e+00 2.202005013328375144e-02
5.795730846402610041e+03 1.020337727227081714e+00 2.206275881111456616e-02
5.801526577249013826e+03 1.008165063750644741e+00 2.316616202778703712e-02
5.807328103826264851e+03 1.000164294792317721e+00 2.452610007601173717e-02
5.813135431930093546e+03 9.905014543423410478e-01 2.309668879929305599e-02
5.818948567362025642e+03 9.573254273703989403e-01 2.808151664728840771e-02
5.824767515929389447e+03 9.479544848723892025e-01 2.893615414945603648e-02
5.830592283445320390e+03 9.397778357411544770e-01 2.774908997610859435e-02
5.836422875728768304e+03 9.274838895563988217e-01 2.358911446737050818e-02
5.842259298604498326e+03 9.372511055918836265e-01 2.576684747848683593e-02
5.848101557903105459e+03 9.559241031522111021e-01 2.777198672219491002e-02
5.853949659461010015e+03 9.741091525857424882e-01 2.719390300335144950e-02
5.859803609120473084e+03 1.009962085030169376e+00 3.071268329060582170e-02
5.865663412729595620e+03 1.018209100415826462e+00 3.075752944748070747e-02
5.871529076142326630e+03 1.024661336523843058e+00 3.280168634966879743e-02
5.877400605218471355e+03 1.032216538909520809e+00 3.281337395630504195e-02
5.883278005823691274e+03 1.025986634960376565e+00 3.457676095680463357e-02
5.889161283829516833e+03 1.016747587382743623e+00 3.580577695182094594e-02
5.895050445113348360e+03 1.023237513785147934e+00 3.659670002069074363e-02
5.900945495558464245e+03 1.017798828765480668e+00 3.614919387071050677e-02
5.906846441054024581e+03 1.013930906002658228e+00 3.642147867176159792e-02
5.912753287495080258e+03 1.016967985211595371e+00 3.583484357238632401e-02
5.918666040782577511e+03 1.022904578742623860e+00 3.300909015753791115e-02
5.924584706823361557e+03 1.023631652078866860e+00 3.342821344976013714e-02
5.930509291530187511e+03 1.008641074057395670e+00 3.405416688238192824e-02
5.936439800821719473e+03 1.007223989026200250e+00 3.529941149397688299e-02
5.942376240622543264e+03 1.021654135383795348e+00 4.019035692697506962e-02
5.948318616863167335e+03 1.003806407925755373e+00 4.050445109644583430e-02
5.954266935480032771e+03 9.952360361404263278e-01 4.143775620582429431e-02
5.960221202415515108e+03 9.974936658167686820e-01 4.204497919367984615e-02
5.966181423617932523e+03 9.926746997735190758e-01 3.977306426916158572e-02
5.972147605041552197e+03 1.019605341130034759e+00 3.685616498282896780e-02
5.978119752646595771e+03 1.021620674962330222e+00 3.698570565585067305e-02
5.984097872399243897e+03 1.016633971631014877e+00 3.775929637447973664e-02
5.990081970271645332e+03 1.032103149694401090e+00 3.734890734663692813e-02
5.996072052241918755e+03 1.016537463147314968e+00 3.462903103836963842e-02
6.002068124294162772e+03 9.984448699102468350e-01 3.175881521114787276e-02
6.008070192418459555e+03 9.960802498818389639e-01 3.167669392124348310e-02
6.014078262610879392e+03 1.007793477072378874e+00 3.301800115325520535e-02
6.020092340873492503e+03 1.015703576276565379e+00 3.271640719768963146e-02
6.026112433214368139e+03 1.016051146615211564e+00 3.244320942962641841e-02
6.032138545647584579e+03 1.008287136306547760e+00 3.149416582825844552e-02
6.038170684193233683e+03 9.967982970049134028e-01 3.131087400675724303e-02
6.044208854877429076e+03 9.786260520886083114e-01 3.107183638960647060e-02
6.050253063732308874e+03 9.620769721012930598e-01 2.994453593889452592e-02
6.056303316796042964e+03 9.629181837119062948e-01 2.702257092590595530e-02
6.062359620112841185e+03 9.364607225021257531e-01 2.322704733201919405e-02
6.068421979732956061e+03 9.269369333947112821e-01 2.218691756773644511e-02
6.074490401712690982e+03 9.156848297866025943e-01 2.307526192137814361e-02
6.080564892114405666e+03 9.050915492907779525e-01 2.204414869110227562e-02
6.086645457006521610e+03 9.160389525601171368e-01 2.339256816824876808e-02
6.092732102463530282e+03 9.132720216519307765e-01 2.278127508579179047e-02
6.098824834565995843e+03 9.227314566625003378e-01 2.226267852592596699e-02
6.104923659400564247e+03 9.364483819622754224e-01 1.938496149051251172e-02
6.111028583059966877e+03 9.520447069856976530e-01 2.008908753032754430e-02
6.117139611643028729e+03 9.518374706739434199e-01 2.013910068637159503e-02
6.123256751254673873e+03 9.528416933215171358e-01 2.087424880313222195e-02
6.129380008005929994e+03 9.592051686738207739e-01 1.999720073188785210e-02
6.135509388013938405e+03 9.684993867237925436e-01 2.146724453250705919e-02
6.141644897401954040e+03 9.654488499572324578e-01 2.180449811511340347e-02
6.147786542299358189e+03 9.474511838719466006e-01 2.446564860384746465e-02
6.153934328841659408e+03 9.460462644106705232e-01 2.557516536939203472e-02
6.160088263170503524e+03 9.419902803136266378e-01 2.440903369439761245e-02
6.166248351433675452e+03 9.278173052803504461e-01 2.354011804038019448e-02
6.172414599785111022e+03 9.328751400545993722e-01 2.414598841564525103e-02
6.178587014384898794e+03 9.440014162354397609e-01 2.929354202386556458e-02
6.184765601399285515e+03 9.451752682387504212e-01 2.732663914136556488e-02
6.190950367000687038e+03 9.356759582840409317e-01 2.737423100863051531e-02
6.197141317367689226e+03 9.279117915299754937e-01 2.749223531727129285e-02
6.203338458685059777e+03 9.282919367535379385e-01 2.684320544631675631e-02
6.209541797143746408e+03 9.136501087711741409e-01 2.838072310326195460e-02
6.215751338940892310e+03 9.095729653514851298e-01 2.772158584209519910e-02
6.221967090279835247e+03 9.240071725228881094e-01 3.494923254615255048e-02
6.228189057370116643e+03 9.357033088792536812e-01 3.518149095250382857e-02
6.234417246427488863e+03 9.244094567467433521e-01 3.505868484199127499e-02
6.240651663673918847e+03 9.116384075775204598e-01 3.405089321730270235e-02
6.246892315337594482e+03 9.169478034919682496e-01 3.473071842941146542e-02
6.253139207652934601e+03 9.238232362352286620e-01 3.402305630531131386e-02
6.259392346860589896e+03 9.168922553724981883e-01 3.725306506587193478e-02
6.265651739207452010e+03 9.151795467502268355e-01 3.615667399804124715e-02
6.271917390946661726e+03 9.218395603985265474e-01 3.557718839715273695e-02
6.278189308337610782e+03 9.125851156533663078e-01 3.568619130758991093e-02
6.284467497645950061e+03 8.882072223802203181e-01 3.594678126972431637e-02
6.290751965143597772e+03 8.846120281474687541e-01 3.581708624705898236e-02
6.297042717108744000e+03 8.764036825917336238e-01 3.325540651007554555e-02
6.303339759825854344e+03 8.546926919073822848e-01 3.561040169440708031e-02
6.309643099585682648e+03 8.530717245160224227e-01 3.769332178980642351e-02
6.315952742685270096e+03 8.686897486761696596e-01 4.030682350582259071e-02
6.322268695427957937e+03 8.754588128351525889e-01 3.895346551680474445e-02
6.328590964123387494e+03 8.610913662430558224e-01 3.702085128418994980e-02
6.334919555087512890e+03 8.519142120513607530e-01 3.643846902459316195e-02
6.341254474642602872e+03 8.866325573014499639e-01 3.421665254669672279e-02
6.347595729117247174e+03 9.149207569451872635e-01 3.572039348568673695e-02
6.353943324846366522e+03 8.952489936148168015e-01 4.187651871510016111e-02
6.360297268171215364e+03 8.866666053806026015e-01 4.304909451159360384e-02
6.366657565439388236e+03 8.840366775789778586e-01 4.322038784307770387e-02
6.373024223004829764e+03 8.570504260563778232e-01 4.300161139911667929e-02
6.379397247227837397e+03 8.530495398250383943e-01 3.867697509550553636e-02
6.385776644475066860e+03 8.756928125871673574e-01 3.930892198703279244e-02
6.392162421119543978e+03 9.005109226053672478e-01 3.968702845975035504e-02
6.398554583540665590e+03 9.489719370531474185e-01 4.257145917976225963e-02
6.404953138124208635e+03 9.984402316118913268e-01 4.355490648608213028e-02
6.411358091262334710e+03 1.029738202391144997e+00 4.030328152130063790e-02
6.417769449353599157e+03 1.033683898176427363e+00 4.066496758830463049e-02
6.424187218802954703e+03 1.015539745892914736e+00 4.131299917928709514e-02
6.430611406021760558e+03 9.950044913414981540e-01 4.142956847349767852e-02
6.437042017427784231e+03 9.757663072072875199e-01 4.015274403028055994e-02
6.443479059445214261e+03 9.306009784131747953e-01 4.060044697693741128e-02
6.449922538504661134e+03 8.556985356277044819e-01 3.315824313190327693e-02
6.456372461043168187e+03 8.041441061972675053e-01 2.896975234667634874e-02
6.462828833504213435e+03 7.901084548541121855e-01 2.862322844955193096e-02
6.469291662337719572e+03 8.107929928711941070e-01 2.949040290902716147e-02
6.475760954000059428e+03 8.189090546846083951e-01 3.189410445330680827e-02
6.482236714954061426e+03 8.387462379067825990e-01 2.877184398123629194e-02
6.488718951669017770e+03 8.652494639955788935e-01 2.658100340071845730e-02
6.495207670620688987e+03 8.924436821622392380e-01 3.279069480225033084e-02
6.501702878291312118e+03 8.930220955532209848e-01 3.331326741292033738e-02
6.508204581169605262e+03 8.596107956773091363e-01 4.602878877237957106e-02
6.514712785750777584e+03 8.230276683888796407e-01 6.316535417672275443e-02
6.521227498536530220e+03 8.620698282816948721e-01 4.250096576066276360e-02
6.527748726035069012e+03 8.977238076139497647e-01 4.323047461132690367e-02
6.534276474761106329e+03 8.890070645718773923e-01 6.236041174528237502e-02
6.540810751235869247e+03 9.602804753149845052e-01 7.058337703730747925e-02
6.547351561987107743e+03 1.117415446734260520e+00 6.118488981267701521e-02
6.553898913549096505e+03 1.491132800343582643e+00 1.143923974129478355e-01
6.560452812462647671e+03 1.792711111285904213e+00 1.043080956688991895e-01
6.567013265275112644e+03 1.885422564018921054e+00 7.199459641887072381e-02
6.573580278540390282e+03 1.628125488033805190e+00 1.106608525729615156e-01
6.580153858818932349e+03 1.300130702690991624e+00 8.187973498537955142e-02
6.586734012677753526e+03 1.023937580887249510e+00 7.321693958348658715e-02
6.593320746690433225e+03 9.189240941727503387e-01 7.528385993568748047e-02
6.599914067437126505e+03 9.177478182874693191e-01 5.333351908555512833e-02
6.606513981504565891e+03 9.205642015124182453e-01 5.364649406618465788e-02
6.613120495486072286e+03 8.868533397283102637e-01 4.000103635545227548e-02
6.619733615981560433e+03 8.777428773423746611e-01 4.004065367726020175e-02
6.626353349597544366e+03 8.931718468274533196e-01 3.835153091453238905e-02
6.632979702947143778e+03 8.505311663629023800e-01 3.832661481204371889e-02
6.639612682650093120e+03 8.126045553896585893e-01 3.833098668575327800e-02
6.646252295332745234e+03 7.652980051490146929e-01 2.975874504304835966e-02
6.652898547628080451e+03 7.249885851212459764e-01 3.328496399549111390e-02
6.659551446175711135e+03 7.087413126308345079e-01 3.279826360143389685e-02
6.666210997621888964e+03 6.837543692561159903e-01 2.773333986697658002e-02
6.672877208619513112e+03 6.974030220199963770e-01 3.049643511729879103e-02
6.679550085828134797e+03 7.240660520941353262e-01 3.071295404002691645e-02
6.686229635913964557e+03 7.385561633699903039e-01 3.072743366223555997e-02
6.692915865549881346e+03 7.555464117121871714e-01 3.111277220539070826e-02
6.699608781415433441e+03 7.774803048324672172e-01 3.238262188881143450e-02
6.706308390196851178e+03 8.050448874630593554e-01 3.296017535097871265e-02
6.713014698587049679e+03 8.355568383669944588e-01 3.284360440804041936e-02
6.719727713285638856e+03 8.690152285339549643e-01 3.331205411834413377e-02
6.726447440998927050e+03 9.063044652968342829e-01 3.380682227272956142e-02
6.733173888439928305e+03 9.210787696180792183e-01 3.403761482828664142e-02
6.739907062328370557e+03 8.973354193236778853e-01 3.367215875360311805e-02
6.746646969390701088e+03 8.852067679374249209e-01 3.259408129647805435e-02
6.753393616360093802e+03 8.822711180333990821e-01 3.050348772514720544e-02
6.760147009976456502e+03 8.389956931920117267e-01 3.308433397136464893e-02
6.766907156986434529e+03 8.130795710421583333e-01 3.474475998955701972e-02
6.773674064143423493e+03 7.795721688586766396e-01 3.564159203872949849e-02
6.780447738207569273e+03 7.283062053498696731e-01 3.521140097350883291e-02
6.787228185945778932e+03 7.092533784063992375e-01 3.604619918089686098e-02
6.794015414131727084e+03 7.047796199837101927e-01 3.828096705879119321e-02
6.800809429545861349e+03 7.068917168165755882e-01 3.584722620474736776e-02
6.807610238975408720e+03 7.208402107226385969e-01 3.586139696151127015e-02
6.814417849214386479e+03 7.727467993524390621e-01 3.996639664989571489e-02
6.821232267063603103e+03 7.981780504894855355e-01 4.038865288382657154e-02
6.828053499330669183e+03 8.254452128366726038e-01 4.067792974708327874e-02
6.834881552830001965e+03 8.103471756022067041e-01 4.343210397912786874e-02
6.841716434382834450e+03 8.002138532780317393e-01 4.346713606391752749e-02
6.848558150817219939e+03 7.925609760122920289e-01 4.384277105457835833e-02
6.855406708968039311e+03 7.806982222072795796e-01 4.504795044410656729e-02
6.862262115677009206e+03 7.728240714129392952e-01 4.432579443986961465e-02
6.869124377792688392e+03 7.440551799359305107e-01 4.254357290236768230e-02
6.875993502170483225e+03 7.340133792382320665e-01 4.367402447755516781e-02
6.882869495672656740e+03 7.342152210949358659e-01 4.296425075775260616e-02
6.889752365168331380e+03 7.350044766031169630e-01 4.335071336856714808e-02
6.896642117533501732e+03 7.553965974982232989e-01 4.317154382699366078e-02
6.903538759651037253e+03 7.410466615103644683e-01 4.249064321097588415e-02
6.910442298410691365e+03 7.394289624204820610e-01 4.201611992696100556e-02
6.917352740709104182e+03 7.683262179656753510e-01 3.853831681818119248e-02
6.924270093449815249e+03 7.767120876801939522e-01 3.850613490108012460e-02
6.931194363543267173e+03 7.723320117787685346e-01 3.716419912821904148e-02
6.938125557906812901e+03 7.583216260747922544e-01 3.757558650975828529e-02
6.945063683464722089e+03 7.643913765449193987e-01 3.583542684178733784e-02
6.952008747148189286e+03 7.370104768647048887e-01 3.516410464614206505e-02
6.958960755895339389e+03 7.450345544213283766e-01 3.064873641428849868e-02
6.965919716651237650e+03 7.164550322370177859e-01 2.834936859184721686e-02
6.972885636367890584e+03 6.842736289053774623e-01 2.958030258810337779e-02
6.979858522004260521e+03 6.641373651837666481e-01 2.898179675423713519e-02
6.986838380526267429e+03 6.611753112866760596e-01 2.889574561438084527e-02
6.993825218906796181e+03 6.911396008150577641e-01 2.869628764117491959e-02
7.000819044125705659e+03 6.949979180319344474e-01 2.934780693869094848e-02
7.007819863169833297e+03 7.131023126203347440e-01 3.165049751621061558e-02
7.014827683033005087e+03 7.005690852121634338e-01 3.624004979742406068e-02
7.021842510716041033e+03 7.393172943282866338e-01 3.541114786070975046e-02
7.028864353226758794e+03 7.803800578903312690e-01 4.160045710099587873e-02
7.035893217579988232e+03 7.857621581536313737e-01 4.166402204004675258e-02
7.042929110797570502e+03 7.680077691718909527e-01 4.326164163392109963e-02
7.049972039908370789e+03 7.293069107508323157e-01 4.774905772567910461e-02
7.057022011948281033e+03 6.995094762637350527e-01 4.860609979418663990e-02
7.064079033960231754e+03 6.585053728523123651e-01 5.296914173726833402e-02
7.071143112994193871e+03 6.490285134625507490e-01 5.214535089359407377e-02
7.078214256107190522e+03 6.607996574764927189e-01 5.526131215636127803e-02
7.085292470363300708e+03 6.659972705611427735e-01 5.374398550387315260e-02
7.092377762833665656e+03 6.916870864608282155e-01 5.378086039447674965e-02
7.099470140596501551e+03 7.320339310802383981e-01 5.499748024893713616e-02
7.106569610737100447e+03 7.708780755952175934e-01 5.497441903940619018e-02
7.113676180347840273e+03 7.986157668833830936e-01 5.459668139366973677e-02
7.120789856528190285e+03 8.216948421439821404e-01 5.655634338700159247e-02
7.127910646384721076e+03 8.395405211838218307e-01 5.429696697207825329e-02
7.135038557031108212e+03 8.337584267671929172e-01 5.898680583083315554e-02
7.142173595588141325e+03 8.292566885319851977e-01 5.684477966608577487e-02
7.149315769183732300e+03 7.848491953450137393e-01 5.243106375734510327e-02
7.156465084952918005e+03 7.322657510680508075e-01 4.496800189367296252e-02
7.163621550037873021e+03 7.391704254223555592e-01 4.046642673945768931e-02
7.170785171587913283e+03 7.310968873457153183e-01 4.035277450815344391e-02
7.177955956759504261e+03 7.311212012795319515e-01 4.146092584882295901e-02
7.185133912716265513e+03 6.933454859572028006e-01 4.343886707650504442e-02
7.192319046628984324e+03 6.895054675474314720e-01 4.029992058628348306e-02
7.199511365675615707e+03 6.530779308788389192e-01 3.940926624532386374e-02
7.206710877041294225e+03 6.419674836660048678e-01 3.954457142662490959e-02
7.213917587918337631e+03 6.642470878647396271e-01 3.669602467019119491e-02
7.221131505506257781e+03 6.573070336317290430e-01 3.677511339220347619e-02
7.228352637011767001e+03 6.303090625120618684e-01 3.530205317692835382e-02
7.235580989648780815e+03 6.235315156255484270e-01 3.616138951196352924e-02
7.242816570638432495e+03 6.462461779920116722e-01 4.072449576602998889e-02
7.250059387209073066e+03 6.738531488857809615e-01 4.152949293975664868e-02
7.257309446596284033e+03 6.902694920155374447e-01 4.084923771051907071e-02
7.264566756042882844e+03 7.090385420230612690e-01 3.832400068369477830e-02
7.271831322798928340e+03 7.050382443652193354e-01 3.943492926806250326e-02
7.279103154121729858e+03 7.037908432275337134e-01 3.708702601043500219e-02
7.286382257275853590e+03 6.816680264958187019e-01 3.842508967532289044e-02
7.293668639533132591e+03 6.616557858656412217e-01 3.744459637775283956e-02
7.300962308172667690e+03 6.482106852717636203e-01 3.615034177170025481e-02
7.308263270480842948e+03 6.336017623948079214e-01 3.767048081347312838e-02
7.315571533751325660e+03 6.316379114405183959e-01 3.622473844618880057e-02
7.322887105285079997e+03 6.231551276012066154e-01 3.679049281173553398e-02
7.330209992390367006e+03 6.250070961812291825e-01 3.660759376069606247e-02
7.337540202382760071e+03 6.176362907958408144e-01 3.703325990991663402e-02
7.344877742585144915e+03 6.367355531613861919e-01 3.543804819586925114e-02
7.352222620327733239e+03 6.739118227098038760e-01 3.341138541878927587e-02
7.359574842948062724e+03 6.877106467750133678e-01 3.490984374976440624e-02
7.366934417791013402e+03 7.083096222259955832e-01 3.696914975160701944e-02
7.374301352208806748e+03 6.795518934276986167e-01 4.223894391045996538e-02
7.381675653561018407e+03 6.853490621358413470e-01 4.036093520519035832e-02
7.389057329214581841e+03 6.878644352664684547e-01 4.064469448601234353e-02
7.396446386543798326e+03 6.906207550205650803e-01 4.055725135828180256e-02
7.403842832930345139e+03 6.908858233092947110e-01 4.092077520089298232e-02
7.411246675763277381e+03 6.955736843335261765e-01 4.006113944078874139e-02
7.418657922439043432e+03 6.808582308329760302e-01 3.987446481991848563e-02
7.426076580361484957e+03 6.602039770270713426e-01 4.240670182445070713e-02
7.433502656941848727e+03 6.699399087564198441e-01 4.155540582058227933e-02
7.440936159598792983e+03 6.703804157772490502e-01 4.191619459527037156e-02
7.448377095758394717e+03 6.500705083766424863e-01 4.385553122011790622e-02
7.455825472854155123e+03 6.602040517832893363e-01 4.497164746801197294e-02
7.463281298327012337e+03 6.749857749677252716e-01 4.344544360176088443e-02
7.470744579625341430e+03 6.810978554236832849e-01 4.455689455331620502e-02
7.478215324204968965e+03 6.458657989415090839e-01 4.409697709764911350e-02
7.485693539529176633e+03 6.257031607501454262e-01 4.597309765516831986e-02
7.493179233068708527e+03 6.339510895306518234e-01 4.623542917917790318e-02
7.500672412301779332e+03 6.450946471983655117e-01 4.620903079201502811e-02
7.508173084714083416e+03 6.746835956742229801e-01 4.327124983138728315e-02
7.515681257798800289e+03 6.831185480904077290e-01 3.728000700391144451e-02
7.523196939056601877e+03 6.959942202285062107e-01 3.641968742157386529e-02
7.530720135995660712e+03 7.174113697415678281e-01 4.029654408560712220e-02
7.538250856131659020e+03 7.252390497648779633e-01 3.764304951683526690e-02
7.545789106987793275e+03 7.366150301604518225e-01 3.635801569059680244e-02
7.553334896094783289e+03 6.959858593666329307e-01 4.617992424424134656e-02
7.560888230990880402e+03 6.909830669467778019e-01 4.711758784856125148e-02
7.568449119221873843e+03 6.828313061693741526e-01 4.598408834474609908e-02
7.576017568341098013e+03 6.995142553086379777e-01 4.518338156830063040e-02
7.583593585909441572e+03 6.870376784931054859e-01 4.663233357187182571e-02
7.591177179495353812e+03 6.506541601747160009e-01 4.176604818075673603e-02
7.598768356674851930e+03 6.654377529007997616e-01 4.541196249819107883e-02
7.606367125031529213e+03 6.940538207473828658e-01 5.350413645510863903e-02
7.613973492156563225e+03 7.117540069881796994e-01 4.516915043655821832e-02
7.621587465648722173e+03 6.550967695712363037e-01 5.452991374155743975e-02
7.629209053114373091e+03 6.108800359213688580e-01 5.704829295341604795e-02
7.636838262167490029e+03 5.945202400032840728e-01 5.802671157417697151e-02
7.644475100429660415e+03 5.448974732647740016e-01 5.824008609795440494e-02
7.652119575530092334e+03 5.258200688649221632e-01 5.549290265938376654e-02
7.659771695105625440e+03 5.138462968872401504e-01 5.797028098712109223e-02
7.667431466800733688e+03 5.038386435283022102e-01 5.653467815944676622e-02
7.675098898267536242e+03 5.420582157336453211e-01 5.659694345113969877e-02
7.682773997165806577e+03 5.815252260432154374e-01 5.470074866414863929e-02
7.690456771162975201e+03 6.414214628314283129e-01 5.911500264659095422e-02
7.698147227934140574e+03 6.401957862863170146e-01 5.762243556889622143e-02
7.705845375162077289e+03 6.792768470307319895e-01 6.608280493813112333e-02
7.713551220537241534e+03 6.767770252929004027e-01 6.919269525309050539e-02
7.721264771757782000e+03 6.955914858105393117e-01 6.735506652933183347e-02
7.728986036529541707e+03 6.578241300003562220e-01 7.169618444227701670e-02
7.736715022566074367e+03 6.342548619777567120e-01 6.715288348481750214e-02
7.744451737588642573e+03 6.352441000422894835e-01 6.938159750579390994e-02
7.752196189326234162e+03 6.148292380750510766e-01 6.957933154850272361e-02
7.759948385515562222e+03 6.162910629617502911e-01 7.297155771161993598e-02
7.767708333901080550e+03 5.806860517384605513e-01 6.903502230905958492e-02
7.775476042234984561e+03 5.594386687366303956e-01 7.117823291171719580e-02
7.783251518277222203e+03 5.654387471764693585e-01 6.746962252422296358e-02
7.791034769795502143e+03 5.539497068079440867e-01 6.880504577323647009e-02
7.798825804565300132e+03 5.611966137187748282e-01 6.631239012376496933e-02
7.806624630369868100e+03 5.838417573158418694e-01 7.059232367141304865e-02
7.814431255000240526e+03 5.641043839267734228e-01 6.750813794637587628e-02
7.822245686255242617e+03 5.507439168691803388e-01 7.079791857821768342e-02
7.830067931941501229e+03 5.681065991004482507e-01 6.966825528408858437e-02
7.837897999873444860e+03 5.910189124293520058e-01 7.090931252413464059e-02
7.845735897873320937e+03 6.168248618195658617e-01 7.161264945380510505e-02
7.853581633771196721e+03 6.216749978281292943e-01 6.844687480179396932e-02
7.861435215404970222e+03 5.901512178404799691e-01 6.093002087844981429e-02
7.869296650620378387e+03 6.045276043386720310e-01 6.344658783081226494e-02
7.877165947271001642e+03 5.960841555877560705e-01 6.459871191918495348e-02
7.885043113218274812e+03 5.745729586311661974e-01 5.953916072146064886e-02
7.892928156331495302e+03 5.907669947473939143e-01 6.105683376885170238e-02
7.900821084487829467e+03 6.046755861738178917e-01 5.902651627820731245e-02
7.908721905572319884e+03 6.394141349229655047e-01 5.224049901426753434e-02
7.916630627477895359e+03 6.337149496046897701e-01 5.075129384792619047e-02
7.924547258105375477e+03 6.329141122294411614e-01 5.261968266649545006e-02
7.932471805363483327e+03 6.199119487266937512e-01 5.124920167212920069e-02
7.940404277168850058e+03 5.960438234469123131e-01 5.458518291513236864e-02
7.948344681446021241e+03 5.924919304013737120e-01 5.594677804255736298e-02
7.956293026127469602e+03 6.103005286237084270e-01 5.422551720113851642e-02
7.964249319153599572e+03 5.724508999411360710e-01 5.446660901972968233e-02
7.972213568472756378e+03 5.107529217042399150e-01 5.388339621800184581e-02
7.980185782041231505e+03 5.060655590520301006e-01 5.426693269289893651e-02
7.988165967823275423e+03 5.228989911890546960e-01 5.807812561685436054e-02
7.996154133791101231e+03 5.390647952096178086e-01 5.438159229872416983e-02
8.004150287924895565e+03 5.640599444183728162e-01 5.447725126470048806e-02
8.012154438212822242e+03 5.976486361810489090e-01 5.747310856068646445e-02
8.020166592651037718e+03 6.036446613640025216e-01 5.932214449446557292e-02
8.028186759243691995e+03 6.039417213985792676e-01 5.415975917891800023e-02
8.036214946002938632e+03 5.781634184055450820e-01 5.652488303346790005e-02
8.044251160948943834e+03 5.419370836727026575e-01 5.661779944838707390e-02
8.052295412109895551e+03 5.335166290299009351e-01 5.660595690032400179e-02
8.060347707522008022e+03 5.270670518042132047e-01 5.834500470976818065e-02
8.068408055229532692e+03 4.967242298475540441e-01 5.741593458537728317e-02
8.076476463284764577e+03 4.716050373980888999e-01 5.872411742476251612e-02
8.084552939748052268e+03 4.569410370688304912e-01 5.739625398177881227e-02
8.092637492687803388e+03 4.480987916962905215e-01 5.800731106511706342e-02
8.100730130180493688e+03 4.701792442617152012e-01 5.597053226048558788e-02
8.108830860310677053e+03 5.244427245318149522e-01 5.001621233057487043e-02
8.116939691170990045e+03 5.433986942634153605e-01 4.856817084923954753e-02
8.125056630862163729e+03 5.572438398088307432e-01 4.731119139512666300e-02
8.133181687493028221e+03 5.612914583685516545e-01 4.618793128997970149e-02
8.141314869180524511e+03 5.373670236792861266e-01 4.679651762499729972e-02
8.149456184049707190e+03 5.400650174182106689e-01 4.708002978137042910e-02
8.157605640233759914e+03 5.318292736000806986e-01 6.035618798560032916e-02
8.165763245873996311e+03 5.240688551837385800e-01 5.818642374018581642e-02
8.173929009119872717e+03 5.669904349812269206e-01 6.030389745704988619e-02
8.182102938128995447e+03 5.612004725971501129e-01 6.004692409710594286e-02
8.190285041067127167e+03 5.690851742110150102e-01 5.772688711915719556e-02
8.198475326108196896e+03 5.603418493455752936e-01 6.309644407268698296e-02
8.206673801434308189e+03 5.893260706618242972e-01 6.474410294926742637e-02
8.214880475235744598e+03 5.853087183864128518e-01 6.681519211400741010e-02
8.223095355710984222e+03 5.824875345802316140e-01 6.650714042628856626e-02
8.231318451066697889e+03 5.501819449159253139e-01 6.605504237254269939e-02
8.239549769517767345e+03 5.511370533853958698e-01 6.497963140947134175e-02
8.247789319287287071e+03 4.864247781046002195e-01 6.959744321091883290e-02
8.256037108606577021e+03 4.459418954368100652e-01 6.852467086678547259e-02
8.264293145715186256e+03 4.137234532215252059e-01 6.839997981372732128e-02
8.272557438860903858e+03 3.692610716592178433e-01 6.663049179946241296e-02
8.280829996299768027e+03 3.802000106385275968e-01 7.177523144701729307e-02
8.289110826296069718e+03 3.589803332039667172e-01 7.805999680286852815e-02
8.297399937122369010e+03 3.728441242487675611e-01 7.738145125343622033e-02
8.305697337059495112e+03 4.015468207776463627e-01 7.800088024678918097e-02
8.314003034396557268e+03 4.269720137140438077e-01 7.801853378222085855e-02
8.322317037430955679e+03 4.628526294440004074e-01 7.661465861026778290e-02
8.330639354468388774e+03 5.097415764392708715e-01 7.616806094889762291e-02
8.338969993822860488e+03 5.477580987088738196e-01 7.594621385997493701e-02
8.347308963816685718e+03 5.673371043669157565e-01 7.489604723376314110e-02
8.355656272780506697e+03 5.714427688055186971e-01 7.396717375703491804e-02
8.364011929053289350e+03 5.571315465884706386e-01 7.619006455142141032e-02
8.372375940982345128e+03 5.744092190718848023e-01 7.060188222381311163e-02
8.380748316923331004e+03 5.550603308628186960e-01 7.271399341842860187e-02
8.389129065240256750e+03 5.684351569705238250e-01 7.269554749377753200e-02
8.397518194305499492e+03 5.594462611443180577e-01 6.955502575777550156e-02
8.405915712499807341e+03 5.358210072793979650e-01 6.685814857465956218e-02
8.414321628212310316e+03 5.235054377912712331e-01 6.692757997630194300e-02
8.422735949840525791e+03 5.303315470745060267e-01 6.630607683792870410e-02
8.431158685790369418e+03 5.387216106740756461e-01 6.709739476638205968e-02
8.439589844476162398e+03 5.726511637387869946e-01 6.495549226605713822e-02
8.448029434320640576e+03 5.663747104788168230e-01 6.401663135240900915e-02
8.456477463754963537e+03 5.576758862224497904e-01 6.523038901011248003e-02
8.464933941218721884e+03 5.371726937097380805e-01 6.500480353827479962e-02
8.473398875159942691e+03 5.436985527403571661e-01 6.617917105164468350e-02
8.481872274035105875e+03 5.703734801001955068e-01 6.738820459618086178e-02
8.490354146309144198e+03 5.665924728148018508e-01 7.009518152740561170e-02
8.498844500455456000e+03 5.469382385562360227e-01 7.239751629291815704e-02
8.507343344955914290e+03 5.562004629896620811e-01 7.784874437992304885e-02
8.515850688300872207e+03 5.617651680504788247e-01 8.467208189789872386e-02
8.524366538989177570e+03 5.524251316337611684e-01 9.535112066977353973e-02
8.532890905528169242e+03 5.328543118023166825e-01 1.080644682200289780e-01
8.541423796433698953e+03 5.284611303623220069e-01 1.278389008047663977e-01
8.549965220230136765e+03 5.197941737745269686e-01 1.540579732329910856e-01
8.558515185450369245e+03 5.153166072575343648e-01 1.533054679017045452e-01
8.567073700635823116e+03 5.179850890054888968e-01 1.903192626118154762e-01
8.575640774336461618e+03 5.268536016251328391e-01 2.405595287740562582e-01
8.584216415110800881e+03 5.371887151413208272e-01 3.080019022582411448e-01
8.592800631525913559e+03 5.448083513714916393e-01 3.668924919887635583e-01
8.601393432157443385e+03 4.713506132265450344e-01 4.531784760617695307e-01
8.609994825589603352e+03 2.539028331656607018e-01 6.237027452951666717e-01
