# starting wavelength: 2797.878
# ending wavelength: 9233.540
# wav flux eflux
2.799624617671705892e+03 3.583235095637209433e-01 1.491768104055503363e-01
2.802424242289378526e+03 3.603787180386331390e-01 1.423843380593073915e-01
2.805226666531668798e+03 4.085889549169167134e-01 1.414210297857360077e-01
2.808031893198201487e+03 4.007624915515769493e-01 1.384574892734203866e-01
2.810839925091400346e+03 4.079581920325854871e-01 1.318856457535177440e-01
2.813650765016492642e+03 3.561304493740233279e-01 1.273990471951850778e-01
2.816464415781510070e+03 3.323362542323358149e-01 1.135343772007173374e-01
2.819280880197292845e+03 3.276198585244334827e-01 1.027778973329694090e-01
2.822100161077491066e+03 2.919414759845173624e-01 9.895395382586875954e-02
2.824922261238569263e+03 2.703583515810528692e-01 9.223723056194972625e-02
2.827747183499808671e+03 2.696099051244683076e-01 9.079746961315700304e-02
2.830574930683309503e+03 2.122824510707699563e-01 8.546017274500543326e-02
2.833405505613993682e+03 2.046971615976362346e-01 8.058659998163060501e-02
2.836238911119608929e+03 1.545806442109915468e-01 8.101765251800277512e-02
2.839075150030729219e+03 1.886660323704849873e-01 8.249626180551614119e-02
2.841914225180761150e+03 1.869208974654401056e-01 7.722221648621503676e-02
2.844756139405942577e+03 1.613330983880167935e-01 7.468416398095524544e-02
2.847600895545349431e+03 1.991612994019607841e-01 7.667912081274581848e-02
2.850448496440895724e+03 1.891990665754549883e-01 7.495948402482111028e-02
2.853298944937337637e+03 1.949073292302423988e-01 7.308112938610895892e-02
2.856152243882275798e+03 2.502814499876012122e-01 7.240129277232064398e-02
2.859008396126159369e+03 2.255250620952163887e-01 7.318038335645060677e-02
2.861867404522286051e+03 2.295483630612354942e-01 7.103473058961636000e-02
2.864729271926809361e+03 2.888261633070496881e-01 7.616516903693713869e-02
2.867594001198737260e+03 3.379776389852732210e-01 7.249881369050810431e-02
2.870461595199936710e+03 3.465542929254709636e-01 7.033402525555489115e-02
2.873332056795137760e+03 3.437138646584315671e-01 7.060214926230649890e-02
2.876205388851934003e+03 3.530934483828421788e-01 6.732960918246877480e-02
2.879081594240786671e+03 3.621855714458733222e-01 6.552919670341282588e-02
2.881960675835028724e+03 3.302732178330261004e-01 6.385892460777249646e-02
2.884842636510864395e+03 3.103889465725144237e-01 6.327182580532784983e-02
2.887727479147376471e+03 2.658139363358411056e-01 6.192337735696146206e-02
2.890615206626524468e+03 2.903209371328819843e-01 6.486730017843697627e-02
2.893505821833151913e+03 2.732991965929111866e-01 6.277000546258224012e-02
2.896399327654986337e+03 2.800466911972114836e-01 6.097048770366367970e-02
2.899295726982642009e+03 2.345584328900811588e-01 6.286215753900038783e-02
2.902195022709625846e+03 2.417276944723281973e-01 6.495140028328377779e-02
2.905097217732336503e+03 2.105530257785723780e-01 6.466651440867332568e-02
2.908002314950069831e+03 2.039759210936751832e-01 6.057475059011658419e-02
2.910910317265020694e+03 2.002913868748701920e-01 5.938863036968048542e-02
2.913821227582286610e+03 2.061898596695228014e-01 5.594357688815368435e-02
2.916735048809870023e+03 2.083026218391410556e-01 5.475918628676220562e-02
2.919651783858680574e+03 2.359524822788955645e-01 5.421508899653929014e-02
2.922571435642540564e+03 2.503704192579456755e-01 5.147400031487467387e-02
2.925494007078184040e+03 2.540028324190026221e-01 5.032943234113955444e-02
2.928419501085263164e+03 2.576259818815719305e-01 4.775507988457032560e-02
2.931347920586349119e+03 2.552440474632370337e-01 4.702914315210606627e-02
2.934279268506936660e+03 2.541075489805374454e-01 4.611753446623662739e-02
2.937213547775444567e+03 2.564360892669222958e-01 4.548366507354344862e-02
2.940150761323221104e+03 2.420365778056913220e-01 4.416823088316000623e-02
2.943090912084544925e+03 2.624909671611641016e-01 4.318311666041824842e-02
2.946034002996630534e+03 2.640121371375815928e-01 4.257540425364329806e-02
2.948980036999628283e+03 2.636009839995058224e-01 4.022831014174407804e-02
2.951929017036628920e+03 2.654056649752709607e-01 3.959660311051972637e-02
2.954880946053666321e+03 2.609531799350335857e-01 3.843214915560759504e-02
2.957835826999721121e+03 2.455502669845132935e-01 3.655810339038419871e-02
2.960793662826721629e+03 2.350669911384160315e-01 3.618608936872071830e-02
2.963754456489549284e+03 2.416250329963699484e-01 3.413892997670257140e-02
2.966718210946040017e+03 2.337801065562041258e-01 3.430206400085170082e-02
2.969684929156986982e+03 2.311540252051850208e-01 3.381169784782914883e-02
2.972654614086145102e+03 2.346645921225923304e-01 3.394231229136140948e-02
2.975627268700231980e+03 2.253523723078141305e-01 3.453103561669049887e-02
2.978602895968933353e+03 2.279398345219837141e-01 3.368886125426893974e-02
2.981581498864903097e+03 2.392792041314878160e-01 3.433065392138600486e-02
2.984563080363769132e+03 2.501174150864339252e-01 3.495237653332718131e-02
2.987547643444133882e+03 2.633838332516128533e-01 3.402696843398467924e-02
2.990535191087578823e+03 2.672486862810534158e-01 3.306627359534031196e-02
2.993525726278667662e+03 2.718790410255675916e-01 3.232230100595256950e-02
2.996519252004947248e+03 2.654103784122779919e-01 3.143426262263918775e-02
2.999515771256953030e+03 2.779401081958322584e-01 3.149279334336015090e-02
3.002515287028211333e+03 2.701450508176740928e-01 2.913354824190010281e-02
3.005517802315240260e+03 2.583856630644351671e-01 2.951099093048885000e-02
3.008523320117556523e+03 2.524117759911710945e-01 2.988047657318013486e-02
3.011531843437674979e+03 2.474888813396594889e-01 3.007835544168273312e-02
3.014543375281113640e+03 2.420259928712147901e-01 3.117685968160811838e-02
3.017557918656395941e+03 2.486532917713242807e-01 3.166624674555198332e-02
3.020575476575053472e+03 2.390516332191229554e-01 3.213889446058973420e-02
3.023596052051629158e+03 2.362632341236455547e-01 3.245511070651162233e-02
3.026619648103681811e+03 2.262942115278993582e-01 3.275124019248980972e-02
3.029646267751786581e+03 2.067164960938979168e-01 3.122014232257376218e-02
3.032675914019539505e+03 2.000781044411604204e-01 3.153992425911150699e-02
3.035708589933559779e+03 1.924240400383013527e-01 3.186784567591541273e-02
3.038744298523494763e+03 2.095649829025137412e-01 3.068075768780325827e-02
3.041783042822019070e+03 2.080520873561083062e-01 3.130183471987110777e-02
3.044824825864842296e+03 2.104576663869411057e-01 3.134549762711270893e-02
3.047869650690708113e+03 2.263502825382461281e-01 3.246192934565688554e-02
3.050917520341399722e+03 2.284405236209013923e-01 3.307423670426797718e-02
3.053968437861742132e+03 2.281220750854486001e-01 3.407573115082230403e-02
3.057022406299604881e+03 2.398083446263100105e-01 3.340197419890433839e-02
3.060079428705905229e+03 2.308624805320029505e-01 3.366987652683137849e-02
3.063139508134612242e+03 2.304815434320830747e-01 3.514855663872728381e-02
3.066202647642748161e+03 2.212583275094611723e-01 3.449389139345149929e-02
3.069268850290391583e+03 2.042879227823903576e-01 2.869866131462781716e-02
3.072338119140682920e+03 2.132484184396608029e-01 3.028692749725371905e-02
3.075410457259824852e+03 2.232676646972727164e-01 2.999986295927507124e-02
3.078485867717085512e+03 2.124852116278264369e-01 2.942510470908599532e-02
3.081564353584803939e+03 2.158426290396085190e-01 2.939471790155598341e-02
3.084645917938389630e+03 2.101219452800991982e-01 2.978837580953743250e-02
3.087730563856328899e+03 2.272424598322787259e-01 3.014933993127986295e-02
3.090818294420186248e+03 2.406811597750196097e-01 2.840851356479123097e-02
3.093909112714607545e+03 2.399042163946962514e-01 2.697371298072514384e-02
3.097003021827323209e+03 2.311471923577396448e-01 2.760879623057507781e-02
3.100100024849151396e+03 2.206644973008849431e-01 2.781090852238072078e-02
3.103200124874001631e+03 2.130465781822125648e-01 2.756403805813948185e-02
3.106303324998876633e+03 2.121655374529679006e-01 2.684351368745555369e-02
3.109409628323876859e+03 2.147717661533890821e-01 2.560212070421933120e-02
3.112519037952201415e+03 2.223923224725114223e-01 2.565147958399779590e-02
3.115631556990154877e+03 2.234685433448133363e-01 2.549487298163073679e-02
3.118747188547145925e+03 2.266333415499039439e-01 2.618195798997931950e-02
3.121865935735694165e+03 2.303400573147242891e-01 2.607350904530931698e-02
3.124987801671431043e+03 2.425326377664406563e-01 2.627375312295776588e-02
3.128112789473103476e+03 2.454527672970728269e-01 2.627345461023346262e-02
3.131240902262577492e+03 2.410412749586501036e-01 2.586807974283576034e-02
3.134372143164840963e+03 2.609649382351169611e-01 2.470957494368790711e-02
3.137506515308006783e+03 2.640680421888498275e-01 2.443201856870376443e-02
3.140644021823316052e+03 2.674139447147606541e-01 2.449444691104621027e-02
3.143784665845140353e+03 2.628864353033448786e-01 2.421001017914880399e-02
3.146928450510986750e+03 2.662322263599751215e-01 2.438523736380856718e-02
3.150075378961498700e+03 2.581489316728205474e-01 2.267800765626976772e-02
3.153225454340461056e+03 2.591904157896072203e-01 2.342091449457346999e-02
3.156378679794802792e+03 2.556255308522667469e-01 2.293026796431300515e-02
3.159535058474598372e+03 2.673396490915253554e-01 2.282306874510263775e-02
3.162694593533074112e+03 2.688238565025958815e-01 2.255284092999293097e-02
3.165857288126608182e+03 2.634045937012939875e-01 2.111971339025062872e-02
3.169023145414736064e+03 2.680990420240562111e-01 2.046917208367182717e-02
3.172192168560151458e+03 2.821948858033298535e-01 2.193249236205751032e-02
3.175364360728712654e+03 2.958707367695771473e-01 2.143963095900705551e-02
3.178539725089442527e+03 3.317218133071356823e-01 2.193884594181902750e-02
3.181718264814533086e+03 3.330251004404546356e-01 2.199575778400499754e-02
3.184899983079348658e+03 3.316764804469840566e-01 2.217250661303722323e-02
3.188084883062429071e+03 3.345125212010452431e-01 2.235352258969753106e-02
3.191272967945492383e+03 3.247594921218262543e-01 2.211557288805774193e-02
3.194464240913438971e+03 3.171373073541784438e-01 2.280027646972057620e-02
3.197658705154353811e+03 2.983421750364645408e-01 2.216888292731011845e-02
3.200856363859509202e+03 2.892469855423982494e-01 2.195105798382012557e-02
3.204057220223369768e+03 2.752140211406433057e-01 2.124615979848256536e-02
3.207261277443593826e+03 2.705373165458627160e-01 2.164733273969781865e-02
3.210468538721038840e+03 2.695422814718532178e-01 2.178210568518933188e-02
3.213679007259760965e+03 2.678443837655594684e-01 2.145209113328865394e-02
3.216892686267021418e+03 2.675324436606910661e-01 2.159751325751748524e-02
3.220109578953289656e+03 2.604524705846736343e-01 2.148863211801142759e-02
3.223329688532243836e+03 2.757762420716786123e-01 2.142809206796918858e-02
3.226553018220777176e+03 2.836752562712823722e-01 2.149121709809207609e-02
3.229779571238999324e+03 2.956996639954057038e-01 2.184873103803320130e-02
3.233009350810239084e+03 2.974629519928754240e-01 2.240293098168250757e-02
3.236242360161050783e+03 3.043913104483664256e-01 2.270990513069571018e-02
3.239478602521212906e+03 3.091827078263871820e-01 2.299696272015888665e-02
3.242718081123734919e+03 3.028380878022572942e-01 2.268681076317902862e-02
3.245960799204859995e+03 2.887461282879935642e-01 2.273993106562613095e-02
3.249206760004065927e+03 2.723698200919770218e-01 2.290000085629439325e-02
3.252455966764071036e+03 2.737591066793558792e-01 2.279690116255998766e-02
3.255708422730835991e+03 2.653433057159235720e-01 2.305299262433657681e-02
3.258964131153567905e+03 2.773137446352311186e-01 2.128200974062198145e-02
3.262223095284722604e+03 2.658461620664599456e-01 2.137598413401807854e-02
3.265485318380008266e+03 2.622579145578530779e-01 2.086230767492144519e-02
3.268750803698389518e+03 2.728203745918497680e-01 2.051176345783668059e-02
3.272019554502088795e+03 2.765452490405015396e-01 2.005624425056480933e-02
3.275291574056592253e+03 2.787748716330276655e-01 1.978647606716780680e-02
3.278566865630649772e+03 2.942380405600055204e-01 2.060119209041397920e-02
3.281845432496281319e+03 2.928466973927238981e-01 2.144355554932115757e-02
3.285127277928778767e+03 3.091048045268739441e-01 2.083665682719765613e-02
3.288412405206708627e+03 3.072678732104280885e-01 2.117758847820071233e-02
3.291700817611916591e+03 3.227307665926491542e-01 2.190951589173202249e-02
3.294992518429529355e+03 3.233840230191744602e-01 2.317329533230034003e-02
3.298287510947960072e+03 3.103989008229499080e-01 2.322305368514974641e-02
3.301585798458909267e+03 2.955105686838570000e-01 2.254973254125484244e-02
3.304887384257369376e+03 2.835287566374425916e-01 2.305423662692435496e-02
3.308192271641627485e+03 2.590671359425790743e-01 2.249570374035596634e-02
3.311500463913270323e+03 2.398974481944694537e-01 2.176383747170170316e-02
3.314811964377184722e+03 2.284124791510148689e-01 2.169837831866953601e-02
3.318126776341563072e+03 2.245198263802908323e-01 2.186792237792625770e-02
3.321444903117905596e+03 2.042572532323688184e-01 2.152628575139768630e-02
3.324766348021024896e+03 1.983431273264403272e-01 2.055603375222284437e-02
3.328091114369046863e+03 2.039290235870019896e-01 2.051877423402264505e-02
3.331419205483417045e+03 2.149423635904219587e-01 1.996576361973179808e-02
3.334750624688901553e+03 2.303360722211736378e-01 1.992340891686830706e-02
3.338085375313591612e+03 2.567094620824635909e-01 2.173334003011630211e-02
3.341423460688906289e+03 2.876897723986535649e-01 2.182144656025230417e-02
3.344764884149596128e+03 2.992969689173571313e-01 2.065550127948362694e-02
3.348109649033746791e+03 3.114517807377041869e-01 2.068479035301938260e-02
3.351457758682781787e+03 3.176939071706760265e-01 2.091092193839289709e-02
3.354809216441465651e+03 2.982231958453103182e-01 2.115700548453623708e-02
3.358164025657908041e+03 2.958074152355050779e-01 2.064834486002711453e-02
3.361522189683567376e+03 2.861258574409319411e-01 2.041961899303317701e-02
3.364883711873251741e+03 2.869143021494997559e-01 2.007624487211877307e-02
3.368248595585126168e+03 2.784228246795856232e-01 1.999125959815291689e-02
3.371616844180712633e+03 2.769187669018914333e-01 2.013406571653767602e-02
3.374988461024894150e+03 2.885771407501768748e-01 2.043002820709273470e-02
3.378363449485920228e+03 2.872603118057790450e-01 1.997900822676042590e-02
3.381741812935407324e+03 2.960349045213996333e-01 2.043079715935857896e-02
3.385123554748343849e+03 3.099491909241300358e-01 1.783702276612380774e-02
3.388508678303093347e+03 3.119458658102514104e-01 1.861023482226067602e-02
3.391897186981397681e+03 3.193560085598981524e-01 1.784009081686364559e-02
3.395289084168380214e+03 3.191715005092168878e-01 1.828359742000473451e-02
3.398684373252549449e+03 3.120043950485853479e-01 1.739335525232700921e-02
3.402083057625803121e+03 3.121778442946352428e-01 1.700894922447361568e-02
3.405485140683430018e+03 3.228162025155935644e-01 1.651728152750842754e-02
3.408890625824114522e+03 3.204148115703697730e-01 1.716500446154254483e-02
3.412299516449939802e+03 3.228200235261468043e-01 1.665368692818739935e-02
3.415711815966390986e+03 3.332441537687728106e-01 1.689661756818429394e-02
3.419127527782358356e+03 3.285468353304042410e-01 1.609035566668438888e-02
3.422546655310141887e+03 3.038636104784713243e-01 1.823932839756645108e-02
3.425969201965453522e+03 2.917641021672671142e-01 1.828449921884134355e-02
3.429395171167419903e+03 2.771691248071901370e-01 1.760020947623448448e-02
3.432824566338588284e+03 2.766742103470896663e-01 1.829678454158392698e-02
3.436257390904928343e+03 2.716502455329997678e-01 1.764471113733889068e-02
3.439693648295834464e+03 2.748859591233400734e-01 1.756204996491988676e-02
3.443133341944131189e+03 2.802095857412832403e-01 1.776684500159812080e-02
3.446576475286076402e+03 2.823144424119310991e-01 1.768418986948181240e-02
3.450023051761363604e+03 2.822389968993708753e-01 1.739299457815145222e-02
3.453473074813126004e+03 2.801267601554258690e-01 1.740052375706024543e-02
3.456926547887940615e+03 2.808207328485932130e-01 1.779790119465192097e-02
3.460383474435829612e+03 2.918752502141674920e-01 1.740424357261279031e-02
3.463843857910266706e+03 2.958182887554597906e-01 1.696719812204659783e-02
3.467307701768178049e+03 3.030327176836581371e-01 1.735567169946653637e-02
3.470775009469947236e+03 3.125909895288720985e-01 1.753765972768459719e-02
3.474245784479418489e+03 3.224337329405490560e-01 1.851372749498730180e-02
3.477720030263898934e+03 3.309518470167405191e-01 1.765541511831705129e-02
3.481197750294164052e+03 3.412827478315828000e-01 1.695229394244594442e-02
3.484678948044459503e+03 3.556970685445391411e-01 1.626774412726791907e-02
3.488163626992504760e+03 3.579412770894037088e-01 1.582073392859722344e-02
3.491651790619498570e+03 3.491115589758053694e-01 1.646854824562577271e-02
3.495143442410119405e+03 3.499282224107645445e-01 1.668609446052329165e-02
3.498638585852530468e+03 3.530458377016942317e-01 1.704320576757100553e-02
3.502137224438384237e+03 3.478313164943160340e-01 1.762228566084238571e-02
3.505639361662823831e+03 3.385953830138292986e-01 1.829156514322168720e-02
3.509145001024487556e+03 3.312171078095219046e-01 1.818461534322343698e-02
3.512654146025513455e+03 3.306126111719723260e-01 1.751402286551941370e-02
3.516166800171540217e+03 3.252301465090718380e-01 1.708165260032857430e-02
3.519682966971712631e+03 3.135452157230734227e-01 1.787186317846625738e-02
3.523202649938685681e+03 3.057079207683380262e-01 1.730610238431420922e-02
3.526725852588625457e+03 3.085581430676531678e-01 1.782739924679596979e-02
3.530252578441215064e+03 3.116872622920954239e-01 1.900908093301041310e-02
3.533782831019657806e+03 3.167041161057423948e-01 1.903948909256841099e-02
3.537316613850678550e+03 3.180934368303780513e-01 1.949383106431230514e-02
3.540853930464530094e+03 3.191804245689606745e-01 1.988118006279260969e-02
3.544394784394995895e+03 3.194852597450378306e-01 1.924286962589684749e-02
3.547939179179392340e+03 3.191184708966732786e-01 1.945401709708557622e-02
3.551487118358572843e+03 3.211434764468479863e-01 1.955642955258135932e-02
3.555038605476932389e+03 3.183846254230142669e-01 1.904729983213952066e-02
3.558593644082410719e+03 3.219144500004361698e-01 1.876007842341166632e-02
3.562152237726494150e+03 3.243534048665279168e-01 1.819870120264543631e-02
3.565714389964221937e+03 3.384154088939108074e-01 1.812830460074452490e-02
3.569280104354187188e+03 3.460503429534148023e-01 1.824010182321708987e-02
3.572849384458542772e+03 3.589954225586396430e-01 1.632101735088656302e-02
3.576422233843002232e+03 3.679440597701493787e-01 1.654681259718023684e-02
3.579998656076846601e+03 3.836650920787041952e-01 1.688683626763717860e-02
3.583578654732924406e+03 3.887695538199491541e-01 1.666236928542307733e-02
3.587162233387658489e+03 3.828270759816825297e-01 1.595666378129326907e-02
3.590749395621047370e+03 3.815421163789596282e-01 1.607071039892996392e-02
3.594340145016669794e+03 3.828200859369300102e-01 1.723049705505048240e-02
3.597934485161687462e+03 3.927428656280954056e-01 1.965774875291569773e-02
3.601532419646850485e+03 4.017867913148606140e-01 1.879111724444413462e-02
3.605133952066498296e+03 4.130791133250251712e-01 1.944895668808875946e-02
3.608739086018566013e+03 4.082876414416805599e-01 2.028203177842065677e-02
3.612347825104585809e+03 4.078131869089083317e-01 2.065374183849194231e-02
3.615960172929691907e+03 4.036578125727234290e-01 2.072030452762358907e-02
3.619576133102622407e+03 3.888749512737041392e-01 2.085519427958499802e-02
3.623195709235726554e+03 3.822297150222924156e-01 2.146925597206759614e-02
3.626818904944963379e+03 3.850302692860448350e-01 2.157980333791414615e-02
3.630445723849909427e+03 3.940424197032882381e-01 2.254743257022005093e-02
3.634076169573760581e+03 3.914105670001528092e-01 2.225485792080198269e-02
3.637710245743335690e+03 3.817731894093231437e-01 2.268057846702208405e-02
3.641347955989080219e+03 3.843634953644556318e-01 2.315771253030630625e-02
3.644989303945070333e+03 3.908464405275263731e-01 2.342530801396490447e-02
3.648634293249016537e+03 4.112496497653922445e-01 2.243978752831272960e-02
3.652282927542266862e+03 4.186862591486134599e-01 2.270866537415382885e-02
3.655935210469810499e+03 4.287232660825883168e-01 2.330403502558466011e-02
3.659591145680281443e+03 4.215127726753720161e-01 2.357172128296822211e-02
3.663250736825963031e+03 4.188693103126635564e-01 2.368158059251900677e-02
3.666913987562790226e+03 4.369435107911014970e-01 2.237691845738496235e-02
3.670580901550354156e+03 4.357276065726018444e-01 2.151101488980844759e-02
3.674251482451905758e+03 4.384988728701045280e-01 2.120999776934702485e-02
3.677925733934358959e+03 4.450958281996094668e-01 2.079271249716227454e-02
3.681603659668294313e+03 4.384447104199776790e-01 1.961063353465709869e-02
3.685285263327964003e+03 4.431060194417714704e-01 1.920664768002725009e-02
3.688970548591293209e+03 4.395719774428554771e-01 1.984402697798539131e-02
3.692659519139885560e+03 4.324859483350079192e-01 1.975278809860420495e-02
3.696352178659026777e+03 4.193571163179983796e-01 2.131701410096732696e-02
3.700048530837686940e+03 4.229862166956898095e-01 2.034921409963890912e-02
3.703748579368525952e+03 4.164021982283554468e-01 1.980354307654875329e-02
3.707452327947895355e+03 4.118175053605792613e-01 1.834043421828104176e-02
3.711159780275844696e+03 4.235015746072542941e-01 2.099924590012546000e-02
3.714870940056121526e+03 4.382721623593827665e-01 2.112986413501642333e-02
3.718585810996179134e+03 4.546596393766053068e-01 2.108829721464348592e-02
3.722304396807176545e+03 4.724700308707951435e-01 2.158448114451260585e-02
3.726026701203984885e+03 4.857215426519831403e-01 2.096512111047502819e-02
3.729752727905190113e+03 4.925762141294764973e-01 2.006803070822655785e-02
3.733482480633096657e+03 4.878380020079398083e-01 2.024758695222563312e-02
3.737215963113731050e+03 4.859831328730916389e-01 1.966384845071143112e-02
3.740953179076846027e+03 4.755059184746243117e-01 2.020660909878739878e-02
3.744694132255923705e+03 4.578470205858796160e-01 2.085354545674943799e-02
3.748438826388181042e+03 4.337717793136056099e-01 1.703772332002331455e-02
3.752187265214570289e+03 4.201318082552996658e-01 1.632899666592857804e-02
3.755939452479786269e+03 4.289607047506038273e-01 1.683717403809209881e-02
3.759695391932267285e+03 4.501953393416781024e-01 1.574437372669265298e-02
3.763455087324201031e+03 4.672590900289486648e-01 1.504620674461523179e-02
3.767218542411526414e+03 4.743175531344333562e-01 1.541590028167459485e-02
3.770985760953939007e+03 4.797447976012865212e-01 1.542759611571221587e-02
3.774756746714894234e+03 4.721209063595814825e-01 1.683892927016427538e-02
3.778531503461610555e+03 4.689646389605321986e-01 1.701115680976415453e-02
3.782310034965073100e+03 4.671832872625148458e-01 1.649980700111125520e-02
3.786092345000039586e+03 4.566328146126455434e-01 1.569707306686054724e-02
3.789878437345040766e+03 4.514419396359503622e-01 1.547262929366817127e-02
3.793668315782387253e+03 4.477232474456013245e-01 1.516906067215278986e-02
3.797461984098170888e+03 4.365541043769558538e-01 1.426972769647786611e-02
3.801259446082270188e+03 4.447233154353021356e-01 1.501900234642438575e-02
3.805060705528353537e+03 4.520691216382364264e-01 1.488352826084693784e-02
3.808865766233883278e+03 4.656503801863335346e-01 1.442856023898473998e-02
3.812674632000118436e+03 4.788419029411696837e-01 1.485823998119702345e-02
3.816487306632119726e+03 4.891519286039455738e-01 1.471733428715973034e-02
3.820303793938753188e+03 4.958219303372902731e-01 1.539683945495736589e-02
3.824124097732693372e+03 4.953651958008453704e-01 1.506194801478879207e-02
3.827948221830427428e+03 4.929864927261746743e-01 1.414789733363146923e-02
3.831776170052258749e+03 4.936391777500215849e-01 1.702009805426918029e-02
3.835607946222312421e+03 4.946066762525520577e-01 1.698156727352879633e-02
3.839443554168536139e+03 4.862028215497488093e-01 1.825772718750394777e-02
3.843282997722705659e+03 4.946616088119910604e-01 1.804099854569425621e-02
3.847126280720429804e+03 4.933948073209721286e-01 1.677533136129610858e-02
3.850973407001151372e+03 5.009742432717927407e-01 1.665513432547426412e-02
3.854824380408153957e+03 5.128739399860647863e-01 1.699255220871212502e-02
3.858679204788563311e+03 5.152933059753814771e-01 1.701784245885834893e-02
3.862537883993353262e+03 5.246079023798504437e-01 1.638234721468858138e-02
3.866400421877347981e+03 5.325382980365261920e-01 1.653344978564709467e-02
3.870266822299226533e+03 5.351910289545258603e-01 1.610304948987714355e-02
3.874137089121526969e+03 5.549014164432435336e-01 1.634273225012839240e-02
3.878011226210649966e+03 5.625368513361723721e-01 1.610017989172551553e-02
3.881889237436861549e+03 5.696843320733565585e-01 1.641688894156134726e-02
3.885771126674299921e+03 5.819857169418979348e-01 1.627097732101918243e-02
3.889656897800975457e+03 5.847416897465496088e-01 1.593403422982830539e-02
3.893546554698777527e+03 5.974265720537336177e-01 1.580124832758024803e-02
3.897440101253477678e+03 6.170980939073704707e-01 1.694291414125503881e-02
3.901337541354732366e+03 6.310411850744919171e-01 1.688504752033381795e-02
3.905238878896088409e+03 6.524310816013806358e-01 1.545965611402191041e-02
3.909144117774985716e+03 6.473128614581300511e-01 1.562636388210147248e-02
3.913053261892762293e+03 6.393991033434457405e-01 1.462922863243944563e-02
3.916966315154656058e+03 6.364806419845071561e-01 1.474667639921113660e-02
3.920883281469812118e+03 6.374636459672627931e-01 1.484044100861796854e-02
3.924804164751283224e+03 6.401416010302207749e-01 1.529566464076394065e-02
3.928728968916035683e+03 6.342744827427838628e-01 1.567474461233176949e-02
3.932657697884953450e+03 6.222802402222477047e-01 1.636422641095390193e-02
3.936590355582839493e+03 6.190771979343124842e-01 1.641879544450972755e-02
3.940526945938423523e+03 6.186449677057130891e-01 1.709619555566734353e-02
3.944467472884363360e+03 6.133796869190161205e-01 1.714293396262497535e-02
3.948411940357249023e+03 6.201487507358887097e-01 1.637674450126918105e-02
3.952360352297607733e+03 6.131878863509296895e-01 1.649404162127350235e-02
3.956312712649906643e+03 6.017748575878610895e-01 1.752837090475989346e-02
3.960269025362557841e+03 5.973575139164898351e-01 1.715167239828205292e-02
3.964229294387921527e+03 5.916106740549609277e-01 1.633162214807384188e-02
3.968193523682310570e+03 5.887849603884227623e-01 1.622646785469694306e-02
3.972161717205994591e+03 5.960012037015431918e-01 1.592602477166841016e-02
3.976133878923201792e+03 5.972540190774324742e-01 1.596264944363785798e-02
3.980110012802126221e+03 6.118596817761713380e-01 1.631555523785793022e-02
3.984090122814929600e+03 6.211854948518394925e-01 1.571875351567834228e-02
3.988074212937745870e+03 6.331102221563635890e-01 1.558467688274267973e-02
3.992062287150684824e+03 6.506939709435309860e-01 1.612791241950015456e-02
3.996054349437837118e+03 6.630871599374267289e-01 1.683393538816847085e-02
4.000050403787276082e+03 6.781478307761392710e-01 1.753450196700838057e-02
4.004050454191064546e+03 6.771812576247104865e-01 1.736974320260092908e-02
4.008054504645257111e+03 6.731725862770879809e-01 1.601281875887343789e-02
4.012062559149903791e+03 6.882023349626666953e-01 1.692986740478392982e-02
4.016074621709055009e+03 6.963759885751444889e-01 1.736265092255870682e-02
4.020090696330765240e+03 7.024670977535876215e-01 1.708097252782623393e-02
4.024110787027097558e+03 7.167572215243555034e-01 1.628704673696038455e-02
4.028134897814125907e+03 7.190684673852968389e-01 1.691207771834943654e-02
4.032163032711941469e+03 7.167527185171513882e-01 1.673412045598127867e-02
4.036195195744654484e+03 7.183529315668599757e-01 1.658505093751230786e-02
4.040231390940400615e+03 7.176881378209490903e-01 1.709066100658420892e-02
4.044271622331342314e+03 7.208272943812493727e-01 1.669248806058525048e-02
4.048315893953675186e+03 7.103401438613059504e-01 1.655739409196542444e-02
4.052364209847629809e+03 6.911405145452298449e-01 1.652760138114328994e-02
4.056416574057479011e+03 6.729697051122403018e-01 1.713046172750056634e-02
4.060472990631537868e+03 6.542868179204941459e-01 1.571665266749044249e-02
4.064533463622170530e+03 6.445298474771719022e-01 1.588860617472617406e-02
4.068597997085794304e+03 6.451158209040998015e-01 1.574991781212700670e-02
4.072666595082881486e+03 6.451552810780774028e-01 1.575400500816354077e-02
4.076739261677965715e+03 6.459216755141719002e-01 1.447652873440936558e-02
4.080816000939644709e+03 6.353713760359411822e-01 1.362361230040987081e-02
4.084896816940585722e+03 6.349409417686978641e-01 1.368221171679209237e-02
4.088981713757527814e+03 6.445918324180669456e-01 1.252236950265477392e-02
4.093070695471286854e+03 6.525324268454545384e-01 1.290030296911251137e-02
4.097163766166759160e+03 6.552783279591879451e-01 1.222844208396717779e-02
4.101260929932927866e+03 6.526963820154001450e-01 1.298437105851743198e-02
4.105362190862862008e+03 6.482723981023306159e-01 1.361789884348813158e-02
4.109467553053726078e+03 6.518853139060728497e-01 1.296096460654157061e-02
4.113577020606780934e+03 6.570325759107797925e-01 1.312469066567228428e-02
4.117690597627389252e+03 6.613386280102682147e-01 1.259955819843547146e-02
4.121808288225018259e+03 6.695786125624301199e-01 1.247315275485039870e-02
4.125930096513244280e+03 6.759185985544642339e-01 1.254232283285127737e-02
4.130056026609759101e+03 6.838890831319625052e-01 1.260610584259319773e-02
4.134186082636369974e+03 6.921910612620649772e-01 1.272661439333526955e-02
4.138320268719007800e+03 7.036969806637858316e-01 1.292803371906427710e-02
4.142458588987728035e+03 7.154464180490294201e-01 1.310490798111532337e-02
4.146601047576717065e+03 7.196711901878828366e-01 1.352039080910485101e-02
4.150747648624294925e+03 7.330182575878314566e-01 1.388375938219885836e-02
4.154898396272920763e+03 7.331727624029378276e-01 1.379355295558515326e-02
4.159053294669195566e+03 7.371114401295169039e-01 1.504113118412555086e-02
4.163212347963865795e+03 7.307636086787758778e-01 1.498502713620746170e-02
4.167375560311830668e+03 7.144213944091626356e-01 1.511730713903581928e-02
4.171542935872143971e+03 7.038030825769074905e-01 1.492294255351922852e-02
4.175714478808017702e+03 6.814013165548720163e-01 1.534535173132780921e-02
4.179890193286827525e+03 6.520401089706950870e-01 1.591698644839243532e-02
4.184070083480115500e+03 6.365757736277484202e-01 1.578517016037922494e-02
4.188254153563597356e+03 6.179083257243745964e-01 1.456298189232250843e-02
4.192442407717161586e+03 6.112801268023807522e-01 1.444967137322812102e-02
4.196634850124880359e+03 6.018384274593286953e-01 1.441586874813249181e-02
4.200831484975006788e+03 6.043129386369198164e-01 1.562581359854173582e-02
4.205032316459983122e+03 6.048607298927328735e-01 1.573953102738616036e-02
4.209237348776444378e+03 6.039308355529061645e-01 1.526380111591132439e-02
4.213446586125221984e+03 6.048177390191550318e-01 1.503828113846668833e-02
4.217660032711349231e+03 6.028981705562190818e-01 1.496223745438743889e-02
4.221877692744061278e+03 5.972702293024452214e-01 1.538749771450299841e-02
4.226099570436806971e+03 5.908837983236362446e-01 1.483038791481300876e-02
4.230325670007245208e+03 5.893467953286350980e-01 1.446189927817042274e-02
4.234555995677254032e+03 5.833717458770325548e-01 1.378620153105522723e-02
4.238790551672932452e+03 5.878357479163939248e-01 1.400607315456951080e-02
4.243029342224606808e+03 5.909402919542687815e-01 1.258255208678089355e-02
4.247272371566832589e+03 5.863489236080207112e-01 1.373996264983358070e-02
4.251519643938400804e+03 5.913917693696334466e-01 1.355389156581646853e-02
4.255771163582340705e+03 5.969019799361915402e-01 1.338050718455910740e-02
4.260026934745924336e+03 6.000907065838457788e-01 1.347450786751919379e-02
4.264286961680671993e+03 6.038728767523758867e-01 1.312404083280634300e-02
4.268551248642354039e+03 5.962758565369815633e-01 1.383613812225243170e-02
4.272819799890998183e+03 5.977524890229632959e-01 1.374560179387510593e-02
4.277092619690890388e+03 5.975450846862088161e-01 1.371293788310141287e-02
4.281369712310583054e+03 6.023070973175923548e-01 1.505141225915902249e-02
4.285651082022895025e+03 6.082578338780272320e-01 1.511552714465785006e-02
4.289936733104918858e+03 6.166339585579059257e-01 1.505089163816665694e-02
4.294226669838025373e+03 6.285334164994058614e-01 1.576489529300052414e-02
4.298520896507864563e+03 6.364822709329587269e-01 1.565043449461581831e-02
4.302819417404373780e+03 6.385377032198248370e-01 1.537989070954774717e-02
4.307122236821779552e+03 6.413942251124155058e-01 1.568579436630241838e-02
4.311429359058603040e+03 6.465712891507903182e-01 1.637639196191712984e-02
4.315740788417662770e+03 6.495502568839726099e-01 1.605021047116799229e-02
4.320056529206081905e+03 6.578422315988250446e-01 1.598591098523205120e-02
4.324376585735290064e+03 6.553846388565455205e-01 1.555803756284260264e-02
4.328700962321026054e+03 6.419866248263789155e-01 1.485151801008369361e-02
4.333029663283348782e+03 6.450521973309575330e-01 1.523321389840375482e-02
4.337362692946633615e+03 6.446955793474268281e-01 1.562652916291035893e-02
4.341700055639581478e+03 6.460802338949530599e-01 1.560229394006649832e-02
4.346041755695222491e+03 6.510175208328708996e-01 1.476402015280563716e-02
4.350387797450919606e+03 6.424903165082233025e-01 1.493000453991499658e-02
4.354738185248371337e+03 6.428408024226279771e-01 1.480864102125472107e-02
4.359092923433621763e+03 6.478619141592345532e-01 1.460066214972734720e-02
4.363452016357056891e+03 6.465016035632550340e-01 1.473550053995929809e-02
4.367815468373414660e+03 6.324175091289390149e-01 1.322230507716443300e-02
4.372183283841789489e+03 6.343568114371949118e-01 1.329220004140173675e-02
4.376555467125633186e+03 6.413756328759795400e-01 1.403394086636031504e-02
4.380932022592760404e+03 6.480884888260075583e-01 1.362108618435838199e-02
4.385312954615354101e+03 6.463582562431565703e-01 1.357340330643120284e-02
4.389698267569970994e+03 6.408691646387281171e-01 1.364626977899069914e-02
4.394087965837542470e+03 6.441610005666539296e-01 1.367171768524831459e-02
4.398482053803381859e+03 6.451491818852472804e-01 1.373340709621354364e-02
4.402880535857186260e+03 6.454565117397548235e-01 1.378318922782100810e-02
4.407283416393044718e+03 6.459532651765915734e-01 1.407892236423250419e-02
4.411690699809440048e+03 6.372896464333605016e-01 1.357267688175183180e-02
4.416102390509250654e+03 6.391352757074889590e-01 1.359927216019474194e-02
4.420518492899761441e+03 6.408488907739350315e-01 1.334740991031609265e-02
4.424939011392662906e+03 6.419388587821942549e-01 1.301308191157947436e-02
4.429363950404056595e+03 6.485473648945233593e-01 1.302406794617948400e-02
4.433793314354462382e+03 6.397415794003077361e-01 1.348551099854960501e-02
4.438227107668818462e+03 6.462362575440608881e-01 1.433775897469322796e-02
4.442665334776488635e+03 6.512892258688374181e-01 1.390966283975771621e-02
4.447108000111265937e+03 6.480331634530387408e-01 1.391811582028586181e-02
4.451555108111379013e+03 6.360948278943441281e-01 1.332317661053344406e-02
4.456006663219492111e+03 6.346775145740444213e-01 1.285899586135874108e-02
4.460462669882713271e+03 6.455472839941237551e-01 1.335205558297337079e-02
4.464923132552597053e+03 6.449605573234020728e-01 1.375906585037828603e-02
4.469388055685150903e+03 6.482462793043293203e-01 1.379162228355922809e-02
4.473857443740837880e+03 6.459898035757767332e-01 1.439310863903131912e-02
4.478331301184580298e+03 6.529059564846423358e-01 1.451865487675286018e-02
4.482809632485766087e+03 6.518737106769089129e-01 1.422562490774088168e-02
4.487292442118253348e+03 6.570937542893746652e-01 1.371714938665646345e-02
4.491779734560373072e+03 6.621600353980157116e-01 1.366226539395913771e-02
4.496271514294934605e+03 6.672250302912937636e-01 1.371704318739685492e-02
4.500767785809231100e+03 6.725887914122928857e-01 1.420557962254763613e-02
4.505268553595042249e+03 6.902127404469304839e-01 1.462960711930946962e-02
4.509773822148638828e+03 7.051679921913200921e-01 1.534996625826918690e-02
4.514283595970789065e+03 7.319954366660643696e-01 1.539671037598883650e-02
4.518797879566761367e+03 7.544308973607396496e-01 1.603825600931297127e-02
4.523316677446328868e+03 7.844919060325278304e-01 1.463260852393524943e-02
4.527839994123776705e+03 7.962940218369930490e-01 1.550409933203494156e-02
4.532367834117902021e+03 8.175227534514780681e-01 1.589767651923174735e-02
4.536900201952022144e+03 8.281980468192871037e-01 1.596209374417619301e-02
4.541437102153975502e+03 8.519966110354556532e-01 1.645978044943486804e-02
4.545978539256130716e+03 8.719060842347774454e-01 1.619374328604351529e-02
4.550524517795388419e+03 8.779864480043708674e-01 1.567455330024042359e-02
4.555075042313184895e+03 8.916651614542107085e-01 1.540280098584997925e-02
4.559630117355500261e+03 9.023421628581148601e-01 1.546242670618559745e-02
4.564189747472856652e+03 9.225676665282018796e-01 1.523431163945478117e-02
4.568753937220330954e+03 9.422003530074847255e-01 1.521595131411267697e-02
4.573322691157552981e+03 9.604368594060908038e-01 1.523713448232233252e-02
4.577896013848711846e+03 9.829692558779919986e-01 1.533612758221440490e-02
4.582473909862562323e+03 9.994469206174655396e-01 1.512454061877634495e-02
4.587056383772426670e+03 9.988866469957538019e-01 1.566874845700120047e-02
4.591643440156200086e+03 9.971497235249268121e-01 1.628428934800427857e-02
4.596235083596357981e+03 1.004391237072433940e+00 1.535408892163120376e-02
4.600831318679955984e+03 1.007564635744685244e+00 1.636357435446416861e-02
4.605432149998637215e+03 1.029673331875769815e+00 1.764841776617888380e-02
4.610037582148637739e+03 1.040378623042809370e+00 1.795639871216021810e-02
4.614647619730787483e+03 1.043959573002149366e+00 1.891522627223914121e-02
4.619262267350520233e+03 1.049567186222420734e+00 1.914465966925603391e-02
4.623881529617872729e+03 1.041206498678953096e+00 1.953368837001854749e-02
4.628505411147491941e+03 1.040060727467548185e+00 1.937198483877950947e-02
4.633133916558640522e+03 1.039224664882366422e+00 1.946608988655003022e-02
4.637767050475200449e+03 1.031915367885793744e+00 1.916076988723684760e-02
4.642404817525677572e+03 1.022498205960102657e+00 1.964485221087541866e-02
4.647047222343205249e+03 1.012837320357816928e+00 1.977143972213877762e-02
4.651694269565549803e+03 9.960127514945633642e-01 1.960316692872204891e-02
4.656345963835116891e+03 9.785910820646082087e-01 1.931685910992602187e-02
4.661002309798953320e+03 9.669359450425057956e-01 1.979428043160389242e-02
4.665663312108753416e+03 9.706498778105708825e-01 1.991284954191574474e-02
4.670328975420864481e+03 9.667664397053969960e-01 1.919137838703274118e-02
4.674999304396286789e+03 9.575184541431990271e-01 1.925094016841624039e-02
4.679674303700684504e+03 9.488550313891299659e-01 1.932785569694388944e-02
4.684353978004386590e+03 9.430913049292311001e-01 1.900616874049421492e-02
4.689038331982392265e+03 9.218096808023610311e-01 1.812615147556890030e-02
4.693727370314376458e+03 9.114611135311323498e-01 1.749206192936243395e-02
4.698421097684692540e+03 8.959119718229244800e-01 1.695648107474211769e-02
4.703119518782378691e+03 8.913525938411080984e-01 1.695445341950520962e-02
4.707822638301162442e+03 8.817080770172093240e-01 1.534182435698631247e-02
4.712530460939465229e+03 8.688522196764091321e-01 1.519066679883670189e-02
4.717242991400406027e+03 8.593902917674293152e-01 1.543730838403237736e-02
4.721960234391808626e+03 8.451027952614716954e-01 1.502107636088829967e-02
4.726682194626201635e+03 8.440520877431948454e-01 1.504655136594372673e-02
4.731408876820829391e+03 8.450861968601289798e-01 1.530831239485803616e-02
4.736140285697651962e+03 8.496005378355215854e-01 1.434903005195342293e-02
4.740876425983350600e+03 8.499764978889960965e-01 1.482635465774786304e-02
4.745617302409335934e+03 8.459203863425189818e-01 1.493850471387868709e-02
4.750362919711747054e+03 8.377059211340653899e-01 1.542975280037756254e-02
4.755113282631459697e+03 8.388986009635067687e-01 1.482127242240152860e-02
4.759868395914093526e+03 8.334245193767827464e-01 1.552488866628250024e-02
4.764628264310008490e+03 8.245652129701582789e-01 1.509634558787975069e-02
4.769392892574320285e+03 8.135946201538454270e-01 1.686476806574564724e-02
4.774162285466896719e+03 8.119363647977553278e-01 1.696993383289893687e-02
4.778936447752364984e+03 8.141484140168824268e-01 1.735825198743140910e-02
4.783715384200118933e+03 8.120829145899103318e-01 1.770978368192110616e-02
4.788499099584319993e+03 8.341562510073577963e-01 1.811700120705206710e-02
4.793287598683906253e+03 8.509066883278163518e-01 1.788863106987799781e-02
4.798080886282591564e+03 8.815622910987751526e-01 1.744893846784201230e-02
4.802878967168876443e+03 9.231940041567870958e-01 1.660294808496746641e-02
4.807681846136046261e+03 9.565102982104352058e-01 1.670430348438886950e-02
4.812489527982183972e+03 9.864707355501508568e-01 1.630211366893649649e-02
4.817302017510168298e+03 1.014589107743246954e+00 1.716361415547929675e-02
4.822119319527679181e+03 1.041484997676985991e+00 1.756219523565268753e-02
4.826941438847208701e+03 1.068259753506032084e+00 1.791090112950265156e-02
4.831768380286057436e+03 1.084832506071486069e+00 1.877701685901772555e-02
4.836600148666345376e+03 1.109054425143656264e+00 1.897212872884569343e-02
4.841436748815013743e+03 1.125186735908944025e+00 1.925674857603530341e-02
4.846278185563829538e+03 1.142617234200482113e+00 1.972533579022028166e-02
4.851124463749395545e+03 1.155884323355865329e+00 2.032159335149498827e-02
4.855975588213146693e+03 1.165861227243731868e+00 1.932180150924016349e-02
4.860831563801360971e+03 1.160590293672061346e+00 1.952793686304729603e-02
4.865692395365163975e+03 1.159389302195424687e+00 1.965437958230691756e-02
4.870558087760530725e+03 1.149982654872218069e+00 1.998895419704722898e-02
4.875428645848292945e+03 1.142847573120840288e+00 1.986035235701940488e-02
4.880304074494142696e+03 1.134933807931542971e+00 1.923542641253853450e-02
4.885184378568638749e+03 1.116810695662094677e+00 1.883508122387609826e-02
4.890069562947209306e+03 1.113089066381597325e+00 1.931413020530365135e-02
4.894959632510157462e+03 1.101933971067928342e+00 2.071337424648499528e-02
4.899854592142669389e+03 1.091437720912094900e+00 2.114533034909411163e-02
4.904754446734813428e+03 1.089421634126053418e+00 2.141535572921037661e-02
4.909659201181550088e+03 1.068728192505207009e+00 2.133519163849124933e-02
4.914568860382732964e+03 1.038965212013021056e+00 2.195920334536088925e-02
4.919483429243117826e+03 1.008005073293444465e+00 2.194318361323627231e-02
4.924402912672362618e+03 9.790978386393400790e-01 2.173067127584778213e-02
4.929327315585036558e+03 9.576616819364651700e-01 2.092373785570152828e-02
4.934256642900622865e+03 9.271911912559610558e-01 1.859619088559892261e-02
4.939190899543525120e+03 9.257371433295730201e-01 1.957318266168049312e-02
4.944130090443070912e+03 9.442066173568067766e-01 1.867305224510309655e-02
4.949074220533515472e+03 9.444205377032018900e-01 2.189849165209700049e-02
4.954023294754050767e+03 9.865718178947625594e-01 2.340079658381049449e-02
4.958977318048806410e+03 1.008054606676295872e+00 2.392046392960887197e-02
4.963936295366856939e+03 1.029107032597821991e+00 2.452965523554087243e-02
4.968900231662225451e+03 1.055201475185976401e+00 2.466813976152818638e-02
4.973869131893889062e+03 1.073510936422185758e+00 2.360281194291245083e-02
4.978843001025784361e+03 1.095373677086620035e+00 2.400689025780266064e-02
4.983821844026811959e+03 1.124560675826882239e+00 2.490720419278016212e-02
4.988805665870840130e+03 1.143250206723631868e+00 2.514064561758290808e-02
4.993794471536712990e+03 1.160766519333110258e+00 2.463609967889008809e-02
4.998788266008251412e+03 1.177958827239700135e+00 2.514790999280586831e-02
5.003787054274261209e+03 1.179288493101720681e+00 2.485406703453086480e-02
5.008790841328536771e+03 1.156127358917626191e+00 2.699630065365195286e-02
5.013799632169867436e+03 1.139411506584185441e+00 2.712080744358305595e-02
5.018813431802038394e+03 1.113711967144294546e+00 2.797178611436701434e-02
5.023832245233842514e+03 1.086797318576682159e+00 2.937031687131369181e-02
5.028856077479077612e+03 1.039377827800690213e+00 3.026032478823092661e-02
5.033884933556558281e+03 1.011018803463166860e+00 3.058674264273911203e-02
5.038918818490116792e+03 9.864508116428236661e-01 3.214048835931181819e-02
5.043957737308608557e+03 9.336033924574170806e-01 3.237705331966029415e-02
5.049001695045918495e+03 9.202940175306918436e-01 2.962165538386232755e-02
5.054050696740966487e+03 8.940397093695426900e-01 3.122903808490835181e-02
5.059104747437709193e+03 8.435784623713717956e-01 3.127995915328600496e-02
5.064163852185148244e+03 8.110948749421666992e-01 2.942897840513939572e-02
5.069228016037335692e+03 7.861511364494847554e-01 2.758645240383394287e-02
5.074297244053374015e+03 7.637444276899369999e-01 2.690012009213366487e-02
5.079371541297429758e+03 7.442217841972291748e-01 2.523250029937687197e-02
5.084450912838728073e+03 7.297056021440555540e-01 2.382206217506958879e-02
5.089535363751569093e+03 7.275135042644034211e-01 2.411709667803995857e-02
5.094624899115322478e+03 7.344801466161828829e-01 2.279869138164107925e-02
5.099719524014439230e+03 7.362397657127807138e-01 2.275246129137860687e-02
5.104819243538455339e+03 7.532448628809568225e-01 2.182082645074183772e-02
5.109924062781995417e+03 7.580033500038758643e-01 2.102222808908071894e-02
5.115033986844779065e+03 7.610470901755923556e-01 2.057436504949920059e-02
5.120149020831625421e+03 7.797576450999293973e-01 2.041874098463240805e-02
5.125269169852458617e+03 7.998047124022885646e-01 2.044536988672991315e-02
5.130394439022313236e+03 8.177981813161868674e-01 2.000912708077863186e-02
5.135524833461337039e+03 8.346188928816113961e-01 1.989200469170075009e-02
5.140660358294800062e+03 8.367932536414772748e-01 1.913560888524806769e-02
5.145801018653096435e+03 8.562170901667124356e-01 1.899964431025303463e-02
5.150946819671751655e+03 8.738907074536967912e-01 1.976956459430946264e-02
5.156097766491425318e+03 8.737110028966972308e-01 1.811332567546656419e-02
5.161253864257918394e+03 8.936551442179080373e-01 1.818088372556176530e-02
5.166415118122177773e+03 9.007852364802504397e-01 1.849261755214145694e-02
5.171581533240301724e+03 9.125640755945387816e-01 1.830477675437072391e-02
5.176753114773543530e+03 9.159430035189003450e-01 1.782813911185669731e-02
5.181929867888318768e+03 9.279758136480410480e-01 1.781120214271672900e-02
5.187111797756208944e+03 9.428380923280177406e-01 1.779895482760217307e-02
5.192298909553966951e+03 9.519430220683521293e-01 1.698772703480010485e-02
5.197491208463522526e+03 9.709596944304169641e-01 1.714786001549614691e-02
5.202688699671987706e+03 9.807102572411885433e-01 1.761456489420387683e-02
5.207891388371661378e+03 9.835519726124005713e-01 1.722391498876585034e-02
5.213099279760034733e+03 9.814195954432929359e-01 1.724487176625750032e-02
5.218312379039796724e+03 9.808853498415511796e-01 1.737734144157641880e-02
5.223530691418837705e+03 9.871737741955476375e-01 1.706239567250845968e-02
5.228754222110258524e+03 9.806963571321518636e-01 1.784924473051428817e-02
5.233982976332370527e+03 9.898829980452437116e-01 1.804208122405396436e-02
5.239216959308704645e+03 9.910949554228940528e-01 1.823579911452893193e-02
5.244456176268015042e+03 9.801208656422087939e-01 1.847872598865907615e-02
5.249700632444284565e+03 9.693948425553119419e-01 1.883145456041808441e-02
5.254950333076731113e+03 9.573093812415516268e-01 1.815750266309215655e-02
5.260205283409809454e+03 9.580935317816137164e-01 1.848286473533748003e-02
5.265465488693221232e+03 9.621803049289339160e-01 1.871602147093073820e-02
5.270730954181915877e+03 9.729981930176093696e-01 1.858946456198163483e-02
5.276001685136099695e+03 9.821198170021067098e-01 1.892425876671659235e-02
5.281277686821237694e+03 9.997814468713768221e-01 1.928356060437662681e-02
5.286558964508059944e+03 1.015013800771176200e+00 1.930431843994932783e-02
5.291845523472569766e+03 1.032737727909806669e+00 1.945590049921215592e-02
5.297137368996044643e+03 1.051304065157011358e+00 1.953112052320722311e-02
5.302434506365042580e+03 1.065861808556185064e+00 1.958794774449529666e-02
5.307736940871409388e+03 1.068865573300782801e+00 1.930446695349286035e-02
5.313044677812282316e+03 1.075343132837654592e+00 1.935664780669580157e-02
5.318357722490096421e+03 1.075720049550354496e+00 1.887162950024306660e-02
5.323676080212588204e+03 1.078209824854932775e+00 1.868628240076328911e-02
5.328999756292802886e+03 1.067826116992621754e+00 1.786035307474923700e-02
5.334328756049097137e+03 1.086009377769978190e+00 1.675400940102143854e-02
5.339663084805148173e+03 1.111398692668938537e+00 1.672690542252933121e-02
5.345002747889954662e+03 1.135156450724068122e+00 1.667669097858205315e-02
5.350347750637846730e+03 1.159580241365033348e+00 1.644846778716112928e-02
5.355698098388485960e+03 1.189356629565851087e+00 1.622582910492948935e-02
5.361053796486876308e+03 1.215636324739511664e+00 1.637939641132330273e-02
5.366414850283365013e+03 1.244304089322558315e+00 1.574102188513240227e-02
5.371781265133649867e+03 1.265005570690207692e+00 1.549687504796322043e-02
5.377153046398785591e+03 1.286925375451948517e+00 1.559689944835119559e-02
5.382530199445186554e+03 1.304617173978299460e+00 1.517480274335737851e-02
5.387912729644633146e+03 1.309815376765196548e+00 1.499400324359530245e-02
5.393300642374279960e+03 1.322392569989875311e+00 1.459410300809479283e-02
5.398693943016655794e+03 1.316337475629264508e+00 1.479997601194352023e-02
5.404092636959673655e+03 1.308526481120829033e+00 1.453899148646788965e-02
5.409496729596635305e+03 1.293889705927456779e+00 1.469571267297337287e-02
5.414906226326233991e+03 1.287471920120201618e+00 1.458652006036849184e-02
5.420321132552561721e+03 1.289540227548007678e+00 1.470846436729195475e-02
5.425741453685116539e+03 1.285228513810741546e+00 1.519304148066577022e-02
5.431167195138803436e+03 1.283974523574307192e+00 1.507211655906314819e-02
5.436598362333943442e+03 1.290644263667529268e+00 1.495017694496089330e-02
5.442034960696279086e+03 1.300347275524829538e+00 1.489056978791567128e-02
5.447476995656978033e+03 1.313285011645239031e+00 1.463969362486479582e-02
5.452924472652636723e+03 1.337005416290443449e+00 1.447850894869006678e-02
5.458377397125291282e+03 1.376592484598084143e+00 1.474402899899332486e-02
5.463835774522417523e+03 1.404786050335641079e+00 1.470673264118394288e-02
5.469299610296941864e+03 1.430860331063991797e+00 1.455286263620288525e-02
5.474768909907241323e+03 1.457527168241712356e+00 1.448393336241262166e-02
5.480243678817149885e+03 1.480365007359777607e+00 1.417436612073354543e-02
5.485723922495968509e+03 1.500486755762336255e+00 1.412798890660393013e-02
5.491209646418466946e+03 1.521112095193567049e+00 1.446352188567671428e-02
5.496700856064887375e+03 1.535556660215651847e+00 1.422098298153927701e-02
5.502197556920953502e+03 1.529862088894796246e+00 1.430634931789658178e-02
5.507699754477876013e+03 1.507490479885181811e+00 1.441461496023207015e-02
5.513207454232356213e+03 1.475655042628434277e+00 1.412310700662299835e-02
5.518720661686590574e+03 1.452431827212673277e+00 1.424716797982263083e-02
5.524239382348278923e+03 1.419456338773374959e+00 1.393716618596568986e-02
5.529763621730628984e+03 1.378506821327646792e+00 1.362601788913664000e-02
5.535293385352360929e+03 1.342543322266853911e+00 1.329550271549777979e-02
5.540828678737715563e+03 1.298878764906874483e+00 1.353430147557000557e-02
5.546369507416455235e+03 1.258072008548967835e+00 1.334363222311013564e-02
5.551915876923872929e+03 1.217258087364189167e+00 1.373591064471086504e-02
5.557467792800798634e+03 1.181475867146104752e+00 1.382810661591953039e-02
5.563025260593602070e+03 1.157857614483919440e+00 1.449342714047043880e-02
5.568588285854197238e+03 1.133557456715943212e+00 1.424248770910722245e-02
5.574156874140053333e+03 1.113296843453327245e+00 1.438111450543226588e-02
5.579731031014194741e+03 1.114584980354570654e+00 1.437841588734154082e-02
5.585310762045211050e+03 1.114362118225482368e+00 1.480778048814083807e-02
5.590896072807257951e+03 1.115103541290294320e+00 1.483694249976174641e-02
5.596486968880067252e+03 1.127731660634585520e+00 1.423949750468809193e-02
5.602083455848949598e+03 1.140739143531581234e+00 1.421318622849570938e-02
5.607685539304799931e+03 1.150499267588609431e+00 1.371545751521339833e-02
5.613293224844106589e+03 1.161628767925525940e+00 1.359594297276769774e-02
5.618906518068952209e+03 1.174389940303900204e+00 1.406034887459432781e-02
5.624525424587023736e+03 1.179565275513976275e+00 1.421459637476068551e-02
5.630149950011612418e+03 1.184690931398229008e+00 1.472507141246509436e-02
5.635780099961625638e+03 1.193116271161295705e+00 1.461317559731345646e-02
5.641415880061589633e+03 1.200196521310374687e+00 1.526664339697339848e-02
5.647057295941652228e+03 1.205578379074912609e+00 1.538339163327931934e-02
5.652704353237596479e+03 1.209615986727887504e+00 1.510924869602287522e-02
5.658357057590835211e+03 1.213911899467858602e+00 1.545000017615406028e-02
5.664015414648428305e+03 1.216820644906123627e+00 1.480327955942179440e-02
5.669679430063079053e+03 1.217048480066204919e+00 1.474707272521312562e-02
5.675349109493143260e+03 1.202024483287871259e+00 1.410056280584407080e-02
5.681024458602638333e+03 1.184756161391006923e+00 1.422642705833078447e-02
5.686705483061243285e+03 1.172426141210244577e+00 1.387439550902974141e-02
5.692392188544306009e+03 1.156156017046934048e+00 1.374609709272879912e-02
5.698084580732852373e+03 1.133866670972615065e+00 1.349765991858501574e-02
5.703782665313587131e+03 1.109695899806388608e+00 1.329701806901418745e-02
5.709486447978903016e+03 1.080780920261553923e+00 1.354503459610294225e-02
5.715195934426883468e+03 1.042810774611527380e+00 1.362037412815027618e-02
5.720911130361312644e+03 1.021678772596905205e+00 1.387972338451442036e-02
5.726632041491675409e+03 1.005496457667227173e+00 1.393316075359063259e-02
5.732358673533169167e+03 9.766468144576410104e-01 1.386782256703109409e-02
5.738091032206703858e+03 9.598491615128842414e-01 1.400425778947834467e-02
5.743829123238912871e+03 9.418061501885629516e-01 1.320041376853770161e-02
5.749572952362153046e+03 9.273862967906660870e-01 1.381114881200895192e-02
5.755322525314517407e+03 9.207111831280955228e-01 1.299119184126700660e-02
5.761077847839834249e+03 9.089650504770734329e-01 1.317586231057774233e-02
5.766838925687675328e+03 9.013963089609754453e-01 1.327177979447395802e-02
5.772605764613364954e+03 8.975949981264157440e-01 1.332525972747388918e-02
5.778378370377980900e+03 8.982276385549318176e-01 1.321844513317929279e-02
5.784156748748360769e+03 8.976365481442626360e-01 1.278738243517335386e-02
5.789940905497111089e+03 9.010328855142318849e-01 1.270837293460063376e-02
5.795730846402610041e+03 9.055933103857809474e-01 1.253205571791080920e-02
5.801526577249013826e+03 9.183598219793148720e-01 1.238383283772095771e-02
5.807328103826264851e+03 9.393431749929013197e-01 1.229724378022393344e-02
5.813135431930093546e+03 9.694087884532792687e-01 1.221561822926124294e-02
5.818948567362025642e+03 1.009973295245423230e+00 1.253328273365466802e-02
5.824767515929389447e+03 1.035312758530223309e+00 1.276953889618344384e-02
5.830592283445320390e+03 1.076092728197344695e+00 1.293932857315524022e-02
5.836422875728768304e+03 1.118482271807926365e+00 1.253871963299297947e-02
5.842259298604498326e+03 1.155769265275042645e+00 1.267895354535273494e-02
5.848101557903105459e+03 1.191775693543061454e+00 1.211023728178213348e-02
5.853949659461010015e+03 1.225389559957493324e+00 1.219411951918927643e-02
5.859803609120473084e+03 1.261040854250618626e+00 1.324426535868178552e-02
5.865663412729595620e+03 1.286719609776618922e+00 1.291999382319803519e-02
5.871529076142326630e+03 1.302590287631546495e+00 1.316913254826899450e-02
5.877400605218471355e+03 1.313346094097916694e+00 1.281253603650205596e-02
5.883278005823691274e+03 1.320087456433831186e+00 1.267340957042455488e-02
5.889161283829516833e+03 1.317476714697824791e+00 1.228502341473016075e-02
5.895050445113348360e+03 1.310589908742061604e+00 1.228841367154608587e-02
5.900945495558464245e+03 1.307895592968061349e+00 1.232369345949974049e-02
5.906846441054024581e+03 1.292490226684981147e+00 1.276751468546587914e-02
5.912753287495080258e+03 1.276298782048755021e+00 1.246053187100742456e-02
5.918666040782577511e+03 1.259580171248933622e+00 1.248157864075118487e-02
5.924584706823361557e+03 1.243012614225063039e+00 1.251243429519617242e-02
5.930509291530187511e+03 1.238719740381110546e+00 1.266289867949395818e-02
5.936439800821719473e+03 1.225572130830454132e+00 1.262375928944478240e-02
5.942376240622543264e+03 1.215894904099465768e+00 1.206637022902819212e-02
5.948318616863167335e+03 1.205321380119502850e+00 1.206043680670838315e-02
5.954266935480032771e+03 1.198237676471120672e+00 1.211917791933194918e-02
5.960221202415515108e+03 1.183208697616904947e+00 1.160382288968513434e-02
5.966181423617932523e+03 1.170723694586771391e+00 1.171662610735368926e-02
5.972147605041552197e+03 1.164772019228947242e+00 1.189138721158529075e-02
5.978119752646595771e+03 1.157739696713597777e+00 1.135947188074056327e-02
5.984097872399243897e+03 1.152614395354318644e+00 1.109077158394794482e-02
5.990081970271645332e+03 1.144427963525212144e+00 1.069683074913231613e-02
5.996072052241918755e+03 1.141595159911541923e+00 1.061944602650667993e-02
6.002068124294162772e+03 1.131716272437336190e+00 1.052168982671675135e-02
6.008070192418459555e+03 1.127002510562520099e+00 1.060976428582533805e-02
6.014078262610879392e+03 1.130521626366153054e+00 1.099997919134637278e-02
6.020092340873492503e+03 1.125354942080328602e+00 1.103749651633908167e-02
6.026112433214368139e+03 1.125203751656599582e+00 1.076515190088233112e-02
6.032138545647584579e+03 1.124585509947478856e+00 1.088993273742709135e-02
6.038170684193233683e+03 1.115230910113607088e+00 1.072672917084589381e-02
6.044208854877429076e+03 1.113737108201226622e+00 1.086948796582351030e-02
6.050253063732308874e+03 1.112084068832299932e+00 1.046851843310320739e-02
6.056303316796042964e+03 1.114692484939341810e+00 1.044323131238979185e-02
6.062359620112841185e+03 1.120668734541406364e+00 1.119581351749822026e-02
6.068421979732956061e+03 1.133551616646590432e+00 1.134545399070960997e-02
6.074490401712690982e+03 1.140924830465921636e+00 1.150885372723638340e-02
6.080564892114405666e+03 1.153149074878175862e+00 1.138153288453795653e-02
6.086645457006521610e+03 1.164250599811410547e+00 1.163109563388834214e-02
6.092732102463530282e+03 1.172306356986932974e+00 1.167423108351699039e-02
6.098824834565995843e+03 1.180467060584876160e+00 1.229600245123670110e-02
6.104923659400564247e+03 1.180788106974007157e+00 1.242539764753142033e-02
6.111028583059966877e+03 1.181723712568310436e+00 1.279865875591094243e-02
6.117139611643028729e+03 1.173032770176987150e+00 1.296955615766231563e-02
6.123256751254673873e+03 1.160550631561035217e+00 1.329926839998911252e-02
6.129380008005929994e+03 1.150655463382409982e+00 1.361858076223392694e-02
6.135509388013938405e+03 1.145608333442732496e+00 1.314977874369816294e-02
6.141644897401954040e+03 1.151314254511740742e+00 1.297549844496647883e-02
6.147786542299358189e+03 1.161270235585761146e+00 1.330198848220486181e-02
6.153934328841659408e+03 1.166764891275612781e+00 1.331307092542976384e-02
6.160088263170503524e+03 1.179142814699958741e+00 1.383874401530988188e-02
6.166248351433675452e+03 1.196766032175427874e+00 1.377897850434975542e-02
6.172414599785111022e+03 1.214575167961175373e+00 1.387357467725705909e-02
6.178587014384898794e+03 1.241458177987552869e+00 1.396257492233060095e-02
6.184765601399285515e+03 1.264860816598855076e+00 1.375329048637734253e-02
6.190950367000687038e+03 1.283066887666943767e+00 1.353429884392007634e-02
6.197141317367689226e+03 1.300983219736806085e+00 1.346777995218136938e-02
6.203338458685059777e+03 1.318885148432920928e+00 1.377812864732002457e-02
6.209541797143746408e+03 1.330255561114280338e+00 1.348079231921898470e-02
6.215751338940892310e+03 1.332133908495802821e+00 1.308985140074703582e-02
6.221967090279835247e+03 1.331155979770093367e+00 1.226018383865551571e-02
6.228189057370116643e+03 1.333914315011027307e+00 1.173986960840708686e-02
6.234417246427488863e+03 1.321001478450842592e+00 1.161452489642649140e-02
6.240651663673918847e+03 1.303104320965468021e+00 1.140345325612368566e-02
6.246892315337594482e+03 1.276877662644513745e+00 1.124322023106913773e-02
6.253139207652934601e+03 1.257280769422649769e+00 1.084451647326231151e-02
6.259392346860589896e+03 1.234957521149687487e+00 1.114770345272753961e-02
6.265651739207452010e+03 1.217720080566845553e+00 1.130230281256845368e-02
6.271917390946661726e+03 1.195470256385795293e+00 1.080223903244906074e-02
6.278189308337610782e+03 1.181569808231859309e+00 1.090566616368829171e-02
6.284467497645950061e+03 1.171023431494410127e+00 1.033954291849567032e-02
6.290751965143597772e+03 1.158791835769601208e+00 1.018041206275456523e-02
6.297042717108744000e+03 1.143531675142284376e+00 1.006934312016335119e-02
6.303339759825854344e+03 1.132779628467452282e+00 9.589450237212927483e-03
6.309643099585682648e+03 1.118839352149606281e+00 9.275523611322392808e-03
6.315952742685270096e+03 1.105642492680052769e+00 9.148045859798226154e-03
6.322268695427957937e+03 1.096840055347970466e+00 9.003829824008720284e-03
6.328590964123387494e+03 1.082262161621849295e+00 9.060464932437188937e-03
6.334919555087512890e+03 1.067995073376417192e+00 9.414366590568129523e-03
6.341254474642602872e+03 1.066269074268824779e+00 9.843414431173881304e-03
6.347595729117247174e+03 1.059716986700505625e+00 1.000574490325301449e-02
6.353943324846366522e+03 1.054531954028103957e+00 1.031119127485704765e-02
6.360297268171215364e+03 1.055796637787303593e+00 9.749117752121685965e-03
6.366657565439388236e+03 1.049609625051394213e+00 9.990690901903671525e-03
6.373024223004829764e+03 1.050379752026898483e+00 9.818458234479288810e-03
6.379397247227837397e+03 1.042150734596863693e+00 9.851992635160544340e-03
6.385776644475066860e+03 1.040517546605066235e+00 9.756416170218442166e-03
6.392162421119543978e+03 1.047864930473106693e+00 9.946040360395019125e-03
6.398554583540665590e+03 1.055993967381617882e+00 1.007765890042884409e-02
6.404953138124208635e+03 1.068102895299849253e+00 1.016682278148648387e-02
6.411358091262334710e+03 1.088107227199885285e+00 1.009835980119264814e-02
6.417769449353599157e+03 1.107591685815039639e+00 1.053179706083475116e-02
6.424187218802954703e+03 1.132788685800563133e+00 1.113475824910899539e-02
6.430611406021760558e+03 1.167601477261233978e+00 1.120293099603351765e-02
6.437042017427784231e+03 1.200280023719852096e+00 1.159471725987954935e-02
6.443479059445214261e+03 1.238072300237208934e+00 1.191239911825071017e-02
6.449922538504661134e+03 1.283563027132120116e+00 1.197886299168917160e-02
6.456372461043168187e+03 1.350916163325674102e+00 1.271694578920483376e-02
6.462828833504213435e+03 1.437888472639108794e+00 1.188159956039047324e-02
6.469291662337719572e+03 1.545379322233238151e+00 1.209434604971965782e-02
6.475760954000059428e+03 1.673387283172989015e+00 1.200405946229905763e-02
6.482236714954061426e+03 1.822993274205136682e+00 1.215471261144533514e-02
6.488718951669017770e+03 1.987054181310756951e+00 1.331395223836156182e-02
6.495207670620688987e+03 2.167715296466462327e+00 1.406023004723561294e-02
6.501702878291312118e+03 2.333350064149422032e+00 1.513607330311384468e-02
6.508204581169605262e+03 2.491166397580005576e+00 1.679321345864813811e-02
6.514712785750777584e+03 2.664788218880896675e+00 1.685980679207384897e-02
6.521227498536530220e+03 2.826476093456468774e+00 1.734386408715532513e-02
6.527748726035069012e+03 2.971040849326310962e+00 1.823639905749643852e-02
6.534276474761106329e+03 3.091621477229025139e+00 1.883949820302744868e-02
6.540810751235869247e+03 3.175339171456449616e+00 1.914268551989216360e-02
6.547351561987107743e+03 3.216168148490731404e+00 1.891925811790481568e-02
6.553898913549096505e+03 3.209925826434710139e+00 1.820563107402388067e-02
6.560452812462647671e+03 3.148450808023237624e+00 1.878726147673160166e-02
6.567013265275112644e+03 3.048040436258466990e+00 1.939453828076889361e-02
6.573580278540390282e+03 2.913580812817364141e+00 1.982992888837077292e-02
6.580153858818932349e+03 2.759136440764657028e+00 1.987026550269297559e-02
6.586734012677753526e+03 2.584890879142953235e+00 1.890756679690787020e-02
6.593320746690433225e+03 2.415757249489888903e+00 1.787415109054100656e-02
6.599914067437126505e+03 2.260665192691739822e+00 1.725949337807602957e-02
6.606513981504565891e+03 2.127884707427438293e+00 1.761291241547298034e-02
6.613120495486072286e+03 2.022201740617295407e+00 1.757908498902615441e-02
6.619733615981560433e+03 1.950277808795769285e+00 1.481752309085306377e-02
6.626353349597544366e+03 1.888450768101754607e+00 1.291360876532627634e-02
6.632979702947143778e+03 1.808572514150685873e+00 1.194678387004787651e-02
6.639612682650093120e+03 1.753201970706691259e+00 1.150918061564781651e-02
6.646252295332745234e+03 1.704247557456406215e+00 1.132549600541641645e-02
6.652898547628080451e+03 1.655499431967710544e+00 1.107444666636304455e-02
6.659551446175711135e+03 1.619135782971576010e+00 1.105759096213758570e-02
6.666210997621888964e+03 1.585519308659295357e+00 1.088348216203182534e-02
6.672877208619513112e+03 1.556733923069405279e+00 1.077163419981717538e-02
6.679550085828134797e+03 1.526028683487865800e+00 1.092726617028870820e-02
6.686229635913964557e+03 1.492735529441031828e+00 1.077102061766007507e-02
6.692915865549881346e+03 1.455270571003908442e+00 1.051926393930971079e-02
6.699608781415433441e+03 1.425998746647777482e+00 1.035725130445197886e-02
6.706308390196851178e+03 1.389050993168869930e+00 1.046882690326113134e-02
6.713014698587049679e+03 1.350905404143813549e+00 1.011561297923493051e-02
6.719727713285638856e+03 1.318661686207261985e+00 1.034064717652666450e-02
6.726447440998927050e+03 1.292690386483693166e+00 1.034592744573034975e-02
6.733173888439928305e+03 1.268458550049327282e+00 9.789793342882508603e-03
6.739907062328370557e+03 1.251124231496845152e+00 9.416256784193268933e-03
6.746646969390701088e+03 1.252149641463200069e+00 1.083149678051178316e-02
6.753393616360093802e+03 1.247429320966430444e+00 1.130342005043168986e-02
6.760147009976456502e+03 1.245811057559274238e+00 1.145184685265665352e-02
6.766907156986434529e+03 1.257082544553143943e+00 1.206418632068176171e-02
6.773674064143423493e+03 1.262743278631056176e+00 1.221425157040625410e-02
6.780447738207569273e+03 1.268904751886719584e+00 1.224862338078099543e-02
6.787228185945778932e+03 1.267220205555328105e+00 1.246844383163838756e-02
6.794015414131727084e+03 1.264952332084292808e+00 1.245156131677199393e-02
6.800809429545861349e+03 1.261157515410184393e+00 1.250007095782600629e-02
6.807610238975408720e+03 1.252604602962973379e+00 1.246348701896107976e-02
6.814417849214386479e+03 1.239855810377490597e+00 1.231579569778388193e-02
6.821232267063603103e+03 1.224624088069783179e+00 1.213772631407268598e-02
6.828053499330669183e+03 1.195297790687231076e+00 1.250532197548883534e-02
6.834881552830001965e+03 1.169641947520228653e+00 1.250616761237027807e-02
6.841716434382834450e+03 1.145159399526313182e+00 1.258953981206305944e-02
6.848558150817219939e+03 1.113067610173894773e+00 1.345787540511608760e-02
6.855406708968039311e+03 1.083566238896908063e+00 1.306111584643143350e-02
6.862262115677009206e+03 1.052710909653368443e+00 1.307160768580700565e-02
6.869124377792688392e+03 1.028760400673156328e+00 1.299739318385498103e-02
6.875993502170483225e+03 1.016129759564862178e+00 1.275183359993239604e-02
6.882869495672656740e+03 9.984910387261013431e-01 1.242272810205505111e-02
6.889752365168331380e+03 9.929579129981901398e-01 1.220454831493819961e-02
6.896642117533501732e+03 9.901355171474706118e-01 1.207518513921423606e-02
6.903538759651037253e+03 9.852444586980579899e-01 1.179530212040408831e-02
6.910442298410691365e+03 9.895765979313958516e-01 1.189713913731699733e-02
6.917352740709104182e+03 1.002272282516518453e+00 1.174660469363809044e-02
6.924270093449815249e+03 1.024852183664325178e+00 1.159076163583448726e-02
6.931194363543267173e+03 1.054291693992014389e+00 1.164819659608345818e-02
6.938125557906812901e+03 1.081137347110049163e+00 1.177397468058479120e-02
6.945063683464722089e+03 1.121424447348232434e+00 1.182205774251222224e-02
6.952008747148189286e+03 1.160534908759340622e+00 1.161970647451676837e-02
6.958960755895339389e+03 1.196155699333828037e+00 1.230401270416080217e-02
6.965919716651237650e+03 1.220363670117852184e+00 1.250036705051997023e-02
6.972885636367890584e+03 1.241146060609998436e+00 1.297609459156639534e-02
6.979858522004260521e+03 1.245051598060566311e+00 1.293665522398853782e-02
6.986838380526267429e+03 1.241354700866395433e+00 1.249174058148218996e-02
6.993825218906796181e+03 1.227383530509936094e+00 1.255483195417387079e-02
7.000819044125705659e+03 1.206318019041997980e+00 1.243801419960008543e-02
7.007819863169833297e+03 1.188592663526977011e+00 1.243740497238777706e-02
7.014827683033005087e+03 1.171344922144169187e+00 1.240683052560838905e-02
7.021842510716041033e+03 1.161923003159403445e+00 1.230859826711735300e-02
7.028864353226758794e+03 1.135284108535183245e+00 1.287064308326610861e-02
7.035893217579988232e+03 1.130966646310458845e+00 1.288973043997361165e-02
7.042929110797570502e+03 1.124426505180669222e+00 1.283460308336305082e-02
7.049972039908370789e+03 1.114693520033497309e+00 1.257878957385496176e-02
7.057022011948281033e+03 1.104390483418886015e+00 1.235588968893582690e-02
7.064079033960231754e+03 1.091174109251211721e+00 1.212166993927342278e-02
7.071143112994193871e+03 1.065685772824130684e+00 1.218412518086126398e-02
7.078214256107190522e+03 1.039568178987506419e+00 1.233387589209671009e-02
7.085292470363300708e+03 1.019108393043355099e+00 1.207545683604376377e-02
7.092377762833665656e+03 1.002727780862955775e+00 1.280184640032751460e-02
7.099470140596501551e+03 9.913026795371709943e-01 1.271329524218849268e-02
7.106569610737100447e+03 9.903937921700012303e-01 1.232268470508082747e-02
7.113676180347840273e+03 9.865106370608786035e-01 1.172231214078841947e-02
7.120789856528190285e+03 9.924115755216761370e-01 1.179655763835863944e-02
7.127910646384721076e+03 1.003837388974596623e+00 1.163438424238452500e-02
7.135038557031108212e+03 1.020242630408910944e+00 1.135649134628676643e-02
7.142173595588141325e+03 1.042920263725713115e+00 1.117438179794951435e-02
7.149315769183732300e+03 1.064455127099228182e+00 1.103331907045602966e-02
7.156465084952918005e+03 1.088119583299752113e+00 1.140833604241136418e-02
7.163621550037873021e+03 1.097672766694894442e+00 1.101329626137380335e-02
7.170785171587913283e+03 1.115057216028197296e+00 1.022382135855755964e-02
7.177955956759504261e+03 1.130333220992711274e+00 1.037446850980788642e-02
7.185133912716265513e+03 1.139052397021203422e+00 1.044150066936515471e-02
7.192319046628984324e+03 1.141878138987864277e+00 1.070849471781503033e-02
7.199511365675615707e+03 1.147952154424314752e+00 1.062831900782875566e-02
7.206710877041294225e+03 1.144999518025329621e+00 1.067358206542577855e-02
7.213917587918337631e+03 1.141237561233300557e+00 1.043391475913220921e-02
7.221131505506257781e+03 1.136799206749898872e+00 1.026109348488503555e-02
7.228352637011767001e+03 1.130720649807787748e+00 1.010603788453950415e-02
7.235580989648780815e+03 1.132462463348780535e+00 9.291403729618232313e-03
7.242816570638432495e+03 1.145165654481137052e+00 9.175023204649213407e-03
7.250059387209073066e+03 1.153850630081398432e+00 9.070152104272477533e-03
7.257309446596284033e+03 1.167959736530548298e+00 8.939393329170965130e-03
7.264566756042882844e+03 1.183586337604145555e+00 8.900961425490044876e-03
7.271831322798928340e+03 1.201529592207409403e+00 9.008959527025569430e-03
7.279103154121729858e+03 1.218396624070162249e+00 8.953738186864033943e-03
7.286382257275853590e+03 1.234095315472569787e+00 8.865267795601018685e-03
7.293668639533132591e+03 1.240867119524633244e+00 8.972614591301360590e-03
7.300962308172667690e+03 1.232634848066593181e+00 8.300165785126909640e-03
7.308263270480842948e+03 1.234918919206128951e+00 8.487789842395286263e-03
7.315571533751325660e+03 1.235144875727389513e+00 8.987737445016484583e-03
7.322887105285079997e+03 1.219904708400706861e+00 8.807159732716189973e-03
7.330209992390367006e+03 1.204815689987662530e+00 8.688824795651004657e-03
7.337540202382760071e+03 1.188407208121491587e+00 8.316439434691468707e-03
7.344877742585144915e+03 1.163800233476383728e+00 8.833690568278361813e-03
7.352222620327733239e+03 1.141749083946545396e+00 9.145254120231987791e-03
7.359574842948062724e+03 1.126832480928981139e+00 9.240321408551216420e-03
7.366934417791013402e+03 1.114068207606330851e+00 9.071881920687658446e-03
7.374301352208806748e+03 1.106142861490244211e+00 9.414043374204900116e-03
7.381675653561018407e+03 1.104753016853556646e+00 9.452471913708732423e-03
7.389057329214581841e+03 1.101249786166139000e+00 9.430313423735112166e-03
7.396446386543798326e+03 1.098027480825293001e+00 9.602308365889765038e-03
7.403842832930345139e+03 1.097502017123755058e+00 9.957365126311483114e-03
7.411246675763277381e+03 1.098482875044785922e+00 1.107973486949008837e-02
7.418657922439043432e+03 1.091854763653610894e+00 1.121926607585420690e-02
7.426076580361484957e+03 1.084999866939098778e+00 1.124241250015850513e-02
7.433502656941848727e+03 1.074717351321744285e+00 1.110131223384345882e-02
7.440936159598792983e+03 1.058021651852834033e+00 1.084400624269503226e-02
7.448377095758394717e+03 1.044060836116860180e+00 1.071487466101727661e-02
7.455825472854155123e+03 1.043714674150970412e+00 1.137658100086900992e-02
7.463281298327012337e+03 1.040649891358957024e+00 1.129569352747704022e-02
7.470744579625341430e+03 1.043630057075155992e+00 1.158970196143613123e-02
7.478215324204968965e+03 1.043570392554596049e+00 1.164627626984548678e-02
7.485693539529176633e+03 1.036867647569524653e+00 1.196376830711236121e-02
7.493179233068708527e+03 1.032626572785807273e+00 1.185250081256781704e-02
7.500672412301779332e+03 1.035196301153044063e+00 1.185569621631906052e-02
7.508173084714083416e+03 1.034770751986900938e+00 1.208264253138452773e-02
7.515681257798800289e+03 1.026784073238636186e+00 1.241847024521766478e-02
7.523196939056601877e+03 1.026612782046284700e+00 1.222177463701369822e-02
7.530720135995660712e+03 1.019777249880581493e+00 1.218776904413887766e-02
7.538250856131659020e+03 1.012399902068840563e+00 1.237709582210810844e-02
7.545789106987793275e+03 1.001549090986161072e+00 1.246105714696037724e-02
7.553334896094783289e+03 9.905210245516935519e-01 1.239060401771893694e-02
7.560888230990880402e+03 9.811409277826598219e-01 1.103002077435684923e-02
7.568449119221873843e+03 9.647709160738976442e-01 1.092891174746134751e-02
7.576017568341098013e+03 9.532741049341230122e-01 1.106097008291155072e-02
7.583593585909441572e+03 9.419010345374425608e-01 1.127141200161256400e-02
7.591177179495353812e+03 9.361527335054595778e-01 1.113963454571824212e-02
7.598768356674851930e+03 9.378859313405933928e-01 1.112626673410914424e-02
7.606367125031529213e+03 9.374398042775732298e-01 1.051107480175242012e-02
7.613973492156563225e+03 9.455608417580866343e-01 1.008730135317965557e-02
7.621587465648722173e+03 9.464069704241551140e-01 9.841360704281820748e-03
7.629209053114373091e+03 9.483718226271109497e-01 9.693518814833483599e-03
7.636838262167490029e+03 9.420990318083093396e-01 9.364032143726235338e-03
7.644475100429660415e+03 9.381180468619756407e-01 9.347888785837745948e-03
7.652119575530092334e+03 9.285261750706266248e-01 9.365582714043346052e-03
7.659771695105625440e+03 9.089570804283420014e-01 9.017319813467103776e-03
7.667431466800733688e+03 9.033937698940377459e-01 8.865578448518237134e-03
7.675098898267536242e+03 8.937138718309034502e-01 8.856766876719077836e-03
7.682773997165806577e+03 8.855350558379986303e-01 9.071499213994535862e-03
7.690456771162975201e+03 8.778694619559197498e-01 9.530834965916988935e-03
7.698147227934140574e+03 8.905015119972653492e-01 1.019672654969981489e-02
7.705845375162077289e+03 9.064559732262631453e-01 9.959592289733063680e-03
7.713551220537241534e+03 9.260092561850296056e-01 1.011106911818815575e-02
7.721264771757782000e+03 9.499416342531294966e-01 1.020290890437637946e-02
7.728986036529541707e+03 9.727425734605050778e-01 1.012275945086862916e-02
7.736715022566074367e+03 9.987143648192243761e-01 9.618471086847451071e-03
7.744451737588642573e+03 1.020027282879666819e+00 9.678343814250204430e-03
7.752196189326234162e+03 1.037053397506068064e+00 9.697270261739431366e-03
7.759948385515562222e+03 1.045338197371858291e+00 9.692032006966673496e-03
7.767708333901080550e+03 1.048329381024423190e+00 9.649779520401182906e-03
7.775476042234984561e+03 1.044207067797497057e+00 1.083786352741032862e-02
7.783251518277222203e+03 1.040160595350144934e+00 1.138765157405568183e-02
7.791034769795502143e+03 1.028134608874666567e+00 1.172996313576973350e-02
7.798825804565300132e+03 1.021418109527620688e+00 1.191138646898156489e-02
7.806624630369868100e+03 1.013141595564967856e+00 1.186879065179323803e-02
7.814431255000240526e+03 1.007774169118562657e+00 1.154603061604514251e-02
7.822245686255242617e+03 9.991894677130925828e-01 1.142756273341766562e-02
7.830067931941501229e+03 9.947417610479208916e-01 1.192654920357780549e-02
7.837897999873444860e+03 9.751320523650042205e-01 1.194212427866015586e-02
7.845735897873320937e+03 9.722516446888470609e-01 1.176905615047106612e-02
7.853581633771196721e+03 9.741094252487212390e-01 1.124750932238581004e-02
7.861435215404970222e+03 9.779042782992967142e-01 1.127025785252897504e-02
7.869296650620378387e+03 9.829922480002548646e-01 1.113981867589163184e-02
7.877165947271001642e+03 9.878345368984737807e-01 1.120577302311073775e-02
7.885043113218274812e+03 9.987532453309695413e-01 1.158716414152952644e-02
7.892928156331495302e+03 9.981576596763647169e-01 1.179717312128013805e-02
7.900821084487829467e+03 9.978972045232781252e-01 1.197620646916987969e-02
7.908721905572319884e+03 9.978695067650734662e-01 1.226074622315899941e-02
7.916630627477895359e+03 1.001635251197015020e+00 1.282866436955475836e-02
7.924547258105375477e+03 9.880093031617128707e-01 1.333563567982603247e-02
7.932471805363483327e+03 9.808132450518839418e-01 1.252233544300748735e-02
7.940404277168850058e+03 9.642325941607509110e-01 1.191752593349556730e-02
7.948344681446021241e+03 9.632703026438321769e-01 1.196059854873477227e-02
7.956293026127469602e+03 9.617536892564224615e-01 1.193545002593577806e-02
7.964249319153599572e+03 9.565392712000427844e-01 1.193820775480318626e-02
7.972213568472756378e+03 9.547436308168825159e-01 1.180033491428661777e-02
7.980185782041231505e+03 9.520092846877491466e-01 1.170363899309589603e-02
7.988165967823275423e+03 9.397488569353490417e-01 1.161027505111006386e-02
7.996154133791101231e+03 9.267556005278170250e-01 1.135238463466075980e-02
8.004150287924895565e+03 9.190736146513004412e-01 1.126984689994837974e-02
8.012154438212822242e+03 9.068205213665689879e-01 1.120953804174227957e-02
8.020166592651037718e+03 8.925744335449410372e-01 1.107914536471880235e-02
8.028186759243691995e+03 8.831273493328389845e-01 1.119933202731650777e-02
8.036214946002938632e+03 8.807672532179529057e-01 1.111261667942244763e-02
8.044251160948943834e+03 8.744873161053381416e-01 1.081171764730282266e-02
8.052295412109895551e+03 8.733845564998010680e-01 1.074918030535439682e-02
8.060347707522008022e+03 8.801168788655743258e-01 1.046812985837415090e-02
8.068408055229532692e+03 8.863669937401357224e-01 9.802335030216977052e-03
8.076476463284764577e+03 8.837011570374624370e-01 8.961393662276256195e-03
8.084552939748052268e+03 8.873557761111179332e-01 8.840303551489571768e-03
8.092637492687803388e+03 8.860081280165739148e-01 8.784612133586030061e-03
8.100730130180493688e+03 8.892056350085908445e-01 8.294765312992294359e-03
8.108830860310677053e+03 8.842814728413488368e-01 7.908580963215297577e-03
8.116939691170990045e+03 8.822224025779412671e-01 7.810707526506201551e-03
8.125056630862163729e+03 8.784647466842344654e-01 7.924345195366963232e-03
8.133181687493028221e+03 8.784135425445839251e-01 8.328215640310469500e-03
8.141314869180524511e+03 8.736720504199185777e-01 8.073610827447053745e-03
8.149456184049707190e+03 8.752010338529779832e-01 7.392633037514022287e-03
8.157605640233759914e+03 8.809365032782654481e-01 7.347684862463535645e-03
8.165763245873996311e+03 8.823786560783287714e-01 7.362700012022601465e-03
8.173929009119872717e+03 8.829677906851178815e-01 7.328960641454718150e-03
8.182102938128995447e+03 8.792898949456788849e-01 7.362108842140441603e-03
8.190285041067127167e+03 8.771912408456896681e-01 7.065024554801987815e-03
8.198475326108196896e+03 8.706766183237456547e-01 6.996275815856762940e-03
8.206673801434308189e+03 8.576256393672343492e-01 6.873760787851285539e-03
8.214880475235744598e+03 8.462148422477482335e-01 6.899618516758937448e-03
8.223095355710984222e+03 8.356296728964500709e-01 6.793060874644821917e-03
8.231318451066697889e+03 8.248919939885409613e-01 6.854388662926502208e-03
8.239549769517767345e+03 8.097511994694708282e-01 6.839539144660070763e-03
8.247789319287287071e+03 7.953927712142193629e-01 6.961695145140435644e-03
8.256037108606577021e+03 7.861354114317165021e-01 7.049534872571486081e-03
8.264293145715186256e+03 7.796085026992287670e-01 8.011354477378766770e-03
8.272557438860903858e+03 7.628079086676189391e-01 9.149320619328264736e-03
8.280829996299768027e+03 7.504169268465452625e-01 9.284006094769679113e-03
8.289110826296069718e+03 7.371604390271147000e-01 9.599971462248682585e-03
8.297399937122369010e+03 7.295629076311339611e-01 9.505620520834298648e-03
8.305697337059495112e+03 7.288102600712565993e-01 9.589055267954629813e-03
8.314003034396557268e+03 7.296808611836861358e-01 9.747781199917201350e-03
8.322317037430955679e+03 7.261039198268676165e-01 1.495257241193133357e-02
8.330639354468388774e+03 7.453001355465296296e-01 1.559191717565463695e-02
8.338969993822860488e+03 7.619835243509462952e-01 1.581133931153192937e-02
8.347308963816685718e+03 7.812024955555733063e-01 1.613133649431446742e-02
8.355656272780506697e+03 7.977454162420432038e-01 1.630849027148947167e-02
8.364011929053289350e+03 8.137993849014615311e-01 1.694589681455938024e-02
8.372375940982345128e+03 8.311218667905336810e-01 1.704247160968805005e-02
8.380748316923331004e+03 8.515840780235127694e-01 1.768221916487433543e-02
8.389129065240256750e+03 8.710164090931080683e-01 1.819407658652912388e-02
8.397518194305499492e+03 8.996890596651092586e-01 1.914296668399896595e-02
8.405915712499807341e+03 9.416740443491756762e-01 1.952778510137908458e-02
8.414321628212310316e+03 9.881037220368427132e-01 2.029709783282681451e-02
8.422735949840525791e+03 1.047064483355097719e+00 2.060997460019261401e-02
8.431158685790369418e+03 1.105339636150658222e+00 2.066900414216380974e-02
8.439589844476162398e+03 1.153607608754136038e+00 2.016140441188230686e-02
8.448029434320640576e+03 1.195564813510984647e+00 2.109403549552053489e-02
8.456477463754963537e+03 1.229757064873990169e+00 2.099837227152356878e-02
8.464933941218721884e+03 1.247009733390482822e+00 2.106366249836485322e-02
8.473398875159942691e+03 1.247485879929063124e+00 2.115454355182076751e-02
8.481872274035105875e+03 1.227484113659734088e+00 2.172370618223642275e-02
8.490354146309144198e+03 1.204491047679258742e+00 1.672667708589261129e-02
8.498844500455456000e+03 1.179937152953723922e+00 1.675341745481972316e-02
8.507343344955914290e+03 1.169522771607069522e+00 1.688309265144669405e-02
8.515850688300872207e+03 1.164651890844400128e+00 1.660812657724848942e-02
8.524366538989177570e+03 1.171816112231083507e+00 1.654967057089222829e-02
8.532890905528169242e+03 1.187475835968537119e+00 1.617180829060680530e-02
8.541423796433698953e+03 1.211154374548339963e+00 1.612874175666726209e-02
8.549965220230136765e+03 1.229413571643837688e+00 1.567952867148368623e-02
8.558515185450369245e+03 1.253606770440886642e+00 1.561847519152750365e-02
8.567073700635823116e+03 1.278330698582027747e+00 1.441818767318807024e-02
8.575640774336461618e+03 1.303155280508833558e+00 1.379097186869350164e-02
8.584216415110800881e+03 1.342138224290091442e+00 1.275383131254840229e-02
8.592800631525913559e+03 1.377507865801202103e+00 1.286845340008131201e-02
8.601393432157443385e+03 1.403634565069906248e+00 1.265312270043642169e-02
8.609994825589603352e+03 1.429475152487530432e+00 1.252157000861668819e-02
8.618604820415195718e+03 1.456348520759195075e+00 1.237840498925960736e-02
8.627223425235613831e+03 1.468789463791833949e+00 1.059203538728400139e-02
8.635850648660851220e+03 1.479779614941992172e+00 1.054750189081663653e-02
8.644486499309516148e+03 1.480314084622181170e+00 1.019699583136924291e-02
8.653130985808827973e+03 1.462542204544090341e+00 1.007541257021116014e-02
8.661784116794638976e+03 1.433993643224853898e+00 9.349964704784172534e-03
8.670445900911438002e+03 1.389771727299070170e+00 9.326184048514036054e-03
8.679116346812352276e+03 1.339188636297291346e+00 9.573980750963512892e-03
8.687795463159167412e+03 1.288875026708466542e+00 9.795946736184750134e-03
8.696483258622329231e+03 1.240628133506686659e+00 9.993274252054682588e-03
8.705179741880954680e+03 1.182130412301134248e+00 9.999839514845926258e-03
8.713884921622837282e+03 1.126708382818689458e+00 9.853866994614726704e-03
8.722598806544463514e+03 1.078621396876163319e+00 9.892132999637814894e-03
8.731321405351010981e+03 1.032514529657769353e+00 9.804760516416054922e-03
8.740052726756364791e+03 9.882439312162195622e-01 1.064005015823133934e-02
8.748792779483124832e+03 9.498660933772060666e-01 1.063225428102076639e-02
8.757541572262609407e+03 9.143609092745863531e-01 1.080985026079934151e-02
8.766299113834875243e+03 8.817129888054158204e-01 1.061207751919509071e-02
8.775065412948713856e+03 8.508191582519640805e-01 1.129822181151444657e-02
8.783840478361664282e+03 8.275086304727901076e-01 1.129090235000125390e-02
8.792624318840029446e+03 8.068531608292730528e-01 1.119281798821950696e-02
8.801416943158872527e+03 7.889386476450528374e-01 1.198238101713794933e-02
8.810218360102035149e+03 7.739173688891420877e-01 1.230792353851470691e-02
8.819028578462139194e+03 7.573053489133001470e-01 1.219783255850661469e-02
8.827847607040604998e+03 7.490916031832829391e-01 1.216390161862425899e-02
8.836675454647647712e+03 7.446922249441484398e-01 1.198919697703598568e-02
8.845512130102299125e+03 7.434474524056076117e-01 1.206368531507355513e-02
8.854357642232404032e+03 7.469776524286069197e-01 1.342577975380503802e-02
8.863211999874638423e+03 7.548110908367919869e-01 1.356495909840325052e-02
8.872075211874516754e+03 7.631502707713950784e-01 1.349634937606395205e-02
8.880947287086393771e+03 7.719976134930466305e-01 1.352312284441616053e-02
8.889828234373482701e+03 7.796557576409948176e-01 1.373223824737269776e-02
8.898718062607858883e+03 7.888698290562519144e-01 1.375198838656746352e-02
8.907616780670470689e+03 7.973246736997426920e-01 1.418118040303301304e-02
8.916524397451143159e+03 8.101924973958876119e-01 1.390985082879140841e-02
8.925440921848598009e+03 8.174718844363213499e-01 1.415926207925306476e-02
8.934366362770449996e+03 8.287756024130118471e-01 1.426953157502199900e-02
8.943300729133223285e+03 8.301990436450160660e-01 1.455052274960983404e-02
8.952244029862358730e+03 8.316702513471048164e-01 1.459139963242461757e-02
8.961196273892224781e+03 8.320131288305737671e-01 1.480996808106707988e-02
8.970157470166119310e+03 8.341258579872660173e-01 1.495999092735437672e-02
8.979127627636287798e+03 8.264837030245955063e-01 1.519623253341314921e-02
8.988106755263928790e+03 8.161324182860099086e-01 1.523855712610945774e-02
8.997094862019195716e+03 8.073787845877188341e-01 1.506293585712110104e-02
9.006091956881216902e+03 7.971787082377861378e-01 1.539309578165503310e-02
9.015098048838101022e+03 7.871623639040975506e-01 1.555028188651336879e-02
9.024113146886942559e+03 7.709177886574849481e-01 1.568301330064512944e-02
9.033137260033832717e+03 7.556090495106480009e-01 1.573638130791041659e-02
9.042170397293868518e+03 7.440851129916765672e-01 1.546832724921642747e-02
9.051212567691165532e+03 7.363877468066630794e-01 1.573902832910510294e-02
9.060263780258859697e+03 7.277044227047564373e-01 1.632054140599820125e-02
9.069324044039121873e+03 7.087877279088214966e-01 1.716241535400451698e-02
9.078393368083163296e+03 7.037925435318057588e-01 1.740066939642335997e-02
9.087471761451250131e+03 6.904174720086050376e-01 1.749976441598745727e-02
9.096559233212705294e+03 6.871460772339962331e-01 1.830774169917454702e-02
9.105655792445919360e+03 6.857373855792265882e-01 1.939682069789655516e-02
9.114761448238368757e+03 6.861453309997572747e-01 2.085018660120136272e-02
9.123876209686610309e+03 6.893681571693778265e-01 2.282218077091198449e-02
9.133000085896299424e+03 6.997926641370408873e-01 2.525760898589866216e-02
9.142133085982199191e+03 7.028870009331186219e-01 2.732230123535851415e-02
9.151275219068184015e+03 7.144653761064125863e-01 3.077811814532410012e-02
9.160426494287255991e+03 7.223370928870210816e-01 3.648347074428350684e-02
9.169586920781546723e+03 7.295971928350226676e-01 4.459247185170898270e-02
9.178756507702330055e+03 7.377572255412454538e-01 5.524621457564284771e-02
9.187935264210036621e+03 7.349617989044181510e-01 6.945309541897767835e-02
9.197123199474248395e+03 7.403667799968611796e-01 8.838033522502508621e-02
9.206320322673725968e+03 7.483506163893268726e-01 1.162450761060786625e-01
9.215526642996403098e+03 7.485682135108385760e-01 1.501061296583300897e-01
9.224742169639403073e+03 7.390620370783137494e-01 2.055364443272420238e-01
