# starting wavelength: 2972.090
# ending wavelength: 6624.774
# wav flux eflux
2.972654614086145102e+03 7.536430459074509036e-01 6.683620513841288524e-01
2.975627268700231980e+03 9.035506480118765671e-01 4.776900674133295888e-01
2.978602895968933353e+03 9.863425220385059200e-01 3.508717869210085105e-01
2.981581498864903097e+03 1.032549509791928832e+00 2.684262221178708718e-01
2.984563080363769132e+03 1.048264630377047313e+00 2.049894405464328939e-01
2.987547643444133882e+03 1.032046744062685262e+00 1.652699967654490676e-01
2.990535191087578823e+03 1.017993680538612056e+00 1.325196126850057277e-01
2.993525726278667662e+03 9.930323613064510058e-01 1.068596169219565711e-01
2.996519252004947248e+03 9.678694117991799573e-01 9.072961495483490568e-02
2.999515771256953030e+03 9.493343533370649512e-01 7.949743963897984433e-02
3.002515287028211333e+03 9.264335319469303442e-01 6.930335238932745778e-02
3.005517802315240260e+03 9.153455015279802209e-01 6.270268285494320915e-02
3.008523320117556523e+03 8.993305055685728577e-01 5.692888389575821717e-02
3.011531843437674979e+03 9.049526704570630686e-01 5.496702684077385548e-02
3.014543375281113640e+03 9.012726151132519625e-01 5.142949045579423006e-02
3.017557918656395941e+03 9.014311661687981481e-01 4.869817050465877900e-02
3.020575476575053472e+03 9.045830698332398834e-01 4.660382389849779261e-02
3.023596052051629158e+03 9.011862252580062904e-01 4.595922087745239748e-02
3.026619648103681811e+03 9.113021404738327336e-01 4.577167705967746109e-02
3.029646267751786581e+03 9.193968659849290903e-01 4.158618708152436033e-02
3.032675914019539505e+03 9.215548456061335436e-01 4.121141777768224518e-02
3.035708589933559779e+03 9.250122575570479677e-01 4.251947794845065132e-02
3.038744298523494763e+03 9.347878096630619638e-01 4.239060953501564560e-02
3.041783042822019070e+03 9.314799006590587238e-01 4.350606892457182379e-02
3.044824825864842296e+03 9.323626950042956940e-01 4.219894924131610547e-02
3.047869650690708113e+03 9.358127694563631582e-01 4.158936070236349258e-02
3.050917520341399722e+03 9.487205483662318750e-01 4.247323584345509551e-02
3.053968437861742132e+03 9.493982230631711206e-01 3.898051383640590423e-02
3.057022406299604881e+03 9.473429538572731845e-01 3.857288206486318011e-02
3.060079428705905229e+03 9.463375727857357145e-01 3.826322710629603829e-02
3.063139508134612242e+03 9.485546042666711530e-01 3.752546033780443380e-02
3.066202647642748161e+03 9.532799069645258028e-01 3.846781382612311090e-02
3.069268850290391583e+03 9.405676343251843097e-01 3.547879757902446668e-02
3.072338119140682920e+03 9.474517410261638073e-01 3.542834525774339605e-02
3.075410457259824852e+03 9.432852015386408162e-01 3.409209053375979875e-02
3.078485867717085512e+03 9.529738668144867031e-01 3.376025943256057843e-02
3.081564353584803939e+03 9.494813667621905262e-01 3.307211120278810701e-02
3.084645917938389630e+03 9.504030366545875852e-01 3.282129548304391770e-02
3.087730563856328899e+03 9.560232054246102784e-01 3.269588755000911451e-02
3.090818294420186248e+03 9.568859982383949303e-01 3.240298221578168797e-02
3.093909112714607545e+03 9.617120011499412646e-01 3.334822456237021560e-02
3.097003021827323209e+03 9.578489042282151145e-01 3.225553128944137760e-02
3.100100024849151396e+03 9.487829961199412132e-01 3.381904289270429992e-02
3.103200124874001631e+03 9.467525407670136506e-01 3.341330397545288350e-02
3.106303324998876633e+03 9.481177519533033893e-01 3.201286482369122138e-02
3.109409628323876859e+03 9.527524620538548872e-01 3.309293976420661643e-02
3.112519037952201415e+03 9.675194793978934005e-01 3.347357080197558427e-02
3.115631556990154877e+03 9.778122596015608181e-01 3.297072222238579126e-02
3.118747188547145925e+03 9.868793072501985675e-01 3.349133837574088529e-02
3.121865935735694165e+03 9.941981016351170153e-01 3.260532190876970493e-02
3.124987801671431043e+03 1.002423941136144192e+00 3.256495414441706870e-02
3.128112789473103476e+03 1.009881071441111500e+00 3.076281863569284986e-02
3.131240902262577492e+03 1.003178498924545359e+00 3.009523588461450461e-02
3.134372143164840963e+03 9.902631009655465943e-01 3.091948928752748238e-02
3.137506515308006783e+03 9.783917260439441987e-01 3.118571227550927943e-02
3.140644021823316052e+03 9.560566050874654831e-01 2.819087179275277244e-02
3.143784665845140353e+03 9.369522452388561184e-01 2.834843625110629317e-02
3.146928450510986750e+03 9.296823235346007852e-01 2.799505273838821806e-02
3.150075378961498700e+03 9.267921301052729488e-01 2.616439786417209049e-02
3.153225454340461056e+03 9.208670272423851166e-01 2.536941343430822171e-02
3.156378679794802792e+03 9.073333584644828198e-01 1.898526781629683927e-02
3.159535058474598372e+03 9.066394537062094638e-01 1.958670713254225329e-02
3.162694593533074112e+03 9.090248163892806765e-01 1.881025197524653636e-02
3.165857288126608182e+03 9.206711702342084136e-01 1.921854239478287818e-02
3.169023145414736064e+03 9.375482813102214985e-01 1.901840886499802860e-02
3.172192168560151458e+03 9.571435494397378951e-01 1.989205694963708596e-02
3.175364360728712654e+03 9.780508617161994822e-01 2.001599108699422813e-02
3.178539725089442527e+03 1.001766787066558084e+00 1.959648602385653804e-02
3.181718264814533086e+03 1.034691245025905815e+00 1.517872069300752608e-02
3.184899983079348658e+03 1.059540972244818802e+00 1.368871409637628482e-02
3.188084883062429071e+03 1.075582797244563071e+00 1.424140974361871870e-02
3.191272967945492383e+03 1.082810491200330238e+00 1.086714204005928379e-02
3.194464240913438971e+03 1.098941877250969590e+00 1.295812630139788618e-02
3.197658705154353811e+03 1.107343189540868522e+00 1.283083818255347300e-02
3.200856363859509202e+03 1.106125601087897037e+00 1.294650996307695166e-02
3.204057220223369768e+03 1.094351111737972948e+00 1.309861717287180011e-02
3.207261277443593826e+03 1.075246063729292878e+00 1.860566616836087372e-02
3.210468538721038840e+03 1.071492670637030908e+00 1.858712985189421921e-02
3.213679007259760965e+03 1.057388369931046901e+00 1.812836449666154967e-02
3.216892686267021418e+03 1.057952030778822605e+00 1.829292560828948283e-02
3.220109578953289656e+03 1.060782453867178621e+00 1.842513947281886402e-02
3.223329688532243836e+03 1.061888731644347494e+00 1.826893732074777801e-02
3.226553018220777176e+03 1.063225608137124523e+00 1.914069896996765247e-02
3.229779571238999324e+03 1.071838449554399331e+00 2.060271866670428456e-02
3.233009350810239084e+03 1.078013030552521734e+00 1.954744494143837927e-02
3.236242360161050783e+03 1.083084647466308059e+00 1.945131226189775533e-02
3.239478602521212906e+03 1.086299145424175716e+00 1.898913234651051357e-02
3.242718081123734919e+03 1.087158661218195155e+00 1.876448347780337866e-02
3.245960799204859995e+03 1.089803510735338765e+00 1.958064426441178188e-02
3.249206760004065927e+03 1.089317609211279292e+00 1.941421044280641078e-02
3.252455966764071036e+03 1.085689365059746558e+00 1.918876999220605478e-02
3.255708422730835991e+03 1.077152755235316617e+00 1.967771959831209755e-02
3.258964131153567905e+03 1.061600481506274507e+00 1.925268739049628211e-02
3.262223095284722604e+03 1.058553714346516905e+00 1.897072422900339395e-02
3.265485318380008266e+03 1.048347359316244454e+00 1.856560513701743798e-02
3.268750803698389518e+03 1.047809385164460094e+00 1.971475200715767234e-02
3.272019554502088795e+03 1.058851247899042392e+00 1.709629792576661256e-02
3.275291574056592253e+03 1.061766655860816089e+00 1.536165352671943832e-02
3.278566865630649772e+03 1.068755224836923867e+00 1.407642088942787258e-02
3.281845432496281319e+03 1.064430197300119563e+00 1.574512959732776718e-02
3.285127277928778767e+03 1.057974744907902442e+00 1.388259843447284259e-02
3.288412405206708627e+03 1.053314954712224250e+00 1.333895084237159481e-02
3.291700817611916591e+03 1.050708024587960976e+00 1.331783894201302859e-02
3.294992518429529355e+03 1.045239663257619522e+00 1.300652439823200487e-02
3.298287510947960072e+03 1.052464615345842347e+00 1.382478126177304548e-02
3.301585798458909267e+03 1.064578155109287660e+00 1.500115431274245612e-02
3.304887384257369376e+03 1.067126407163485613e+00 1.565893236349606005e-02
3.308192271641627485e+03 1.072264166598537516e+00 1.552506566434824417e-02
3.311500463913270323e+03 1.080352343524066505e+00 1.539837754488028281e-02
3.314811964377184722e+03 1.089150206248110209e+00 1.528115630765787200e-02
3.318126776341563072e+03 1.103925025839942453e+00 1.467715947827300492e-02
3.321444903117905596e+03 1.109177488356956509e+00 1.502369890994359990e-02
3.324766348021024896e+03 1.110356875368481377e+00 1.423897241073384529e-02
3.328091114369046863e+03 1.108014156224118141e+00 1.269578721157561818e-02
3.331419205483417045e+03 1.107973307374964911e+00 1.229497739239353814e-02
3.334750624688901553e+03 1.120943730666683846e+00 1.588603403246528073e-02
3.338085375313591612e+03 1.126162959515278894e+00 1.576055181960736226e-02
3.341423460688906289e+03 1.124024967821454890e+00 1.619506862000249028e-02
3.344764884149596128e+03 1.122807522501720667e+00 1.597747826466057453e-02
3.348109649033746791e+03 1.124644181620000571e+00 1.544149724972674297e-02
3.351457758682781787e+03 1.121442523290501647e+00 1.502736044487885947e-02
3.354809216441465651e+03 1.123160859675229606e+00 1.490609281152290716e-02
3.358164025657908041e+03 1.124624091608319887e+00 1.446293304188472559e-02
3.361522189683567376e+03 1.123432356683061739e+00 1.456142338609900042e-02
3.364883711873251741e+03 1.131819235183507466e+00 1.410993581638076734e-02
3.368248595585126168e+03 1.139350501366903412e+00 1.426081489504050365e-02
3.371616844180712633e+03 1.147072268807544537e+00 1.315918726977024708e-02
3.374988461024894150e+03 1.165804384423581030e+00 1.496508665450169834e-02
3.378363449485920228e+03 1.175629691944887423e+00 1.404084485405032029e-02
3.381741812935407324e+03 1.187347344052799514e+00 1.350482059191626671e-02
3.385123554748343849e+03 1.196049287830570407e+00 1.251438649764159347e-02
3.388508678303093347e+03 1.196046624377372414e+00 1.231575697713789726e-02
3.391897186981397681e+03 1.194887104185299531e+00 1.205564903257950148e-02
3.395289084168380214e+03 1.185593040548086785e+00 1.082268678416802889e-02
3.398684373252549449e+03 1.183394196438559032e+00 1.020934265191432259e-02
3.402083057625803121e+03 1.181294702915798078e+00 9.980850126056104235e-03
3.405485140683430018e+03 1.176170971276761623e+00 8.902720751232587673e-03
3.408890625824114522e+03 1.178316932333685285e+00 1.038179359927535357e-02
3.412299516449939802e+03 1.175026736398287142e+00 1.051042250627164630e-02
3.415711815966390986e+03 1.167307807607579129e+00 1.054975279996079457e-02
3.419127527782358356e+03 1.160372123027147540e+00 1.047199624702059573e-02
3.422546655310141887e+03 1.159842185196042985e+00 1.021056827022961966e-02
3.425969201965453522e+03 1.152866154777363095e+00 1.077186880605214385e-02
3.429395171167419903e+03 1.137831299094119730e+00 1.363756551126659410e-02
3.432824566338588284e+03 1.128001978580933651e+00 1.238075078350934013e-02
3.436257390904928343e+03 1.118469440242694013e+00 1.232439132145729706e-02
3.439693648295834464e+03 1.121369686349816375e+00 1.335677200619656696e-02
3.443133341944131189e+03 1.114955082845871193e+00 1.375673387635494536e-02
3.446576475286076402e+03 1.117740864314500815e+00 1.364763359869435901e-02
3.450023051761363604e+03 1.127895886293978966e+00 1.502297690248046748e-02
3.453473074813126004e+03 1.136148291375571828e+00 1.453064854724089687e-02
3.456926547887940615e+03 1.146504914438525535e+00 1.382770172606285694e-02
3.460383474435829612e+03 1.151308360222123461e+00 1.418191572206356846e-02
3.463843857910266706e+03 1.158054537931365813e+00 1.376934775287174187e-02
3.467307701768178049e+03 1.163943888157896511e+00 1.367508006020482121e-02
3.470775009469947236e+03 1.168324502330069903e+00 1.352773592994686164e-02
3.474245784479418489e+03 1.183552568375941139e+00 1.601743431545037816e-02
3.477720030263898934e+03 1.182918523264909760e+00 1.582739701152675177e-02
3.481197750294164052e+03 1.171070039470048618e+00 1.747886373132240614e-02
3.484678948044459503e+03 1.167212555541832009e+00 1.739767220511475795e-02
3.488163626992504760e+03 1.162807560084711422e+00 1.703281789223950321e-02
3.491651790619498570e+03 1.144648341116419887e+00 1.640231449492517840e-02
3.495143442410119405e+03 1.141400427951847929e+00 1.543394229628159385e-02
3.498638585852530468e+03 1.138583464508718945e+00 1.560277961300452106e-02
3.502137224438384237e+03 1.139178837284647194e+00 1.489287962043082426e-02
3.505639361662823831e+03 1.152791575570993876e+00 1.583161437283638409e-02
3.509145001024487556e+03 1.157877628188422880e+00 1.540774705660306540e-02
3.512654146025513455e+03 1.169963852142812399e+00 1.539354160189724402e-02
3.516166800171540217e+03 1.184153120854605667e+00 1.309493147405030485e-02
3.519682966971712631e+03 1.193012530477412181e+00 1.295484206992369818e-02
3.523202649938685681e+03 1.204077577162398160e+00 1.297974349665218137e-02
3.526725852588625457e+03 1.200420607793723393e+00 1.425455784591299867e-02
3.530252578441215064e+03 1.201439509928477811e+00 1.416318105172161348e-02
3.533782831019657806e+03 1.192165936591956577e+00 1.352527541070037281e-02
3.537316613850678550e+03 1.186936645266816637e+00 1.287526547181618714e-02
3.540853930464530094e+03 1.189478033589434380e+00 1.197867618473860349e-02
3.544394784394995895e+03 1.188013614208884183e+00 1.130586139377942959e-02
3.547939179179392340e+03 1.186484807874617964e+00 1.046075026682724736e-02
3.551487118358572843e+03 1.196927155916678531e+00 9.751317676719313196e-03
3.555038605476932389e+03 1.207712094173192252e+00 9.647315032415445385e-03
3.558593644082410719e+03 1.211842749234921524e+00 9.593951284727746456e-03
3.562152237726494150e+03 1.224861463199124589e+00 1.001392898083341802e-02
3.565714389964221937e+03 1.221456905080629873e+00 1.084693806018735204e-02
3.569280104354187188e+03 1.224177365982846100e+00 1.137679682595261511e-02
3.572849384458542772e+03 1.226128720850092613e+00 1.119063393398865743e-02
3.576422233843002232e+03 1.221639761518437339e+00 1.194856151154706850e-02
3.579998656076846601e+03 1.218566731393589064e+00 1.261221381252154022e-02
3.583578654732924406e+03 1.223145328471356486e+00 1.202494483024744119e-02
3.587162233387658489e+03 1.234462652222896306e+00 1.460078450945532548e-02
3.590749395621047370e+03 1.247556634843641321e+00 1.446740417401351161e-02
3.594340145016669794e+03 1.249984196206470610e+00 1.440274293741833356e-02
3.597934485161687462e+03 1.250810556817448127e+00 1.305468823861372953e-02
3.601532419646850485e+03 1.247559485867278495e+00 1.377445885367714097e-02
3.605133952066498296e+03 1.247281578007576108e+00 1.388058038789352459e-02
3.608739086018566013e+03 1.246933117941092739e+00 1.370528258722327267e-02
3.612347825104585809e+03 1.252168191254019458e+00 1.526256361821502067e-02
3.615960172929691907e+03 1.246623514462603666e+00 1.486428464332424822e-02
3.619576133102622407e+03 1.239829717085339622e+00 1.486323297707805441e-02
3.623195709235726554e+03 1.231209277839890648e+00 1.541681974968145408e-02
3.626818904944963379e+03 1.228336367926047279e+00 1.533725978742306838e-02
3.630445723849909427e+03 1.238548148343790789e+00 1.424787626484448275e-02
3.634076169573760581e+03 1.242730964074488131e+00 1.341086074629284537e-02
3.637710245743335690e+03 1.245286177134219185e+00 1.339930740355690930e-02
3.641347955989080219e+03 1.246406628119660409e+00 1.322509903040536110e-02
3.644989303945070333e+03 1.241427680216280471e+00 1.283645047819903171e-02
3.648634293249016537e+03 1.235749382294990983e+00 1.165757680753467737e-02
3.652282927542266862e+03 1.233908756616749480e+00 1.159496742954141575e-02
3.655935210469810499e+03 1.234393874336398911e+00 1.114410745780440061e-02
3.659591145680281443e+03 1.237678726682734931e+00 1.083911032314252218e-02
3.663250736825963031e+03 1.237939427111596435e+00 1.094442831638622014e-02
3.666913987562790226e+03 1.236858941528631739e+00 1.078491748812746183e-02
3.670580901550354156e+03 1.237066276678820298e+00 1.107317868861988457e-02
3.674251482451905758e+03 1.239128404576927078e+00 9.912313289892355633e-03
3.677925733934358959e+03 1.242683211681785638e+00 1.000706226031537228e-02
3.681603659668294313e+03 1.260641873508341337e+00 6.973308223756233271e-03
3.685285263327964003e+03 1.276701304417616978e+00 6.964365452739463246e-03
3.688970548591293209e+03 1.291999760722111201e+00 7.256348993463079301e-03
3.692659519139885560e+03 1.296050149977993060e+00 7.719320004015295909e-03
3.696352178659026777e+03 1.307352234096085697e+00 8.548286989456437349e-03
3.700048530837686940e+03 1.316929250866264001e+00 7.816980405137549659e-03
3.703748579368525952e+03 1.319416067499975087e+00 7.839341071018768661e-03
3.707452327947895355e+03 1.320684621147317550e+00 7.703934412013095472e-03
3.711159780275844696e+03 1.311769006535072002e+00 8.599982388242190939e-03
3.714870940056121526e+03 1.302758387667453777e+00 8.588586204429935270e-03
3.718585810996179134e+03 1.297285646166241424e+00 8.589913557807518293e-03
3.722304396807176545e+03 1.288953611168707436e+00 8.253675245353458284e-03
3.726026701203984885e+03 1.278180075685877215e+00 9.395290019581285096e-03
3.729752727905190113e+03 1.281523317232446280e+00 9.916053685380505148e-03
3.733482480633096657e+03 1.284314444433406255e+00 9.923279580851193660e-03
3.737215963113731050e+03 1.293511078090510358e+00 1.108312636613079279e-02
3.740953179076846027e+03 1.301718020273809451e+00 1.225603427168066480e-02
3.744694132255923705e+03 1.306236975289611690e+00 1.125661902858830256e-02
3.748438826388181042e+03 1.301546977957876106e+00 1.103673599650858636e-02
3.752187265214570289e+03 1.302322660657415865e+00 1.095178875787188207e-02
3.755939452479786269e+03 1.296015078598491410e+00 1.112154382723096885e-02
3.759695391932267285e+03 1.285852732178067281e+00 1.153187644735943762e-02
3.763455087324201031e+03 1.268589940090924406e+00 1.001324806560433510e-02
3.767218542411526414e+03 1.258952310985294476e+00 1.012857944747082295e-02
3.770985760953939007e+03 1.249890048021237376e+00 9.631476362461720286e-03
3.774756746714894234e+03 1.249093161273076236e+00 1.032192148465852118e-02
3.778531503461610555e+03 1.253772047689998725e+00 1.119959267449652761e-02
3.782310034965073100e+03 1.257960225498564455e+00 1.236200192447406941e-02
3.786092345000039586e+03 1.259006471911012337e+00 1.201297352465165516e-02
3.789878437345040766e+03 1.267274366984629141e+00 1.056419182196278832e-02
3.793668315782387253e+03 1.266074783229237388e+00 1.104879078889188689e-02
3.797461984098170888e+03 1.259197198730562350e+00 1.043148636331091457e-02
3.801259446082270188e+03 1.254590377195788031e+00 1.100517339370049412e-02
3.805060705528353537e+03 1.251449886742386886e+00 1.146271315426339657e-02
3.808865766233883278e+03 1.248469308393690413e+00 1.151511518637175595e-02
3.812674632000118436e+03 1.240756306641331852e+00 1.203747987172165516e-02
3.816487306632119726e+03 1.228843534786929315e+00 1.127864927411870860e-02
3.820303793938753188e+03 1.223437526229239625e+00 1.093800772928328439e-02
3.824124097732693372e+03 1.226950113750683302e+00 1.130880001239007240e-02
3.827948221830427428e+03 1.227335821603543708e+00 1.118875991303026896e-02
3.831776170052258749e+03 1.231309859909205828e+00 1.136627873362622970e-02
3.835607946222312421e+03 1.229254311264988742e+00 1.135254114870047105e-02
3.839443554168536139e+03 1.222072501769319253e+00 1.182658258711974733e-02
3.843282997722705659e+03 1.218562027937773351e+00 1.178177273846689466e-02
3.847126280720429804e+03 1.214140755916822245e+00 1.190314837888444867e-02
3.850973407001151372e+03 1.213504815555362937e+00 1.182959810835055268e-02
3.854824380408153957e+03 1.213508545871558875e+00 1.165460836829647004e-02
3.858679204788563311e+03 1.207519213408437153e+00 1.105857712628673453e-02
3.862537883993353262e+03 1.207808091008794937e+00 1.090576880524674053e-02
3.866400421877347981e+03 1.202244457146906420e+00 1.059887642450501287e-02
3.870266822299226533e+03 1.209021336574688021e+00 1.102205247661025740e-02
3.874137089121526969e+03 1.211219747592733320e+00 1.095951339470685286e-02
3.878011226210649966e+03 1.224463044291210112e+00 9.019465786311006705e-03
3.881889237436861549e+03 1.230232465182501844e+00 9.125330760098904898e-03
3.885771126674299921e+03 1.235686544243822738e+00 9.090098234514119510e-03
3.889656897800975457e+03 1.240896410273251593e+00 9.185388602730068172e-03
3.893546554698777527e+03 1.243165820541032085e+00 9.065927935953147984e-03
3.897440101253477678e+03 1.246363811613292460e+00 9.372216473047827526e-03
3.901337541354732366e+03 1.248271341810186064e+00 9.441061154025130048e-03
3.905238878896088409e+03 1.261657869651670261e+00 1.040966031829094855e-02
3.909144117774985716e+03 1.268449684478356598e+00 1.036185567104987333e-02
3.913053261892762293e+03 1.272192815189000736e+00 1.126959989176564564e-02
3.916966315154656058e+03 1.280995012565558699e+00 1.098749146348743620e-02
3.920883281469812118e+03 1.291598698912504117e+00 1.217984679476496503e-02
3.924804164751283224e+03 1.296781871065123992e+00 1.241069099747463440e-02
3.928728968916035683e+03 1.303659205537252452e+00 1.243214256200617790e-02
3.932657697884953450e+03 1.309749505868075481e+00 1.243872170839168019e-02
3.936590355582839493e+03 1.315323629000613170e+00 1.289037342006106937e-02
3.940526945938423523e+03 1.311223541237762413e+00 1.274391478107436346e-02
3.944467472884363360e+03 1.316273275008933430e+00 1.271226535575180686e-02
3.948411940357249023e+03 1.315906204951979408e+00 1.338963002317307242e-02
3.952360352297607733e+03 1.320508585155574233e+00 1.345965017207728827e-02
3.956312712649906643e+03 1.311940479178621111e+00 1.328371640416074577e-02
3.960269025362557841e+03 1.313569490476078627e+00 1.321621517115448979e-02
3.964229294387921527e+03 1.311588195943976354e+00 1.322413495855190822e-02
3.968193523682310570e+03 1.312377880209944170e+00 1.342896429631100508e-02
3.972161717205994591e+03 1.304458588200907210e+00 1.318846825945526290e-02
3.976133878923201792e+03 1.300956816097286195e+00 1.335472865876794792e-02
3.980110012802126221e+03 1.301037731259592434e+00 1.264405115939606743e-02
3.984090122814929600e+03 1.296747496805584987e+00 1.277034998014276931e-02
3.988074212937745870e+03 1.296555639396891557e+00 1.249354014477371301e-02
3.992062287150684824e+03 1.287517661344283360e+00 1.086839600686221978e-02
3.996054349437837118e+03 1.291629190724941090e+00 1.069936124876972802e-02
4.000050403787276082e+03 1.283216601891230546e+00 9.484201233692021726e-03
4.004050454191064546e+03 1.273890703014710191e+00 9.756271181907779158e-03
4.008054504645257111e+03 1.266612529022542954e+00 9.852455466165968220e-03
4.012062559149903791e+03 1.261892424986814865e+00 9.832433775888814800e-03
4.016074621709055009e+03 1.254873919556146911e+00 9.067116221104782117e-03
4.020090696330765240e+03 1.253501109607178643e+00 8.969787143864173945e-03
4.024110787027097558e+03 1.249239567046616317e+00 8.536731676391597773e-03
4.028134897814125907e+03 1.245529615971318504e+00 8.312974423528933163e-03
4.032163032711941469e+03 1.238050698611015354e+00 7.425490046056800603e-03
4.036195195744654484e+03 1.233902188482641771e+00 7.680283736148416085e-03
4.040231390940400615e+03 1.231803645825153337e+00 7.801711127296471343e-03
4.044271622331342314e+03 1.231076943967368331e+00 7.531847478977664323e-03
4.048315893953675186e+03 1.228572539114387574e+00 7.273425054091209839e-03
4.052364209847629809e+03 1.232096300439504466e+00 6.584941984902573098e-03
4.056416574057479011e+03 1.228847512221498128e+00 6.648247154346038044e-03
4.060472990631537868e+03 1.227220237744382159e+00 7.069716582274734699e-03
4.064533463622170530e+03 1.234091548024584650e+00 7.490555976266070892e-03
4.068597997085794304e+03 1.242281902893351164e+00 8.151960605160808379e-03
4.072666595082881486e+03 1.254214656716098331e+00 7.367545193865927301e-03
4.076739261677965715e+03 1.263158501652128285e+00 7.557276632490563320e-03
4.080816000939644709e+03 1.271513977680297502e+00 7.329110787898861397e-03
4.084896816940585722e+03 1.278154033698454706e+00 7.429568660148685826e-03
4.088981713757527814e+03 1.289431980544569090e+00 7.969006918017522076e-03
4.093070695471286854e+03 1.301411505827397619e+00 8.312990979776505723e-03
4.097163766166759160e+03 1.302712018477257816e+00 8.919266229159159010e-03
4.101260929932927866e+03 1.302151215675256157e+00 9.275195595821229128e-03
4.105362190862862008e+03 1.298901555935673358e+00 9.475412017687539698e-03
4.109467553053726078e+03 1.291742629012550436e+00 9.755701217993115182e-03
4.113577020606780934e+03 1.286275652949842696e+00 9.464934843692218019e-03
4.117690597627389252e+03 1.276331191873085746e+00 9.826500378648628242e-03
4.121808288225018259e+03 1.267632435447202166e+00 9.702847518646650488e-03
4.125930096513244280e+03 1.261290402761581220e+00 9.680785957141826645e-03
4.130056026609759101e+03 1.258686897993964271e+00 1.011417852492249060e-02
4.134186082636369974e+03 1.249547419543086013e+00 1.025622889880548061e-02
4.138320268719007800e+03 1.238438706644303000e+00 1.061026225010929490e-02
4.142458588987728035e+03 1.243388831600283906e+00 1.035921173453786641e-02
4.146601047576717065e+03 1.243617650060517610e+00 9.867677169225175585e-03
4.150747648624294925e+03 1.239398306257570415e+00 1.003886305917534374e-02
4.154898396272920763e+03 1.234204908761856734e+00 1.003521990799487867e-02
4.159053294669195566e+03 1.230195750210284045e+00 1.005493513344972445e-02
4.163212347963865795e+03 1.223506761380054764e+00 9.780952001719658145e-03
4.167375560311830668e+03 1.218556916080251629e+00 9.490342529441324684e-03
4.171542935872143971e+03 1.215966937155193994e+00 9.277914011789461721e-03
4.175714478808017702e+03 1.205886011004786429e+00 8.241373039300213879e-03
4.179890193286827525e+03 1.196718617999232626e+00 8.257786128997936931e-03
4.184070083480115500e+03 1.189612383093809012e+00 8.199195998963052304e-03
4.188254153563597356e+03 1.178802946481741776e+00 7.835298823240554808e-03
4.192442407717161586e+03 1.170583401289172487e+00 7.766461194005912574e-03
4.196634850124880359e+03 1.166332488595643202e+00 7.766816250109224301e-03
4.200831484975006788e+03 1.162122950963159873e+00 7.631204616443548923e-03
4.205032316459983122e+03 1.163474563938785122e+00 8.412688760535661989e-03
4.209237348776444378e+03 1.165543562055691762e+00 7.480008086536637894e-03
4.213446586125221984e+03 1.159608954078098053e+00 7.233603615115674450e-03
4.217660032711349231e+03 1.152161316035572591e+00 7.464430163072720455e-03
4.221877692744061278e+03 1.150954219736604944e+00 7.195627959415036579e-03
4.226099570436806971e+03 1.150353627339290030e+00 6.894943978660369489e-03
4.230325670007245208e+03 1.142929413400328054e+00 7.191997526142171818e-03
4.234555995677254032e+03 1.139493097970258217e+00 6.864410524309873772e-03
4.238790551672932452e+03 1.138204600168397862e+00 6.745154927897501623e-03
4.243029342224606808e+03 1.143754140642958994e+00 7.456838655260257867e-03
4.247272371566832589e+03 1.144868500340735507e+00 7.427021262829703978e-03
4.251519643938400804e+03 1.144821063993717081e+00 7.689526508366632991e-03
4.255771163582340705e+03 1.147736354314413454e+00 7.204752462567727209e-03
4.260026934745924336e+03 1.149505260226233450e+00 7.055689773020427588e-03
4.264286961680671993e+03 1.149854659837804771e+00 6.569810419480758001e-03
4.268551248642354039e+03 1.146988904541624166e+00 6.961526472666561272e-03
4.272819799890998183e+03 1.142241771814730189e+00 7.401678398540357910e-03
4.277092619690890388e+03 1.133551663516731312e+00 5.499250394351268452e-03
4.281369712310583054e+03 1.130967943416354871e+00 5.623824622692858571e-03
4.285651082022895025e+03 1.136614455336475427e+00 6.168199063458881456e-03
4.289936733104918858e+03 1.140615343152199257e+00 6.158056365024490095e-03
4.294226669838025373e+03 1.147322291986979437e+00 6.161703926457883645e-03
4.298520896507864563e+03 1.158404788320072987e+00 6.011963959687663915e-03
4.302819417404373780e+03 1.172261085354269872e+00 5.735420671332504966e-03
4.307122236821779552e+03 1.182813520556511122e+00 6.107961298114704222e-03
4.311429359058603040e+03 1.194040451880610032e+00 6.859125242430220634e-03
4.315740788417662770e+03 1.200889034026701996e+00 6.796886724784042925e-03
4.320056529206081905e+03 1.204794356258271915e+00 6.863398045715111973e-03
4.324376585735290064e+03 1.208611094843663025e+00 6.610194132699391198e-03
4.328700962321026054e+03 1.206652301630944946e+00 6.463485931437288126e-03
4.333029663283348782e+03 1.202104507479182960e+00 6.326503130286616379e-03
4.337362692946633615e+03 1.194641585056043898e+00 6.568126323724515596e-03
4.341700055639581478e+03 1.189304660010578774e+00 6.596739911254429455e-03
4.346041755695222491e+03 1.182716871196316966e+00 6.774432548133042797e-03
4.350387797450919606e+03 1.174750893354031156e+00 6.914036122951648135e-03
4.354738185248371337e+03 1.170830613190254166e+00 7.714871045655837499e-03
4.359092923433621763e+03 1.164416365285956712e+00 7.678125615562907125e-03
4.363452016357056891e+03 1.155945207745132430e+00 7.932984666465591611e-03
4.367815468373414660e+03 1.156502140959657865e+00 7.227455039629136595e-03
4.372183283841789489e+03 1.151165506539149730e+00 7.619248533319948440e-03
4.376555467125633186e+03 1.148058128224613172e+00 7.853077576603889609e-03
4.380932022592760404e+03 1.140445934749793722e+00 8.413317110973282664e-03
4.385312954615354101e+03 1.134400298521495376e+00 8.724295912465884067e-03
4.389698267569970994e+03 1.128988065269624697e+00 7.717794950698724649e-03
4.394087965837542470e+03 1.125908896294007810e+00 8.204735114503945714e-03
4.398482053803381859e+03 1.121238847959557638e+00 7.785483006233938005e-03
4.402880535857186260e+03 1.120816894402014485e+00 7.919268426080783643e-03
4.407283416393044718e+03 1.125583814886430112e+00 8.827943101006955826e-03
4.411690699809440048e+03 1.124720218877495848e+00 8.596312983696093382e-03
4.416102390509250654e+03 1.120789974207458517e+00 9.331620599579131675e-03
4.420518492899761441e+03 1.116885985772043233e+00 9.334295465952628310e-03
4.424939011392662906e+03 1.111348155090626122e+00 9.491169815220532394e-03
4.429363950404056595e+03 1.102165907669663492e+00 9.382036871653627597e-03
4.433793314354462382e+03 1.098039335286080442e+00 9.519445423162216716e-03
4.438227107668818462e+03 1.095714009491872032e+00 9.499161143620513809e-03
4.442665334776488635e+03 1.093723995485815337e+00 8.948294251090270837e-03
4.447108000111265937e+03 1.092229385028556488e+00 7.961370287229943554e-03
4.451555108111379013e+03 1.096935500039154521e+00 8.061267331601968539e-03
4.456006663219492111e+03 1.106943401135976446e+00 8.109204124952140713e-03
4.460462669882713271e+03 1.119990634764963744e+00 7.738610801805906325e-03
4.464923132552597053e+03 1.127082466269283323e+00 7.623342554154763709e-03
4.469388055685150903e+03 1.132663349071347358e+00 8.069010595770618327e-03
4.473857443740837880e+03 1.141810889262032003e+00 7.658431470523496300e-03
4.478331301184580298e+03 1.145744711720748654e+00 7.323782393856017280e-03
4.482809632485766087e+03 1.146985090774725657e+00 6.923525929329944414e-03
4.487292442118253348e+03 1.149356317919976167e+00 6.939593248787370022e-03
4.491779734560373072e+03 1.151268696224367893e+00 6.922360753668989862e-03
4.496271514294934605e+03 1.150992321067319413e+00 7.453113962993283999e-03
4.500767785809231100e+03 1.154330175833721439e+00 7.269300036063457149e-03
4.505268553595042249e+03 1.158437684272119350e+00 6.897995243972658563e-03
4.509773822148638828e+03 1.161238304637169483e+00 6.862260208630559244e-03
4.514283595970789065e+03 1.165455326036548778e+00 6.893237029203546674e-03
4.518797879566761367e+03 1.169005028318648831e+00 6.718151729021647200e-03
4.523316677446328868e+03 1.176590746713503499e+00 6.957459849776402062e-03
4.527839994123776705e+03 1.182901418685124773e+00 7.072340291703545744e-03
4.532367834117902021e+03 1.182836687773317852e+00 7.105780019680969437e-03
4.536900201952022144e+03 1.182070927637720814e+00 7.377986382497290357e-03
4.541437102153975502e+03 1.183864835060026932e+00 7.309527479873203365e-03
4.545978539256130716e+03 1.185034920759641786e+00 7.334189205288184528e-03
4.550524517795388419e+03 1.184750700784547250e+00 6.842332481407085651e-03
4.555075042313184895e+03 1.180644185389715384e+00 5.871182560114773970e-03
4.559630117355500261e+03 1.181751967936096603e+00 5.909704693048224711e-03
4.564189747472856652e+03 1.185249742930419847e+00 5.583722510886814788e-03
4.568753937220330954e+03 1.189848773901629242e+00 5.875755973712812504e-03
4.573322691157552981e+03 1.194619072301580598e+00 5.660455543454442039e-03
4.577896013848711846e+03 1.199065835538304592e+00 7.333781250178920269e-03
4.582473909862562323e+03 1.196134378393343356e+00 7.321586233935824424e-03
4.587056383772426670e+03 1.190572155701175250e+00 7.567963724760096156e-03
4.591643440156200086e+03 1.184140073091602297e+00 7.753952686518574347e-03
4.596235083596357981e+03 1.175046020772416266e+00 7.836495800051071145e-03
4.600831318679955984e+03 1.166661613350188142e+00 7.201179547697935009e-03
4.605432149998637215e+03 1.159349884004419184e+00 7.326479984377060224e-03
4.610037582148637739e+03 1.150557114262252600e+00 7.465819796802000523e-03
4.614647619730787483e+03 1.144907498807854473e+00 7.450613182024118028e-03
4.619262267350520233e+03 1.139249486310168091e+00 6.996980528316377491e-03
4.623881529617872729e+03 1.136240658192871011e+00 7.127480344050875737e-03
4.628505411147491941e+03 1.134953013912799236e+00 7.345808359076016862e-03
4.633133916558640522e+03 1.135861012631477873e+00 7.207980428528504464e-03
4.637767050475200449e+03 1.133049932581176478e+00 7.174008048303455801e-03
4.642404817525677572e+03 1.129325949437406607e+00 7.225631154225830612e-03
4.647047222343205249e+03 1.122063416429145644e+00 7.751393356736820291e-03
4.651694269565549803e+03 1.116892228413025601e+00 7.095163351311170076e-03
4.656345963835116891e+03 1.112357646347519546e+00 7.102359791508766444e-03
4.661002309798953320e+03 1.108586071333715450e+00 7.459048224929446837e-03
4.665663312108753416e+03 1.108147814003264342e+00 5.956355412649353906e-03
4.670328975420864481e+03 1.102521817463784304e+00 5.730618385634678527e-03
4.674999304396286789e+03 1.098311485465075954e+00 5.845247956103892702e-03
4.679674303700684504e+03 1.093408312926713588e+00 6.152513620622000051e-03
4.684353978004386590e+03 1.087203523922098736e+00 6.153417309467533632e-03
4.689038331982392265e+03 1.082541719412259518e+00 6.250929344032088962e-03
4.693727370314376458e+03 1.074504490757078878e+00 6.194535805992888028e-03
4.698421097684692540e+03 1.063439829728575203e+00 5.843710460597633174e-03
4.703119518782378691e+03 1.053066852567049905e+00 5.782371043744784396e-03
4.707822638301162442e+03 1.041567282855764054e+00 5.682085589804680703e-03
4.712530460939465229e+03 1.030784708730392518e+00 5.637635207282348619e-03
4.717242991400406027e+03 1.022351829683961100e+00 5.647676154086924555e-03
4.721960234391808626e+03 1.017548497291886678e+00 5.351459325465364111e-03
4.726682194626201635e+03 1.011632176560337326e+00 5.502181850841779930e-03
4.731408876820829391e+03 1.004874198437661459e+00 5.807995404127391098e-03
4.736140285697651962e+03 9.987134722630437444e-01 5.688137177301277186e-03
4.740876425983350600e+03 9.986508499873421041e-01 5.225222509662888135e-03
4.745617302409335934e+03 9.989629683519549719e-01 5.401919611894449857e-03
4.750362919711747054e+03 1.002507847587677858e+00 5.415267342859393304e-03
4.755113282631459697e+03 1.007787080096888443e+00 6.187265099480559159e-03
4.759868395914093526e+03 1.010625197632172956e+00 6.416552729949272747e-03
4.764628264310008490e+03 1.016242216396106901e+00 5.888293215234335735e-03
4.769392892574320285e+03 1.020815557876036950e+00 5.615453304391920808e-03
4.774162285466896719e+03 1.023501709402456328e+00 5.560813715512693753e-03
4.778936447752364984e+03 1.027630855356056472e+00 5.672175495343900233e-03
4.783715384200118933e+03 1.031206743111017676e+00 5.559332795084254673e-03
4.788499099584319993e+03 1.035604214096934372e+00 5.919920842634587496e-03
4.793287598683906253e+03 1.038588143924311868e+00 5.915281427836387509e-03
4.798080886282591564e+03 1.039795703413134431e+00 5.590253791684787928e-03
4.802878967168876443e+03 1.038742667529797048e+00 6.185327094916432365e-03
4.807681846136046261e+03 1.040778703676944250e+00 6.901637537547226746e-03
4.812489527982183972e+03 1.050566039136825669e+00 7.415186200112560896e-03
4.817302017510168298e+03 1.058875258724864654e+00 7.434978426518487268e-03
4.822119319527679181e+03 1.068205462360244606e+00 7.887738999800841116e-03
4.826941438847208701e+03 1.080637961023043214e+00 8.275484945666922859e-03
4.831768380286057436e+03 1.088728435800201622e+00 8.346127544556287275e-03
4.836600148666345376e+03 1.091566122645142967e+00 8.825691381933070331e-03
4.841436748815013743e+03 1.092303260573028734e+00 8.602972666632825727e-03
4.846278185563829538e+03 1.093914175580420700e+00 8.717590866199088906e-03
4.851124463749395545e+03 1.094283750235141017e+00 8.459121973947748840e-03
4.855975588213146693e+03 1.088940057198820810e+00 8.256094128088741282e-03
4.860831563801360971e+03 1.082471206899370930e+00 8.546809607341450399e-03
4.865692395365163975e+03 1.072612843622289036e+00 7.882669955841400955e-03
4.870558087760530725e+03 1.065856427535750273e+00 7.286457014651787252e-03
4.875428645848292945e+03 1.063262056530134503e+00 7.988029436467968328e-03
4.880304074494142696e+03 1.062921651071231377e+00 7.615058552305393330e-03
4.885184378568638749e+03 1.066453652247945083e+00 8.429263038829189203e-03
4.890069562947209306e+03 1.066476534029351830e+00 8.174948101398146413e-03
4.894959632510157462e+03 1.060917144708826587e+00 8.307603121147881867e-03
4.899854592142669389e+03 1.059328949521225693e+00 8.331971263618868570e-03
4.904754446734813428e+03 1.061835558688349890e+00 8.504888829063575115e-03
4.909659201181550088e+03 1.046736388208053814e+00 9.161779012695957236e-03
4.914568860382732964e+03 1.047830122070865677e+00 1.071070814270787090e-02
4.919483429243117826e+03 1.040478683149582029e+00 1.063373607646092220e-02
4.924402912672362618e+03 1.038636138850431267e+00 1.143905948360877771e-02
4.929327315585036558e+03 1.025664300065532109e+00 1.218883775363917808e-02
4.934256642900622865e+03 1.021121015246665431e+00 1.173536240815424396e-02
4.939190899543525120e+03 1.015635728124987258e+00 1.210922286099410695e-02
4.944130090443070912e+03 1.009887987147429111e+00 1.221300522878645579e-02
4.949074220533515472e+03 1.009771347212176540e+00 1.180692255111462363e-02
4.954023294754050767e+03 1.007717788439317808e+00 1.228977192553916235e-02
4.958977318048806410e+03 1.008108108647035150e+00 1.181459662144822981e-02
4.963936295366856939e+03 1.005436168636548278e+00 1.217519875508465965e-02
4.968900231662225451e+03 1.005530856374858173e+00 1.205277829032810888e-02
4.973869131893889062e+03 1.000151580728894762e+00 1.164637771119660624e-02
4.978843001025784361e+03 1.005607439376840606e+00 1.182389213270943103e-02
4.983821844026811959e+03 1.005066740999368768e+00 1.129329778731261863e-02
4.988805665870840130e+03 9.998727806819516228e-01 1.119883860810383727e-02
4.993794471536712990e+03 9.996085605092327464e-01 1.153543417092601185e-02
4.998788266008251412e+03 9.972873173525259594e-01 1.109341152110757470e-02
5.003787054274261209e+03 9.871408728421706691e-01 9.664914701710068667e-03
5.008790841328536771e+03 9.893085389232407767e-01 8.867212892750263656e-03
5.013799632169867436e+03 9.815959567008544218e-01 8.201593910961625655e-03
5.018813431802038394e+03 9.799868487334517653e-01 7.733696607244538480e-03
5.023832245233842514e+03 9.718507421111552969e-01 6.465516841157167502e-03
5.028856077479077612e+03 9.668032657776296501e-01 5.955483897142858397e-03
5.033884933556558281e+03 9.559315405254343867e-01 5.765160075826671407e-03
5.038918818490116792e+03 9.473451083163929587e-01 5.555423155000304564e-03
5.043957737308608557e+03 9.436219414171937991e-01 5.564454433355812968e-03
5.049001695045918495e+03 9.463671180431061369e-01 6.631881720055664460e-03
5.054050696740966487e+03 9.426282513363746229e-01 7.123541576845079243e-03
5.059104747437709193e+03 9.430015258651872623e-01 7.222477324463598067e-03
5.064163852185148244e+03 9.426467830037781326e-01 7.202254751131772180e-03
5.069228016037335692e+03 9.410769408109170842e-01 7.178920720077640837e-03
5.074297244053374015e+03 9.419024133778864938e-01 6.766335836880897105e-03
5.079371541297429758e+03 9.424538649999346651e-01 6.830184002094410144e-03
5.084450912838728073e+03 9.387833721301442891e-01 6.931807222357540266e-03
5.089535363751569093e+03 9.372844240489708323e-01 6.863852723626531240e-03
5.094624899115322478e+03 9.315002464881936284e-01 6.947535313230864332e-03
5.099719524014439230e+03 9.283192083328845046e-01 6.898337361821975204e-03
5.104819243538455339e+03 9.269346650829596301e-01 6.952797496349531932e-03
5.109924062781995417e+03 9.277783333904974228e-01 7.198215367686055209e-03
5.115033986844779065e+03 9.222963634039093028e-01 7.629624158039366097e-03
5.120149020831625421e+03 9.199160703286297647e-01 7.428237608552995183e-03
5.125269169852458617e+03 9.186873196220740612e-01 7.739782152136391764e-03
5.130394439022313236e+03 9.217625591886668968e-01 8.358712446299087009e-03
5.135524833461337039e+03 9.213891153097495401e-01 8.211680283719373363e-03
5.140660358294800062e+03 9.240822134937843879e-01 8.188601516038054515e-03
5.145801018653096435e+03 9.327900415559877700e-01 8.218216350019432251e-03
5.150946819671751655e+03 9.316371119297861547e-01 8.296421044902520942e-03
5.156097766491425318e+03 9.343386877212971342e-01 7.727243434219836261e-03
5.161253864257918394e+03 9.355203033040915273e-01 8.164202058595478040e-03
5.166415118122177773e+03 9.391861761059449032e-01 7.903034797012402010e-03
5.171581533240301724e+03 9.395261379645016842e-01 7.833475639507063090e-03
5.176753114773543530e+03 9.455000986538385499e-01 8.150409409048896270e-03
5.181929867888318768e+03 9.440262625957783760e-01 8.091041898533555057e-03
5.187111797756208944e+03 9.406354999290061913e-01 8.534757402853322336e-03
5.192298909553966951e+03 9.361174305231378945e-01 7.955307934908905504e-03
5.197491208463522526e+03 9.341539816838431154e-01 7.961635536866944890e-03
5.202688699671987706e+03 9.343879913211594612e-01 7.894060239147047270e-03
5.207891388371661378e+03 9.372443486127290946e-01 7.824211151249557336e-03
5.213099279760034733e+03 9.372881408082426313e-01 7.250454078631708710e-03
5.218312379039796724e+03 9.400494387232248839e-01 7.493512646741584682e-03
5.223530691418837705e+03 9.404740543319715096e-01 7.772682039106751199e-03
5.228754222110258524e+03 9.442618886925175925e-01 6.893410630751691318e-03
5.233982976332370527e+03 9.428136774664956921e-01 6.767108016464934428e-03
5.239216959308704645e+03 9.475283454731592281e-01 6.758504092874893787e-03
5.244456176268015042e+03 9.531628220468533197e-01 6.052348700482241585e-03
5.249700632444284565e+03 9.547287829716396557e-01 5.795560241207173106e-03
5.254950333076731113e+03 9.569360451157435943e-01 6.188169572105101449e-03
5.260205283409809454e+03 9.527781891585120899e-01 6.073721318679181809e-03
5.265465488693221232e+03 9.492484930147431221e-01 6.105722517972253689e-03
5.270730954181915877e+03 9.463527031487708463e-01 6.574553337330392259e-03
5.276001685136099695e+03 9.446273497915551598e-01 5.688102235329939999e-03
5.281277686821237694e+03 9.366243469463564342e-01 6.037278066747357730e-03
5.286558964508059944e+03 9.274713491493234985e-01 5.946103004789330716e-03
5.291845523472569766e+03 9.198634898318923669e-01 5.829447506938552521e-03
5.297137368996044643e+03 9.135757098722370184e-01 5.976976436805795691e-03
5.302434506365042580e+03 9.049870705915487035e-01 6.012184615663457993e-03
5.307736940871409388e+03 8.982309623280397837e-01 5.975356735315452868e-03
5.313044677812282316e+03 8.947797258926701858e-01 5.968778251666362333e-03
5.318357722490096421e+03 8.973305963822362230e-01 5.703790658799663509e-03
5.323676080212588204e+03 8.994903109033978161e-01 6.010155470294532148e-03
5.328999756292802886e+03 8.988494181522884707e-01 5.792490906557598920e-03
5.334328756049097137e+03 8.989164951585970620e-01 6.332864976774994770e-03
5.339663084805148173e+03 8.943269567758286298e-01 6.717469463071969876e-03
5.345002747889954662e+03 8.941030549269207706e-01 7.335164158053813013e-03
5.350347750637846730e+03 8.886175885420187770e-01 7.485754864598023230e-03
5.355698098388485960e+03 8.869244668727954695e-01 7.955621225777781413e-03
5.361053796486876308e+03 8.831430343313878550e-01 7.298137779498304993e-03
5.366414850283365013e+03 8.799972315227111430e-01 7.097567100774140707e-03
5.371781265133649867e+03 8.864332348683876539e-01 7.671462107979838164e-03
5.377153046398785591e+03 8.925782352706954637e-01 7.648439799501157918e-03
5.382530199445186554e+03 8.980887486833419864e-01 7.759872145405352813e-03
5.387912729644633146e+03 9.019068566059234016e-01 7.800873154612968964e-03
5.393300642374279960e+03 9.040169327869369553e-01 7.528930802104191744e-03
5.398693943016655794e+03 9.067103705434412797e-01 6.795553097736525654e-03
5.404092636959673655e+03 9.000244919226496609e-01 7.776261148542227587e-03
5.409496729596635305e+03 8.908889750370310168e-01 7.730123565574131134e-03
5.414906226326233991e+03 8.823357381886162143e-01 7.585832559444559073e-03
5.420321132552561721e+03 8.784298370349403751e-01 7.639933061199389100e-03
5.425741453685116539e+03 8.733824838701531590e-01 7.589210473931864119e-03
5.431167195138803436e+03 8.728808227136413134e-01 8.245448407870701463e-03
5.436598362333943442e+03 8.770811914091956041e-01 8.845102521100598955e-03
5.442034960696279086e+03 8.715632197401552705e-01 8.659610400910566774e-03
5.447476995656978033e+03 8.746877702298649915e-01 7.643287716569703225e-03
5.452924472652636723e+03 8.762090509710176445e-01 7.413364767510689096e-03
5.458377397125291282e+03 8.735290433129132559e-01 7.653040031907259663e-03
5.463835774522417523e+03 8.696035370868876457e-01 7.679790535374726897e-03
5.469299610296941864e+03 8.642488178313751934e-01 7.430386943210668185e-03
5.474768909907241323e+03 8.646825494530869793e-01 7.654420577696737123e-03
5.480243678817149885e+03 8.597325887969854419e-01 7.842342212894979833e-03
5.485723922495968509e+03 8.587117943780735452e-01 7.599269160609781193e-03
5.491209646418466946e+03 8.578373523082631902e-01 7.894589232016887073e-03
5.496700856064887375e+03 8.563608856571142125e-01 7.665365016500856610e-03
5.502197556920953502e+03 8.537928522890747551e-01 8.011617323811108526e-03
5.507699754477876013e+03 8.497882546830354267e-01 7.804204454001479122e-03
5.513207454232356213e+03 8.464194021330553319e-01 7.795158120075209272e-03
5.518720661686590574e+03 8.446670387523140811e-01 8.025409875965221207e-03
5.524239382348278923e+03 8.402833966944854849e-01 8.280364481995095005e-03
5.529763621730628984e+03 8.318767025049980113e-01 7.785294967422730361e-03
5.535293385352360929e+03 8.309567755839868397e-01 6.995469009402910561e-03
5.540828678737715563e+03 8.298720890803995553e-01 6.729525223600304161e-03
5.546369507416455235e+03 8.230837956467880190e-01 6.617041795464525568e-03
5.551915876923872929e+03 8.158723363075841561e-01 6.862207314072592095e-03
5.557467792800798634e+03 8.138079353722719178e-01 6.816589151371060286e-03
5.563025260593602070e+03 8.081726166630507358e-01 7.015318692243183336e-03
5.568588285854197238e+03 8.055859266825280418e-01 6.878190814004169797e-03
5.574156874140053333e+03 8.014565785839601331e-01 6.851466511014626948e-03
5.579731031014194741e+03 7.989199258124393133e-01 6.358113827385860652e-03
5.585310762045211050e+03 7.910980253189491274e-01 6.862303597510069353e-03
5.590896072807257951e+03 7.902297684057304483e-01 6.871790900335246477e-03
5.596486968880067252e+03 7.951555368607142738e-01 7.162384823278180809e-03
5.602083455848949598e+03 7.968659045173474009e-01 7.133382600680132982e-03
5.607685539304799931e+03 7.953728039556011709e-01 7.003152539190506815e-03
5.613293224844106589e+03 7.927671533096595224e-01 7.031899694137893307e-03
5.618906518068952209e+03 7.895749034866562654e-01 7.204006125621561542e-03
5.624525424587023736e+03 7.914037277542413928e-01 7.143486731461769733e-03
5.630149950011612418e+03 7.897689333184337857e-01 6.704142803752349139e-03
5.635780099961625638e+03 7.861222254266952980e-01 6.394435562943770121e-03
5.641415880061589633e+03 7.810567780426393991e-01 7.006663447052621264e-03
5.647057295941652228e+03 7.802118701159997949e-01 7.026116721618722027e-03
5.652704353237596479e+03 7.771638656107705545e-01 6.931124056308550149e-03
5.658357057590835211e+03 7.754196935506852961e-01 7.179620178684403484e-03
5.664015414648428305e+03 7.755229384474149334e-01 6.710464257682520473e-03
5.669679430063079053e+03 7.727798372439305119e-01 6.802006067557691410e-03
5.675349109493143260e+03 7.704569425983963660e-01 6.424722563394594764e-03
5.681024458602638333e+03 7.715900059613831630e-01 6.296265242797300168e-03
5.686705483061243285e+03 7.698386226430659063e-01 6.092192712278546654e-03
5.692392188544306009e+03 7.650615714574334758e-01 6.157234749500258876e-03
5.698084580732852373e+03 7.551488080668590230e-01 5.746614086916510163e-03
5.703782665313587131e+03 7.533386418737202384e-01 5.575444598205219447e-03
5.709486447978903016e+03 7.484658539204982475e-01 5.832521725147384213e-03
5.715195934426883468e+03 7.454456208265426431e-01 5.914491989219798976e-03
5.720911130361312644e+03 7.424755534389426703e-01 5.968537823485596874e-03
5.726632041491675409e+03 7.400528873509164551e-01 5.891490333102652327e-03
5.732358673533169167e+03 7.399208329882541735e-01 5.296566911043322327e-03
5.738091032206703858e+03 7.384513477186886998e-01 5.260182035194595034e-03
5.743829123238912871e+03 7.364478514635305340e-01 5.133740817289686800e-03
5.749572952362153046e+03 7.285497899288710943e-01 5.378989176979007657e-03
5.755322525314517407e+03 7.264115147257939054e-01 5.489383998159909350e-03
5.761077847839834249e+03 7.207801975543450812e-01 5.528790649466498383e-03
5.766838925687675328e+03 7.183753134503058080e-01 5.508403064712594048e-03
5.772605764613364954e+03 7.174277909482603688e-01 5.312866092518062945e-03
5.778378370377980900e+03 7.155089500667553004e-01 5.356151104014102854e-03
5.784156748748360769e+03 7.124668528377288146e-01 5.171393244373339963e-03
5.789940905497111089e+03 7.133959564186144187e-01 5.205381428836591481e-03
5.795730846402610041e+03 7.165699296660376083e-01 5.784240264302960982e-03
5.801526577249013826e+03 7.170996332139020213e-01 5.602761918042063749e-03
5.807328103826264851e+03 7.118844496090993568e-01 5.740866835977483269e-03
5.813135431930093546e+03 7.121281009722861821e-01 5.966803976054021151e-03
5.818948567362025642e+03 7.087192883035633439e-01 5.556479196005113634e-03
5.824767515929389447e+03 7.075044871168321148e-01 5.191486801706679706e-03
5.830592283445320390e+03 7.135736732195445686e-01 5.886718482132096385e-03
5.836422875728768304e+03 7.156704129331947772e-01 6.183005914345211622e-03
5.842259298604498326e+03 7.168113338252869449e-01 6.478471033220951567e-03
5.848101557903105459e+03 7.192386870459102077e-01 6.323431098389912554e-03
5.853949659461010015e+03 7.184861993751593401e-01 6.437147556214684388e-03
5.859803609120473084e+03 7.185644292660722243e-01 6.457424567586704869e-03
5.865663412729595620e+03 7.207295189060919371e-01 6.229390362268895885e-03
5.871529076142326630e+03 7.232514330419546056e-01 6.206094532102346233e-03
5.877400605218471355e+03 7.252238400043454769e-01 6.018726645152737940e-03
5.883278005823691274e+03 7.317150546485768903e-01 6.219221241690085951e-03
5.889161283829516833e+03 7.332440685055839902e-01 6.340798846559052813e-03
5.895050445113348360e+03 7.375893291768605975e-01 6.636679513230134969e-03
5.900945495558464245e+03 7.375763778379401669e-01 6.532598368693982166e-03
5.906846441054024581e+03 7.421598101578055218e-01 5.340662199016250021e-03
5.912753287495080258e+03 7.420143739571684049e-01 5.266554891196010765e-03
5.918666040782577511e+03 7.335430836759088136e-01 6.086220136357746967e-03
5.924584706823361557e+03 7.251616666325848559e-01 6.086690084945275275e-03
5.930509291530187511e+03 7.163685917880013854e-01 5.715399336345540308e-03
5.936439800821719473e+03 7.021158338121497033e-01 5.175930372927788937e-03
5.942376240622543264e+03 6.962464805342479801e-01 5.292037041753210568e-03
5.948318616863167335e+03 6.930491750060084888e-01 5.463469881923631657e-03
5.954266935480032771e+03 6.913043354779745409e-01 5.158552052960436660e-03
5.960221202415515108e+03 6.895540329540854607e-01 5.126678829589258364e-03
5.966181423617932523e+03 6.869540871083085198e-01 5.290956292152971391e-03
5.972147605041552197e+03 6.893167205385328788e-01 5.470487903712746569e-03
5.978119752646595771e+03 6.876500989157592336e-01 5.768976219010383058e-03
5.984097872399243897e+03 6.886344554268511997e-01 6.022379002563527962e-03
5.990081970271645332e+03 6.872453160587739251e-01 5.945820071543207221e-03
5.996072052241918755e+03 6.851516642791984912e-01 6.237924296050701041e-03
6.002068124294162772e+03 6.867344774887370606e-01 6.630606123361231646e-03
6.008070192418459555e+03 6.848986633640545829e-01 6.381757414052754811e-03
6.014078262610879392e+03 6.799997869430249864e-01 6.489003431845992258e-03
6.020092340873492503e+03 6.717583119329345598e-01 7.008068230750374647e-03
6.026112433214368139e+03 6.693295257172869883e-01 7.117396909171352579e-03
6.032138545647584579e+03 6.653727100366038094e-01 6.868207361098330362e-03
6.038170684193233683e+03 6.706278030595186346e-01 8.379283259922092053e-03
6.044208854877429076e+03 6.689469008517963111e-01 8.112933256428237275e-03
6.050253063732308874e+03 6.647079818307594090e-01 8.271806920569016452e-03
6.056303316796042964e+03 6.633938314850820195e-01 8.058747479599486646e-03
6.062359620112841185e+03 6.597640782205703713e-01 7.789721300145538083e-03
6.068421979732956061e+03 6.549694618717041283e-01 7.981737883689886057e-03
6.074490401712690982e+03 6.452523779570606965e-01 8.771994526495333414e-03
6.080564892114405666e+03 6.382006396063383269e-01 8.385461284366433482e-03
6.086645457006521610e+03 6.331412013141581863e-01 8.554816517167791040e-03
6.092732102463530282e+03 6.244532709678174420e-01 7.915007672058552851e-03
6.098824834565995843e+03 6.247351875359067330e-01 7.806119358574809854e-03
6.104923659400564247e+03 6.243930713436822710e-01 7.697594505774128619e-03
6.111028583059966877e+03 6.251136815066274943e-01 7.914316743268206764e-03
6.117139611643028729e+03 6.338350780049585298e-01 7.836343132364073649e-03
6.123256751254673873e+03 6.424494244786363994e-01 6.565282340765123126e-03
6.129380008005929994e+03 6.466747672345868336e-01 6.472742375012973011e-03
6.135509388013938405e+03 6.424426255924139406e-01 6.688820167571526802e-03
6.141644897401954040e+03 6.378474593915095525e-01 6.118568588112997114e-03
6.147786542299358189e+03 6.353071518915750504e-01 6.321653117759376897e-03
6.153934328841659408e+03 6.292752737247802042e-01 6.446001268534363830e-03
6.160088263170503524e+03 6.203901346277863604e-01 5.909915826309016830e-03
6.166248351433675452e+03 6.135187592332957962e-01 5.913017914936262616e-03
6.172414599785111022e+03 6.076845457768238479e-01 5.967747905201833437e-03
6.178587014384898794e+03 6.014055086540904815e-01 6.030635001239143672e-03
6.184765601399285515e+03 5.974620688413073699e-01 5.996889078014721458e-03
6.190950367000687038e+03 5.941201015756513160e-01 5.672450300649213746e-03
6.197141317367689226e+03 5.945699554948535859e-01 5.436670624993134721e-03
6.203338458685059777e+03 5.954079572850374813e-01 5.611069717900855729e-03
6.209541797143746408e+03 5.971080811125661914e-01 5.822268905671933517e-03
6.215751338940892310e+03 5.966794228103521336e-01 5.867019819374331632e-03
6.221967090279835247e+03 5.991092153240689111e-01 6.170945516448332613e-03
6.228189057370116643e+03 5.984326195525347947e-01 6.205874443280020442e-03
6.234417246427488863e+03 6.004682361441991967e-01 5.948983512943661206e-03
6.240651663673918847e+03 6.055305379725161030e-01 5.716915636328348885e-03
6.246892315337594482e+03 6.046324804581298951e-01 5.726921152553636658e-03
6.253139207652934601e+03 6.042654009820558336e-01 5.437563749777428804e-03
6.259392346860589896e+03 6.075605299210583565e-01 5.509136599838340871e-03
6.265651739207452010e+03 6.059116281060327180e-01 5.872804535981077795e-03
6.271917390946661726e+03 6.037180864437128314e-01 5.665771714441542387e-03
6.278189308337610782e+03 6.027399617115140051e-01 5.352269993054122217e-03
6.284467497645950061e+03 6.025617698366075858e-01 5.410410865222418930e-03
6.290751965143597772e+03 6.059221656061647421e-01 5.123589001930851754e-03
6.297042717108744000e+03 6.097395945494165082e-01 5.413282199010503552e-03
6.303339759825854344e+03 6.100680088014323044e-01 5.252190531766222532e-03
6.309643099585682648e+03 6.099999052107252240e-01 5.450425538142848920e-03
6.315952742685270096e+03 6.101855509917808451e-01 5.487867777961331212e-03
6.322268695427957937e+03 6.078368706283153733e-01 5.320500588031970915e-03
6.328590964123387494e+03 6.032097839908296955e-01 5.221733546491819783e-03
6.334919555087512890e+03 5.924915873724090343e-01 7.040190206570390123e-03
6.341254474642602872e+03 5.883967784352471808e-01 6.878272331901540484e-03
6.347595729117247174e+03 5.846853644540548345e-01 6.692313934800395159e-03
6.353943324846366522e+03 5.788530873137371913e-01 6.592683438616901703e-03
6.360297268171215364e+03 5.717056008336275363e-01 6.640755361158922135e-03
6.366657565439388236e+03 5.629274386182668843e-01 6.696509484914326370e-03
6.373024223004829764e+03 5.587893410879878342e-01 6.706323702410841442e-03
6.379397247227837397e+03 5.549530645187730205e-01 6.696548662818668958e-03
6.385776644475066860e+03 5.545510610892672165e-01 6.743762707033553599e-03
6.392162421119543978e+03 5.551281039070230516e-01 6.702521078739250709e-03
6.398554583540665590e+03 5.583361389048772105e-01 6.520935157550556208e-03
6.404953138124208635e+03 5.636306445372805118e-01 6.441058348453237124e-03
6.411358091262334710e+03 5.651045380196891843e-01 6.834916869162689645e-03
6.417769449353599157e+03 5.679265120191369087e-01 6.875336893653032772e-03
6.424187218802954703e+03 5.711004791204933317e-01 6.715710501271916939e-03
6.430611406021760558e+03 5.755796987174487400e-01 6.904278365783757254e-03
6.437042017427784231e+03 5.791461909886700399e-01 6.746176160132386947e-03
6.443479059445214261e+03 5.797151223877667903e-01 6.670988401035755910e-03
6.449922538504661134e+03 5.807787847806433756e-01 6.643734899551838498e-03
6.456372461043168187e+03 5.799780914971555124e-01 7.121008922120916802e-03
6.462828833504213435e+03 5.806429974708751107e-01 7.397589809383091353e-03
6.469291662337719572e+03 5.847164992613578249e-01 7.211550195735106673e-03
6.475760954000059428e+03 5.883946233581885954e-01 7.197777413491332141e-03
6.482236714954061426e+03 5.947951013514816143e-01 6.989024687587492950e-03
6.488718951669017770e+03 6.005725928008046610e-01 6.977218391997440025e-03
6.495207670620688987e+03 6.084798175765760986e-01 6.992576981398656265e-03
6.501702878291312118e+03 6.149924694527277858e-01 7.104955866498105510e-03
6.508204581169605262e+03 6.210331310859725784e-01 6.987357595108016281e-03
6.514712785750777584e+03 6.236455552650774781e-01 6.797475484054752749e-03
6.521227498536530220e+03 6.299545430024451331e-01 6.604654885906560517e-03
6.527748726035069012e+03 6.332777809436435090e-01 6.804539993942832626e-03
6.534276474761106329e+03 6.386616177835628960e-01 6.937782397169531615e-03
6.540810751235869247e+03 6.417856617834392097e-01 7.206005266189427841e-03
6.547351561987107743e+03 6.442939790875580330e-01 7.582420237065721526e-03
6.553898913549096505e+03 6.421543624508853076e-01 8.316415325040724116e-03
6.560452812462647671e+03 6.391276108432156766e-01 9.278435929629158183e-03
6.567013265275112644e+03 6.363862939264530727e-01 1.016979170892508971e-02
6.573580278540390282e+03 6.304457322180063716e-01 1.162759701624819716e-02
6.580153858818932349e+03 6.220616424413215606e-01 1.418224405355965161e-02
6.586734012677753526e+03 6.131688526274755580e-01 1.755337278016700156e-02
6.593320746690433225e+03 6.019958126856986835e-01 2.147245590123088646e-02
6.599914067437126505e+03 5.923000173494570308e-01 2.764202057532358370e-02
6.606513981504565891e+03 5.862055071482334956e-01 3.599840381552613794e-02
6.613120495486072286e+03 5.800908923749943380e-01 4.716999999012488204e-02
6.619733615981560433e+03 5.796967019098347995e-01 6.337240507811209289e-02
