# starting wavelength: 3247.126
# ending wavelength: 8203.810
# wav flux eflux
3.249206760004065927e+03 2.323902044090044861e+00 9.598014375848640256e-01
3.252455966764071036e+03 2.250776609087048463e+00 7.201405533471710863e-01
3.255708422730835991e+03 2.188622552169152691e+00 5.467653502507648922e-01
3.258964131153567905e+03 2.029631450640867918e+00 5.612299412963912548e-01
3.262223095284722604e+03 2.081682243932423404e+00 4.628999044841989874e-01
3.265485318380008266e+03 2.096964204947346477e+00 3.650758409272719107e-01
3.268750803698389518e+03 2.127935251080372847e+00 2.957305987739919928e-01
3.272019554502088795e+03 2.163803053728637682e+00 2.522251783798809543e-01
3.275291574056592253e+03 2.198151877834352508e+00 2.099064881179701914e-01
3.278566865630649772e+03 2.225855511533406439e+00 1.824790876555571484e-01
3.281845432496281319e+03 2.241093160192231259e+00 1.631289292593685047e-01
3.285127277928778767e+03 2.270964585843412653e+00 1.460683742340736224e-01
3.288412405206708627e+03 2.297729417748562764e+00 1.332499828264843422e-01
3.291700817611916591e+03 2.326962660918047376e+00 1.253300947565598178e-01
3.294992518429529355e+03 2.414433576359066080e+00 1.282418084591138985e-01
3.298287510947960072e+03 2.398968144577964701e+00 1.243288165840241433e-01
3.301585798458909267e+03 2.414213268543788260e+00 1.220768229710391811e-01
3.304887384257369376e+03 2.409227982959213588e+00 1.168185537367511934e-01
3.308192271641627485e+03 2.400580785185796540e+00 1.125041477775982623e-01
3.311500463913270323e+03 2.408268787852717363e+00 1.172197402669880595e-01
3.314811964377184722e+03 2.372964541588089560e+00 1.161072501645840360e-01
3.318126776341563072e+03 2.364205333310140045e+00 1.112054802353724253e-01
3.321444903117905596e+03 2.364531077451819119e+00 1.158033857519280285e-01
3.324766348021024896e+03 2.342865866686945520e+00 1.084724754037928590e-01
3.328091114369046863e+03 2.370217460795716491e+00 1.097218273413611972e-01
3.331419205483417045e+03 2.369127143766438959e+00 1.094716242626722763e-01
3.334750624688901553e+03 2.362257516888940145e+00 1.095850223093311343e-01
3.338085375313591612e+03 2.364682543698771067e+00 1.065522429715326236e-01
3.341423460688906289e+03 2.362289803708323532e+00 1.064238142675434234e-01
3.344764884149596128e+03 2.392639412730712234e+00 1.018183646877367649e-01
3.348109649033746791e+03 2.428831362612244416e+00 1.007114164840122866e-01
3.351457758682781787e+03 2.450723635969862535e+00 9.972078424232642957e-02
3.354809216441465651e+03 2.457129120422167912e+00 9.479839767891332092e-02
3.358164025657908041e+03 2.450524649522938248e+00 9.863502341475897939e-02
3.361522189683567376e+03 2.434210387499512684e+00 9.821407322167148568e-02
3.364883711873251741e+03 2.408805640340693000e+00 9.589724777882398243e-02
3.368248595585126168e+03 2.379738269177593679e+00 9.612867261627762450e-02
3.371616844180712633e+03 2.397062179275553095e+00 9.609768766893160563e-02
3.374988461024894150e+03 2.429275048996798247e+00 8.249586095216061843e-02
3.378363449485920228e+03 2.429541738522675409e+00 8.250096869432693714e-02
3.381741812935407324e+03 2.393831517721052293e+00 7.567252735789434248e-02
3.385123554748343849e+03 2.385514895847332451e+00 7.482732598326773121e-02
3.388508678303093347e+03 2.357031548255065445e+00 7.399051819858253054e-02
3.391897186981397681e+03 2.336381245872044321e+00 7.096009207925896289e-02
3.395289084168380214e+03 2.308173236576815057e+00 6.907498964953075193e-02
3.398684373252549449e+03 2.283669440574253695e+00 6.798108494409182967e-02
3.402083057625803121e+03 2.280849571730064973e+00 6.458038646894309620e-02
3.405485140683430018e+03 2.317442484806598646e+00 6.907831391897174822e-02
3.408890625824114522e+03 2.365645856047216000e+00 5.730172291042671950e-02
3.412299516449939802e+03 2.343332257906301841e+00 5.643222030009745899e-02
3.415711815966390986e+03 2.379780716233298232e+00 5.554467760644707375e-02
3.419127527782358356e+03 2.409604741500931624e+00 5.754175090213568128e-02
3.422546655310141887e+03 2.472251640653364557e+00 7.128462694757074780e-02
3.425969201965453522e+03 2.496813326830353397e+00 7.185575107436227571e-02
3.429395171167419903e+03 2.500431413169497574e+00 7.172480750015033935e-02
3.432824566338588284e+03 2.500630550833418564e+00 7.072050749049124674e-02
3.436257390904928343e+03 2.519122493971321486e+00 6.762532024079696835e-02
3.439693648295834464e+03 2.518229707811953322e+00 6.904024372201425508e-02
3.443133341944131189e+03 2.475184314801333052e+00 6.982460255911293601e-02
3.446576475286076402e+03 2.426644907742978141e+00 6.732019421564074124e-02
3.450023051761363604e+03 2.409034438608312456e+00 6.805220175085505141e-02
3.453473074813126004e+03 2.345716118851205678e+00 6.919001702465792103e-02
3.456926547887940615e+03 2.288272959785572880e+00 6.883143486796115817e-02
3.460383474435829612e+03 2.251662066341438617e+00 7.201360065491699269e-02
3.463843857910266706e+03 2.192735206654614188e+00 7.094340218396080755e-02
3.467307701768178049e+03 2.143702339823261305e+00 6.307263164117582477e-02
3.470775009469947236e+03 2.121324278834763266e+00 6.286666252215858397e-02
3.474245784479418489e+03 2.104635709167931967e+00 6.135886446924489895e-02
3.477720030263898934e+03 2.126616324752885756e+00 6.404940151216881317e-02
3.481197750294164052e+03 2.130459795028420533e+00 6.677013479890112069e-02
3.484678948044459503e+03 2.145378437087715806e+00 6.359470316216428443e-02
3.488163626992504760e+03 2.159426485816920316e+00 6.289977811491444248e-02
3.491651790619498570e+03 2.197114812382444882e+00 6.482009027154252145e-02
3.495143442410119405e+03 2.259643002529959421e+00 6.691685210164274866e-02
3.498638585852530468e+03 2.285242547495194287e+00 6.326791744380354243e-02
3.502137224438384237e+03 2.322949142838169667e+00 6.591789883873329370e-02
3.505639361662823831e+03 2.332701647389158861e+00 6.925802894883947847e-02
3.509145001024487556e+03 2.391708499844734437e+00 7.265809978855364282e-02
3.512654146025513455e+03 2.412335856304599790e+00 7.255686208006614790e-02
3.516166800171540217e+03 2.388664831337294014e+00 6.161170408144337612e-02
3.519682966971712631e+03 2.383496878818665898e+00 6.220052637173265758e-02
3.523202649938685681e+03 2.401515758631460606e+00 6.298820865673587788e-02
3.526725852588625457e+03 2.405749790490353757e+00 5.932137434259910497e-02
3.530252578441215064e+03 2.402852346943929351e+00 5.871160600561108056e-02
3.533782831019657806e+03 2.388114166280185025e+00 6.165440668280230962e-02
3.537316613850678550e+03 2.373011113912197878e+00 6.268316330228185240e-02
3.540853930464530094e+03 2.368702138031203663e+00 5.895562399457112551e-02
3.544394784394995895e+03 2.354184441652283688e+00 6.161546966198244019e-02
3.547939179179392340e+03 2.347858948543428692e+00 6.159303500446858953e-02
3.551487118358572843e+03 2.323886439181311214e+00 6.338650136884411979e-02
3.555038605476932389e+03 2.357692575132046553e+00 6.628271674203080333e-02
3.558593644082410719e+03 2.349902406563404877e+00 6.902098766020196841e-02
3.562152237726494150e+03 2.349012666770434521e+00 6.810352625781405933e-02
3.565714389964221937e+03 2.370255849786460978e+00 7.011668480971873507e-02
3.569280104354187188e+03 2.390357337846344965e+00 6.948848093726550657e-02
3.572849384458542772e+03 2.399975149904813421e+00 6.575244283595539641e-02
3.576422233843002232e+03 2.399411554244430089e+00 6.437718230235653372e-02
3.579998656076846601e+03 2.399376166263825105e+00 6.803724704244588917e-02
3.583578654732924406e+03 2.363446763753112467e+00 6.784570584297530682e-02
3.587162233387658489e+03 2.344392549504418888e+00 6.422845585533332180e-02
3.590749395621047370e+03 2.352653905771064036e+00 6.581666099005409332e-02
3.594340145016669794e+03 2.313168150169328641e+00 6.220501344976799019e-02
3.597934485161687462e+03 2.289443585865315267e+00 5.512362201779066884e-02
3.601532419646850485e+03 2.297940733818095715e+00 5.593089566614101171e-02
3.605133952066498296e+03 2.311217913982907213e+00 5.379077472254158165e-02
3.608739086018566013e+03 2.323426555935061089e+00 5.844202559352908166e-02
3.612347825104585809e+03 2.305064322133301591e+00 5.822021602995378076e-02
3.615960172929691907e+03 2.316137083519024031e+00 5.838902338650062140e-02
3.619576133102622407e+03 2.328943273579569428e+00 5.762438363060363999e-02
3.623195709235726554e+03 2.329684148076017536e+00 5.341795828174079191e-02
3.626818904944963379e+03 2.322705142992668836e+00 5.683565932172858493e-02
3.630445723849909427e+03 2.315773253825216482e+00 5.539820206668737840e-02
3.634076169573760581e+03 2.276667378645601314e+00 5.314538734918394791e-02
3.637710245743335690e+03 2.260372721160424536e+00 5.322865786360180679e-02
3.641347955989080219e+03 2.210533600500275142e+00 4.251216407177420276e-02
3.644989303945070333e+03 2.200607253517310014e+00 4.189543128274561545e-02
3.648634293249016537e+03 2.189065978114931532e+00 3.716738680350024221e-02
3.652282927542266862e+03 2.192778333749815012e+00 3.885721210166614981e-02
3.655935210469810499e+03 2.206067675009171225e+00 3.638271308744923938e-02
3.659591145680281443e+03 2.252090799511758945e+00 3.731011379759459345e-02
3.663250736825963031e+03 2.277726641306600630e+00 3.894245472461212859e-02
3.666913987562790226e+03 2.308065991414115281e+00 3.632342449215852226e-02
3.670580901550354156e+03 2.320286256022458193e+00 3.874281565290287749e-02
3.674251482451905758e+03 2.341722864241132296e+00 3.874861604230361856e-02
3.677925733934358959e+03 2.355526823974804174e+00 3.839867686266876939e-02
3.681603659668294313e+03 2.341346370348214467e+00 4.378223184336856033e-02
3.685285263327964003e+03 2.360393457666797534e+00 4.532693069641450384e-02
3.688970548591293209e+03 2.373053702342732052e+00 4.784555784545539703e-02
3.692659519139885560e+03 2.379978788125044264e+00 4.423823605478239412e-02
3.696352178659026777e+03 2.349551318024535096e+00 4.270757578030119628e-02
3.700048530837686940e+03 2.369626315435455766e+00 4.390050715651289820e-02
3.703748579368525952e+03 2.391976687468638563e+00 5.103090669178800276e-02
3.707452327947895355e+03 2.416254743107874248e+00 5.170563665881014459e-02
3.711159780275844696e+03 2.391373792921675179e+00 5.058028582987052907e-02
3.714870940056121526e+03 2.386669390131056279e+00 5.385969187439990785e-02
3.718585810996179134e+03 2.359541207131083507e+00 5.623583093024035057e-02
3.722304396807176545e+03 2.326643101835209837e+00 5.660890741921247027e-02
3.726026701203984885e+03 2.309768986500945864e+00 6.004252598874140062e-02
3.729752727905190113e+03 2.308023835433069770e+00 5.543554317935215497e-02
3.733482480633096657e+03 2.309026842151487013e+00 5.742371629919969939e-02
3.737215963113731050e+03 2.314292264521543796e+00 6.095425022281814043e-02
3.740953179076846027e+03 2.311084503500257625e+00 6.046767898602289221e-02
3.744694132255923705e+03 2.324634685048700966e+00 6.227737853289248837e-02
3.748438826388181042e+03 2.316551172201990916e+00 5.709203102481848202e-02
3.752187265214570289e+03 2.329558204319869485e+00 5.584157470165226206e-02
3.755939452479786269e+03 2.303014505617947183e+00 5.433284186635291280e-02
3.759695391932267285e+03 2.283497193370398914e+00 5.264150210877843045e-02
3.763455087324201031e+03 2.239788027093264411e+00 5.592359082270148551e-02
3.767218542411526414e+03 2.207132538640800945e+00 5.233370024262069820e-02
3.770985760953939007e+03 2.149068509805345251e+00 3.258950244886387598e-02
3.774756746714894234e+03 2.170800426776217762e+00 4.737461574133589037e-02
3.778531503461610555e+03 2.151854823889738810e+00 4.369837013432822242e-02
3.782310034965073100e+03 2.156597488411017949e+00 3.732194988437851496e-02
3.786092345000039586e+03 2.127836408641519572e+00 4.143461147749865486e-02
3.789878437345040766e+03 2.119496941070721174e+00 4.463071016259598234e-02
3.793668315782387253e+03 2.078660601937063923e+00 5.133417653736040837e-02
3.797461984098170888e+03 2.092662135868073037e+00 4.763264820037192010e-02
3.801259446082270188e+03 2.111343035677932356e+00 4.849515715365742413e-02
3.805060705528353537e+03 2.131870881933023654e+00 5.234210897112882843e-02
3.808865766233883278e+03 2.169285128084091241e+00 6.269548066957690569e-02
3.812674632000118436e+03 2.168794976972324484e+00 5.818747018150888239e-02
3.816487306632119726e+03 2.197679756899789894e+00 5.569545011183229394e-02
3.820303793938753188e+03 2.195986802082547928e+00 5.600108989331784026e-02
3.824124097732693372e+03 2.210900104409194267e+00 5.708090755292390128e-02
3.827948221830427428e+03 2.194656549040240101e+00 5.426822108846867526e-02
3.831776170052258749e+03 2.164811558883620091e+00 5.615600199237818363e-02
3.835607946222312421e+03 2.126550629299017725e+00 4.568376613390335433e-02
3.839443554168536139e+03 2.091490998153595626e+00 4.234669571258709020e-02
3.843282997722705659e+03 2.076309488982004847e+00 4.477257846096713290e-02
3.847126280720429804e+03 2.071409361803399296e+00 4.245707291969300079e-02
3.850973407001151372e+03 2.073963371789444121e+00 4.332108640082246026e-02
3.854824380408153957e+03 2.075877001993145399e+00 3.737224486224995784e-02
3.858679204788563311e+03 2.080529921486495848e+00 3.704849173538864171e-02
3.862537883993353262e+03 2.080137641581545349e+00 3.705239085752895511e-02
3.866400421877347981e+03 2.046189687973038573e+00 3.718350209984462584e-02
3.870266822299226533e+03 2.048483077155979437e+00 3.657838784877759375e-02
3.874137089121526969e+03 2.054646973943420107e+00 3.653197696260548216e-02
3.878011226210649966e+03 2.077683418786059555e+00 3.538228965171563017e-02
3.881889237436861549e+03 2.099914191915650541e+00 3.516698831374619888e-02
3.885771126674299921e+03 2.096536915809392276e+00 3.392856131966085625e-02
3.889656897800975457e+03 2.124477304761922980e+00 2.996062130975851376e-02
3.893546554698777527e+03 2.092835162883275757e+00 4.467741076782481141e-02
3.897440101253477678e+03 2.082872382469563632e+00 4.552467981828687421e-02
3.901337541354732366e+03 2.085694704116404008e+00 4.532018225745534923e-02
3.905238878896088409e+03 2.090635594229493854e+00 4.948188668865943773e-02
3.909144117774985716e+03 2.086215130212794033e+00 4.910969226459063752e-02
3.913053261892762293e+03 2.055700010586095861e+00 4.977278633093969867e-02
3.916966315154656058e+03 2.045518648867746148e+00 4.984138738436269533e-02
3.920883281469812118e+03 2.043628514705710053e+00 4.960431505174275196e-02
3.924804164751283224e+03 2.070074088272148671e+00 5.269676027624686093e-02
3.928728968916035683e+03 2.065267862022557299e+00 5.242579327329853489e-02
3.932657697884953450e+03 2.061524242290955655e+00 5.290637238655778590e-02
3.936590355582839493e+03 2.051846348568210576e+00 5.290340072105026437e-02
3.940526945938423523e+03 2.046235992250044600e+00 5.170752203812517545e-02
3.944467472884363360e+03 2.059414536274236873e+00 5.045880969025384050e-02
3.948411940357249023e+03 2.097847643488659042e+00 5.608761630965974215e-02
3.952360352297607733e+03 2.134904659907331137e+00 5.506808496229582267e-02
3.956312712649906643e+03 2.150439776745840081e+00 5.318275963292282832e-02
3.960269025362557841e+03 2.187217301980014739e+00 5.747069144177698041e-02
3.964229294387921527e+03 2.256584311302127333e+00 5.748461860671743445e-02
3.968193523682310570e+03 2.258728187413855615e+00 5.499755757518001720e-02
3.972161717205994591e+03 2.237922929910911574e+00 5.819124057746752343e-02
3.976133878923201792e+03 2.269648910135455555e+00 5.949635922230428475e-02
3.980110012802126221e+03 2.220946194985631283e+00 6.008434663384741581e-02
3.984090122814929600e+03 2.182067890409850719e+00 6.468832211640371255e-02
3.988074212937745870e+03 2.113065218532228062e+00 6.056097918241459821e-02
3.992062287150684824e+03 2.030720747718039565e+00 5.962197200364349747e-02
3.996054349437837118e+03 1.970000330404550137e+00 6.206387981928322001e-02
4.000050403787276082e+03 1.940224969799037913e+00 5.721100111113008174e-02
4.004050454191064546e+03 1.933657603099001587e+00 5.872415848156675722e-02
4.008054504645257111e+03 1.923316853979107455e+00 6.289463021053619263e-02
4.012062559149903791e+03 1.916053937094109427e+00 6.154598590942769731e-02
4.016074621709055009e+03 1.965606846375419492e+00 6.842418284997683897e-02
4.020090696330765240e+03 2.006981467191188528e+00 6.942841450677195159e-02
4.024110787027097558e+03 2.039006454365152265e+00 6.025727222882039380e-02
4.028134897814125907e+03 2.045395658784146420e+00 6.096251797383240439e-02
4.032163032711941469e+03 2.035063656311927982e+00 6.361804716919815250e-02
4.036195195744654484e+03 2.034837999287681942e+00 6.133226897087256518e-02
4.040231390940400615e+03 2.016906728887220446e+00 5.720023347040528033e-02
4.044271622331342314e+03 1.971268089992649797e+00 5.750776447802128516e-02
4.048315893953675186e+03 1.921937724359588540e+00 4.535707725321905942e-02
4.052364209847629809e+03 1.926220748349857459e+00 4.489985119001684011e-02
4.056416574057479011e+03 1.901622101141560606e+00 4.527568355154207302e-02
4.060472990631537868e+03 1.911423806651782575e+00 4.061240181473903949e-02
4.064533463622170530e+03 1.918128566214083675e+00 3.896213733524786504e-02
4.068597997085794304e+03 1.964944065653547289e+00 4.680051512599193997e-02
4.072666595082881486e+03 1.982799080619881638e+00 4.659932812688894616e-02
4.076739261677965715e+03 2.006212944428546141e+00 4.575446706105927575e-02
4.080816000939644709e+03 2.033564512125093149e+00 4.837125800980081325e-02
4.084896816940585722e+03 2.031895330529992272e+00 4.262578517636247261e-02
4.088981713757527814e+03 2.030160117800770880e+00 4.079746353416002086e-02
4.093070695471286854e+03 2.052820009132410028e+00 4.024629284893264242e-02
4.097163766166759160e+03 2.076043896893910112e+00 3.866087767527969649e-02
4.101260929932927866e+03 2.063903466548072441e+00 3.689290691130427818e-02
4.105362190862862008e+03 2.049660447662011276e+00 3.952734938015204508e-02
4.109467553053726078e+03 2.031926158765304358e+00 3.931317824835880298e-02
4.113577020606780934e+03 2.009368562537139358e+00 3.651521699423330991e-02
4.117690597627389252e+03 1.985709662178042567e+00 3.667142501906708874e-02
4.121808288225018259e+03 1.951625786678469865e+00 3.554465584748527779e-02
4.125930096513244280e+03 1.939960951225053964e+00 3.607890953586412319e-02
4.130056026609759101e+03 1.925706331201431309e+00 3.521857744749454927e-02
4.134186082636369974e+03 1.898329135947395718e+00 3.416250352507702731e-02
4.138320268719007800e+03 1.889551314418330019e+00 3.328505345984363040e-02
4.142458588987728035e+03 1.861053527296732790e+00 3.132626809409013585e-02
4.146601047576717065e+03 1.868620811501130685e+00 2.392759316878373052e-02
4.150747648624294925e+03 1.865048631642925780e+00 2.371527262462439639e-02
4.154898396272920763e+03 1.871354320666761106e+00 2.375190836280847290e-02
4.159053294669195566e+03 1.898178786827761533e+00 2.644939568137697275e-02
4.163212347963865795e+03 1.909822891008303491e+00 2.641571187586172140e-02
4.167375560311830668e+03 1.906972928510609400e+00 2.294405970960138735e-02
4.171542935872143971e+03 1.927419817644518085e+00 2.868862155869612851e-02
4.175714478808017702e+03 1.932006947831810928e+00 2.511765623513366463e-02
4.179890193286827525e+03 1.908472312987807840e+00 2.607671590427384709e-02
4.184070083480115500e+03 1.855881350837445432e+00 4.014820677745938038e-02
4.188254153563597356e+03 1.825275502474944078e+00 3.803756072282529765e-02
4.192442407717161586e+03 1.794839347838040666e+00 4.007368370453034956e-02
4.196634850124880359e+03 1.758968001562134509e+00 3.670626439404190561e-02
4.200831484975006788e+03 1.729599184762794284e+00 3.499497565885792416e-02
4.205032316459983122e+03 1.710662088490289001e+00 3.491490506005451994e-02
4.209237348776444378e+03 1.696470280902221628e+00 3.488502304961480643e-02
4.213446586125221984e+03 1.724555393082997989e+00 3.385116237455552263e-02
4.217660032711349231e+03 1.739034735140459809e+00 3.267729274238660025e-02
4.221877692744061278e+03 1.747633862038147523e+00 3.166247693934759466e-02
4.226099570436806971e+03 1.760773405569077354e+00 3.307995459647459363e-02
4.230325670007245208e+03 1.754819458572503432e+00 3.597269785525283176e-02
4.234555995677254032e+03 1.759155016184988263e+00 3.666994547825805362e-02
4.238790551672932452e+03 1.741909364176423836e+00 3.846294920857164928e-02
4.243029342224606808e+03 1.734988413442415389e+00 3.643882760816202077e-02
4.247272371566832589e+03 1.734990634917711771e+00 3.393427597394219064e-02
4.251519643938400804e+03 1.739948679920937824e+00 3.402878441265574233e-02
4.255771163582340705e+03 1.770551435218947756e+00 3.571848061523189011e-02
4.260026934745924336e+03 1.786017961189022563e+00 3.820822702381587721e-02
4.264286961680671993e+03 1.779151400052175758e+00 3.562361725581680849e-02
4.268551248642354039e+03 1.805378530676467363e+00 3.711580857203673756e-02
4.272819799890998183e+03 1.828690384826448634e+00 3.599526349426771660e-02
4.277092619690890388e+03 1.850697901231286302e+00 3.554145322866583689e-02
4.281369712310583054e+03 1.865897995962724210e+00 3.321014111343128378e-02
4.285651082022895025e+03 1.851522077500871166e+00 3.524691708850855726e-02
4.289936733104918858e+03 1.820588259731493075e+00 3.715452334982084076e-02
4.294226669838025373e+03 1.816575031031994802e+00 3.969705330091403972e-02
4.298520896507864563e+03 1.811165809196451759e+00 3.954303658975788505e-02
4.302819417404373780e+03 1.799646274316434313e+00 3.840318776529864225e-02
4.307122236821779552e+03 1.784276445304063596e+00 3.733123779101724105e-02
4.311429359058603040e+03 1.768696318120661415e+00 3.587380961453058570e-02
4.315740788417662770e+03 1.780665803189887875e+00 3.417307441492201808e-02
4.320056529206081905e+03 1.794593423925582520e+00 3.824681917194117792e-02
4.324376585735290064e+03 1.812517541799153031e+00 3.552448014015534283e-02
4.328700962321026054e+03 1.821772978829909961e+00 3.487621177000607003e-02
4.333029663283348782e+03 1.814006820467928272e+00 3.511401719097272806e-02
4.337362692946633615e+03 1.820615002853315234e+00 3.414189545572824530e-02
4.341700055639581478e+03 1.786786240565602313e+00 3.299230544968004969e-02
4.346041755695222491e+03 1.769067146195167473e+00 3.219218448733109084e-02
4.350387797450919606e+03 1.763509728187373726e+00 3.319891690168354226e-02
4.354738185248371337e+03 1.754925498305075715e+00 3.560690515760411151e-02
4.359092923433621763e+03 1.756551517511879767e+00 3.417806102434620130e-02
4.363452016357056891e+03 1.731057024868301264e+00 3.643844627622803284e-02
4.367815468373414660e+03 1.700218245419910623e+00 3.774865491665549411e-02
4.372183283841789489e+03 1.675307548897391419e+00 3.577727386267739312e-02
4.376555467125633186e+03 1.670062706067942049e+00 3.577585901748223801e-02
4.380932022592760404e+03 1.662327329403020304e+00 3.577063181650065593e-02
4.385312954615354101e+03 1.663912799643906704e+00 3.555159251254369490e-02
4.389698267569970994e+03 1.666705786827820113e+00 3.538812584033917269e-02
4.394087965837542470e+03 1.665687827524926279e+00 3.260580991225357772e-02
4.398482053803381859e+03 1.670269907395423692e+00 3.249543574114900635e-02
4.402880535857186260e+03 1.700908973816451120e+00 3.058583897769803078e-02
4.407283416393044718e+03 1.716446885895051677e+00 2.956305744710229985e-02
4.411690699809440048e+03 1.723098805796151822e+00 2.941559341558488277e-02
4.416102390509250654e+03 1.731549198451507676e+00 2.928822404161817924e-02
4.420518492899761441e+03 1.715899873255124941e+00 2.808303211082426726e-02
4.424939011392662906e+03 1.711383458996309948e+00 2.617651182651996658e-02
4.429363950404056595e+03 1.685304093205966636e+00 2.232681383454629756e-02
4.433793314354462382e+03 1.668955281231197407e+00 2.278680854723339963e-02
4.438227107668818462e+03 1.676308512735170675e+00 2.511571212150335783e-02
4.442665334776488635e+03 1.674314578249048724e+00 2.388640053546936190e-02
4.447108000111265937e+03 1.662805488978442714e+00 2.261270682322064768e-02
4.451555108111379013e+03 1.653130720439855317e+00 2.306776423641516277e-02
4.456006663219492111e+03 1.657686121360338660e+00 2.266254250161912898e-02
4.460462669882713271e+03 1.668475463705567874e+00 2.260566143360626806e-02
4.464923132552597053e+03 1.675151298335255445e+00 2.186267350044777263e-02
4.469388055685150903e+03 1.660301832623805485e+00 2.375409561499358321e-02
4.473857443740837880e+03 1.654844459753430641e+00 2.410140070274526328e-02
4.478331301184580298e+03 1.667732533187355592e+00 2.508335235019183707e-02
4.482809632485766087e+03 1.668493278829659143e+00 2.644934628452600897e-02
4.487292442118253348e+03 1.680353032240371913e+00 2.548172066478673892e-02
4.491779734560373072e+03 1.690819984541144017e+00 2.571256864576372536e-02
4.496271514294934605e+03 1.694352005779244941e+00 2.612773771928663877e-02
4.500767785809231100e+03 1.697528212467667164e+00 2.512900358530211972e-02
4.505268553595042249e+03 1.686740410867235251e+00 2.659468712207380126e-02
4.509773822148638828e+03 1.692021965455618782e+00 2.668799005680304662e-02
4.514283595970789065e+03 1.689091475498881945e+00 2.545052572050121933e-02
4.518797879566761367e+03 1.682234610361188487e+00 2.390171712755400843e-02
4.523316677446328868e+03 1.700784350991734195e+00 2.345933842037512332e-02
4.527839994123776705e+03 1.689327173260635639e+00 2.659107563904664420e-02
4.532367834117902021e+03 1.702521587354288268e+00 2.750624108640931792e-02
4.536900201952022144e+03 1.706526111242860688e+00 2.667576202336712637e-02
4.541437102153975502e+03 1.719622344624131882e+00 2.688760149904946550e-02
4.545978539256130716e+03 1.747032306004757451e+00 2.718954602087555322e-02
4.550524517795388419e+03 1.765651118423695376e+00 2.517637384694000266e-02
4.555075042313184895e+03 1.764744015786080977e+00 2.511096681706987896e-02
4.559630117355500261e+03 1.739176162669447745e+00 3.279371095923663132e-02
4.564189747472856652e+03 1.728166453823351434e+00 3.403788123234453150e-02
4.568753937220330954e+03 1.717974731744882133e+00 3.205822518916609520e-02
4.573322691157552981e+03 1.717490771528963123e+00 3.038825620738225264e-02
4.577896013848711846e+03 1.723990778556659942e+00 3.323530808505471834e-02
4.582473909862562323e+03 1.724207749055007399e+00 3.251653900418529503e-02
4.587056383772426670e+03 1.711895767686502090e+00 3.267304852562941814e-02
4.591643440156200086e+03 1.695070430284753682e+00 3.324838796319984358e-02
4.596235083596357981e+03 1.688772190255590999e+00 3.408673497837042682e-02
4.600831318679955984e+03 1.699664470599012711e+00 3.784736759864611860e-02
4.605432149998637215e+03 1.700148553774275983e+00 3.757268419074743376e-02
4.610037582148637739e+03 1.699160040228409496e+00 3.669693576297133886e-02
4.614647619730787483e+03 1.672846386897077542e+00 3.404028931913651718e-02
4.619262267350520233e+03 1.668418560841070430e+00 3.414239517826437448e-02
4.623881529617872729e+03 1.650439254165200431e+00 3.349140980159171638e-02
4.628505411147491941e+03 1.644770376703340142e+00 3.368197920477982582e-02
4.633133916558640522e+03 1.643242912678876566e+00 3.248641282688521925e-02
4.637767050475200449e+03 1.647927169461619767e+00 3.251026676120313125e-02
4.642404817525677572e+03 1.663601055999316847e+00 3.183263385727555517e-02
4.647047222343205249e+03 1.656173949505683085e+00 3.076399342955178987e-02
4.651694269565549803e+03 1.646205363507861952e+00 3.073095064530561790e-02
4.656345963835116891e+03 1.636505072681214257e+00 3.066495234301409509e-02
4.661002309798953320e+03 1.616020778809542424e+00 3.334394913157186224e-02
4.665663312108753416e+03 1.624362446187150200e+00 3.194300839955541843e-02
4.670328975420864481e+03 1.610970258462747440e+00 3.237151802882718560e-02
4.674999304396286789e+03 1.590160634572723053e+00 3.278898219830574112e-02
4.679674303700684504e+03 1.569147934559025570e+00 3.147170138504361281e-02
4.684353978004386590e+03 1.537372889980122670e+00 2.933427846839115755e-02
4.689038331982392265e+03 1.531234116121364064e+00 2.665773913217750132e-02
4.693727370314376458e+03 1.514846405222725734e+00 2.725186549119679516e-02
4.698421097684692540e+03 1.513714593504496442e+00 2.742224387608385716e-02
4.703119518782378691e+03 1.535390657633891820e+00 3.854658072941544167e-02
4.707822638301162442e+03 1.526527680568980250e+00 3.900198965179284966e-02
4.712530460939465229e+03 1.522459657298731894e+00 3.904056030420827855e-02
4.717242991400406027e+03 1.501819504272158934e+00 4.185619948328743456e-02
4.721960234391808626e+03 1.483387169187850851e+00 3.905806134536878721e-02
4.726682194626201635e+03 1.479713012890187862e+00 3.910830828181240809e-02
4.731408876820829391e+03 1.477996283974938319e+00 3.671746323270325824e-02
4.736140285697651962e+03 1.490273661281323880e+00 3.652238271504078954e-02
4.740876425983350600e+03 1.491286172707940061e+00 3.658431489475761494e-02
4.745617302409335934e+03 1.505373321522132990e+00 3.912248700288421810e-02
4.750362919711747054e+03 1.495842740196312137e+00 3.839469800496258384e-02
4.755113282631459697e+03 1.499323699544046873e+00 3.676514788294473618e-02
4.759868395914093526e+03 1.498287810863287328e+00 3.681000956003899205e-02
4.764628264310008490e+03 1.492257160184472298e+00 3.735372574716593064e-02
4.769392892574320285e+03 1.499124783642389991e+00 3.608753073440327391e-02
4.774162285466896719e+03 1.488651673298586608e+00 3.608961419578367302e-02
4.778936447752364984e+03 1.478633487770886434e+00 3.455135068633923695e-02
4.783715384200118933e+03 1.462338704682430546e+00 3.068003359950112474e-02
4.788499099584319993e+03 1.471366698858194155e+00 3.225148958170067498e-02
4.793287598683906253e+03 1.502824591600601112e+00 2.455577549028338524e-02
4.798080886282591564e+03 1.502352170257357900e+00 2.344962365256940059e-02
4.802878967168876443e+03 1.534335032432224466e+00 2.268806331351635661e-02
4.807681846136046261e+03 1.544779402852370920e+00 2.348839866613490826e-02
4.812489527982183972e+03 1.536646910004914490e+00 2.838603984753831563e-02
4.817302017510168298e+03 1.529203195829058615e+00 2.971823646181698253e-02
4.822119319527679181e+03 1.524375941832216697e+00 2.880256353072302780e-02
4.826941438847208701e+03 1.525731387360870883e+00 2.925169273524585306e-02
4.831768380286057436e+03 1.517372441478933354e+00 2.840580012242400684e-02
4.836600148666345376e+03 1.520479017487912587e+00 2.681869271643853858e-02
4.841436748815013743e+03 1.521594513035264828e+00 2.691976287044221122e-02
4.846278185563829538e+03 1.518873006338124609e+00 2.684858962903366453e-02
4.851124463749395545e+03 1.522584601308825558e+00 2.576704518658132562e-02
4.855975588213146693e+03 1.519251096322668637e+00 2.595659585662677890e-02
4.860831563801360971e+03 1.529249633157349297e+00 2.575380924206869399e-02
4.865692395365163975e+03 1.529835979544219793e+00 2.580206224312502419e-02
4.870558087760530725e+03 1.514771597075384779e+00 2.869721740055452067e-02
4.875428645848292945e+03 1.510464665320081279e+00 2.833450187238172741e-02
4.880304074494142696e+03 1.516585927409019652e+00 3.130469476654683392e-02
4.885184378568638749e+03 1.490489227370617176e+00 3.437354658696719495e-02
4.890069562947209306e+03 1.458349067371776941e+00 3.784526073330192475e-02
4.894959632510157462e+03 1.469575220352823619e+00 3.674356849391074292e-02
4.899854592142669389e+03 1.497768760584569980e+00 3.938563792049473017e-02
4.904754446734813428e+03 1.509303575583648804e+00 3.969877000485960011e-02
4.909659201181550088e+03 1.518128124469567686e+00 4.008300276085949992e-02
4.914568860382732964e+03 1.524169288403235623e+00 3.937092140482759822e-02
4.919483429243117826e+03 1.521084000579205231e+00 3.941890060764883380e-02
4.924402912672362618e+03 1.514452442796844656e+00 3.973702052392262540e-02
4.929327315585036558e+03 1.496796827380180384e+00 4.104441123060907637e-02
4.934256642900622865e+03 1.500908491934323630e+00 4.198769950103662524e-02
4.939190899543525120e+03 1.490800025300646592e+00 4.222143764300337332e-02
4.944130090443070912e+03 1.461747105195312590e+00 4.235756280237019250e-02
4.949074220533515472e+03 1.421657876424865075e+00 4.419359369237820662e-02
4.954023294754050767e+03 1.418853068931029249e+00 4.607068544399765819e-02
4.958977318048806410e+03 1.409928388921208864e+00 4.648819868601688360e-02
4.963936295366856939e+03 1.390661205421237723e+00 4.600154789364230279e-02
4.968900231662225451e+03 1.403783711399705592e+00 4.211835033158844999e-02
4.973869131893889062e+03 1.422599367429180139e+00 3.658287328259036963e-02
4.978843001025784361e+03 1.413829525988483882e+00 3.485798095681767739e-02
4.983821844026811959e+03 1.385866951969259464e+00 3.053675048861945532e-02
4.988805665870840130e+03 1.370726961912309916e+00 3.038278600769500626e-02
4.993794471536712990e+03 1.371769578944006307e+00 2.976620735562391859e-02
4.998788266008251412e+03 1.364545586690325996e+00 3.051335386418524073e-02
5.003787054274261209e+03 1.367970522229023267e+00 3.068267163753375659e-02
5.008790841328536771e+03 1.369513840376556768e+00 3.075555737007801271e-02
5.013799632169867436e+03 1.363508103569388563e+00 3.013238320487084815e-02
5.018813431802038394e+03 1.357354204947860188e+00 3.005386428859930376e-02
5.023832245233842514e+03 1.335676538851448658e+00 3.173098530988597427e-02
5.028856077479077612e+03 1.353642689440483826e+00 2.932782051888902300e-02
5.033884933556558281e+03 1.378766005925782467e+00 3.202305704119765700e-02
5.038918818490116792e+03 1.379983834597998227e+00 3.271974638238673433e-02
5.043957737308608557e+03 1.358415535883154224e+00 3.180898954380177029e-02
5.049001695045918495e+03 1.352164387793049816e+00 2.809638449081385686e-02
5.054050696740966487e+03 1.335994689482856712e+00 2.850845969003106689e-02
5.059104747437709193e+03 1.281753908050419444e+00 3.230020620859620772e-02
5.064163852185148244e+03 1.255851394889927031e+00 3.224608694626668326e-02
5.069228016037335692e+03 1.241722458234219895e+00 3.246804182119046589e-02
5.074297244053374015e+03 1.231886661091097013e+00 3.256952900380796073e-02
5.079371541297429758e+03 1.222888458673938583e+00 3.230286824421987890e-02
5.084450912838728073e+03 1.217342770011532904e+00 3.231326778012123119e-02
5.089535363751569093e+03 1.227479416719052585e+00 3.268465016009972079e-02
5.094624899115322478e+03 1.235598694474184134e+00 3.303821415951969237e-02
5.099719524014439230e+03 1.250474577874478355e+00 3.178148648906120588e-02
5.104819243538455339e+03 1.277782709410515194e+00 3.071571927220484791e-02
5.109924062781995417e+03 1.297282652536247749e+00 3.010233777259443966e-02
5.115033986844779065e+03 1.308059617135880037e+00 3.007300834200335449e-02
5.120149020831625421e+03 1.299387653539152643e+00 2.398893838747193433e-02
5.125269169852458617e+03 1.301826021089115715e+00 2.550819260621923698e-02
5.130394439022313236e+03 1.298195675177503006e+00 2.525618357780549245e-02
5.135524833461337039e+03 1.292892481422229123e+00 2.530308600193272375e-02
5.140660358294800062e+03 1.284887186244920931e+00 2.535475876017108735e-02
5.145801018653096435e+03 1.275011059533107449e+00 2.608794236081128995e-02
5.150946819671751655e+03 1.270275127587322750e+00 2.495739332878441075e-02
5.156097766491425318e+03 1.256794920729052745e+00 1.852254117010761203e-02
5.161253864257918394e+03 1.256580265927852214e+00 1.982945581857529713e-02
5.166415118122177773e+03 1.266157976447026101e+00 1.988308135699104820e-02
5.171581533240301724e+03 1.285263398197861617e+00 2.221058489543911371e-02
5.176753114773543530e+03 1.299868358623087694e+00 2.133921198581915230e-02
5.181929867888318768e+03 1.297685181519554920e+00 2.466046870729072735e-02
5.187111797756208944e+03 1.316974382141181898e+00 2.358334760303790190e-02
5.192298909553966951e+03 1.325474916473334597e+00 2.389629501656002908e-02
5.197491208463522526e+03 1.327251880595130329e+00 2.265494767542348617e-02
5.202688699671987706e+03 1.334864775247579738e+00 2.323780481367559644e-02
5.207891388371661378e+03 1.307022611943846391e+00 2.976952307327305688e-02
5.213099279760034733e+03 1.315799704920452173e+00 3.429136171799275490e-02
5.218312379039796724e+03 1.313420699714137774e+00 3.414667703627211059e-02
5.223530691418837705e+03 1.311091792230606456e+00 3.252686480551662124e-02
5.228754222110258524e+03 1.289794606725733539e+00 3.266877881824328117e-02
5.233982976332370527e+03 1.284492091316846718e+00 3.232576619644412369e-02
5.239216959308704645e+03 1.279672568085101325e+00 3.227761443833671029e-02
5.244456176268015042e+03 1.270382733180773327e+00 3.188594624898175717e-02
5.249700632444284565e+03 1.260513899792891301e+00 3.174327952986080725e-02
5.254950333076731113e+03 1.264747461350159474e+00 3.375214279586465083e-02
5.260205283409809454e+03 1.258067058133748750e+00 3.663544959631046677e-02
5.265465488693221232e+03 1.273307183697032885e+00 3.787898718115727259e-02
5.270730954181915877e+03 1.295935975042000976e+00 3.639678404475884393e-02
5.276001685136099695e+03 1.302840167652501435e+00 3.625049558917310677e-02
5.281277686821237694e+03 1.295049256751799938e+00 3.577657442291149598e-02
5.286558964508059944e+03 1.283345179214004927e+00 3.636886349822024411e-02
5.291845523472569766e+03 1.281102368114458212e+00 3.603859442134264846e-02
5.297137368996044643e+03 1.288489119609473876e+00 3.637915571404796294e-02
5.302434506365042580e+03 1.281999842555664681e+00 3.634049706144878988e-02
5.307736940871409388e+03 1.254890148784791437e+00 2.882667654862288223e-02
5.313044677812282316e+03 1.266588384466999839e+00 2.521083899669817469e-02
5.318357722490096421e+03 1.261679962168101188e+00 2.501103370749640023e-02
5.323676080212588204e+03 1.273359254739759638e+00 2.496603997231820055e-02
5.328999756292802886e+03 1.264365657498337958e+00 2.651951185214037124e-02
5.334328756049097137e+03 1.264459008699014397e+00 2.763364106063145517e-02
5.339663084805148173e+03 1.261637785423299407e+00 2.762873428667066839e-02
5.345002747889954662e+03 1.258597840795444789e+00 2.626542029227907707e-02
5.350347750637846730e+03 1.240325413678023736e+00 2.738564137248651956e-02
5.355698098388485960e+03 1.246298847438412905e+00 2.773163125609958216e-02
5.361053796486876308e+03 1.228260279775443387e+00 2.322440582045606425e-02
5.366414850283365013e+03 1.228543601785559547e+00 2.195606442852329060e-02
5.371781265133649867e+03 1.233365161929319331e+00 2.200328063321630237e-02
5.377153046398785591e+03 1.229827363439843557e+00 2.248113202620632620e-02
5.382530199445186554e+03 1.233101733738403372e+00 2.243437933408815033e-02
5.387912729644633146e+03 1.231746349510769223e+00 2.264521004222439654e-02
5.393300642374279960e+03 1.213122091134729130e+00 2.094890987741311605e-02
5.398693943016655794e+03 1.221103646806492415e+00 2.117531005921343551e-02
5.404092636959673655e+03 1.220570931409830306e+00 2.108112871190622253e-02
5.409496729596635305e+03 1.221113161244513412e+00 2.188534333150101222e-02
5.414906226326233991e+03 1.215137874853317923e+00 2.192942664531507407e-02
5.420321132552561721e+03 1.202080857106358147e+00 2.498375983426429428e-02
5.425741453685116539e+03 1.210948832875694547e+00 2.507936501526963555e-02
5.431167195138803436e+03 1.202755092958390559e+00 2.381291504456186855e-02
5.436598362333943442e+03 1.202609436752455130e+00 2.275367024906441854e-02
5.442034960696279086e+03 1.193788812799047028e+00 2.364725139425716272e-02
5.447476995656978033e+03 1.190895270704424691e+00 2.369639725592865079e-02
5.452924472652636723e+03 1.180906197544784986e+00 2.330256799120607875e-02
5.458377397125291282e+03 1.184302234266271903e+00 2.222596035096312261e-02
5.463835774522417523e+03 1.182808128521255053e+00 2.210088723553177079e-02
5.469299610296941864e+03 1.187339527574902354e+00 2.387060958742355868e-02
5.474768909907241323e+03 1.187696597163768297e+00 2.317359642141738132e-02
5.480243678817149885e+03 1.183310611096052289e+00 2.287380415756967364e-02
5.485723922495968509e+03 1.170290138825584414e+00 2.475112552438110680e-02
5.491209646418466946e+03 1.159833032438273515e+00 2.565317687930662727e-02
5.496700856064887375e+03 1.145645546604440401e+00 2.352142701520328061e-02
5.502197556920953502e+03 1.131704112232057247e+00 2.517845529925153911e-02
5.507699754477876013e+03 1.134471075728002765e+00 2.515238323093946585e-02
5.513207454232356213e+03 1.147081729354529456e+00 2.541744693235623020e-02
5.518720661686590574e+03 1.166706451225236529e+00 3.557743478453264524e-02
5.524239382348278923e+03 1.158247174016912462e+00 3.699507781465671830e-02
5.529763621730628984e+03 1.164208053933290854e+00 3.487179614568541863e-02
5.535293385352360929e+03 1.166443305498910066e+00 3.419924864991938374e-02
5.540828678737715563e+03 1.162112268843085161e+00 3.410650761122680646e-02
5.546369507416455235e+03 1.143065866139711284e+00 3.681088161982058737e-02
5.551915876923872929e+03 1.126911819468223053e+00 3.686309849247338538e-02
5.557467792800798634e+03 1.110032270264001308e+00 3.455888051863161697e-02
5.563025260593602070e+03 1.095263683768168850e+00 3.335432899620966590e-02
5.568588285854197238e+03 1.087107123050233604e+00 3.335981354341931160e-02
5.574156874140053333e+03 1.094015237015487418e+00 3.442333092269182770e-02
5.579731031014194741e+03 1.090008335426560393e+00 3.444532433640185715e-02
5.585310762045211050e+03 1.095022560940978051e+00 3.384972395011688617e-02
5.590896072807257951e+03 1.104940735836821730e+00 3.260701470649553235e-02
5.596486968880067252e+03 1.108930997170975763e+00 3.149960534838257969e-02
5.602083455848949598e+03 1.094733062894728937e+00 3.269419702646468584e-02
5.607685539304799931e+03 1.064935579737851246e+00 3.127061959066978342e-02
5.613293224844106589e+03 1.049309746809143018e+00 3.090959216595026704e-02
5.618906518068952209e+03 1.038263514679163002e+00 3.112269393555255198e-02
5.624525424587023736e+03 1.041651279840732025e+00 2.851184283738218694e-02
5.630149950011612418e+03 1.013004777256986566e+00 2.519652480307293593e-02
5.635780099961625638e+03 1.015776849554531180e+00 2.428044709781996408e-02
5.641415880061589633e+03 1.015509249312872786e+00 2.361851556386714013e-02
5.647057295941652228e+03 1.010122284246971480e+00 2.441488812977261197e-02
5.652704353237596479e+03 1.009238631658007312e+00 2.441228636069913902e-02
5.658357057590835211e+03 1.008427488890761614e+00 2.455768249593442282e-02
5.664015414648428305e+03 1.009561034969860716e+00 2.359546171473570972e-02
5.669679430063079053e+03 1.010315482579139612e+00 2.335245762761204921e-02
5.675349109493143260e+03 1.020778524906718276e+00 2.539552872740793305e-02
5.681024458602638333e+03 1.029026011178526101e+00 2.500938127548768194e-02
5.686705483061243285e+03 1.030711567824459607e+00 2.511189455036728219e-02
5.692392188544306009e+03 1.027831969086840491e+00 2.515818440770793349e-02
5.698084580732852373e+03 1.025551882406560589e+00 2.411416553844883057e-02
5.703782665313587131e+03 1.020594333352671246e+00 2.414780252849248535e-02
5.709486447978903016e+03 1.011630208773339978e+00 2.268224897840930010e-02
5.715195934426883468e+03 9.963884730602063922e-01 2.240025598516921790e-02
5.720911130361312644e+03 9.941598329431566849e-01 2.233866575847263253e-02
5.726632041491675409e+03 9.956679819652046737e-01 2.382827355213708656e-02
5.732358673533169167e+03 9.843589841080517822e-01 2.324347681705445090e-02
5.738091032206703858e+03 9.657559418918532090e-01 2.028800225721282338e-02
5.743829123238912871e+03 9.724234195839872585e-01 1.754633011844959969e-02
5.749572952362153046e+03 9.776341504808582217e-01 1.857622706345976593e-02
5.755322525314517407e+03 9.752042512546026387e-01 1.882842666028568951e-02
5.761077847839834249e+03 9.786561875989482351e-01 1.655615525622752826e-02
5.766838925687675328e+03 9.564772863958236337e-01 1.891340676653373298e-02
5.772605764613364954e+03 9.424240089204626303e-01 1.874230927225254556e-02
5.778378370377980900e+03 9.167604872164674124e-01 2.034497639507573674e-02
5.784156748748360769e+03 9.067704708307902095e-01 2.031315078508129021e-02
5.789940905497111089e+03 8.964694276129125949e-01 1.921383752553730215e-02
5.795730846402610041e+03 9.018954075921812308e-01 2.013312028146219471e-02
5.801526577249013826e+03 8.916431561595288269e-01 2.228568197686469493e-02
5.807328103826264851e+03 9.019180326339054643e-01 2.251986965579095765e-02
5.813135431930093546e+03 9.222640814740881154e-01 2.404535661105776032e-02
5.818948567362025642e+03 9.429403438246182212e-01 2.372204514583855714e-02
5.824767515929389447e+03 9.630643959038754920e-01 2.510591793218436979e-02
5.830592283445320390e+03 9.760439121739945545e-01 2.383893915042489473e-02
5.836422875728768304e+03 9.889898606836688977e-01 2.205764027811141226e-02
5.842259298604498326e+03 9.920314490981563260e-01 2.237368798426369113e-02
5.848101557903105459e+03 9.786661318950904409e-01 2.119245639576982851e-02
5.853949659461010015e+03 9.683355624571421405e-01 2.066963927187718056e-02
5.859803609120473084e+03 9.554207294248195925e-01 2.109598256187052157e-02
5.865663412729595620e+03 9.467971915559783014e-01 2.112041826383162513e-02
5.871529076142326630e+03 9.388023171284031188e-01 2.200979150662579070e-02
5.877400605218471355e+03 9.248159216723531584e-01 2.132038660431079952e-02
5.883278005823691274e+03 9.255114648382143372e-01 2.120638577674170688e-02
5.889161283829516833e+03 9.357058524709294112e-01 2.342517113437925236e-02
5.895050445113348360e+03 9.501706188705854039e-01 2.364222018913442538e-02
5.900945495558464245e+03 9.629474895275318413e-01 2.338746043438620636e-02
5.906846441054024581e+03 9.683496021339939031e-01 2.276181322535407447e-02
5.912753287495080258e+03 9.578316741735000139e-01 2.011200701013413084e-02
5.918666040782577511e+03 9.494165988894378572e-01 2.023920618223022660e-02
5.924584706823361557e+03 9.351229033298741333e-01 2.199258847635156972e-02
5.930509291530187511e+03 9.325125744177570342e-01 2.145780385244403995e-02
5.936439800821719473e+03 9.248025518394611399e-01 2.248328387849117885e-02
5.942376240622543264e+03 9.108417675190977336e-01 2.091288847637397946e-02
5.948318616863167335e+03 8.917790518966888236e-01 2.160453882407974147e-02
5.954266935480032771e+03 8.939355953197687388e-01 2.234176633072361071e-02
5.960221202415515108e+03 9.060028259466542666e-01 2.528765140425182772e-02
5.966181423617932523e+03 9.160262311386340173e-01 2.480122541310665618e-02
5.972147605041552197e+03 9.180737481047891446e-01 2.514502537684006056e-02
5.978119752646595771e+03 9.315252598377300464e-01 2.470232960750791407e-02
5.984097872399243897e+03 9.254170378141302056e-01 2.415230165021668013e-02
5.990081970271645332e+03 9.316243439681162197e-01 2.406023199694884429e-02
5.996072052241918755e+03 9.225675032764076855e-01 2.309489974280752936e-02
6.002068124294162772e+03 9.307133741809779925e-01 2.300685613565504883e-02
6.008070192418459555e+03 9.261333950187982111e-01 2.478706398302772673e-02
6.014078262610879392e+03 9.167544124644324555e-01 2.539338649225020977e-02
6.020092340873492503e+03 9.127056860895287338e-01 2.551611994593462954e-02
6.026112433214368139e+03 8.961708574104374492e-01 2.989143301627191981e-02
6.032138545647584579e+03 8.949687215247813521e-01 2.987326006193442157e-02
6.038170684193233683e+03 8.876892303602244017e-01 2.966694004969231205e-02
6.044208854877429076e+03 8.878778460388566662e-01 2.918839238555380813e-02
6.050253063732308874e+03 8.883686052419621504e-01 3.015837069344507598e-02
6.056303316796042964e+03 8.749621138499033002e-01 3.006587991486878511e-02
6.062359620112841185e+03 8.553009501764735623e-01 2.917029213105758190e-02
6.068421979732956061e+03 8.653678408069567229e-01 2.930703810883761307e-02
6.074490401712690982e+03 8.767656631307836346e-01 2.816723150047038479e-02
6.080564892114405666e+03 8.584284556869288263e-01 2.935679941797771086e-02
6.086645457006521610e+03 8.456201392670549266e-01 3.045630740420231242e-02
6.092732102463530282e+03 8.488288072869463186e-01 3.049720700995999650e-02
6.098824834565995843e+03 8.484228726297504686e-01 3.040828107236436678e-02
6.104923659400564247e+03 8.511320614040432941e-01 3.051585237844852902e-02
6.111028583059966877e+03 8.600781730191098262e-01 3.011219985786060468e-02
6.117139611643028729e+03 8.620422998267563974e-01 2.958130500272445826e-02
6.123256751254673873e+03 8.491364647253933917e-01 3.053776716415393389e-02
6.129380008005929994e+03 8.572489331396282441e-01 2.900145932391937076e-02
6.135509388013938405e+03 8.455913857401777811e-01 3.033948454884419221e-02
6.141644897401954040e+03 8.236847507906165378e-01 2.609131662085702186e-02
6.147786542299358189e+03 8.197171742093456448e-01 2.649113662377698686e-02
6.153934328841659408e+03 8.144319745899383234e-01 2.543425605773165163e-02
6.160088263170503524e+03 8.170620226483111814e-01 2.611549849168624468e-02
6.166248351433675452e+03 8.254797820280376230e-01 2.694154943080156323e-02
6.172414599785111022e+03 8.242189693083457058e-01 2.589057276827188767e-02
6.178587014384898794e+03 8.049919207917300978e-01 2.716272700413800353e-02
6.184765601399285515e+03 8.064759318974031865e-01 2.518815566195915442e-02
6.190950367000687038e+03 8.122934367199158290e-01 2.469302846064168680e-02
6.197141317367689226e+03 8.103789167900503632e-01 2.351690414957481601e-02
6.203338458685059777e+03 7.948715997096651442e-01 2.050000206972824382e-02
6.209541797143746408e+03 8.002751800586563879e-01 2.137917641136770699e-02
6.215751338940892310e+03 8.081397502187099846e-01 2.074738766363672798e-02
6.221967090279835247e+03 8.136736344930842746e-01 2.098097982109996262e-02
6.228189057370116643e+03 8.222540178444512904e-01 2.057236181157372223e-02
6.234417246427488863e+03 8.176132893285528169e-01 2.189114275941064433e-02
6.240651663673918847e+03 8.127170187918626443e-01 2.120263668817585351e-02
6.246892315337594482e+03 8.136516255967920497e-01 2.191820673642598180e-02
6.253139207652934601e+03 8.205342766736536397e-01 1.958585039829006946e-02
6.259392346860589896e+03 8.265380086612504895e-01 2.187992882530112593e-02
6.265651739207452010e+03 8.236244340452499868e-01 2.221062929696658583e-02
6.271917390946661726e+03 8.221860963127434196e-01 2.172212654211428187e-02
6.278189308337610782e+03 8.323746451221943898e-01 2.277381912092213065e-02
6.284467497645950061e+03 8.318573554539557824e-01 2.117920283544718826e-02
6.290751965143597772e+03 8.368609104066228044e-01 2.165140090452576799e-02
6.297042717108744000e+03 8.272826459828398482e-01 2.156845771645081108e-02
6.303339759825854344e+03 8.119759050058712457e-01 2.068194137615942882e-02
6.309643099585682648e+03 8.054305253928912833e-01 2.158005765280565647e-02
6.315952742685270096e+03 7.902660428176918606e-01 2.190865987649890517e-02
6.322268695427957937e+03 7.564879273264255577e-01 2.333816692752709379e-02
6.328590964123387494e+03 7.396380735236744997e-01 2.347875191409096521e-02
6.334919555087512890e+03 7.248695179094081231e-01 2.400206611363941284e-02
6.341254474642602872e+03 7.306706970969887305e-01 2.562869526996284369e-02
6.347595729117247174e+03 7.428117308818057429e-01 2.721868689803078403e-02
6.353943324846366522e+03 7.292333398595839400e-01 2.810435158071294265e-02
6.360297268171215364e+03 7.189407314023097406e-01 3.010691175613366272e-02
6.366657565439388236e+03 7.320890026593552813e-01 3.584636103139145907e-02
6.373024223004829764e+03 7.389367862307708590e-01 3.465947602150483420e-02
6.379397247227837397e+03 7.486734573670601467e-01 3.420955528230476550e-02
6.385776644475066860e+03 7.338649465441167141e-01 3.395929936040284480e-02
6.392162421119543978e+03 7.465014843279502710e-01 3.386655548994943477e-02
6.398554583540665590e+03 7.614656590089966537e-01 3.511795427019813454e-02
6.404953138124208635e+03 7.545110748793605326e-01 3.294919559720685398e-02
6.411358091262334710e+03 7.524841049381262303e-01 3.419712714107821239e-02
6.417769449353599157e+03 7.474206639901610494e-01 3.471801908502261669e-02
6.424187218802954703e+03 7.288662520535971190e-01 3.473536077899611746e-02
6.430611406021760558e+03 7.343296586245964264e-01 3.486193019558650463e-02
6.437042017427784231e+03 7.323629557726364370e-01 3.488970857028869665e-02
6.443479059445214261e+03 7.137298908879744497e-01 3.471226118177621334e-02
6.449922538504661134e+03 7.135890981257827503e-01 3.622992185593541803e-02
6.456372461043168187e+03 7.128056628557530860e-01 3.569115639671321255e-02
6.462828833504213435e+03 7.387809758811859639e-01 3.501302825932895574e-02
6.469291662337719572e+03 7.571274400332784760e-01 3.353606459167037673e-02
6.475760954000059428e+03 7.583972057946072320e-01 3.439159341573339024e-02
6.482236714954061426e+03 7.646941432900064006e-01 3.300636581342523274e-02
6.488718951669017770e+03 7.871213292000782680e-01 2.669381552499648300e-02
6.495207670620688987e+03 7.872868272961912606e-01 2.641054930332910333e-02
6.501702878291312118e+03 7.992409489400987832e-01 2.586564066405529563e-02
6.508204581169605262e+03 7.913466998816884868e-01 2.518159660313264853e-02
6.514712785750777584e+03 7.825430777482165201e-01 2.442315732779708898e-02
6.521227498536530220e+03 7.816285696041885833e-01 2.408962427711737811e-02
6.527748726035069012e+03 7.770278804284126428e-01 2.370320011687128414e-02
6.534276474761106329e+03 7.830752882262559389e-01 2.482239013024319096e-02
6.540810751235869247e+03 7.834842818794072183e-01 2.389039319572180617e-02
6.547351561987107743e+03 7.847050760717816376e-01 2.293792442521838323e-02
6.553898913549096505e+03 7.921269965097420540e-01 2.367566522708853746e-02
6.560452812462647671e+03 7.970739510944947481e-01 2.403466190644014400e-02
6.567013265275112644e+03 7.852793464131996304e-01 2.189570845922834269e-02
6.573580278540390282e+03 7.918302634212281976e-01 2.182279609772872636e-02
6.580153858818932349e+03 7.830998489364404680e-01 2.071458039806601398e-02
6.586734012677753526e+03 7.849449786583317934e-01 2.071243592283370655e-02
6.593320746690433225e+03 7.828446018274263229e-01 2.015607849935287244e-02
6.599914067437126505e+03 7.613446511825603391e-01 2.359847545093344059e-02
6.606513981504565891e+03 7.514099764926019942e-01 2.361300523830081599e-02
6.613120495486072286e+03 7.318908802928674184e-01 2.179318978089178974e-02
6.619733615981560433e+03 7.358872579174599027e-01 2.285511889889503198e-02
6.626353349597544366e+03 7.423822146458263216e-01 2.257386011999209033e-02
6.632979702947143778e+03 7.461126052176745294e-01 2.278881532372693808e-02
6.639612682650093120e+03 7.569009866848888102e-01 2.284164658082018726e-02
6.646252295332745234e+03 7.790590823703469336e-01 2.635004376462389553e-02
6.652898547628080451e+03 8.111691959940663388e-01 2.535288105018196347e-02
6.659551446175711135e+03 8.268275700942527839e-01 2.585876727883253817e-02
6.666210997621888964e+03 7.985309011149491765e-01 2.832048501352179073e-02
6.672877208619513112e+03 7.836276834936937163e-01 3.160312003270169395e-02
6.679550085828134797e+03 7.737008120028205926e-01 3.230711805055069830e-02
6.686229635913964557e+03 7.555616390127635196e-01 3.101806107034756760e-02
6.692915865549881346e+03 7.146724347765044394e-01 3.152256477701435855e-02
6.699608781415433441e+03 6.908231055041655910e-01 3.105978646134320911e-02
6.706308390196851178e+03 6.826086229658619997e-01 3.185338763838137938e-02
6.713014698587049679e+03 6.862841656888123421e-01 3.424590847387435494e-02
6.719727713285638856e+03 6.744383591141585033e-01 3.285077044430476101e-02
6.726447440998927050e+03 6.560834855549094735e-01 3.412505885367069641e-02
6.733173888439928305e+03 6.508441153672972490e-01 3.355797062533114050e-02
6.739907062328370557e+03 6.383223563149963420e-01 3.233227004623995954e-02
6.746646969390701088e+03 6.416034940446675439e-01 3.193651007763165933e-02
6.753393616360093802e+03 6.145025750361932104e-01 3.244211287488988488e-02
6.760147009976456502e+03 5.993371023884367377e-01 3.038150599147015907e-02
6.766907156986434529e+03 5.875020132974391185e-01 3.064709560080123435e-02
6.773674064143423493e+03 5.982749411598964340e-01 2.934980246169311899e-02
6.780447738207569273e+03 6.033541924166950787e-01 2.949991887645500924e-02
6.787228185945778932e+03 6.374091488682140927e-01 3.092204553178841756e-02
6.794015414131727084e+03 6.377404458889147643e-01 3.033457570868110589e-02
6.800809429545861349e+03 6.457500927272640245e-01 3.142565012277265951e-02
6.807610238975408720e+03 6.613162824897091951e-01 2.725964680330645457e-02
6.814417849214386479e+03 6.747652429565622612e-01 2.757159905079705278e-02
6.821232267063603103e+03 6.667681429918461689e-01 2.577606105210773074e-02
6.828053499330669183e+03 6.610494234985765383e-01 2.575084987748792881e-02
6.834881552830001965e+03 6.614273698145275437e-01 2.596170716356503358e-02
6.841716434382834450e+03 6.661464920882814722e-01 2.560918817181897372e-02
6.848558150817219939e+03 6.530344768466650462e-01 2.382043541706801298e-02
6.855406708968039311e+03 6.516893556183511738e-01 2.386827619338618978e-02
6.862262115677009206e+03 6.442190640143389269e-01 2.378267755555644666e-02
6.869124377792688392e+03 6.438197973815783515e-01 2.376039345583154036e-02
6.875993502170483225e+03 6.259271817030430674e-01 2.758497599606714312e-02
6.882869495672656740e+03 6.039257425967085036e-01 2.682835564074288401e-02
6.889752365168331380e+03 5.945241609104600089e-01 2.695898915164644111e-02
6.896642117533501732e+03 5.946361590854885026e-01 2.721226908017524565e-02
6.903538759651037253e+03 5.981297314478443150e-01 2.813894880795624748e-02
6.910442298410691365e+03 6.111814717520217544e-01 2.960159549622546488e-02
6.917352740709104182e+03 6.350015670579429727e-01 3.269165665476855137e-02
6.924270093449815249e+03 6.668010848304464222e-01 2.897748346189544036e-02
6.931194363543267173e+03 6.788810722602345304e-01 2.926815150648480815e-02
6.938125557906812901e+03 6.650214909806513308e-01 2.921397262373291379e-02
6.945063683464722089e+03 6.686922751118062891e-01 2.886337236631966383e-02
6.952008747148189286e+03 6.562547102048080783e-01 2.833657161948935355e-02
6.958960755895339389e+03 6.276181403884217858e-01 2.980125101727508150e-02
6.965919716651237650e+03 5.953832261307269169e-01 2.986257438082628654e-02
6.972885636367890584e+03 5.661345279032883315e-01 2.965174949703942506e-02
6.979858522004260521e+03 5.204528444963841816e-01 2.913410581100949609e-02
6.986838380526267429e+03 5.153356657327039514e-01 3.155855342955053017e-02
6.993825218906796181e+03 4.960171127829118842e-01 3.530819630401041409e-02
7.000819044125705659e+03 5.278160610118857177e-01 3.476464785780118000e-02
7.007819863169833297e+03 5.464791311997860834e-01 3.481128294163818304e-02
7.014827683033005087e+03 5.593120954698109770e-01 3.432612715578094859e-02
7.021842510716041033e+03 5.826527085387929183e-01 3.323534747791460214e-02
7.028864353226758794e+03 5.924833066477283028e-01 3.344477279879623510e-02
7.035893217579988232e+03 5.981533755206021041e-01 3.346826325028058602e-02
7.042929110797570502e+03 5.922753264311663157e-01 3.158521827307800289e-02
7.049972039908370789e+03 5.914213788148000583e-01 3.097462037261411449e-02
7.057022011948281033e+03 5.940417173543699469e-01 3.109430879519243379e-02
7.064079033960231754e+03 5.910933606278638841e-01 3.048912293592815834e-02
7.071143112994193871e+03 5.824989313559484350e-01 2.973189253274327593e-02
7.078214256107190522e+03 5.688081763593986206e-01 2.917600876093059611e-02
7.085292470363300708e+03 5.744245166146226822e-01 2.937437454915962573e-02
7.092377762833665656e+03 5.824871145498453640e-01 2.837997990853281804e-02
7.099470140596501551e+03 5.908792534340130409e-01 2.864308721280010850e-02
7.106569610737100447e+03 6.073801737682360535e-01 3.117954803853281720e-02
7.113676180347840273e+03 5.973551590847325787e-01 3.213107123539842708e-02
7.120789856528190285e+03 5.797681570205925894e-01 3.266873274436091212e-02
7.127910646384721076e+03 5.549780813542425362e-01 2.665026032558591787e-02
7.135038557031108212e+03 5.580669282798268460e-01 2.543880844694150836e-02
7.142173595588141325e+03 5.522103828595809061e-01 2.848077185761872451e-02
7.149315769183732300e+03 5.506987665539448962e-01 2.827624043091854847e-02
7.156465084952918005e+03 5.574616880594281954e-01 2.868669083400829725e-02
7.163621550037873021e+03 5.750436125328765025e-01 2.909799080208584632e-02
7.170785171587913283e+03 5.871237555305305333e-01 3.012399560977798915e-02
7.177955956759504261e+03 5.946890016975668880e-01 3.032576933690363241e-02
7.185133912716265513e+03 6.065240281974041414e-01 2.977496453382859343e-02
7.192319046628984324e+03 6.332913116457665748e-01 3.096021629673692543e-02
7.199511365675615707e+03 6.299120865606779862e-01 3.096507940446203630e-02
7.206710877041294225e+03 6.330234017773040955e-01 3.194937208915728938e-02
7.213917587918337631e+03 6.133374432639134843e-01 3.034388901457901744e-02
7.221131505506257781e+03 5.899445945191676977e-01 3.169607354620593287e-02
7.228352637011767001e+03 5.563443854207235084e-01 3.393394514714834914e-02
7.235580989648780815e+03 5.662362063005472734e-01 4.186476609233084206e-02
7.242816570638432495e+03 5.625305401229488966e-01 3.886320150918023270e-02
7.250059387209073066e+03 5.460732352209658469e-01 3.995457233960484494e-02
7.257309446596284033e+03 5.535052907780451115e-01 4.094892159746840038e-02
7.264566756042882844e+03 5.450324010697681354e-01 4.124736474738512071e-02
7.271831322798928340e+03 5.488090570018778758e-01 4.185053062639498139e-02
7.279103154121729858e+03 5.576460015437648687e-01 4.155021630523011295e-02
7.286382257275853590e+03 5.506961529907488107e-01 4.023341473781976568e-02
7.293668639533132591e+03 5.551050128135317507e-01 4.107949857153996021e-02
7.300962308172667690e+03 5.660528990797571991e-01 3.980138598238142783e-02
7.308263270480842948e+03 5.662282842959408535e-01 4.071184157813565602e-02
7.315571533751325660e+03 5.205261107900651663e-01 4.403703630418553949e-02
7.322887105285079997e+03 5.018194160554354522e-01 4.459911289350196317e-02
7.330209992390367006e+03 5.068442292724347764e-01 4.534400264584255436e-02
7.337540202382760071e+03 4.831336832683242322e-01 4.424998498930512308e-02
7.344877742585144915e+03 4.887209691575856163e-01 4.451493619903211518e-02
7.352222620327733239e+03 4.805989431701305770e-01 4.629135582548277172e-02
7.359574842948062724e+03 4.912077512756540809e-01 4.762629142716596348e-02
7.366934417791013402e+03 4.983936116752679113e-01 4.791492727088152853e-02
7.374301352208806748e+03 5.191355806198352241e-01 3.916176985904036567e-02
7.381675653561018407e+03 5.181474462518288471e-01 3.724820380091301703e-02
7.389057329214581841e+03 5.293803253569087097e-01 4.227848042457759553e-02
7.396446386543798326e+03 5.465153977689302112e-01 4.121581378480079078e-02
7.403842832930345139e+03 5.494379341257917826e-01 4.134233401300314165e-02
7.411246675763277381e+03 5.441792633332730444e-01 3.959137118176959957e-02
7.418657922439043432e+03 5.353771047067115152e-01 4.056970643657312886e-02
7.426076580361484957e+03 5.363700620767465344e-01 4.073769792764522085e-02
7.433502656941848727e+03 5.531784692625140165e-01 4.293997541726134182e-02
7.440936159598792983e+03 5.580030264341064861e-01 4.151045296135783685e-02
7.448377095758394717e+03 5.774106933164973032e-01 4.103046965883380692e-02
7.455825472854155123e+03 5.514791791831208378e-01 4.035566983829549231e-02
7.463281298327012337e+03 5.410468914127649631e-01 4.022024646455288344e-02
7.470744579625341430e+03 5.401726797333629149e-01 3.838248177657419685e-02
7.478215324204968965e+03 5.299876447916506139e-01 3.924554281306759373e-02
7.485693539529176633e+03 5.325952962178100991e-01 4.164100171033222053e-02
7.493179233068708527e+03 5.232569418384072080e-01 4.399279252822684699e-02
7.500672412301779332e+03 5.256746852968197103e-01 4.105256634155289575e-02
7.508173084714083416e+03 5.234980352656606328e-01 4.140839894945660266e-02
7.515681257798800289e+03 5.072570962220918078e-01 4.140370093573340904e-02
7.523196939056601877e+03 5.238208525982495090e-01 4.331618401963318460e-02
7.530720135995660712e+03 5.171516867401799722e-01 4.612239553984522067e-02
7.538250856131659020e+03 5.144152796493115520e-01 4.382470261271702999e-02
7.545789106987793275e+03 5.263627489871781640e-01 4.302155580611762009e-02
7.553334896094783289e+03 5.069953171911049106e-01 4.157293734189879825e-02
7.560888230990880402e+03 4.861239721910061151e-01 4.134281413267993505e-02
7.568449119221873843e+03 4.990677170964441522e-01 4.136717447244441653e-02
7.576017568341098013e+03 5.136372560305410007e-01 4.066307549284419592e-02
7.583593585909441572e+03 5.295709396012310277e-01 4.066762042112763431e-02
7.591177179495353812e+03 5.806887458827069137e-01 4.400763788487053324e-02
7.598768356674851930e+03 5.953401918920447899e-01 4.444923915498229239e-02
7.606367125031529213e+03 6.094287499543548092e-01 4.308734218759658480e-02
7.613973492156563225e+03 6.033638656552084978e-01 4.341556121081346226e-02
7.621587465648722173e+03 5.736116196085125907e-01 4.411166247762522002e-02
7.629209053114373091e+03 5.483835523906750442e-01 4.236586213153201858e-02
7.636838262167490029e+03 5.494052718754310893e-01 4.015445435538433222e-02
7.644475100429660415e+03 5.101299124831775167e-01 3.895559465924466197e-02
7.652119575530092334e+03 4.747335954671180192e-01 3.877218966119706095e-02
7.659771695105625440e+03 4.609688132711680097e-01 3.846026938665522699e-02
7.667431466800733688e+03 4.745123317870516555e-01 3.924338400204101934e-02
7.675098898267536242e+03 4.560272062576447016e-01 3.713574045133453960e-02
7.682773997165806577e+03 4.786947123989610531e-01 3.346896501844406902e-02
7.690456771162975201e+03 5.017873096560888646e-01 3.259109715325949480e-02
7.698147227934140574e+03 5.221579974151271397e-01 3.369003844016181526e-02
7.705845375162077289e+03 5.359613013216081301e-01 3.492837578797222675e-02
7.713551220537241534e+03 5.516451256358331223e-01 3.249450812195477101e-02
7.721264771757782000e+03 5.382002585776143322e-01 3.007540193508431367e-02
7.728986036529541707e+03 5.306383195315398371e-01 2.943591876741600069e-02
7.736715022566074367e+03 5.102321556238431643e-01 2.976959231706693965e-02
7.744451737588642573e+03 4.952839522658193938e-01 3.076127400788479169e-02
7.752196189326234162e+03 4.777269151672052239e-01 3.160370279710543462e-02
7.759948385515562222e+03 4.678167670543955103e-01 3.007413470249480775e-02
7.767708333901080550e+03 4.834735761169269841e-01 3.351654565612834091e-02
7.775476042234984561e+03 4.808251960646618417e-01 3.380633152763594385e-02
7.783251518277222203e+03 4.955970309935322504e-01 3.522077596185359261e-02
7.791034769795502143e+03 5.134613961775246205e-01 3.552584296262854824e-02
7.798825804565300132e+03 4.980170638356331558e-01 4.143750709934022891e-02
7.806624630369868100e+03 5.014450056516386312e-01 4.194829340372512039e-02
7.814431255000240526e+03 4.990034849526804872e-01 4.213332112678280783e-02
7.822245686255242617e+03 5.106268864399040597e-01 4.304177190890727533e-02
7.830067931941501229e+03 5.126184575371884877e-01 4.216256339601461706e-02
7.837897999873444860e+03 5.161649798644992737e-01 4.355793420099519225e-02
7.845735897873320937e+03 5.180015639291828400e-01 4.291498433316922462e-02
7.853581633771196721e+03 5.140614547816761970e-01 4.196197961896522277e-02
7.861435215404970222e+03 5.117393012096367322e-01 4.120950514095229195e-02
7.869296650620378387e+03 4.990704765073170623e-01 4.229060017231414670e-02
7.877165947271001642e+03 5.047280952343259353e-01 4.207341580309068713e-02
7.885043113218274812e+03 4.854483433901639611e-01 4.100385035725151450e-02
7.892928156331495302e+03 4.723453687434250314e-01 4.423217830037826093e-02
7.900821084487829467e+03 4.407829734528315169e-01 4.817475127408465951e-02
7.908721905572319884e+03 4.378447835739032734e-01 4.739558708402064752e-02
7.916630627477895359e+03 4.443027937612258338e-01 4.762760305543444622e-02
7.924547258105375477e+03 4.451856841249469121e-01 4.818016047528614343e-02
7.932471805363483327e+03 4.434911772115164852e-01 4.764403713710616689e-02
7.940404277168850058e+03 4.249463592221368602e-01 4.764970610323786271e-02
7.948344681446021241e+03 4.248680575417517757e-01 4.705957539022213171e-02
7.956293026127469602e+03 4.239159099413489784e-01 4.720031824477673166e-02
7.964249319153599572e+03 4.372666063827033156e-01 4.715817003351597397e-02
7.972213568472756378e+03 4.466699060146929745e-01 4.652229270515580856e-02
7.980185782041231505e+03 4.598260771529745217e-01 4.622641937046102073e-02
7.988165967823275423e+03 4.881682732258741386e-01 4.572531479235580898e-02
7.996154133791101231e+03 5.183988466340252455e-01 4.620381814091650136e-02
8.004150287924895565e+03 5.475352933618466977e-01 4.834820707640297838e-02
8.012154438212822242e+03 5.359965951868626011e-01 4.748909976251784043e-02
8.020166592651037718e+03 5.285088579844192669e-01 4.683935828807272994e-02
8.028186759243691995e+03 5.053553967541168923e-01 4.747106832075227711e-02
8.036214946002938632e+03 4.809104919955245472e-01 4.768720477464907792e-02
8.044251160948943834e+03 4.634572431159342809e-01 4.783703993335546717e-02
8.052295412109895551e+03 4.107150450734857183e-01 4.929085909830138029e-02
8.060347707522008022e+03 3.784129548556101619e-01 4.807559680881734465e-02
8.068408055229532692e+03 3.442301942533229631e-01 4.710120925768016692e-02
8.076476463284764577e+03 3.208935030619214368e-01 4.824460137368476870e-02
8.084552939748052268e+03 2.858501278531741518e-01 4.771317900611869028e-02
8.092637492687803388e+03 2.697571111798195975e-01 5.002313893497493252e-02
8.100730130180493688e+03 2.587377634705503304e-01 5.364162793853477496e-02
8.108830860310677053e+03 2.554478026862529449e-01 5.806262385050432046e-02
8.116939691170990045e+03 2.585016058283233775e-01 6.421958200543761985e-02
8.125056630862163729e+03 2.837635891500310259e-01 7.161031138359048864e-02
8.133181687493028221e+03 2.992607575270965770e-01 8.352181642724174071e-02
8.141314869180524511e+03 3.204541486895933766e-01 9.869334025841222657e-02
8.149456184049707190e+03 3.558921239836285166e-01 1.038775736405153777e-01
8.157605640233759914e+03 4.086947903053853581e-01 1.253689965420216879e-01
8.165763245873996311e+03 4.598122519880527559e-01 1.530425144018780770e-01
8.173929009119872717e+03 4.967849734111915438e-01 1.980878340910656732e-01
8.182102938128995447e+03 5.080864650210024092e-01 2.603249324788695640e-01
8.190285041067127167e+03 4.691373831938455696e-01 3.316564559404254209e-01
8.198475326108196896e+03 4.340807772926430497e-01 4.446605326566613892e-01
