# starting wavelength: 4998.030
# ending wavelength: 8639.180
# wav flux eflux
4.998788266008251412e+03 9.806522019869842177e-01 2.043917105184205885e-01
5.003787054274261209e+03 1.056646109580080095e+00 1.487685590963589155e-01
5.008790841328536771e+03 1.086227421480765010e+00 1.100236630006631577e-01
5.013799632169867436e+03 1.082407239523739184e+00 8.483234133946716826e-02
5.018813431802038394e+03 1.061174294683505881e+00 6.711118955558446897e-02
5.023832245233842514e+03 1.030628241047803817e+00 5.305359767655468822e-02
5.028856077479077612e+03 9.966095955507198179e-01 4.285184582549637217e-02
5.033884933556558281e+03 9.594746277879806495e-01 3.503171425244727688e-02
5.038918818490116792e+03 9.191707667305529794e-01 2.904649592812173081e-02
5.043957737308608557e+03 8.797357145093087638e-01 2.463473075094133047e-02
5.049001695045918495e+03 8.474550796866984204e-01 2.226469176446215295e-02
5.054050696740966487e+03 8.168568203871248157e-01 1.983269376313585505e-02
5.059104747437709193e+03 7.875171574844812561e-01 1.813336293773679803e-02
5.064163852185148244e+03 7.746588063747847919e-01 1.777334277124896500e-02
5.069228016037335692e+03 7.592111232345726268e-01 1.685991464936803519e-02
5.074297244053374015e+03 7.436759210499723771e-01 1.606953173046565125e-02
5.079371541297429758e+03 7.343156818579195111e-01 1.551842670936254623e-02
5.084450912838728073e+03 7.308222689216680168e-01 1.522467114589861129e-02
5.089535363751569093e+03 7.350977054311137460e-01 1.521728545665880505e-02
5.094624899115322478e+03 7.449446383419427997e-01 1.454518460765989035e-02
5.099719524014439230e+03 7.545918133209231771e-01 1.417885280817343142e-02
5.104819243538455339e+03 7.647215602968189252e-01 1.405573186087571980e-02
5.109924062781995417e+03 7.660924960114969817e-01 1.235804190582886174e-02
5.115033986844779065e+03 7.775040552914195269e-01 1.218356341965866861e-02
5.120149020831625421e+03 7.954737789222665612e-01 1.255930142633795814e-02
5.125269169852458617e+03 8.053165023852126847e-01 1.276590059154937389e-02
5.130394439022313236e+03 8.202853389368771619e-01 1.260780109320657968e-02
5.135524833461337039e+03 8.305346583770661928e-01 1.257391351106400268e-02
5.140660358294800062e+03 8.427100321021059326e-01 1.258810440626285769e-02
5.145801018653096435e+03 8.505015666630482141e-01 1.266757390143481536e-02
5.150946819671751655e+03 8.594649310602381354e-01 1.265917444143281091e-02
5.156097766491425318e+03 8.665376613921823568e-01 1.244356435168688171e-02
5.161253864257918394e+03 8.726444258370719131e-01 1.268334109977859066e-02
5.166415118122177773e+03 8.692427962574990064e-01 1.286319980039754216e-02
5.171581533240301724e+03 8.667126907606702568e-01 1.266877023288625996e-02
5.176753114773543530e+03 8.698938570330672082e-01 1.307402821622458480e-02
5.181929867888318768e+03 8.666548817090429235e-01 1.315871474498371378e-02
5.187111797756208944e+03 8.600343360161840645e-01 1.344588007614351197e-02
5.192298909553966951e+03 8.566947505852403610e-01 1.330796054298319896e-02
5.197491208463522526e+03 8.465846550361745271e-01 1.322024504489996248e-02
5.202688699671987706e+03 8.315778959873225684e-01 1.326371962180158785e-02
5.207891388371661378e+03 8.280726091511024789e-01 1.334963189506993726e-02
5.213099279760034733e+03 8.239998217988961926e-01 1.361367629585838457e-02
5.218312379039796724e+03 8.258067915289872829e-01 1.357936801139689870e-02
5.223530691418837705e+03 8.379724838575556278e-01 1.374497581536282542e-02
5.228754222110258524e+03 8.408139494889157461e-01 1.382899738875556679e-02
5.233982976332370527e+03 8.469028977548764825e-01 1.372681649928466502e-02
5.239216959308704645e+03 8.582504252974483272e-01 1.381817517194375809e-02
5.244456176268015042e+03 8.766172006334549405e-01 1.384139374323189314e-02
5.249700632444284565e+03 8.911236868276403156e-01 1.398132658283641680e-02
5.254950333076731113e+03 9.078532895687866366e-01 1.473754964142975042e-02
5.260205283409809454e+03 9.256251895393817763e-01 1.458447821357872036e-02
5.265465488693221232e+03 9.440393461734953862e-01 1.446827565269813778e-02
5.270730954181915877e+03 9.637327534578050692e-01 1.409705203372219572e-02
5.276001685136099695e+03 9.698926948027456474e-01 1.410026563464199072e-02
5.281277686821237694e+03 9.740819701964655852e-01 1.406247995313399980e-02
5.286558964508059944e+03 9.870132818255250573e-01 1.406638610065208926e-02
5.291845523472569766e+03 9.935917841936202644e-01 1.443917560484365113e-02
5.297137368996044643e+03 9.989566856365091896e-01 1.386343297809545724e-02
5.302434506365042580e+03 1.009677333061365978e+00 1.366576050862399611e-02
5.307736940871409388e+03 1.024487244246336637e+00 1.369334657800079860e-02
5.313044677812282316e+03 1.047050670262569705e+00 1.308714029869254870e-02
5.318357722490096421e+03 1.055273257754514749e+00 1.320305131842604979e-02
5.323676080212588204e+03 1.069899532647361928e+00 1.306384652434842975e-02
5.328999756292802886e+03 1.080103972568168702e+00 1.311278601595932888e-02
5.334328756049097137e+03 1.086140820799403883e+00 1.325130146828764829e-02
5.339663084805148173e+03 1.091871617937114181e+00 1.313114627473179960e-02
5.345002747889954662e+03 1.103303881621408689e+00 1.283476501513619410e-02
5.350347750637846730e+03 1.106367158757457947e+00 1.206147168188196825e-02
5.355698098388485960e+03 1.112475447947839813e+00 1.227024550875083046e-02
5.361053796486876308e+03 1.105867296484220885e+00 1.233146011731729545e-02
5.366414850283365013e+03 1.104946260384079615e+00 1.209050460644799443e-02
5.371781265133649867e+03 1.110235739679724221e+00 1.117592913883194185e-02
5.377153046398785591e+03 1.113802737334867343e+00 1.072025869158777477e-02
5.382530199445186554e+03 1.124357159421324415e+00 1.027903762066471362e-02
5.387912729644633146e+03 1.140092127676140654e+00 1.027776508952793141e-02
5.393300642374279960e+03 1.148136390506475646e+00 1.094471534036989095e-02
5.398693943016655794e+03 1.150933438692379740e+00 1.112855512709801618e-02
5.404092636959673655e+03 1.142346011343382983e+00 1.094400325138041898e-02
5.409496729596635305e+03 1.133624028998434508e+00 1.081878412218702755e-02
5.414906226326233991e+03 1.119146564799748944e+00 1.060072311921479368e-02
5.420321132552561721e+03 1.100209474904732643e+00 1.123361449131458391e-02
5.425741453685116539e+03 1.088263568512544577e+00 1.116161475849166036e-02
5.431167195138803436e+03 1.065901982036166151e+00 1.144052878835660758e-02
5.436598362333943442e+03 1.056615478324804069e+00 1.134058885877500117e-02
5.442034960696279086e+03 1.053553573910481322e+00 1.088171316812108422e-02
5.447476995656978033e+03 1.060569229394610069e+00 1.116091732354741739e-02
5.452924472652636723e+03 1.073220665225067760e+00 1.154845807478195423e-02
5.458377397125291282e+03 1.093559734724605770e+00 1.074899624739884645e-02
5.463835774522417523e+03 1.120438400763660525e+00 1.007321241259595719e-02
5.469299610296941864e+03 1.138331571100470008e+00 1.001886169780636347e-02
5.474768909907241323e+03 1.151911849345958139e+00 1.065099385935413395e-02
5.480243678817149885e+03 1.171497098026943906e+00 1.038503808086660603e-02
5.485723922495968509e+03 1.185197490247501095e+00 9.844081849300292605e-03
5.491209646418466946e+03 1.198995666444928387e+00 9.899233266120280664e-03
5.496700856064887375e+03 1.214188324137770447e+00 1.026064861135311812e-02
5.502197556920953502e+03 1.222587140329728594e+00 9.576614974173029357e-03
5.507699754477876013e+03 1.225519690874372403e+00 9.651984287845487634e-03
5.513207454232356213e+03 1.233654816286271494e+00 9.634957053398411977e-03
5.518720661686590574e+03 1.242585612981668586e+00 9.843872316047809490e-03
5.524239382348278923e+03 1.248137798698676137e+00 1.009523289269742899e-02
5.529763621730628984e+03 1.253140011714373170e+00 9.694276273099581079e-03
5.535293385352360929e+03 1.246199741878478706e+00 9.128913764007118639e-03
5.540828678737715563e+03 1.232155003540881033e+00 9.010468743190211405e-03
5.546369507416455235e+03 1.220049385048310286e+00 9.016416997286173102e-03
5.551915876923872929e+03 1.206182185831317533e+00 9.594641832155494793e-03
5.557467792800798634e+03 1.193583684498560116e+00 9.674714144814695882e-03
5.563025260593602070e+03 1.173473875431491953e+00 1.004998626425955034e-02
5.568588285854197238e+03 1.161780113975742212e+00 9.446771767491672286e-03
5.574156874140053333e+03 1.141678793875526843e+00 9.292539368475877248e-03
5.579731031014194741e+03 1.118775014065249485e+00 8.613986670697968209e-03
5.585310762045211050e+03 1.102571772041947007e+00 8.725894375150596016e-03
5.590896072807257951e+03 1.094481029504077663e+00 8.844243078489447477e-03
5.596486968880067252e+03 1.084843761932356321e+00 8.826702499035356947e-03
5.602083455848949598e+03 1.086543043298251021e+00 8.160956671312584107e-03
5.607685539304799931e+03 1.082339105212707153e+00 8.765427696329630355e-03
5.613293224844106589e+03 1.076475130874580799e+00 8.360987715836544834e-03
5.618906518068952209e+03 1.073379584875291837e+00 8.268634945503030437e-03
5.624525424587023736e+03 1.070510249932259850e+00 8.371232615902741286e-03
5.630149950011612418e+03 1.074676425503575006e+00 8.238712997820854186e-03
5.635780099961625638e+03 1.076302225863049244e+00 7.993708909206595839e-03
5.641415880061589633e+03 1.074022188771814212e+00 7.910293786354966050e-03
5.647057295941652228e+03 1.068917279694117761e+00 7.808090015033931734e-03
5.652704353237596479e+03 1.058800814545315605e+00 8.228379313866707873e-03
5.658357057590835211e+03 1.046486765764087945e+00 8.280455932406486155e-03
5.664015414648428305e+03 1.036091115091640313e+00 8.126693098371667520e-03
5.669679430063079053e+03 1.021259194063072195e+00 8.130857221178308322e-03
5.675349109493143260e+03 1.000164229347438871e+00 8.073148706599546712e-03
5.681024458602638333e+03 9.791472777113877646e-01 8.578456627798769496e-03
5.686705483061243285e+03 9.495465315167336273e-01 8.478421887946681335e-03
5.692392188544306009e+03 9.106060341002094605e-01 8.485811856923014540e-03
5.698084580732852373e+03 8.656688578669038403e-01 1.006714189385931983e-02
5.703782665313587131e+03 8.250112576082738736e-01 1.009002525450969877e-02
5.709486447978903016e+03 7.927297068443945882e-01 1.007357798807492766e-02
5.715195934426883468e+03 7.604707805278935195e-01 1.026581296075177244e-02
5.720911130361312644e+03 7.261846796145488003e-01 9.878649042953080092e-03
5.726632041491675409e+03 6.955449987002912948e-01 1.040503566694786844e-02
5.732358673533169167e+03 6.805977469088629883e-01 1.067935483970162969e-02
5.738091032206703858e+03 6.745177762481429085e-01 1.087869413584772842e-02
5.743829123238912871e+03 6.785695372846506368e-01 1.094108282250194630e-02
5.749572952362153046e+03 6.962347134346540400e-01 1.120372536307248125e-02
5.755322525314517407e+03 7.205040001624156698e-01 1.125279319456301032e-02
5.761077847839834249e+03 7.522165945709045065e-01 1.122308941899258401e-02
5.766838925687675328e+03 7.919312170795446137e-01 1.089647358855870898e-02
5.772605764613364954e+03 8.374545934712513962e-01 1.081534236262907123e-02
5.778378370377980900e+03 8.863659122533324997e-01 1.030524200384928118e-02
5.784156748748360769e+03 9.471437789085994652e-01 1.032269351447169005e-02
5.789940905497111089e+03 1.009605422289002075e+00 9.826463337298240244e-03
5.795730846402610041e+03 1.073460218379349573e+00 9.343114425054591804e-03
5.801526577249013826e+03 1.135415567902974043e+00 9.322296087427279707e-03
5.807328103826264851e+03 1.186190372125706993e+00 8.553785109959287716e-03
5.813135431930093546e+03 1.240233515619112215e+00 8.744785609585250044e-03
5.818948567362025642e+03 1.286919920448200250e+00 8.634813041077184920e-03
5.824767515929389447e+03 1.330550283145386814e+00 8.412603156367498211e-03
5.830592283445320390e+03 1.355964970149603266e+00 8.996325878571805046e-03
5.836422875728768304e+03 1.381158366601166421e+00 8.980250225694926675e-03
5.842259298604498326e+03 1.402818335157002050e+00 8.472473962150421298e-03
5.848101557903105459e+03 1.408328852642512619e+00 7.693383373726154009e-03
5.853949659461010015e+03 1.417733110689553877e+00 7.743223090835711815e-03
5.859803609120473084e+03 1.422522155086579643e+00 7.540289089111838934e-03
5.865663412729595620e+03 1.417054418530608650e+00 7.689480169631626727e-03
5.871529076142326630e+03 1.415731388024312976e+00 7.616888173090248342e-03
5.877400605218471355e+03 1.410683031996720072e+00 7.596999965940194263e-03
5.883278005823691274e+03 1.407506126989765738e+00 7.537353039094510723e-03
5.889161283829516833e+03 1.406365336326216520e+00 7.379280372591681680e-03
5.895050445113348360e+03 1.409979409061785205e+00 7.699848309963328898e-03
5.900945495558464245e+03 1.410665620860829250e+00 7.856808598839051111e-03
5.906846441054024581e+03 1.404102603735284616e+00 8.152510308664626809e-03
5.912753287495080258e+03 1.402791864061239346e+00 8.256347756773880359e-03
5.918666040782577511e+03 1.399565758701707852e+00 8.370648325254531272e-03
5.924584706823361557e+03 1.390183595030898944e+00 8.552814379978906575e-03
5.930509291530187511e+03 1.376082345372617644e+00 8.679564547815619979e-03
5.936439800821719473e+03 1.366257547258828975e+00 8.399095970738562969e-03
5.942376240622543264e+03 1.350570064767429912e+00 7.565153589352958605e-03
5.948318616863167335e+03 1.340980761990107961e+00 7.519768249239449850e-03
5.954266935480032771e+03 1.328556819644510556e+00 7.459978646124240838e-03
5.960221202415515108e+03 1.320123805948208773e+00 7.850510919644828819e-03
5.966181423617932523e+03 1.311621985546710611e+00 7.489585375282643495e-03
5.972147605041552197e+03 1.300383296301351743e+00 7.435039571758197269e-03
5.978119752646595771e+03 1.283423187389731934e+00 7.528882244792233121e-03
5.984097872399243897e+03 1.272004123593407421e+00 7.402130852511786679e-03
5.990081970271645332e+03 1.255389196181737610e+00 7.532334052457108006e-03
5.996072052241918755e+03 1.233948034414121153e+00 7.682289224286769844e-03
6.002068124294162772e+03 1.212167363384943242e+00 7.553284060448360246e-03
6.008070192418459555e+03 1.194284067997994025e+00 7.467743279528583217e-03
6.014078262610879392e+03 1.179035895110178700e+00 7.466208813002353159e-03
6.020092340873492503e+03 1.161757747765653104e+00 7.416116284425531245e-03
6.026112433214368139e+03 1.149753444944098923e+00 7.147101143250868087e-03
6.032138545647584579e+03 1.140676086724584648e+00 6.449611386977967091e-03
6.038170684193233683e+03 1.123429492908578853e+00 7.184841382054512129e-03
6.044208854877429076e+03 1.111869561450779420e+00 7.093605765686098082e-03
6.050253063732308874e+03 1.103312296876364229e+00 7.310131563568581653e-03
6.056303316796042964e+03 1.091385264494202589e+00 7.668342851535092305e-03
6.062359620112841185e+03 1.086658577386191427e+00 7.695649158936112254e-03
6.068421979732956061e+03 1.080745576804540864e+00 7.650587491119835264e-03
6.074490401712690982e+03 1.081625196508856357e+00 7.881551353473407323e-03
6.080564892114405666e+03 1.074400735448942656e+00 8.030775802295320870e-03
6.086645457006521610e+03 1.057633343767844236e+00 7.925970966670914386e-03
6.092732102463530282e+03 1.032658433509130891e+00 9.044709418892628652e-03
6.098824834565995843e+03 1.006065622114411973e+00 9.177249624593928831e-03
6.104923659400564247e+03 9.740942484525882961e-01 9.491803395938590987e-03
6.111028583059966877e+03 9.424423149446545800e-01 8.988280842894845468e-03
6.117139611643028729e+03 9.092689018502357889e-01 8.748060286155856166e-03
6.123256751254673873e+03 8.780367680243773565e-01 8.667454010600166361e-03
6.129380008005929994e+03 8.523216613873570990e-01 9.065088249538515511e-03
6.135509388013938405e+03 8.261648933138769912e-01 8.895470081996571798e-03
6.141644897401954040e+03 8.034300311612734280e-01 8.680639185443794412e-03
6.147786542299358189e+03 7.823799281792390703e-01 8.664128600259923471e-03
6.153934328841659408e+03 7.642439644559106959e-01 9.101831392454691472e-03
6.160088263170503524e+03 7.394677173482911980e-01 9.463741338705986342e-03
6.166248351433675452e+03 7.193382391703059264e-01 9.267222868451453419e-03
6.172414599785111022e+03 6.924623853418795383e-01 8.710423271623435673e-03
6.178587014384898794e+03 6.626053587806768341e-01 8.485743038712372302e-03
6.184765601399285515e+03 6.347079347643652669e-01 8.497664527173945381e-03
6.190950367000687038e+03 6.074407410344379032e-01 8.541191158303883951e-03
6.197141317367689226e+03 5.769254060218522717e-01 8.260162703581905991e-03
6.203338458685059777e+03 5.483468889891193188e-01 8.196629645441289372e-03
6.209541797143746408e+03 5.128494638239463610e-01 8.408029990164305606e-03
6.215751338940892310e+03 4.715031547490477482e-01 7.884497162820698624e-03
6.221967090279835247e+03 4.338879222703838634e-01 7.803586581609439805e-03
6.228189057370116643e+03 3.988717690716253594e-01 7.830946583182885751e-03
6.234417246427488863e+03 3.730568518241386133e-01 7.748414922189396370e-03
6.240651663673918847e+03 3.480018409032508142e-01 7.524181419643124515e-03
6.246892315337594482e+03 3.338765044649171787e-01 7.522038072411086664e-03
6.253139207652934601e+03 3.252215935629593213e-01 7.644636074679494152e-03
6.259392346860589896e+03 3.211843581921417501e-01 7.801907453612485534e-03
6.265651739207452010e+03 3.232362640368016127e-01 7.661528215008933315e-03
6.271917390946661726e+03 3.331369976964820290e-01 7.142561105881527900e-03
6.278189308337610782e+03 3.365633175350877249e-01 6.228713480323985752e-03
6.284467497645950061e+03 3.498685295454483368e-01 5.860867048052617080e-03
6.290751965143597772e+03 3.636256454310868302e-01 5.984206176086260751e-03
6.297042717108744000e+03 3.765581290753828858e-01 6.002764243221128844e-03
6.303339759825854344e+03 3.914724309538070712e-01 5.776480891525898748e-03
6.309643099585682648e+03 4.050479177516481122e-01 6.126067461724749377e-03
6.315952742685270096e+03 4.224621414661283159e-01 5.806367248892677947e-03
6.322268695427957937e+03 4.468027746303804282e-01 5.725414628479962367e-03
6.328590964123387494e+03 4.751230729593212687e-01 5.582621984785813077e-03
6.334919555087512890e+03 5.051781633170349117e-01 5.543655466325886523e-03
6.341254474642602872e+03 5.384357147626864792e-01 5.477703372001375449e-03
6.347595729117247174e+03 5.732289807499888479e-01 5.615552983599152864e-03
6.353943324846366522e+03 6.112285885469754820e-01 5.906922664343798937e-03
6.360297268171215364e+03 6.609967964271814544e-01 6.057230762911950880e-03
6.366657565439388236e+03 7.138198412871107346e-01 6.063530710334157948e-03
6.373024223004829764e+03 7.783485204418909564e-01 6.366065839207180055e-03
6.379397247227837397e+03 8.447919149739147038e-01 6.683346855617352741e-03
6.385776644475066860e+03 9.119195111311849677e-01 6.535903518223986318e-03
6.392162421119543978e+03 9.750911709475650335e-01 6.290878714431734006e-03
6.398554583540665590e+03 1.037605302876166480e+00 6.219028173995197299e-03
6.404953138124208635e+03 1.097214439206814163e+00 6.391575084792966086e-03
6.411358091262334710e+03 1.159162900296458076e+00 6.368410599429184804e-03
6.417769449353599157e+03 1.216896946886860453e+00 6.211703255530483768e-03
6.424187218802954703e+03 1.268478935668130525e+00 6.187313154571373770e-03
6.430611406021760558e+03 1.312051969297188148e+00 5.581580815305335445e-03
6.437042017427784231e+03 1.356722037487500865e+00 5.617380720142274748e-03
6.443479059445214261e+03 1.396755681824236150e+00 5.778110069643518747e-03
6.449922538504661134e+03 1.436900658491965022e+00 6.137263765368113078e-03
6.456372461043168187e+03 1.475779187056975195e+00 6.637745228804916436e-03
6.462828833504213435e+03 1.501963073484114508e+00 5.764448816849087644e-03
6.469291662337719572e+03 1.512288561611406346e+00 5.795810042689492764e-03
6.475760954000059428e+03 1.507713333679828294e+00 5.979166361788983489e-03
6.482236714954061426e+03 1.497254764780773684e+00 6.178382402759319443e-03
6.488718951669017770e+03 1.472310991508124722e+00 6.124861559798807677e-03
6.495207670620688987e+03 1.445925070013137637e+00 6.863722022394848181e-03
6.501702878291312118e+03 1.420539260715045327e+00 7.304970375117743331e-03
6.508204581169605262e+03 1.398695211142038763e+00 7.598386641199830586e-03
6.514712785750777584e+03 1.380480234630579117e+00 7.405595544244388331e-03
6.521227498536530220e+03 1.378093037278227850e+00 8.132847221958366957e-03
6.527748726035069012e+03 1.378719024767623980e+00 8.248536037790481570e-03
6.534276474761106329e+03 1.392830781348500802e+00 8.254413450615314535e-03
6.540810751235869247e+03 1.415576773083426110e+00 8.047775942016777151e-03
6.547351561987107743e+03 1.439027767598572538e+00 7.712763452153646206e-03
6.553898913549096505e+03 1.461065604512282068e+00 7.782787242864077151e-03
6.560452812462647671e+03 1.485697014867000343e+00 7.777721517665031094e-03
6.567013265275112644e+03 1.506779799239657658e+00 7.377566229594226775e-03
6.573580278540390282e+03 1.532062326425175369e+00 7.448771189336529826e-03
6.580153858818932349e+03 1.558593969394316714e+00 7.493805929729668337e-03
6.586734012677753526e+03 1.582673248973937685e+00 7.427554440453161197e-03
6.593320746690433225e+03 1.599176262156989825e+00 7.409067558167801992e-03
6.599914067437126505e+03 1.617401629798000062e+00 7.270600870367540519e-03
6.606513981504565891e+03 1.640118837046659728e+00 7.034201584775649253e-03
6.613120495486072286e+03 1.650807071828695349e+00 7.051517338162449633e-03
6.619733615981560433e+03 1.658410828782873825e+00 7.034257731627815112e-03
6.626353349597544366e+03 1.661688366176496290e+00 6.750085574798443504e-03
6.632979702947143778e+03 1.660948258019827817e+00 6.510635108815855492e-03
6.639612682650093120e+03 1.654507745409612651e+00 5.608677311467299281e-03
6.646252295332745234e+03 1.651850324291741945e+00 5.713638046200423745e-03
6.652898547628080451e+03 1.641368546260397299e+00 5.603294601478818991e-03
6.659551446175711135e+03 1.631222776279025677e+00 5.465384406949053663e-03
6.666210997621888964e+03 1.625118470760934297e+00 5.252171828575164132e-03
6.672877208619513112e+03 1.609241609610275736e+00 5.292636352893518963e-03
6.679550085828134797e+03 1.595644832676099245e+00 5.240059079428917473e-03
6.686229635913964557e+03 1.581345205569904211e+00 5.625755208528324461e-03
6.692915865549881346e+03 1.563316317869069660e+00 5.899550779554387989e-03
6.699608781415433441e+03 1.547571501355689882e+00 6.081185090927105491e-03
6.706308390196851178e+03 1.532383595432394552e+00 6.123528209808904235e-03
6.713014698587049679e+03 1.513568052791061991e+00 6.253583589946441583e-03
6.719727713285638856e+03 1.492615446513785304e+00 6.159988024878308537e-03
6.726447440998927050e+03 1.477028857402597595e+00 6.272078942976234799e-03
6.733173888439928305e+03 1.462569493499671580e+00 6.165049850440687193e-03
6.739907062328370557e+03 1.442431018779933405e+00 6.176951679925868181e-03
6.746646969390701088e+03 1.425844658017299427e+00 6.010268764788199818e-03
6.753393616360093802e+03 1.408548796556686744e+00 5.853861817666903070e-03
6.760147009976456502e+03 1.392391368822673670e+00 5.672108039009355132e-03
6.766907156986434529e+03 1.377260347211932467e+00 5.668585824440824927e-03
6.773674064143423493e+03 1.364880042174433816e+00 5.592074657605512408e-03
6.780447738207569273e+03 1.353907819591688044e+00 5.466648094310524834e-03
6.787228185945778932e+03 1.343558465046022388e+00 5.337170423750794458e-03
6.794015414131727084e+03 1.331265641692380708e+00 5.364918809986054561e-03
6.800809429545861349e+03 1.313906372581070459e+00 5.556890179196160608e-03
6.807610238975408720e+03 1.293034618723083451e+00 5.844477859571336684e-03
6.814417849214386479e+03 1.275489125341038754e+00 5.772991454769764268e-03
6.821232267063603103e+03 1.254067194610857916e+00 5.638896393357101244e-03
6.828053499330669183e+03 1.233489324497843986e+00 5.870095786037032859e-03
6.834881552830001965e+03 1.210745728783336750e+00 6.241796574402977416e-03
6.841716434382834450e+03 1.183432615406483368e+00 6.320594766787655631e-03
6.848558150817219939e+03 1.151096374030955216e+00 6.238685596302033683e-03
6.855406708968039311e+03 1.118940973886940471e+00 5.923519204335242656e-03
6.862262115677009206e+03 1.081817612455267863e+00 6.111635822856999363e-03
6.869124377792688392e+03 1.044152181038221716e+00 6.592963894244466966e-03
6.875993502170483225e+03 1.012229867427905328e+00 6.474363283917610248e-03
6.882869495672656740e+03 9.837437381007450021e-01 6.535301601917097199e-03
6.889752365168331380e+03 9.647576302290192807e-01 6.314403580890147298e-03
6.896642117533501732e+03 9.534133980400302244e-01 6.001968120548996019e-03
6.903538759651037253e+03 9.545516993185026999e-01 6.432388970460246706e-03
6.910442298410691365e+03 9.661961792724416132e-01 6.651618675245946598e-03
6.917352740709104182e+03 9.850547516384158264e-01 6.086055597461083148e-03
6.924270093449815249e+03 1.005773311162791783e+00 6.095163238936530080e-03
6.931194363543267173e+03 1.034133719248292449e+00 5.850677213162663176e-03
6.938125557906812901e+03 1.058286794706706280e+00 6.066590044187207022e-03
6.945063683464722089e+03 1.091381652365192911e+00 5.945947912798526906e-03
6.952008747148189286e+03 1.125043507157217570e+00 5.707176934135610447e-03
6.958960755895339389e+03 1.165600019923114905e+00 5.996432268950826344e-03
6.965919716651237650e+03 1.202999278971481179e+00 6.297083659107243804e-03
6.972885636367890584e+03 1.240001009748977978e+00 6.031495084956074726e-03
6.979858522004260521e+03 1.274430741730101291e+00 5.846110564677836456e-03
6.986838380526267429e+03 1.302104421267795242e+00 5.422242463801245534e-03
6.993825218906796181e+03 1.321873346284826889e+00 5.579562640163543419e-03
7.000819044125705659e+03 1.335126525967935018e+00 5.695377944199541201e-03
7.007819863169833297e+03 1.337425843626921296e+00 5.871038056387552044e-03
7.014827683033005087e+03 1.327182178145738467e+00 6.317049545534086583e-03
7.021842510716041033e+03 1.318028010828307783e+00 5.668349292733407437e-03
7.028864353226758794e+03 1.304105487709180888e+00 5.437993103065509592e-03
7.035893217579988232e+03 1.294809415964102151e+00 5.544380500073916966e-03
7.042929110797570502e+03 1.285875389898361254e+00 5.489312581486158367e-03
7.049972039908370789e+03 1.272250784678304436e+00 5.481077464004727000e-03
7.057022011948281033e+03 1.256397593311527006e+00 5.620534923601688999e-03
7.064079033960231754e+03 1.240720553675509485e+00 5.371497878525925869e-03
7.071143112994193871e+03 1.216828707019217859e+00 5.313038671375658155e-03
7.078214256107190522e+03 1.194777169323653521e+00 5.495597542105062731e-03
7.085292470363300708e+03 1.170933834653778982e+00 5.565804590745237167e-03
7.092377762833665656e+03 1.142665785233029752e+00 5.807526626095189937e-03
7.099470140596501551e+03 1.117256984641762818e+00 5.866409161955426013e-03
7.106569610737100447e+03 1.091143220114001222e+00 5.996070379860902327e-03
7.113676180347840273e+03 1.073081000480295755e+00 5.896054381850969646e-03
7.120789856528190285e+03 1.061774465893055908e+00 6.171062927677797155e-03
7.127910646384721076e+03 1.057556191085169628e+00 6.398989840881451167e-03
7.135038557031108212e+03 1.059666391347616976e+00 6.376171706023686485e-03
7.142173595588141325e+03 1.062156413761483842e+00 6.202449337539764872e-03
7.149315769183732300e+03 1.062843576037299620e+00 6.524430083940113874e-03
7.156465084952918005e+03 1.072557556699341053e+00 6.307562714701275657e-03
7.163621550037873021e+03 1.077597191471087346e+00 6.369330845018313439e-03
7.170785171587913283e+03 1.085695057573823119e+00 6.174798257630736628e-03
7.177955956759504261e+03 1.089285578944886312e+00 6.269286791270739685e-03
7.185133912716265513e+03 1.091855555591918048e+00 6.167752639984746058e-03
7.192319046628984324e+03 1.095267933822395179e+00 6.061919683321903216e-03
7.199511365675615707e+03 1.095439793462890998e+00 5.877703926909338093e-03
7.206710877041294225e+03 1.100403537448586322e+00 5.893342978382153270e-03
7.213917587918337631e+03 1.107559308598026648e+00 5.954987291708284392e-03
7.221131505506257781e+03 1.115339421226521077e+00 5.525769136466227027e-03
7.228352637011767001e+03 1.120368155229160667e+00 5.573280517376762860e-03
7.235580989648780815e+03 1.125773400046135464e+00 5.576496035865802746e-03
7.242816570638432495e+03 1.127787838631680195e+00 5.419976563980249615e-03
7.250059387209073066e+03 1.127347618496779225e+00 5.523996401287609680e-03
7.257309446596284033e+03 1.131676790605773641e+00 5.575428773185722373e-03
7.264566756042882844e+03 1.135571340134190699e+00 5.267125358960907111e-03
7.271831322798928340e+03 1.138710401542286421e+00 5.281455839905141968e-03
7.279103154121729858e+03 1.137673712085703004e+00 5.206868020314648314e-03
7.286382257275853590e+03 1.135975090474923732e+00 5.045229445123359212e-03
7.293668639533132591e+03 1.138414262309385583e+00 4.647960937996927118e-03
7.300962308172667690e+03 1.134424418042719651e+00 4.414312408679359548e-03
7.308263270480842948e+03 1.130880079344009914e+00 4.272754737598069563e-03
7.315571533751325660e+03 1.119880978038784614e+00 4.602719878659940721e-03
7.322887105285079997e+03 1.106974317349571857e+00 4.814948895385618398e-03
7.330209992390367006e+03 1.094213376828110817e+00 4.799027798109988668e-03
7.337540202382760071e+03 1.078556782935161218e+00 4.610984341746999018e-03
7.344877742585144915e+03 1.066961170445178242e+00 4.597896142058748199e-03
7.352222620327733239e+03 1.058787724890559945e+00 4.707583282789283737e-03
7.359574842948062724e+03 1.052951505260238729e+00 4.737891295655099512e-03
7.366934417791013402e+03 1.048171444792556750e+00 4.998485500672079744e-03
7.374301352208806748e+03 1.046789442588961894e+00 4.781792223339871757e-03
7.381675653561018407e+03 1.041650271275230244e+00 4.756820154289119820e-03
7.389057329214581841e+03 1.034993944209537053e+00 4.760181852754572299e-03
7.396446386543798326e+03 1.031961316811926821e+00 4.836934631517302192e-03
7.403842832930345139e+03 1.027275424746937338e+00 5.364632928435996741e-03
7.411246675763277381e+03 1.020612222615586262e+00 6.412089379028264660e-03
7.418657922439043432e+03 1.010308704274216929e+00 6.914967926638008675e-03
7.426076580361484957e+03 1.000823684481092934e+00 7.765689680992497734e-03
7.433502656941848727e+03 9.975173562809791505e-01 8.402282020893074230e-03
7.440936159598792983e+03 9.954195262327409921e-01 8.313052954143565834e-03
7.448377095758394717e+03 1.004434577244152971e+00 7.983854360830258332e-03
7.455825472854155123e+03 9.999258576394902676e-01 7.621208370126799844e-03
7.463281298327012337e+03 9.999336405922778503e-01 7.141578243678624142e-03
7.470744579625341430e+03 1.006054176886412632e+00 6.605226681160970142e-03
7.478215324204968965e+03 1.007424079432504893e+00 6.228375249739261793e-03
7.485693539529176633e+03 1.002037057816828947e+00 5.832773792403735807e-03
7.493179233068708527e+03 9.967379851043611794e-01 5.467250908855881934e-03
7.500672412301779332e+03 9.854898611567360911e-01 5.642571724666489881e-03
7.508173084714083416e+03 9.772170418012701143e-01 5.588287153257988707e-03
7.515681257798800289e+03 9.694180000051073609e-01 5.524079777116463509e-03
7.523196939056601877e+03 9.667272443625433143e-01 6.005446645722806176e-03
7.530720135995660712e+03 9.597813588187419365e-01 6.157731764991310371e-03
7.538250856131659020e+03 9.506727973672726151e-01 6.208319383671756161e-03
7.545789106987793275e+03 9.421271381885233387e-01 6.114203686155970062e-03
7.553334896094783289e+03 9.332835908224076382e-01 6.466924926405820742e-03
7.560888230990880402e+03 9.145375067282129899e-01 6.320570988300769529e-03
7.568449119221873843e+03 8.948101599317695998e-01 6.419806439841987608e-03
7.576017568341098013e+03 8.738791088615152081e-01 6.309545301572474195e-03
7.583593585909441572e+03 8.484137415781731750e-01 6.394726338527200946e-03
7.591177179495353812e+03 8.288074828905824809e-01 6.455556354740441330e-03
7.598768356674851930e+03 8.013305164608399700e-01 6.117267390922191336e-03
7.606367125031529213e+03 7.802862675037117723e-01 5.920061596372045397e-03
7.613973492156563225e+03 7.645233149010988161e-01 5.856272176521517929e-03
7.621587465648722173e+03 7.594510896723081217e-01 5.934754244331244023e-03
7.629209053114373091e+03 7.571872169241743444e-01 6.106333267906168850e-03
7.636838262167490029e+03 7.684229986091578590e-01 6.223820857480220209e-03
7.644475100429660415e+03 7.822394113529173021e-01 6.437033651143592161e-03
7.652119575530092334e+03 7.931795522384167407e-01 6.445877319313492344e-03
7.659771695105625440e+03 8.078152807704067628e-01 6.639286569065285665e-03
7.667431466800733688e+03 8.306925660438941872e-01 6.423887652227702055e-03
7.675098898267536242e+03 8.508672064288438364e-01 6.401244203888286841e-03
7.682773997165806577e+03 8.716099755597878085e-01 6.316454195331892146e-03
7.690456771162975201e+03 8.902823637735151063e-01 6.549726115942876466e-03
7.698147227934140574e+03 9.101239325404000269e-01 6.314743781747847277e-03
7.705845375162077289e+03 9.235569158400130929e-01 6.292130936480874563e-03
7.713551220537241534e+03 9.361078741411207327e-01 6.352334812008557895e-03
7.721264771757782000e+03 9.435524463969635622e-01 6.220970844421429627e-03
7.728986036529541707e+03 9.517690517452376264e-01 6.222389896041724371e-03
7.736715022566074367e+03 9.598760831528609927e-01 6.302976680093573536e-03
7.744451737588642573e+03 9.682816074036759701e-01 6.222627874165291041e-03
7.752196189326234162e+03 9.698345721225679616e-01 6.157571520167270072e-03
7.759948385515562222e+03 9.730772715230926462e-01 6.083986907668400938e-03
7.767708333901080550e+03 9.711458521739575467e-01 6.056730626612309536e-03
7.775476042234984561e+03 9.712942888620934578e-01 5.965840722300778248e-03
7.783251518277222203e+03 9.759748134478750670e-01 5.709260448556848638e-03
7.791034769795502143e+03 9.769865408222973002e-01 5.652512622798306144e-03
7.798825804565300132e+03 9.783117328272932234e-01 5.774299334221855151e-03
7.806624630369868100e+03 9.737308243300553112e-01 5.527968190979521551e-03
7.814431255000240526e+03 9.707767931890882718e-01 5.441926894962050357e-03
7.822245686255242617e+03 9.666109440161116950e-01 5.390207784630720797e-03
7.830067931941501229e+03 9.638064771782488549e-01 5.200087457728691694e-03
7.837897999873444860e+03 9.555848767017320888e-01 5.374505136371015949e-03
7.845735897873320937e+03 9.453636174306008222e-01 5.284266318547915613e-03
7.853581633771196721e+03 9.376099230840035936e-01 5.216434418736918231e-03
7.861435215404970222e+03 9.301495556137459042e-01 5.272965068049501915e-03
7.869296650620378387e+03 9.250243322618844077e-01 5.075787687319028088e-03
7.877165947271001642e+03 9.251907000872159337e-01 5.356274788352820802e-03
7.885043113218274812e+03 9.206395004668438409e-01 5.357570911954628867e-03
7.892928156331495302e+03 9.211632540602191499e-01 5.126092887541643106e-03
7.900821084487829467e+03 9.173065607248923614e-01 5.173530029735975803e-03
7.908721905572319884e+03 9.168267809236819721e-01 4.920876909762937103e-03
7.916630627477895359e+03 9.086181080252542230e-01 4.898007609954920134e-03
7.924547258105375477e+03 8.964391939294987788e-01 5.099808444077838683e-03
7.932471805363483327e+03 8.830268633555872215e-01 5.764005085593260774e-03
7.940404277168850058e+03 8.674195649892687543e-01 5.121664556925777795e-03
7.948344681446021241e+03 8.590224881923397282e-01 5.223348623807850047e-03
7.956293026127469602e+03 8.494253038752760387e-01 4.955303356409725829e-03
7.964249319153599572e+03 8.443066544864683554e-01 5.093782486080453489e-03
7.972213568472756378e+03 8.428055357383981150e-01 5.039116093964122675e-03
7.980185782041231505e+03 8.480537672158757756e-01 4.891620826786780701e-03
7.988165967823275423e+03 8.458937254963282415e-01 5.059033018151801349e-03
7.996154133791101231e+03 8.462836662364103812e-01 5.268349009490395744e-03
8.004150287924895565e+03 8.470795930250941685e-01 5.230207830769157198e-03
8.012154438212822242e+03 8.401646739052942570e-01 5.510274315301294523e-03
8.020166592651037718e+03 8.394893409419981190e-01 5.500988698533383105e-03
8.028186759243691995e+03 8.402828674978425338e-01 5.544675910192718715e-03
8.036214946002938632e+03 8.372370826165862479e-01 5.446111065593163721e-03
8.044251160948943834e+03 8.336695934577893485e-01 5.448958675791424830e-03
8.052295412109895551e+03 8.336066766071896783e-01 5.730475354360398295e-03
8.060347707522008022e+03 8.353113304651130777e-01 5.095352015755144626e-03
8.068408055229532692e+03 8.272553228603942710e-01 6.697623730164772166e-03
8.076476463284764577e+03 8.172264998884589682e-01 6.942341697226435751e-03
8.084552939748052268e+03 8.056281704595340543e-01 6.842219692178909754e-03
8.092637492687803388e+03 7.958774026189554540e-01 6.844899953378835722e-03
8.100730130180493688e+03 7.889790631134704357e-01 7.029415434233348726e-03
8.108830860310677053e+03 7.855235672065264962e-01 6.982346774844550019e-03
8.116939691170990045e+03 7.868014766205030375e-01 6.956174670063176683e-03
8.125056630862163729e+03 7.862531850564951075e-01 7.126931180502979295e-03
8.133181687493028221e+03 7.910468451427350445e-01 7.114887511111550947e-03
8.141314869180524511e+03 8.008588670721086267e-01 7.260116476288267125e-03
8.149456184049707190e+03 8.105304392259404800e-01 8.249460336687716028e-03
8.157605640233759914e+03 8.119239529429266300e-01 8.283161117968319831e-03
8.165763245873996311e+03 8.110775398314159501e-01 8.158486210025621410e-03
8.173929009119872717e+03 8.074760943752703479e-01 8.134764603325026280e-03
8.182102938128995447e+03 8.007673244247839328e-01 8.327033827865903612e-03
8.190285041067127167e+03 7.921867329943986791e-01 8.442983367310891163e-03
8.198475326108196896e+03 7.776006486979690768e-01 8.360173118974969023e-03
8.206673801434308189e+03 7.659982956054952608e-01 8.527848210087271563e-03
8.214880475235744598e+03 7.467051730366756068e-01 8.366507265854765743e-03
8.223095355710984222e+03 7.217508515789189394e-01 8.512457944075471628e-03
8.231318451066697889e+03 6.884195558891542666e-01 7.653629668226573368e-03
8.239549769517767345e+03 6.568720597636493741e-01 7.676236498557656440e-03
8.247789319287287071e+03 6.210793053425442967e-01 7.662604611713336178e-03
8.256037108606577021e+03 5.851606758915719464e-01 7.535141124746697755e-03
8.264293145715186256e+03 5.504488520442408772e-01 7.396807483584367897e-03
8.272557438860903858e+03 5.208343747900007203e-01 7.394624147708102509e-03
8.280829996299768027e+03 4.913964144525175826e-01 7.327029726709366822e-03
8.289110826296069718e+03 4.658031871582382633e-01 7.018264267442756062e-03
8.297399937122369010e+03 4.466882026920557247e-01 6.654453063225164097e-03
8.305697337059495112e+03 4.366736769253153350e-01 6.120487035760733760e-03
8.314003034396557268e+03 4.316084651128594407e-01 5.925434486367164681e-03
8.322317037430955679e+03 4.232052807065638800e-01 5.002806513745318255e-03
8.330639354468388774e+03 4.265960134178776730e-01 4.788474220224854007e-03
8.338969993822860488e+03 4.288749054380571746e-01 4.969712003204491621e-03
8.347308963816685718e+03 4.398285872765807514e-01 5.485273404627142267e-03
8.355656272780506697e+03 4.523757121114144186e-01 5.479814826100929369e-03
8.364011929053289350e+03 4.630205738627664602e-01 5.504303654363056249e-03
8.372375940982345128e+03 4.769406048446317992e-01 5.148104793940046220e-03
8.380748316923331004e+03 4.883675067677665793e-01 5.026946567163752613e-03
8.389129065240256750e+03 5.004254183745261431e-01 5.144724135890778489e-03
8.397518194305499492e+03 5.141565169664122914e-01 5.116617299762581464e-03
8.405915712499807341e+03 5.292387016941046962e-01 5.084791115225725626e-03
8.414321628212310316e+03 5.474394070503051379e-01 5.017117344305839673e-03
8.422735949840525791e+03 5.684378863105525870e-01 4.923570577336070821e-03
8.431158685790369418e+03 5.893628628545245496e-01 4.907437299792763268e-03
8.439589844476162398e+03 6.110496471883803959e-01 4.984293508012439290e-03
8.448029434320640576e+03 6.299819680266119937e-01 5.216113948070160225e-03
8.456477463754963537e+03 6.519287636249710971e-01 5.167452953335979933e-03
8.464933941218721884e+03 6.741939861572490145e-01 5.111342769188903165e-03
8.473398875159942691e+03 6.993079169350761015e-01 5.239302541689431526e-03
8.481872274035105875e+03 7.243028752771890622e-01 5.522696690992530237e-03
8.490354146309144198e+03 7.516448673444730000e-01 5.501923439127310612e-03
8.498844500455456000e+03 7.774126718750460352e-01 5.500758267375549342e-03
8.507343344955914290e+03 8.035973392333644050e-01 6.135883995180924609e-03
8.515850688300872207e+03 8.352712700290678693e-01 6.331331164267251649e-03
8.524366538989177570e+03 8.672805978260275106e-01 6.597870244771159541e-03
8.532890905528169242e+03 8.998731278220836183e-01 6.975963527684011026e-03
8.541423796433698953e+03 9.342401060017083703e-01 7.550498254988480956e-03
8.549965220230136765e+03 9.682699027180212692e-01 8.299693004080982428e-03
8.558515185450369245e+03 1.002535054061002739e+00 9.156730167385017383e-03
8.567073700635823116e+03 1.038462307325948908e+00 1.061166250150071336e-02
8.575640774336461618e+03 1.075073842734723728e+00 1.215934565683079484e-02
8.584216415110800881e+03 1.113318318016510711e+00 1.449906513625066895e-02
8.592800631525913559e+03 1.151512102206624366e+00 1.734737309203680800e-02
8.601393432157443385e+03 1.183401274099943112e+00 2.189041448837355727e-02
8.609994825589603352e+03 1.212309791098593825e+00 2.758343960341717166e-02
8.618604820415195718e+03 1.228427037514405296e+00 3.634858890620735333e-02
8.627223425235613831e+03 1.232022043810622636e+00 4.889139524517854135e-02
8.635850648660851220e+03 1.221142241789012317e+00 6.647953947559519239e-02
