# starting wavelength: 3152.520
# ending wavelength: 10375.400
# wav flux eflux
3.153225454340461056e+03 -7.555531438473257033e+00 4.121722531119496935e+00
3.156378679794802792e+03 -3.625516951283171085e+00 2.984692661139284997e+00
3.159535058474598372e+03 -1.170981330164672762e+00 2.320104158142477058e+00
3.162694593533074112e+03 4.096931605270472954e-01 1.789181167827659014e+00
3.165857288126608182e+03 1.267347276042583459e+00 1.430192854813013392e+00
3.169023145414736064e+03 1.777208615645361256e+00 1.157768689115522776e+00
3.172192168560151458e+03 2.027220674357647301e+00 9.457002953496923547e-01
3.175364360728712654e+03 2.109776237770412788e+00 7.785849460405840361e-01
3.178539725089442527e+03 2.080881703237455582e+00 6.629061358155797778e-01
3.181718264814533086e+03 1.960713534502455557e+00 5.630215260388712339e-01
3.184899983079348658e+03 1.875461616875035098e+00 5.117802839247065361e-01
3.188084883062429071e+03 1.732123121710495095e+00 4.589407691997837713e-01
3.191272967945492383e+03 1.621145773100532761e+00 4.225817703558475413e-01
3.194464240913438971e+03 1.495658523569636245e+00 3.930605523852339633e-01
3.197658705154353811e+03 1.309141909359198941e+00 3.675882244635240159e-01
3.200856363859509202e+03 1.238478878757960366e+00 3.561800627654139184e-01
3.204057220223369768e+03 1.152829546235375702e+00 3.470792406628368520e-01
3.207261277443593826e+03 1.118437026661891709e+00 3.377707735954504908e-01
3.210468538721038840e+03 1.050294041466875772e+00 3.333451426062483680e-01
3.213679007259760965e+03 1.021155201030757853e+00 3.276940258500452563e-01
3.216892686267021418e+03 1.330746691981594232e+00 1.903617108462966612e-01
3.220109578953289656e+03 1.358545479829235569e+00 1.899255983454070096e-01
3.223329688532243836e+03 1.240976922371488156e+00 1.921164888248043379e-01
3.226553018220777176e+03 1.298495039698565057e+00 1.791085099660371938e-01
3.229779571238999324e+03 1.332642053542056448e+00 1.755052209210841430e-01
3.233009350810239084e+03 1.340362466521109797e+00 1.751061027418507055e-01
3.236242360161050783e+03 1.236358588497531441e+00 1.696064908979262043e-01
3.239478602521212906e+03 1.266463737984684146e+00 1.693363607499018819e-01
3.242718081123734919e+03 1.294271822580841613e+00 1.683256455610311064e-01
3.245960799204859995e+03 1.363760630767433479e+00 1.617613131177300934e-01
3.249206760004065927e+03 1.341872187858752286e+00 1.614135962197090490e-01
3.252455966764071036e+03 1.350901322083883027e+00 1.584312826407595076e-01
3.255708422730835991e+03 1.373098362056426547e+00 1.543150504141206913e-01
3.258964131153567905e+03 1.375380338777600464e+00 1.547759797862564013e-01
3.262223095284722604e+03 1.405379646866529164e+00 1.530387021349851329e-01
3.265485318380008266e+03 1.375140101220410971e+00 1.547192527497747994e-01
3.268750803698389518e+03 1.416792124249496299e+00 1.435924928704893078e-01
3.272019554502088795e+03 1.388896182699613124e+00 1.454308069184477581e-01
3.275291574056592253e+03 1.347968411490593654e+00 1.435950296787069924e-01
3.278566865630649772e+03 1.338402685797126512e+00 1.334334116658556502e-01
3.281845432496281319e+03 1.361291391689849029e+00 1.323683543931057915e-01
3.285127277928778767e+03 1.345258353380595739e+00 1.311035515928068440e-01
3.288412405206708627e+03 1.365724494777021070e+00 1.319006435626644824e-01
3.291700817611916591e+03 1.365200986671043948e+00 1.282005068380335233e-01
3.294992518429529355e+03 1.386746999843950334e+00 1.275202733783073750e-01
3.298287510947960072e+03 1.359586397956754622e+00 1.288217429445547568e-01
3.301585798458909267e+03 1.381752938951961163e+00 1.242239211584574704e-01
3.304887384257369376e+03 1.328810303808553694e+00 1.217852212586361671e-01
3.308192271641627485e+03 1.295954389281774199e+00 1.278641705852154309e-01
3.311500463913270323e+03 1.276605824222079466e+00 1.268364655743123015e-01
3.314811964377184722e+03 1.233011349710707583e+00 1.227581263516380333e-01
3.318126776341563072e+03 1.231268357487044662e+00 1.207934194165417863e-01
3.321444903117905596e+03 1.281963592124175655e+00 1.095804999054257184e-01
3.324766348021024896e+03 1.275177429180663458e+00 1.095175060166397596e-01
3.328091114369046863e+03 1.269646458440620185e+00 1.108472840459569508e-01
3.331419205483417045e+03 1.247420198818598891e+00 1.086973178290613767e-01
3.334750624688901553e+03 1.262749104146685841e+00 1.093126034090779741e-01
3.338085375313591612e+03 1.237955078183179403e+00 1.053376554599470133e-01
3.341423460688906289e+03 1.242272030364861335e+00 9.689554733045400992e-02
3.344764884149596128e+03 1.249013669154067641e+00 8.814061673291694043e-02
3.348109649033746791e+03 1.209815231876733232e+00 8.479905066427570470e-02
3.351457758682781787e+03 1.176162365137183086e+00 8.300551623296235915e-02
3.354809216441465651e+03 1.181775584202918949e+00 7.926055870192547093e-02
3.358164025657908041e+03 1.150347457374036875e+00 8.266404139244823424e-02
3.361522189683567376e+03 1.149567095211833534e+00 8.110720321727957205e-02
3.364883711873251741e+03 1.151989280927550263e+00 8.092953033142157027e-02
3.368248595585126168e+03 1.158464080327368473e+00 8.218050925257226746e-02
3.371616844180712633e+03 1.183919835780630869e+00 8.163942868359902461e-02
3.374988461024894150e+03 1.199805824309698954e+00 7.967171827295162212e-02
3.378363449485920228e+03 1.207814400360782248e+00 7.822620555354145577e-02
3.381741812935407324e+03 1.197949094190171593e+00 7.777876068012314070e-02
3.385123554748343849e+03 1.180464132061304516e+00 7.280481105594488467e-02
3.388508678303093347e+03 1.185042121488420364e+00 7.291538719165410742e-02
3.391897186981397681e+03 1.180893857274321057e+00 7.323832447723606365e-02
3.395289084168380214e+03 1.178151026335353624e+00 7.434215947628432242e-02
3.398684373252549449e+03 1.208789109735377121e+00 7.784379035154070925e-02
3.402083057625803121e+03 1.201796556420870132e+00 7.609631501419582278e-02
3.405485140683430018e+03 1.232597592211776005e+00 7.461339952350899696e-02
3.408890625824114522e+03 1.207819220692087248e+00 7.800039807217958032e-02
3.412299516449939802e+03 1.199360092271845479e+00 7.784892690993726327e-02
3.415711815966390986e+03 1.202493068931330455e+00 7.865821372326001204e-02
3.419127527782358356e+03 1.179537678124609412e+00 7.786385062422512826e-02
3.422546655310141887e+03 1.215931642228763154e+00 6.617456143120531431e-02
3.425969201965453522e+03 1.196488172934492722e+00 6.857736911672186741e-02
3.429395171167419903e+03 1.180535809466325636e+00 6.834729591763538670e-02
3.432824566338588284e+03 1.171646609500334613e+00 6.832311566864787689e-02
3.436257390904928343e+03 1.128158799059793660e+00 6.215371078123457099e-02
3.439693648295834464e+03 1.127866341966102137e+00 5.970266851070630404e-02
3.443133341944131189e+03 1.157233232977738613e+00 6.144461251196942086e-02
3.446576475286076402e+03 1.171107482424989188e+00 6.063202561100518306e-02
3.450023051761363604e+03 1.179057544664893653e+00 6.049268918428773317e-02
3.453473074813126004e+03 1.201467546342824599e+00 5.777918719387108160e-02
3.456926547887940615e+03 1.211894296230940915e+00 5.931926716238779262e-02
3.460383474435829612e+03 1.240831233515561571e+00 6.096132926240879768e-02
3.463843857910266706e+03 1.229869475451763394e+00 6.021577968978823053e-02
3.467307701768178049e+03 1.208395589435047102e+00 6.029712364432694705e-02
3.470775009469947236e+03 1.231205930845380436e+00 6.050726020185669130e-02
3.474245784479418489e+03 1.197523855745643573e+00 6.351474675371336642e-02
3.477720030263898934e+03 1.192849754188869627e+00 6.355285002530250416e-02
3.481197750294164052e+03 1.189206373055075261e+00 6.346667896984556356e-02
3.484678948044459503e+03 1.196165302891093685e+00 6.430527425654482265e-02
3.488163626992504760e+03 1.220149240804426105e+00 7.021032345527644658e-02
3.491651790619498570e+03 1.218143191509138523e+00 7.005397272272152753e-02
3.495143442410119405e+03 1.187947774504517717e+00 7.061969677199279871e-02
3.498638585852530468e+03 1.152880200434223124e+00 7.378476007851861307e-02
3.502137224438384237e+03 1.152448254025895569e+00 7.401776193777097335e-02
3.505639361662823831e+03 1.159720952520113757e+00 7.142384701596544982e-02
3.509145001024487556e+03 1.151628204645307685e+00 7.012039925410043506e-02
3.512654146025513455e+03 1.128132437268767552e+00 7.023850373242847278e-02
3.516166800171540217e+03 1.099742365984625936e+00 6.977130061225840507e-02
3.519682966971712631e+03 1.118359779896372030e+00 6.628880212491077006e-02
3.523202649938685681e+03 1.123330372486150752e+00 6.488372072784094613e-02
3.526725852588625457e+03 1.127949969850502443e+00 6.623172556709751302e-02
3.530252578441215064e+03 1.106842888178719564e+00 6.532488783740586502e-02
3.533782831019657806e+03 1.101809189259280286e+00 6.492138642668801585e-02
3.537316613850678550e+03 1.087820254524035413e+00 6.470117828484425737e-02
3.540853930464530094e+03 1.069921476333983046e+00 6.467624398013319120e-02
3.544394784394995895e+03 1.060311842982712749e+00 6.447157337833094026e-02
3.547939179179392340e+03 1.066699804313463673e+00 6.504323505471905353e-02
3.551487118358572843e+03 1.048418392045328718e+00 6.691876576623113915e-02
3.555038605476932389e+03 1.037179201251420047e+00 6.682803521906584276e-02
3.558593644082410719e+03 1.013391581370392647e+00 6.590187893361511284e-02
3.562152237726494150e+03 1.017903593953592534e+00 6.614665232474835344e-02
3.565714389964221937e+03 1.004345716972740110e+00 6.771257749772713330e-02
3.569280104354187188e+03 9.891347489359919587e-01 6.620325620417727430e-02
3.572849384458542772e+03 1.013678827050874087e+00 6.861273917625629326e-02
3.576422233843002232e+03 1.022318549931989784e+00 6.944469769998436182e-02
3.579998656076846601e+03 1.043170018103540375e+00 6.930721965841997456e-02
3.583578654732924406e+03 1.067843839673731532e+00 6.867930110076686523e-02
3.587162233387658489e+03 1.133814215910087464e+00 6.712224816446632492e-02
3.590749395621047370e+03 1.173925045415469270e+00 6.521412059946046780e-02
3.594340145016669794e+03 1.164286598639969528e+00 6.094772386759088334e-02
3.597934485161687462e+03 1.161793800790989151e+00 6.089187244259196968e-02
3.601532419646850485e+03 1.163421565604336072e+00 6.053483733154890745e-02
3.605133952066498296e+03 1.150553855666338610e+00 6.069297370402269159e-02
3.608739086018566013e+03 1.149769342280051898e+00 5.988065824871710574e-02
3.612347825104585809e+03 1.107721024124938669e+00 5.966467840248638327e-02
3.615960172929691907e+03 1.040304708145614265e+00 6.031775185437807107e-02
3.619576133102622407e+03 1.000887976772171895e+00 5.994560646507700319e-02
3.623195709235726554e+03 9.818756427619653726e-01 5.981490752679792522e-02
3.626818904944963379e+03 9.407663426402946838e-01 5.980119868705868758e-02
3.630445723849909427e+03 9.138445278352558265e-01 5.924398547796064229e-02
3.634076169573760581e+03 9.220834923989981169e-01 6.115131907415335966e-02
3.637710245743335690e+03 9.118522478269281972e-01 5.971503588754951269e-02
3.641347955989080219e+03 9.394324880528726052e-01 6.270863977680053714e-02
3.644989303945070333e+03 9.692757733549527410e-01 5.937698854923426084e-02
3.648634293249016537e+03 9.722910024381579142e-01 5.885600582784808465e-02
3.652282927542266862e+03 9.914927308516311433e-01 5.788841030704891533e-02
3.655935210469810499e+03 1.012565519061397357e+00 6.006077694245889886e-02
3.659591145680281443e+03 1.032819056319506545e+00 6.106032752003159869e-02
3.663250736825963031e+03 1.028424050418606406e+00 5.732151967833259976e-02
3.666913987562790226e+03 1.038901537767158878e+00 5.703250960492683985e-02
3.670580901550354156e+03 1.053591820991843786e+00 5.462902261528526648e-02
3.674251482451905758e+03 1.044152035567833536e+00 4.851480019047599984e-02
3.677925733934358959e+03 1.043718801432809373e+00 4.780118959452993310e-02
3.681603659668294313e+03 1.062839454782146253e+00 4.709422233153191112e-02
3.685285263327964003e+03 1.066211870316676524e+00 4.562057895517315081e-02
3.688970548591293209e+03 1.070026537532628996e+00 4.528166095471594654e-02
3.692659519139885560e+03 1.055877161006762766e+00 4.492482976773283510e-02
3.696352178659026777e+03 1.054855289655038719e+00 4.440720123366546923e-02
3.700048530837686940e+03 1.056532122572983790e+00 4.368045940322316800e-02
3.703748579368525952e+03 1.052800624926298445e+00 4.174696620247449197e-02
3.707452327947895355e+03 1.031860055899417761e+00 4.076695005720805398e-02
3.711159780275844696e+03 1.040025660943059593e+00 4.162023379953274510e-02
3.714870940056121526e+03 1.054530980926037032e+00 4.196235332599924234e-02
3.718585810996179134e+03 1.049194085228417395e+00 4.029778572147661025e-02
3.722304396807176545e+03 1.086752916254127621e+00 4.023418816570428769e-02
3.726026701203984885e+03 1.115555779346383725e+00 4.002394805440388087e-02
3.729752727905190113e+03 1.131321064468053583e+00 3.980278012372248653e-02
3.733482480633096657e+03 1.167694624459628461e+00 3.599673005353112160e-02
3.737215963113731050e+03 1.163693888260891818e+00 3.484305320656404942e-02
3.740953179076846027e+03 1.149273712669515835e+00 3.658182785890028849e-02
3.744694132255923705e+03 1.145523057723763172e+00 3.668929716410030545e-02
3.748438826388181042e+03 1.127382371335220235e+00 3.262771831096242942e-02
3.752187265214570289e+03 1.085696971846915826e+00 3.279651472927890693e-02
3.755939452479786269e+03 1.058467582192695655e+00 3.210957027092874172e-02
3.759695391932267285e+03 1.030599076152099558e+00 3.251825224336393760e-02
3.763455087324201031e+03 9.968205103919260957e-01 3.287343949181025654e-02
3.767218542411526414e+03 9.685681221648820838e-01 3.265535334336502893e-02
3.770985760953939007e+03 9.313010413909210694e-01 3.231594268156377098e-02
3.774756746714894234e+03 8.838961618180559698e-01 3.580155244327338365e-02
3.778531503461610555e+03 8.317370047846073255e-01 3.912520917963545342e-02
3.782310034965073100e+03 8.021511847909503778e-01 3.884098378722513484e-02
3.786092345000039586e+03 7.672712061404046713e-01 3.885392600353937409e-02
3.789878437345040766e+03 7.384574103508823040e-01 3.760887595371643216e-02
3.793668315782387253e+03 6.986825067746242901e-01 3.534841961853577019e-02
3.797461984098170888e+03 6.982877690503435097e-01 3.560315740317862576e-02
3.801259446082270188e+03 7.021244528587988754e-01 3.598609005062892996e-02
3.805060705528353537e+03 7.228667223779484674e-01 3.847712437568451271e-02
3.808865766233883278e+03 7.468791030589350122e-01 4.093084376127848617e-02
3.812674632000118436e+03 7.486206202158635081e-01 4.022029192194946645e-02
3.816487306632119726e+03 7.496757410436630797e-01 4.104077304951223720e-02
3.820303793938753188e+03 7.587242865673191616e-01 4.181040729948948265e-02
3.824124097732693372e+03 7.384609961631738440e-01 4.162604694330043070e-02
3.827948221830427428e+03 7.645185056507545207e-01 4.349921337496347185e-02
3.831776170052258749e+03 7.747076690628097451e-01 4.044288537916047865e-02
3.835607946222312421e+03 7.877091663739099747e-01 4.105594611063181909e-02
3.839443554168536139e+03 8.411246178036906329e-01 4.139146535721067305e-02
3.843282997722705659e+03 9.142276486922117362e-01 4.219604725581636850e-02
3.847126280720429804e+03 9.888348453344958378e-01 4.216650461164821173e-02
3.850973407001151372e+03 1.084103741891236039e+00 4.283475219271400125e-02
3.854824380408153957e+03 1.129628315480017742e+00 4.220533201032695275e-02
3.858679204788563311e+03 1.204705593634569860e+00 3.994553852904207669e-02
3.862537883993353262e+03 1.248665360455585294e+00 3.886262793681199978e-02
3.866400421877347981e+03 1.220610682800420843e+00 4.655090661716266426e-02
3.870266822299226533e+03 1.178080024675356885e+00 4.505773684481995112e-02
3.874137089121526969e+03 1.133638488565191116e+00 4.336492674545065068e-02
3.878011226210649966e+03 1.090173140898961668e+00 4.305279980130773815e-02
3.881889237436861549e+03 1.058183443386710110e+00 4.431791694137778709e-02
3.885771126674299921e+03 1.053797386112544254e+00 4.540318397452292043e-02
3.889656897800975457e+03 1.064842646200619081e+00 4.472916623497010663e-02
3.893546554698777527e+03 1.081237171155306376e+00 4.545249723471282699e-02
3.897440101253477678e+03 1.111358077773594299e+00 4.556330639617257178e-02
3.901337541354732366e+03 1.143180481640701407e+00 4.585270816158431434e-02
3.905238878896088409e+03 1.204220819796532949e+00 3.762481370435862699e-02
3.909144117774985716e+03 1.225423386478542875e+00 3.825332965112940992e-02
3.913053261892762293e+03 1.232726375053923684e+00 3.878879512876563795e-02
3.916966315154656058e+03 1.252161866465631546e+00 3.843656954520860425e-02
3.920883281469812118e+03 1.268958044527112472e+00 3.852133799146319204e-02
3.924804164751283224e+03 1.280398432081659710e+00 3.697672859749291663e-02
3.928728968916035683e+03 1.291156949160912282e+00 3.508500338102760879e-02
3.932657697884953450e+03 1.326049524533433388e+00 3.127934227162699338e-02
3.936590355582839493e+03 1.373675665194299178e+00 3.061230047630629156e-02
3.940526945938423523e+03 1.401350449017866540e+00 3.066700502149511537e-02
3.944467472884363360e+03 1.420605519844329256e+00 2.548060633151928711e-02
3.948411940357249023e+03 1.434985821609916723e+00 2.477123270787345150e-02
3.952360352297607733e+03 1.473346079140140708e+00 4.906125440655810521e-02
3.956312712649906643e+03 1.409854426647950021e+00 6.036029311562520622e-02
3.960269025362557841e+03 1.347082180615140290e+00 6.696770828175205303e-02
3.964229294387921527e+03 1.357064419390459964e+00 6.669667913773216772e-02
3.968193523682310570e+03 1.380269943293283008e+00 6.543883765424238219e-02
3.972161717205994591e+03 1.428410112008862809e+00 6.567716021167817331e-02
3.976133878923201792e+03 1.510110178999597208e+00 6.827233847157716806e-02
3.980110012802126221e+03 1.597640391425120265e+00 7.010486249301890738e-02
3.984090122814929600e+03 1.677764255629604406e+00 7.030765770634128664e-02
3.988074212937745870e+03 1.706048216344756563e+00 7.477327870030496537e-02
3.992062287150684824e+03 1.740428042917701479e+00 7.422655440411021766e-02
3.996054349437837118e+03 1.725067559699571040e+00 7.648813652702871058e-02
4.000050403787276082e+03 1.737033387638664328e+00 7.846454442435893406e-02
4.004050454191064546e+03 1.635959463470709974e+00 8.579606974213194182e-02
4.008054504645257111e+03 1.540488713720671532e+00 8.622869799439847327e-02
4.012062559149903791e+03 1.481569109632253634e+00 8.404731048878724686e-02
4.016074621709055009e+03 1.443391291328064652e+00 8.318788530677599657e-02
4.020090696330765240e+03 1.425318340917014259e+00 8.335764618164347162e-02
4.024110787027097558e+03 1.440304070425314054e+00 8.511197698924725941e-02
4.028134897814125907e+03 1.505852082757047183e+00 7.450241700797394229e-02
4.032163032711941469e+03 1.523923497701769714e+00 5.883551246760638370e-02
4.036195195744654484e+03 1.507630058954883889e+00 5.669563294460310682e-02
4.040231390940400615e+03 1.516809574957800999e+00 5.652813269158791371e-02
4.044271622331342314e+03 1.506963152570631514e+00 5.693772838998441277e-02
4.048315893953675186e+03 1.511208374913823649e+00 5.645475521749439979e-02
4.052364209847629809e+03 1.514898514241567629e+00 5.635368876178831893e-02
4.056416574057479011e+03 1.506056633847620896e+00 5.656575601162058820e-02
4.060472990631537868e+03 1.521513627148054493e+00 5.768347812526211649e-02
4.064533463622170530e+03 1.523818457043528918e+00 5.733148478228200506e-02
4.068597997085794304e+03 1.506038812774421531e+00 5.150181839577760295e-02
4.072666595082881486e+03 1.517182490129037165e+00 5.018972201701517311e-02
4.076739261677965715e+03 1.533324270030001157e+00 4.068909648933467099e-02
4.080816000939644709e+03 1.498621663794260428e+00 3.015300487644437602e-02
4.084896816940585722e+03 1.464869570074926131e+00 2.719806832109374420e-02
4.088981713757527814e+03 1.431427507900946638e+00 2.659712047577919569e-02
4.093070695471286854e+03 1.394909708146880201e+00 2.598902480757030523e-02
4.097163766166759160e+03 1.373113394467881498e+00 2.555583737489182383e-02
4.101260929932927866e+03 1.373252020494405867e+00 2.624270465718552339e-02
4.105362190862862008e+03 1.385786753382466374e+00 2.619542964692210540e-02
4.109467553053726078e+03 1.408259968217661751e+00 2.838884191301360368e-02
4.113577020606780934e+03 1.426731079697461713e+00 2.787357144076795315e-02
4.117690597627389252e+03 1.441454387324806241e+00 2.751342241293053617e-02
4.121808288225018259e+03 1.442004042925735252e+00 2.745933276694964911e-02
4.125930096513244280e+03 1.437865825037488277e+00 2.812128777025048321e-02
4.130056026609759101e+03 1.438627177842825455e+00 2.813641544092294541e-02
4.134186082636369974e+03 1.421237993329507621e+00 2.506820014134912913e-02
4.138320268719007800e+03 1.427205152920293818e+00 2.426856317558689219e-02
4.142458588987728035e+03 1.424383871430767057e+00 2.381064935247494477e-02
4.146601047576717065e+03 1.410688754742856377e+00 2.134462928594032388e-02
4.150747648624294925e+03 1.420044065326697913e+00 2.027692039147864847e-02
4.154898396272920763e+03 1.422861381438147443e+00 1.989822616183951204e-02
4.159053294669195566e+03 1.434720943581209385e+00 1.965104295109422472e-02
4.163212347963865795e+03 1.450273171168074082e+00 1.833454157476591823e-02
4.167375560311830668e+03 1.450317720663156784e+00 1.881904149480028571e-02
4.171542935872143971e+03 1.449928453723724031e+00 1.926954144740308447e-02
4.175714478808017702e+03 1.450463899423734881e+00 1.874605005017563816e-02
4.179890193286827525e+03 1.454229225779921197e+00 1.886572252867775579e-02
4.184070083480115500e+03 1.435367659621801018e+00 1.639127023207420653e-02
4.188254153563597356e+03 1.427236550211318677e+00 1.634059387506656136e-02
4.192442407717161586e+03 1.433791951677814369e+00 1.790506097303379979e-02
4.196634850124880359e+03 1.428045923800523864e+00 1.725751603447038887e-02
4.200831484975006788e+03 1.409381315590128692e+00 2.116761594676123612e-02
4.205032316459983122e+03 1.405583890350373677e+00 2.202207344441452219e-02
4.209237348776444378e+03 1.413524911050582533e+00 2.486150294381966885e-02
4.213446586125221984e+03 1.397886535136972697e+00 2.631612970927804662e-02
4.217660032711349231e+03 1.374919549873514724e+00 3.013579799214935809e-02
4.221877692744061278e+03 1.379125914331869707e+00 3.049378506458015267e-02
4.226099570436806971e+03 1.379802663194535928e+00 3.170398303598770395e-02
4.230325670007245208e+03 1.370115529925676423e+00 3.183599317455687583e-02
4.234555995677254032e+03 1.379918411700223224e+00 3.274758780390680385e-02
4.238790551672932452e+03 1.392255776999009820e+00 3.287809490953098879e-02
4.243029342224606808e+03 1.394769746845838210e+00 3.342101527046704990e-02
4.247272371566832589e+03 1.402204704190242568e+00 3.401440595288259677e-02
4.251519643938400804e+03 1.408154749977846176e+00 3.436416958695948098e-02
4.255771163582340705e+03 1.419935641677687821e+00 3.442038810316109393e-02
4.260026934745924336e+03 1.437383083446503340e+00 3.451255889665134219e-02
4.264286961680671993e+03 1.438664272159107860e+00 3.432834811529159730e-02
4.268551248642354039e+03 1.438247496145890203e+00 3.418687542160309817e-02
4.272819799890998183e+03 1.451313198638586099e+00 3.414086090361979214e-02
4.277092619690890388e+03 1.446539646789225975e+00 3.335988467956005343e-02
4.281369712310583054e+03 1.446066626492957585e+00 3.197651472243252802e-02
4.285651082022895025e+03 1.461756674270558110e+00 3.065608604136796367e-02
4.289936733104918858e+03 1.495938363253342285e+00 2.829989832851023679e-02
4.294226669838025373e+03 1.504244536166732482e+00 2.799099477903738836e-02
4.298520896507864563e+03 1.493275256855815192e+00 2.850879031222880097e-02
4.302819417404373780e+03 1.504564394550393036e+00 2.562978113625559787e-02
4.307122236821779552e+03 1.530279022346925810e+00 2.536238483666052729e-02
4.311429359058603040e+03 1.556237710185176981e+00 2.572185548872462507e-02
4.315740788417662770e+03 1.575747799167871444e+00 2.617186317723315184e-02
4.320056529206081905e+03 1.612153945711419789e+00 2.656734623208431567e-02
4.324376585735290064e+03 1.631749060224499726e+00 2.855518215311237534e-02
4.328700962321026054e+03 1.630111770770230617e+00 2.787889702247468848e-02
4.333029663283348782e+03 1.632189879486029227e+00 2.765261863867453720e-02
4.337362692946633615e+03 1.608053487128734416e+00 2.894244288311104835e-02
4.341700055639581478e+03 1.599634286483789136e+00 2.891368932712588477e-02
4.346041755695222491e+03 1.590509983312563325e+00 2.847449560758938056e-02
4.350387797450919606e+03 1.585751700645961604e+00 2.796271035554118503e-02
4.354738185248371337e+03 1.576579517272820530e+00 2.757582950792366802e-02
4.359092923433621763e+03 1.565641843164486957e+00 2.768185498996377988e-02
4.363452016357056891e+03 1.558699196611399662e+00 2.790802502842196567e-02
4.367815468373414660e+03 1.566376751752404761e+00 2.799910325330476693e-02
4.372183283841789489e+03 1.599699014765425975e+00 2.656145052728725239e-02
4.376555467125633186e+03 1.615880938566041980e+00 2.598389087494189578e-02
4.380932022592760404e+03 1.623808456323489136e+00 2.512259370569346756e-02
4.385312954615354101e+03 1.617617045423034527e+00 2.452579877804226746e-02
4.389698267569970994e+03 1.599205170164378131e+00 2.437951712512318250e-02
4.394087965837542470e+03 1.583461411487107728e+00 2.633610182164302857e-02
4.398482053803381859e+03 1.563792859284200087e+00 2.245027448176356924e-02
4.402880535857186260e+03 1.574162886583589271e+00 2.209611079592891172e-02
4.407283416393044718e+03 1.597024778191593386e+00 2.171381155450918810e-02
4.411690699809440048e+03 1.610791343142103038e+00 2.125105213022288400e-02
4.416102390509250654e+03 1.625890681071955335e+00 2.166022253585894730e-02
4.420518492899761441e+03 1.629684578567141218e+00 2.000045808988944879e-02
4.424939011392662906e+03 1.649337347345921190e+00 1.973227677112066036e-02
4.429363950404056595e+03 1.678777960026752059e+00 2.053529974907275860e-02
4.433793314354462382e+03 1.693873676860015109e+00 2.114956732553034333e-02
4.438227107668818462e+03 1.710624435861202830e+00 2.023616791851996083e-02
4.442665334776488635e+03 1.708663634043129154e+00 2.055367513849284261e-02
4.447108000111265937e+03 1.697786790663525780e+00 1.864302458312070213e-02
4.451555108111379013e+03 1.675045716412941754e+00 1.835281053342795871e-02
4.456006663219492111e+03 1.656683058441678069e+00 1.848217579211959560e-02
4.460462669882713271e+03 1.647969897944514317e+00 1.861782600609301550e-02
4.464923132552597053e+03 1.623711997888617642e+00 1.985943019017828021e-02
4.469388055685150903e+03 1.617455698223399185e+00 1.992926171089801426e-02
4.473857443740837880e+03 1.618569382222828423e+00 2.063694006579758558e-02
4.478331301184580298e+03 1.598377110495285303e+00 1.991284672512524251e-02
4.482809632485766087e+03 1.594737344098731580e+00 1.917829632746413313e-02
4.487292442118253348e+03 1.592026907181011364e+00 1.930242669649227458e-02
4.491779734560373072e+03 1.590631688396352716e+00 1.856679017412988381e-02
4.496271514294934605e+03 1.587202531575599984e+00 1.827156699705140275e-02
4.500767785809231100e+03 1.583557836782359063e+00 1.851111832780285432e-02
4.505268553595042249e+03 1.588004364946188796e+00 1.851817326828241600e-02
4.509773822148638828e+03 1.587877606956833221e+00 1.902668310413725347e-02
4.514283595970789065e+03 1.587992957840591135e+00 2.203241415873479978e-02
4.518797879566761367e+03 1.615009571915930753e+00 2.251007873921355776e-02
4.523316677446328868e+03 1.626204247547366366e+00 2.153449029293690378e-02
4.527839994123776705e+03 1.661547794147936408e+00 2.226159995302020786e-02
4.532367834117902021e+03 1.708170108038321144e+00 2.190289271781981073e-02
4.536900201952022144e+03 1.748839543411698338e+00 2.294573800841434238e-02
4.541437102153975502e+03 1.783535907937994880e+00 2.295955553967050922e-02
4.545978539256130716e+03 1.811969683435379563e+00 2.217178244971079737e-02
4.550524517795388419e+03 1.822338738509986733e+00 2.103475436830945511e-02
4.555075042313184895e+03 1.828877780699051714e+00 2.186885196576654478e-02
4.559630117355500261e+03 1.837440650468998404e+00 2.174270533634324598e-02
4.564189747472856652e+03 1.823061082021837365e+00 2.223136737825212594e-02
4.568753937220330954e+03 1.814029868975352899e+00 2.219341188414232502e-02
4.573322691157552981e+03 1.805501248806797188e+00 2.207299193969409004e-02
4.577896013848711846e+03 1.796398419190597062e+00 2.164691883367753089e-02
4.582473909862562323e+03 1.789279987066314304e+00 2.183085463889253633e-02
4.587056383772426670e+03 1.784296149961364986e+00 2.185113350065045687e-02
4.591643440156200086e+03 1.786455910831407756e+00 2.057082569089363142e-02
4.596235083596357981e+03 1.784310656371835169e+00 2.008425850757060080e-02
4.600831318679955984e+03 1.760975194234071450e+00 1.905138957237308833e-02
4.605432149998637215e+03 1.767039900649712614e+00 1.818661142057921912e-02
4.610037582148637739e+03 1.773062134343525109e+00 1.891616110396292585e-02
4.614647619730787483e+03 1.782154194523474011e+00 1.853036147880090731e-02
4.619262267350520233e+03 1.781994393338200533e+00 1.816002368612220849e-02
4.623881529617872729e+03 1.788519358756207822e+00 1.993102457415241169e-02
4.628505411147491941e+03 1.781898491311874944e+00 1.983636706521561127e-02
4.633133916558640522e+03 1.779606981113361241e+00 1.909735458766353977e-02
4.637767050475200449e+03 1.770747946986347410e+00 1.965098387617992062e-02
4.642404817525677572e+03 1.754931161217186064e+00 2.007553112973126108e-02
4.647047222343205249e+03 1.744385100041472070e+00 1.857452207021422289e-02
4.651694269565549803e+03 1.715575221222791047e+00 1.912253493590101647e-02
4.656345963835116891e+03 1.677734780318175245e+00 1.950705144111456249e-02
4.661002309798953320e+03 1.647744494209578248e+00 1.868727039121133998e-02
4.665663312108753416e+03 1.624435924516583141e+00 1.871908230441308649e-02
4.670328975420864481e+03 1.616836685352787351e+00 2.048857719317580608e-02
4.674999304396286789e+03 1.601503238449657474e+00 2.046362016741912204e-02
4.679674303700684504e+03 1.586930881241546576e+00 2.063394903028138369e-02
4.684353978004386590e+03 1.586141958168773014e+00 2.045128536099500779e-02
4.689038331982392265e+03 1.565685255566093836e+00 2.006906830930999669e-02
4.693727370314376458e+03 1.565477256317763466e+00 2.147706504589726520e-02
4.698421097684692540e+03 1.564262532236826431e+00 2.024885256526919725e-02
4.703119518782378691e+03 1.545981605116116375e+00 2.081004015727424064e-02
4.707822638301162442e+03 1.523366380417973787e+00 2.050469299125361536e-02
4.712530460939465229e+03 1.501739647328821148e+00 2.124593753345103628e-02
4.717242991400406027e+03 1.474789302651833944e+00 1.995940630885936068e-02
4.721960234391808626e+03 1.462361517036893988e+00 1.956713814002092322e-02
4.726682194626201635e+03 1.447040010281429812e+00 1.962018696948280780e-02
4.731408876820829391e+03 1.450962259184808367e+00 2.128427369420876972e-02
4.736140285697651962e+03 1.454149333596638671e+00 2.077264322421588233e-02
4.740876425983350600e+03 1.453898231673725450e+00 2.071960890210661904e-02
4.745617302409335934e+03 1.447298751612874801e+00 1.981817185916187607e-02
4.750362919711747054e+03 1.439896657205969044e+00 2.048540984654507666e-02
4.755113282631459697e+03 1.432398145280833202e+00 2.083318121272816417e-02
4.759868395914093526e+03 1.442867982670405613e+00 2.047239128006916875e-02
4.764628264310008490e+03 1.444061425482222161e+00 2.001902126152593428e-02
4.769392892574320285e+03 1.447569873198294221e+00 1.954187254456065531e-02
4.774162285466896719e+03 1.443301672140517411e+00 1.948966072330905741e-02
4.778936447752364984e+03 1.439831027871224300e+00 1.923040886358048929e-02
4.783715384200118933e+03 1.445378704304497886e+00 1.823672558972125671e-02
4.788499099584319993e+03 1.446262559993160002e+00 1.816640059546029834e-02
4.793287598683906253e+03 1.444292358328203685e+00 1.873510345982936851e-02
4.798080886282591564e+03 1.443149089333480628e+00 1.833138221765957809e-02
4.802878967168876443e+03 1.443266114948840384e+00 1.814178980932017529e-02
4.807681846136046261e+03 1.436319874292158794e+00 1.836223478140332210e-02
4.812489527982183972e+03 1.432708656602314168e+00 1.974091041718427017e-02
4.817302017510168298e+03 1.413023555337090009e+00 1.936973171868531032e-02
4.822119319527679181e+03 1.410488367170834589e+00 1.817867277738398346e-02
4.826941438847208701e+03 1.401942030449316201e+00 1.750695366834301506e-02
4.831768380286057436e+03 1.384398435618389156e+00 1.855820757805815360e-02
4.836600148666345376e+03 1.373189233360671224e+00 1.862281762892835021e-02
4.841436748815013743e+03 1.350941386527716670e+00 1.868338236501771929e-02
4.846278185563829538e+03 1.321129962759044929e+00 1.724611471327025178e-02
4.851124463749395545e+03 1.306978638237121348e+00 1.720492717727228199e-02
4.855975588213146693e+03 1.306566668468773118e+00 1.712031076959967882e-02
4.860831563801360971e+03 1.314066873871458485e+00 1.710304899087087757e-02
4.865692395365163975e+03 1.323112370853295028e+00 1.698667393046607993e-02
4.870558087760530725e+03 1.348934436276341797e+00 1.695515702483787329e-02
4.875428645848292945e+03 1.377034213445873290e+00 1.701647036147801995e-02
4.880304074494142696e+03 1.409384799173806657e+00 1.643462385866897857e-02
4.885184378568638749e+03 1.433969122049181921e+00 1.661934584756690966e-02
4.890069562947209306e+03 1.457230185884618390e+00 1.695728987186383499e-02
4.894959632510157462e+03 1.461815961686308896e+00 1.668679445615808138e-02
4.899854592142669389e+03 1.457320162796633678e+00 1.664218941309944175e-02
4.904754446734813428e+03 1.429807496312652138e+00 1.641334522494298023e-02
4.909659201181550088e+03 1.399870133683035700e+00 1.636686550360773665e-02
4.914568860382732964e+03 1.356916923995298729e+00 1.605460219694851073e-02
4.919483429243117826e+03 1.301164928769283691e+00 1.814626983601276208e-02
4.924402912672362618e+03 1.256981518343870174e+00 1.968413055189047536e-02
4.929327315585036558e+03 1.202898536902967219e+00 2.021677646903481673e-02
4.934256642900622865e+03 1.156342371716246875e+00 1.965485661328608691e-02
4.939190899543525120e+03 1.126395579519853918e+00 1.904788843975788876e-02
4.944130090443070912e+03 1.119290082170060874e+00 1.940349660334595577e-02
4.949074220533515472e+03 1.124569829351512951e+00 1.895513336041521751e-02
4.954023294754050767e+03 1.151999312781154305e+00 1.904781543735748622e-02
4.958977318048806410e+03 1.197987270245506997e+00 1.977331097699801601e-02
4.963936295366856939e+03 1.250227043384362302e+00 2.060105969550633798e-02
4.968900231662225451e+03 1.290494328857214157e+00 2.221806233365011124e-02
4.973869131893889062e+03 1.356812323657901720e+00 2.208149873380985465e-02
4.978843001025784361e+03 1.424237299675294111e+00 2.239753677729384995e-02
4.983821844026811959e+03 1.502724872323849992e+00 2.216032996656761359e-02
4.988805665870840130e+03 1.571957512518667333e+00 2.181883293168576654e-02
4.993794471536712990e+03 1.642563775931544345e+00 2.171162723922424528e-02
4.998788266008251412e+03 1.701690099883093721e+00 2.173160651120317755e-02
5.003787054274261209e+03 1.753519573261262732e+00 2.162785569100894589e-02
5.008790841328536771e+03 1.808920108219267631e+00 2.087883789635575776e-02
5.013799632169867436e+03 1.833459915117578776e+00 2.081042135849590219e-02
5.018813431802038394e+03 1.851919276624648170e+00 1.925455960395802343e-02
5.023832245233842514e+03 1.852920589991973843e+00 1.807653378689101295e-02
5.028856077479077612e+03 1.834041033152053357e+00 1.915813871260298867e-02
5.033884933556558281e+03 1.797205060702074864e+00 1.976248421551849918e-02
5.038918818490116792e+03 1.759144299522364507e+00 1.988505446238222896e-02
5.043957737308608557e+03 1.734435513171254550e+00 2.086556870126610522e-02
5.049001695045918495e+03 1.695540036371176784e+00 2.137332670396471790e-02
5.054050696740966487e+03 1.667983835031321638e+00 1.992653088553950069e-02
5.059104747437709193e+03 1.635231608368130196e+00 1.997234665543897933e-02
5.064163852185148244e+03 1.591542167616403658e+00 1.871233455202293838e-02
5.069228016037335692e+03 1.555303161850369431e+00 1.867452802892571526e-02
5.074297244053374015e+03 1.514300344889125682e+00 1.892066729890835505e-02
5.079371541297429758e+03 1.475969329846583911e+00 1.836273904561534775e-02
5.084450912838728073e+03 1.439061456138243766e+00 1.832454221515605886e-02
5.089535363751569093e+03 1.405861334347592750e+00 1.851000766159374006e-02
5.094624899115322478e+03 1.370808667136748538e+00 1.832554254262921609e-02
5.099719524014439230e+03 1.351496486151126719e+00 1.826709421075279130e-02
5.104819243538455339e+03 1.333464987812605695e+00 1.792940100210628149e-02
5.109924062781995417e+03 1.327936543783621692e+00 1.824405315114307688e-02
5.115033986844779065e+03 1.323775616777873365e+00 1.795767284451328313e-02
5.120149020831625421e+03 1.336425495447093326e+00 1.661468189404261345e-02
5.125269169852458617e+03 1.365006698823996834e+00 1.731551343769327511e-02
5.130394439022313236e+03 1.383873439656569060e+00 1.661602859181736391e-02
5.135524833461337039e+03 1.405101257191204489e+00 1.683736243179411590e-02
5.140660358294800062e+03 1.435406668681652675e+00 1.742877874783154216e-02
5.145801018653096435e+03 1.480600375256477585e+00 1.761829127339379492e-02
5.150946819671751655e+03 1.531334664682236335e+00 1.836971406717005997e-02
5.156097766491425318e+03 1.577945417252246463e+00 1.853614687735963620e-02
5.161253864257918394e+03 1.616608895654051636e+00 1.923745845182521161e-02
5.166415118122177773e+03 1.652260382023773566e+00 1.833139075663784909e-02
5.171581533240301724e+03 1.650346301801948856e+00 1.826864555880569965e-02
5.176753114773543530e+03 1.625783735142980468e+00 1.903303286956824561e-02
5.181929867888318768e+03 1.580938991682405703e+00 2.084285797306151961e-02
5.187111797756208944e+03 1.539347065560685790e+00 2.187609161698306909e-02
5.192298909553966951e+03 1.492518614656161313e+00 2.091381067732454163e-02
5.197491208463522526e+03 1.464981407074271491e+00 2.106212039077320561e-02
5.202688699671987706e+03 1.434850463902697992e+00 2.051211753223936701e-02
5.207891388371661378e+03 1.417747353907627073e+00 2.105299537809368279e-02
5.213099279760034733e+03 1.395755602965569553e+00 2.083045962591659889e-02
5.218312379039796724e+03 1.392982300700855713e+00 2.065113721147852216e-02
5.223530691418837705e+03 1.412831362223483600e+00 1.762333169888585099e-02
5.228754222110258524e+03 1.437119830934413089e+00 1.636590574281174965e-02
5.233982976332370527e+03 1.460030179354080637e+00 1.532885183012253419e-02
5.239216959308704645e+03 1.447800044156878130e+00 1.563898934986558686e-02
5.244456176268015042e+03 1.453770813231862746e+00 1.612874977115332648e-02
5.249700632444284565e+03 1.450449372077861510e+00 1.595999421562458581e-02
5.254950333076731113e+03 1.428468591493519124e+00 1.480138485207304483e-02
5.260205283409809454e+03 1.420505616814891736e+00 1.473115584914500530e-02
5.265465488693221232e+03 1.421222803501760890e+00 1.442886957622394051e-02
5.270730954181915877e+03 1.412286163383767112e+00 1.490611968003938484e-02
5.276001685136099695e+03 1.406821491820192227e+00 1.482602165462665149e-02
5.281277686821237694e+03 1.399669430530640080e+00 1.432488754394752040e-02
5.286558964508059944e+03 1.398429482294412329e+00 1.417889334645131526e-02
5.291845523472569766e+03 1.401868157379350777e+00 1.491052456466456823e-02
5.297137368996044643e+03 1.407892296038942392e+00 1.439219438459544455e-02
5.302434506365042580e+03 1.413917302923384689e+00 1.337809600735943676e-02
5.307736940871409388e+03 1.420891325764178870e+00 1.361502238783468891e-02
5.313044677812282316e+03 1.403614779978690219e+00 1.381968834148294793e-02
5.318357722490096421e+03 1.374594074335996341e+00 1.464538408740560099e-02
5.323676080212588204e+03 1.347097450665081020e+00 1.480964285412531695e-02
5.328999756292802886e+03 1.318473782847388476e+00 1.442326307862651369e-02
5.334328756049097137e+03 1.293756644200268147e+00 1.434811654555100298e-02
5.339663084805148173e+03 1.252576102381512513e+00 1.389826934013384252e-02
5.345002747889954662e+03 1.224937902727902816e+00 1.263425629582043581e-02
5.350347750637846730e+03 1.207623751938368128e+00 1.239289147290236967e-02
5.355698098388485960e+03 1.201738506018886543e+00 1.370302092134270157e-02
5.361053796486876308e+03 1.193579673076528014e+00 1.344537703771691260e-02
5.366414850283365013e+03 1.202469571702860174e+00 1.369450568096985781e-02
5.371781265133649867e+03 1.190927676477216757e+00 1.468401468180364176e-02
5.377153046398785591e+03 1.169809958752422441e+00 1.619524351389434180e-02
5.382530199445186554e+03 1.154459344734648507e+00 1.609355469277642600e-02
5.387912729644633146e+03 1.137048783564811316e+00 1.608014781008860680e-02
5.393300642374279960e+03 1.132576472047908123e+00 1.678489375853440060e-02
5.398693943016655794e+03 1.114946978371022412e+00 1.675947684637775492e-02
5.404092636959673655e+03 1.090279203942374764e+00 1.708336049520924743e-02
5.409496729596635305e+03 1.091550122559699298e+00 1.708068017062836993e-02
5.414906226326233991e+03 1.096733918797522467e+00 1.672565080696957265e-02
5.420321132552561721e+03 1.114779465112201828e+00 1.890873085792040692e-02
5.425741453685116539e+03 1.178792006538690762e+00 3.392722258006367064e-02
5.431167195138803436e+03 1.166753156522737145e+00 4.299961007082112735e-02
5.436598362333943442e+03 1.131492703163323732e+00 5.591499492923441422e-02
5.442034960696279086e+03 1.112313000800567497e+00 5.789568589314022379e-02
5.447476995656978033e+03 1.147183705254319674e+00 5.689712916795729158e-02
5.452924472652636723e+03 1.176595601438948702e+00 5.648368164285979404e-02
5.458377397125291282e+03 1.224360747043857778e+00 5.728192823440845377e-02
5.463835774522417523e+03 1.263462631892466881e+00 5.887132051012494011e-02
5.469299610296941864e+03 1.311340480933841590e+00 5.772677833120470892e-02
5.474768909907241323e+03 1.341581236638876629e+00 5.664741574260260398e-02
5.480243678817149885e+03 1.338968605981312621e+00 5.649877151365380323e-02
5.485723922495968509e+03 1.325282818068212132e+00 5.643064100088297785e-02
5.491209646418466946e+03 1.296851862436991576e+00 5.698934754683095821e-02
5.496700856064887375e+03 1.256859646322575186e+00 5.804717603995394187e-02
5.502197556920953502e+03 1.212885624649646887e+00 5.695028902375308399e-02
5.507699754477876013e+03 1.168272757184074528e+00 5.458380486516907493e-02
5.513207454232356213e+03 1.125447125972990348e+00 5.217938696304354196e-02
5.518720661686590574e+03 1.096496929226643546e+00 5.092702169962944753e-02
5.524239382348278923e+03 1.110243728430891030e+00 5.004154503761683997e-02
5.529763621730628984e+03 1.178532436002675432e+00 3.601148681969019993e-02
5.535293385352360929e+03 1.225934364185294889e+00 2.890133666526148795e-02
5.540828678737715563e+03 1.193581867793000573e+00 1.142806158866905251e-02
5.546369507416455235e+03 1.203795067362385174e+00 1.151672643334265833e-02
5.551915876923872929e+03 1.220438410253089412e+00 1.111766765464075775e-02
5.557467792800798634e+03 1.217160495242878948e+00 1.095158996840458684e-02
5.563025260593602070e+03 1.199003378056375579e+00 1.102749254781825415e-02
5.568588285854197238e+03 1.173886925135269488e+00 1.078056464160710194e-02
5.574156874140053333e+03 1.144067318555591184e+00 1.087052456753443037e-02
5.579731031014194741e+03 1.110529931687494809e+00 1.093459993562399812e-02
5.585310762045211050e+03 1.078700820584902242e+00 1.085991900756728794e-02
5.590896072807257951e+03 1.044304897874971161e+00 1.077477703653923445e-02
5.596486968880067252e+03 1.005460434734782194e+00 1.047054726347828972e-02
5.602083455848949598e+03 9.617152160685906725e-01 9.350308485549267343e-03
5.607685539304799931e+03 9.255374792183007626e-01 8.801221166741981031e-03
5.613293224844106589e+03 8.977433829666476850e-01 8.809727188007543397e-03
5.618906518068952209e+03 8.778774893212040187e-01 1.060402573289391699e-02
5.624525424587023736e+03 8.842442635643156246e-01 1.221368134230521076e-02
5.630149950011612418e+03 8.887201254183662025e-01 1.170259664926795277e-02
5.635780099961625638e+03 8.922381037499277356e-01 1.208255296050804277e-02
5.641415880061589633e+03 8.881234918942769729e-01 1.310050291532092841e-02
5.647057295941652228e+03 9.048516041850406255e-01 1.250402662656938287e-02
5.652704353237596479e+03 9.355967982002528771e-01 1.339187379044979274e-02
5.658357057590835211e+03 9.771376371826758778e-01 1.454300887295038522e-02
5.664015414648428305e+03 1.014645987945674621e+00 1.402499836161230813e-02
5.669679430063079053e+03 1.048085338110287923e+00 1.379489074671285710e-02
5.675349109493143260e+03 1.072363421865591526e+00 1.310855860743701667e-02
5.681024458602638333e+03 1.084999910830065861e+00 1.343786432699261429e-02
5.686705483061243285e+03 1.084783788232923429e+00 1.393411422386791644e-02
5.692392188544306009e+03 1.077126022777335379e+00 1.401426972576869275e-02
5.698084580732852373e+03 1.055128677299288720e+00 1.593636029566317114e-02
5.703782665313587131e+03 1.037821945262484391e+00 1.637687695498793103e-02
5.709486447978903016e+03 1.021027874584457651e+00 1.588779475043028411e-02
5.715195934426883468e+03 1.001705224158745411e+00 1.559689958710353333e-02
5.720911130361312644e+03 9.831656551594792903e-01 1.559233507044021846e-02
5.726632041491675409e+03 9.678140419293906893e-01 1.583054811426942710e-02
5.732358673533169167e+03 9.802027404353536033e-01 1.232555888703548534e-02
5.738091032206703858e+03 9.734226323306187645e-01 1.199517743201207291e-02
5.743829123238912871e+03 9.561644942269363900e-01 1.298463775537524699e-02
5.749572952362153046e+03 9.324234924386113343e-01 1.225981228913572245e-02
5.755322525314517407e+03 9.177254603441600267e-01 1.217844303719983062e-02
5.761077847839834249e+03 9.053936840571300548e-01 1.213070855495318283e-02
5.766838925687675328e+03 8.988726182044812774e-01 1.246507272158241947e-02
5.772605764613364954e+03 8.841409865102189958e-01 1.233929969383222233e-02
5.778378370377980900e+03 8.736603168027469168e-01 1.232030538913907007e-02
5.784156748748360769e+03 8.645572863850820022e-01 1.241731499045362064e-02
5.789940905497111089e+03 8.559944380623092375e-01 1.249439474598345624e-02
5.795730846402610041e+03 8.521240815506148092e-01 1.285577642417977395e-02
5.801526577249013826e+03 8.548440516888724527e-01 1.285472824056668219e-02
5.807328103826264851e+03 8.597767557276621009e-01 1.285224696530859814e-02
5.813135431930093546e+03 8.843444049034476784e-01 1.567385110342666560e-02
5.818948567362025642e+03 9.252514438529295671e-01 2.022207682122118683e-02
5.824767515929389447e+03 9.266411378420001954e-01 2.410272730388089354e-02
5.830592283445320390e+03 9.438636682529105704e-01 2.770868503106863751e-02
5.836422875728768304e+03 9.999381773861226730e-01 2.978471437586157483e-02
5.842259298604498326e+03 1.062408262003944115e+00 2.989104559259194577e-02
5.848101557903105459e+03 1.096909246698047014e+00 3.033663503948623788e-02
5.853949659461010015e+03 1.131631158852717922e+00 3.019480427007532886e-02
5.859803609120473084e+03 1.154542605593737337e+00 3.072609260185140204e-02
5.865663412729595620e+03 1.192557014894625178e+00 3.146633625895332159e-02
5.871529076142326630e+03 1.207549189462753469e+00 3.201656865073186642e-02
5.877400605218471355e+03 1.229688514988293901e+00 3.221329694954044864e-02
5.883278005823691274e+03 1.238190101755325623e+00 3.217687472889931011e-02
5.889161283829516833e+03 1.250678030275224062e+00 3.216923902832363041e-02
5.895050445113348360e+03 1.249690845368460312e+00 3.141520953567401159e-02
5.900945495558464245e+03 1.234280762167339507e+00 3.143322273613559370e-02
5.906846441054024581e+03 1.211742177761240491e+00 3.121740749939606527e-02
5.912753287495080258e+03 1.181762305348333708e+00 3.086393292606902719e-02
5.918666040782577511e+03 1.142920336399591452e+00 3.092021834694449328e-02
5.924584706823361557e+03 1.127006553429596325e+00 3.037556644099884129e-02
5.930509291530187511e+03 1.128949631807518728e+00 2.696170580200145384e-02
5.936439800821719473e+03 1.089895882748691314e+00 2.419153369429470971e-02
5.942376240622543264e+03 1.046891413403644000e+00 2.008846862144960180e-02
5.948318616863167335e+03 1.044397302851711729e+00 1.549870686517113016e-02
5.954266935480032771e+03 1.023050963479939623e+00 1.593231037431461911e-02
5.960221202415515108e+03 1.006681659971996101e+00 1.526885701971540665e-02
5.966181423617932523e+03 9.973293926808427523e-01 1.543033880307739802e-02
5.972147605041552197e+03 9.644886888958192905e-01 1.525759400613521839e-02
5.978119752646595771e+03 9.411937314209002370e-01 1.393078908954076094e-02
5.984097872399243897e+03 8.873931845333170587e-01 1.336880909539914057e-02
5.990081970271645332e+03 8.481681975898700543e-01 1.294620505479712053e-02
5.996072052241918755e+03 8.014812330930137785e-01 1.270257528717156151e-02
6.002068124294162772e+03 7.516878957753364565e-01 1.279044725979105838e-02
6.008070192418459555e+03 6.991498806426050816e-01 1.306536739439486360e-02
6.014078262610879392e+03 6.560349134187601905e-01 1.307179017268365016e-02
6.020092340873492503e+03 6.243216296813048904e-01 1.306575787544743232e-02
6.026112433214368139e+03 5.980438187302857811e-01 1.318445687330051068e-02
6.032138545647584579e+03 5.863932271017719966e-01 1.336570994278715382e-02
6.038170684193233683e+03 5.840195673265662357e-01 1.533145646967688791e-02
6.044208854877429076e+03 5.901308277974002259e-01 1.482757702692492213e-02
6.050253063732308874e+03 6.016255565257193627e-01 1.480649496039651916e-02
6.056303316796042964e+03 6.153374796687320902e-01 1.396869635112566940e-02
6.062359620112841185e+03 6.238320112298432196e-01 1.392016473981156841e-02
6.068421979732956061e+03 6.171354538985488469e-01 1.389772389891682884e-02
6.074490401712690982e+03 6.215728661520822929e-01 1.366357969281925717e-02
6.080564892114405666e+03 6.327800817788818977e-01 1.353799483521390956e-02
6.086645457006521610e+03 6.242010036887262192e-01 1.361799224115250832e-02
6.092732102463530282e+03 6.374942769912409490e-01 1.397695230472122824e-02
6.098824834565995843e+03 6.388104446647802082e-01 1.332979294979595719e-02
6.104923659400564247e+03 6.413115973462121255e-01 1.317914148634122436e-02
6.111028583059966877e+03 6.671021994402083211e-01 1.270024808956270526e-02
6.117139611643028729e+03 6.792913413575885073e-01 1.267718726638870398e-02
6.123256751254673873e+03 6.912087699980231648e-01 1.276551542102634558e-02
6.129380008005929994e+03 6.973035224520626185e-01 1.283722327779544814e-02
6.135509388013938405e+03 6.943793896172726354e-01 1.328834098715980447e-02
6.141644897401954040e+03 6.829469020298600812e-01 1.342681763146345159e-02
6.147786542299358189e+03 6.831044651849399463e-01 1.311596456741404883e-02
6.153934328841659408e+03 6.926319517938764880e-01 1.270346180657127948e-02
6.160088263170503524e+03 6.913882987030048888e-01 1.070849934205397869e-02
6.166248351433675452e+03 7.103336141759071243e-01 1.143864908777004509e-02
6.172414599785111022e+03 7.255497217502138163e-01 1.206012900981212783e-02
6.178587014384898794e+03 7.453422427413459728e-01 1.194728558775327680e-02
6.184765601399285515e+03 7.549967524160033916e-01 1.196643102977507263e-02
6.190950367000687038e+03 7.672465769263925317e-01 1.152120512882405523e-02
6.197141317367689226e+03 7.818307457969414509e-01 1.217807539242150849e-02
6.203338458685059777e+03 7.856961381641517361e-01 1.486749184340133666e-02
6.209541797143746408e+03 8.138260426318146834e-01 1.712559367951081712e-02
6.215751338940892310e+03 8.619292384413639319e-01 1.672130485040123488e-02
6.221967090279835247e+03 9.449197507274260666e-01 1.160316923834662887e-02
6.228189057370116643e+03 1.098552620805681057e+00 2.157841752782074449e-02
6.234417246427488863e+03 1.273873706047663479e+00 2.872114635919997480e-02
6.240651663673918847e+03 1.464041462667070137e+00 2.937603732088892375e-02
6.246892315337594482e+03 1.628799380315497869e+00 2.707898008297905668e-02
6.253139207652934601e+03 1.776333967055152563e+00 2.801546601248047774e-02
6.259392346860589896e+03 1.915010206272961923e+00 2.971517300923832983e-02
6.265651739207452010e+03 2.052493809952287585e+00 2.984107396493294873e-02
6.271917390946661726e+03 2.164866194238505681e+00 2.979310313303985824e-02
6.278189308337610782e+03 2.244102594554390429e+00 2.819040878618188362e-02
6.284467497645950061e+03 2.308409693117710937e+00 2.744702980474458820e-02
6.290751965143597772e+03 2.359646031674000888e+00 2.771753474737446293e-02
6.297042717108744000e+03 2.395505943084685008e+00 2.835460454544551367e-02
6.303339759825854344e+03 2.412529322955650812e+00 2.803945350575570011e-02
6.309643099585682648e+03 2.407796460371055325e+00 2.663690990528499655e-02
6.315952742685270096e+03 2.380698510140432766e+00 2.524918469509101343e-02
6.322268695427957937e+03 2.325132180128850923e+00 2.635302918909910447e-02
6.328590964123387494e+03 2.236838287826232730e+00 2.711443352723128322e-02
6.334919555087512890e+03 2.128290097443826134e+00 2.185781363166649366e-02
6.341254474642602872e+03 2.021033486651792721e+00 1.699051302947893194e-02
6.347595729117247174e+03 1.936910996568841137e+00 1.766373589394160809e-02
6.353943324846366522e+03 1.865058985343951203e+00 1.496461829130155130e-02
6.360297268171215364e+03 1.796212357695204265e+00 1.285798194165851081e-02
6.366657565439388236e+03 1.726834818752545075e+00 1.072388075462453634e-02
6.373024223004829764e+03 1.641988763422443487e+00 1.054217443666091020e-02
6.379397247227837397e+03 1.561717461691964459e+00 1.009512048710889398e-02
6.385776644475066860e+03 1.491728293036617137e+00 9.729307749339265524e-03
6.392162421119543978e+03 1.411292654089552290e+00 1.044307374020449035e-02
6.398554583540665590e+03 1.337571564876478103e+00 1.058210799785837090e-02
6.404953138124208635e+03 1.268087822294182931e+00 9.146237394852091765e-03
6.411358091262334710e+03 1.214398595008659987e+00 9.408909738232723238e-03
6.417769449353599157e+03 1.175536577533218052e+00 8.964017259228088119e-03
6.424187218802954703e+03 1.143908483557245503e+00 8.767540531428105396e-03
6.430611406021760558e+03 1.115703022131055766e+00 8.794595779231617269e-03
6.437042017427784231e+03 1.100804297954825373e+00 8.440357307419137783e-03
6.443479059445214261e+03 1.086329416687436877e+00 8.504483930738345951e-03
6.449922538504661134e+03 1.079251102703666421e+00 8.934712205768259238e-03
6.456372461043168187e+03 1.074618311733280374e+00 8.722809247523208298e-03
6.462828833504213435e+03 1.073445368148961299e+00 8.516636577069585864e-03
6.469291662337719572e+03 1.077400333387685594e+00 8.432271306622263901e-03
6.475760954000059428e+03 1.082314353963251374e+00 8.906446293932121852e-03
6.482236714954061426e+03 1.081095348075004292e+00 8.890610080237141763e-03
6.488718951669017770e+03 1.076614860415334940e+00 9.250719866163183841e-03
6.495207670620688987e+03 1.065704728742979945e+00 9.421543248736183665e-03
6.501702878291312118e+03 1.054035040782968835e+00 1.019773537016717066e-02
6.508204581169605262e+03 1.046887823030054454e+00 1.117974797283874042e-02
6.514712785750777584e+03 1.033051865906804423e+00 1.047450894039660997e-02
6.521227498536530220e+03 1.032532231617161234e+00 1.048816966501964904e-02
6.527748726035069012e+03 1.034836122805981029e+00 1.078391619020391962e-02
6.534276474761106329e+03 1.039463444782651624e+00 1.086922551802526303e-02
6.540810751235869247e+03 1.045285274354783134e+00 1.094801674266525880e-02
6.547351561987107743e+03 1.058505902175227442e+00 1.100301552011821379e-02
6.553898913549096505e+03 1.070556648918732590e+00 1.139766960485191424e-02
6.560452812462647671e+03 1.079094590287179134e+00 1.241812785548668426e-02
6.567013265275112644e+03 1.077262443592766683e+00 1.192002414281464161e-02
6.573580278540390282e+03 1.069359907238806917e+00 1.075950872650955660e-02
6.580153858818932349e+03 1.045023508436947690e+00 1.109415834505812076e-02
6.586734012677753526e+03 9.953513074171125297e-01 1.277969897600726018e-02
6.593320746690433225e+03 9.607374340545433711e-01 1.214347705518723126e-02
6.599914067437126505e+03 9.274317621184208216e-01 1.221450342725077277e-02
6.606513981504565891e+03 8.928576931764732327e-01 1.205473452362308857e-02
6.613120495486072286e+03 8.615951888796239411e-01 1.208399824761387936e-02
6.619733615981560433e+03 8.281735244570241905e-01 1.197841319558283837e-02
6.626353349597544366e+03 7.991773855609848320e-01 1.159190232571276000e-02
6.632979702947143778e+03 7.794147669987514515e-01 1.146111792588272796e-02
6.639612682650093120e+03 7.675774949683742410e-01 1.160222018355044210e-02
6.646252295332745234e+03 7.644701792551253927e-01 1.056544222718355797e-02
6.652898547628080451e+03 7.629279241090946018e-01 9.610964351171235806e-03
6.659551446175711135e+03 7.486434430141795104e-01 9.483531190532308586e-03
6.666210997621888964e+03 7.352499963764592694e-01 9.245432852593698375e-03
6.672877208619513112e+03 7.223138103279375111e-01 8.974778041993298691e-03
6.679550085828134797e+03 7.128073738270473969e-01 9.031977782844443844e-03
6.686229635913964557e+03 7.044873759922347656e-01 9.042506975910909878e-03
6.692915865549881346e+03 6.996403243655548998e-01 8.909214314593048162e-03
6.699608781415433441e+03 6.980090940419291234e-01 9.257093947414311158e-03
6.706308390196851178e+03 6.874017181996501247e-01 9.272523154582238900e-03
6.713014698587049679e+03 6.715755786761197221e-01 8.640359605965885342e-03
6.719727713285638856e+03 6.621035030983550840e-01 6.726701397417348023e-03
6.726447440998927050e+03 6.502938131670490396e-01 6.495763019721202854e-03
6.733173888439928305e+03 6.318064885614912418e-01 6.956825528738551888e-03
6.739907062328370557e+03 6.179215320828679303e-01 7.013397516365014323e-03
6.746646969390701088e+03 6.016639952566424920e-01 6.916704045963771932e-03
6.753393616360093802e+03 5.779162200291488860e-01 7.217648546004463116e-03
6.760147009976456502e+03 5.522621766147821631e-01 7.076126497398338086e-03
6.766907156986434529e+03 5.412266782234931295e-01 7.095520227236381747e-03
6.773674064143423493e+03 5.330539805170717571e-01 8.671872173446325618e-03
6.780447738207569273e+03 5.138035186414861011e-01 9.794199740326600331e-03
6.787228185945778932e+03 4.962819313569670765e-01 1.060869600210768461e-02
6.794015414131727084e+03 4.861035529055622306e-01 1.088328126096700828e-02
6.800809429545861349e+03 4.875616187708436411e-01 1.097910620895143144e-02
6.807610238975408720e+03 4.908294232706053584e-01 1.106164354056632382e-02
6.814417849214386479e+03 4.930877547492962254e-01 1.128714730749932373e-02
6.821232267063603103e+03 4.968131227550766638e-01 1.150273826528828112e-02
6.828053499330669183e+03 5.033968456775752554e-01 1.114859034781191631e-02
6.834881552830001965e+03 5.009370963597151727e-01 1.164866267349697060e-02
6.841716434382834450e+03 5.002693038409363746e-01 1.182278313602520316e-02
6.848558150817219939e+03 4.972406820133912220e-01 1.234248406066350105e-02
6.855406708968039311e+03 4.887502437741741979e-01 1.250847337476104597e-02
6.862262115677009206e+03 4.714265070461473583e-01 1.300218383944729689e-02
6.869124377792688392e+03 4.628401628315901295e-01 1.293623939211057186e-02
6.875993502170483225e+03 4.576607894711834934e-01 1.290775316017835940e-02
6.882869495672656740e+03 4.428056548851025398e-01 1.199336721536997837e-02
6.889752365168331380e+03 4.360187845803361606e-01 1.141714507986881129e-02
6.896642117533501732e+03 4.433222990879244207e-01 1.088345890756508248e-02
6.903538759651037253e+03 4.680084478240474910e-01 7.529477907103745114e-03
6.910442298410691365e+03 4.825352906387612717e-01 7.344783600751934004e-03
6.917352740709104182e+03 4.924666382453178337e-01 6.504570612047644654e-03
6.924270093449815249e+03 5.073867890399003100e-01 6.283631617298273721e-03
6.931194363543267173e+03 5.208367659602184396e-01 5.990069067865383227e-03
6.938125557906812901e+03 5.369086071602675592e-01 5.930690455723971327e-03
6.945063683464722089e+03 5.581152601841710137e-01 5.928782572998190191e-03
6.952008747148189286e+03 5.780917184328129288e-01 6.304836443254345849e-03
6.958960755895339389e+03 6.017484509118918856e-01 6.621699709119303195e-03
6.965919716651237650e+03 6.344230597579439968e-01 7.329892226638697571e-03
6.972885636367890584e+03 6.650834146648029188e-01 7.349529002150491201e-03
6.979858522004260521e+03 6.969084440075452580e-01 7.223924761328669002e-03
6.986838380526267429e+03 7.246362373397313705e-01 7.152280004783122258e-03
6.993825218906796181e+03 7.446802348934048466e-01 7.328772434806414722e-03
7.000819044125705659e+03 7.719971729949788308e-01 7.105388228727208856e-03
7.007819863169833297e+03 8.044816865073086687e-01 6.590949917628926430e-03
7.014827683033005087e+03 8.319035231238259831e-01 6.455786865062304591e-03
7.021842510716041033e+03 8.564689810433130379e-01 6.665631750222130933e-03
7.028864353226758794e+03 8.827352893379034615e-01 6.562118442635823425e-03
7.035893217579988232e+03 9.141842739385777072e-01 6.661639960163463943e-03
7.042929110797570502e+03 9.480595705586845057e-01 6.816507485643435484e-03
7.049972039908370789e+03 9.849519808650351038e-01 6.721906785128184403e-03
7.057022011948281033e+03 1.022993852888419264e+00 6.550927528068815897e-03
7.064079033960231754e+03 1.064149237128944048e+00 6.320212172899248269e-03
7.071143112994193871e+03 1.099997377605572035e+00 6.566175791122936742e-03
7.078214256107190522e+03 1.130248447245395749e+00 8.214844551273697490e-03
7.085292470363300708e+03 1.168160712450603045e+00 7.984271185869494525e-03
7.092377762833665656e+03 1.200905493832864046e+00 7.099203084078187231e-03
7.099470140596501551e+03 1.240000828677747968e+00 7.044078378375369723e-03
7.106569610737100447e+03 1.284827805833915981e+00 8.151421791619492888e-03
7.113676180347840273e+03 1.321195979801529585e+00 7.852160101474086468e-03
7.120789856528190285e+03 1.354269090407884679e+00 7.799214952982462534e-03
7.127910646384721076e+03 1.373696734984210188e+00 7.752055651264357430e-03
7.135038557031108212e+03 1.380538986036650151e+00 8.813002132412248169e-03
7.142173595588141325e+03 1.387193658028867738e+00 9.015122410348125684e-03
7.149315769183732300e+03 1.390584523461726452e+00 9.372701422891184520e-03
7.156465084952918005e+03 1.386428786790800949e+00 9.120528612464122095e-03
7.163621550037873021e+03 1.373925353273692140e+00 9.192816569498772281e-03
7.170785171587913283e+03 1.369218693440157564e+00 9.221026536398127527e-03
7.177955956759504261e+03 1.378950405081177388e+00 9.239133435425752813e-03
7.185133912716265513e+03 1.402678218480133854e+00 9.384380946756773131e-03
7.192319046628984324e+03 1.445747588847597465e+00 1.056811443965288179e-02
7.199511365675615707e+03 1.499354096389318380e+00 1.033830965855414043e-02
7.206710877041294225e+03 1.572478645277469056e+00 1.038409582647838170e-02
7.213917587918337631e+03 1.645302687233231476e+00 1.035522640141555220e-02
7.221131505506257781e+03 1.731365746966434083e+00 1.332524030709663666e-02
7.228352637011767001e+03 1.836206450499550114e+00 1.650856649145905630e-02
7.235580989648780815e+03 1.963244630206496311e+00 1.717466398033496225e-02
7.242816570638432495e+03 2.146805706898189392e+00 1.722899155806065924e-02
7.250059387209073066e+03 2.342231180192679396e+00 1.699826071773282918e-02
7.257309446596284033e+03 2.575820037330332379e+00 1.780654786749048465e-02
7.264566756042882844e+03 2.836463994290500779e+00 1.997148163774663254e-02
7.271831322798928340e+03 3.086631752802176276e+00 2.067059133009449892e-02
7.279103154121729858e+03 3.339361943894442408e+00 2.124722176261885018e-02
7.286382257275853590e+03 3.584358045884601829e+00 2.116081506856690164e-02
7.293668639533132591e+03 3.769770399556512608e+00 1.835205911409139995e-02
7.300962308172667690e+03 3.896971806697030694e+00 1.598079293279684385e-02
7.308263270480842948e+03 3.937718481425108941e+00 1.751757245678786309e-02
7.315571533751325660e+03 3.907395229278467053e+00 1.882521206170108610e-02
7.322887105285079997e+03 3.819486573481732705e+00 1.872345248426029660e-02
7.330209992390367006e+03 3.680556288043105528e+00 1.808625262921698465e-02
7.337540202382760071e+03 3.493119841422523741e+00 1.473800921478975005e-02
7.344877742585144915e+03 3.285250724979392078e+00 1.591477168511254078e-02
7.352222620327733239e+03 3.072346587956659381e+00 1.592528673248766111e-02
7.359574842948062724e+03 2.850544598595713630e+00 1.589450543181380321e-02
7.366934417791013402e+03 2.618724294640700112e+00 1.353333046310565072e-02
7.374301352208806748e+03 2.406505684608614359e+00 1.333138347312015116e-02
7.381675653561018407e+03 2.228032475063177476e+00 1.164252551946824352e-02
7.389057329214581841e+03 2.070350028683193067e+00 1.792375864247610501e-02
7.396446386543798326e+03 1.892208565873110038e+00 2.339225597159314690e-02
7.403842832930345139e+03 1.736025277690195656e+00 2.576992022102490842e-02
7.411246675763277381e+03 1.593954921665701407e+00 2.513722727515316571e-02
7.418657922439043432e+03 1.491798946556675887e+00 2.528678258531902659e-02
7.426076580361484957e+03 1.421517877164336419e+00 2.643836241291146888e-02
7.433502656941848727e+03 1.351318726520041258e+00 2.707340910311598070e-02
7.440936159598792983e+03 1.285585678647246377e+00 2.677681797406469832e-02
7.448377095758394717e+03 1.217256254593471754e+00 2.702196762210604813e-02
7.455825472854155123e+03 1.155579152012030653e+00 2.706958856148678969e-02
7.463281298327012337e+03 1.100131419660122400e+00 2.746469761712145782e-02
7.470744579625341430e+03 1.043871430999587346e+00 2.720738812653995808e-02
7.478215324204968965e+03 9.961565797496075847e-01 2.699666803042862981e-02
7.485693539529176633e+03 9.277340402655436247e-01 2.684745109154598394e-02
7.493179233068708527e+03 8.657413024921536415e-01 2.668267843583669446e-02
7.500672412301779332e+03 8.087825330489655240e-01 2.697848969227052349e-02
7.508173084714083416e+03 7.456861582476659311e-01 2.692373446032497383e-02
7.515681257798800289e+03 6.999665157534226134e-01 2.705424010889604519e-02
7.523196939056601877e+03 6.790888979016719285e-01 2.737332836716450252e-02
7.530720135995660712e+03 6.875088211044059205e-01 2.515677721724996624e-02
7.538250856131659020e+03 6.873073222340637667e-01 1.964931263993701868e-02
7.545789106987793275e+03 6.245066704009085701e-01 1.152078469333977888e-02
7.553334896094783289e+03 5.924851681308711537e-01 1.196850542260591808e-02
7.560888230990880402e+03 5.694788278155620276e-01 1.284379104411531927e-02
7.568449119221873843e+03 5.605187407715774839e-01 1.402119088917036342e-02
7.576017568341098013e+03 5.520770962855886532e-01 1.539505279648723142e-02
7.583593585909441572e+03 5.339704850037247930e-01 1.681860422348662593e-02
7.591177179495353812e+03 4.969418460874773236e-01 1.657442493535605382e-02
7.598768356674851930e+03 4.928318368905442171e-01 1.713152172236995577e-02
7.606367125031529213e+03 4.777539786858123194e-01 1.726725424519046440e-02
7.613973492156563225e+03 4.813921606774589357e-01 1.700118297139606438e-02
7.621587465648722173e+03 4.723340469449592849e-01 1.556674620358767386e-02
7.629209053114373091e+03 4.745589386748995664e-01 1.476757868976825462e-02
7.636838262167490029e+03 4.819965601172153113e-01 1.364117517454225409e-02
7.644475100429660415e+03 4.947771798875890137e-01 1.306554701749818893e-02
7.652119575530092334e+03 4.961673364235489325e-01 1.199701319626014610e-02
7.659771695105625440e+03 4.928034748903196705e-01 1.133313834084007446e-02
7.667431466800733688e+03 4.773881359799476698e-01 1.086070988161037462e-02
7.675098898267536242e+03 4.580993799148086465e-01 1.275254148082363183e-02
7.682773997165806577e+03 4.513855771630450042e-01 1.267753820783956362e-02
7.690456771162975201e+03 4.542096354790284285e-01 1.273839358139973454e-02
7.698147227934140574e+03 4.532710483331064966e-01 1.215832181839411781e-02
7.705845375162077289e+03 4.630023291576703670e-01 1.263932679529784775e-02
7.713551220537241534e+03 4.697287612924546107e-01 1.268135935103377465e-02
7.721264771757782000e+03 4.930365876128809943e-01 1.293731308691360195e-02
7.728986036529541707e+03 5.126082299785047480e-01 1.302218493133083105e-02
7.736715022566074367e+03 5.497787408265095710e-01 1.347489678571934558e-02
7.744451737588642573e+03 5.926535796594790684e-01 1.543625497796111135e-02
7.752196189326234162e+03 6.092664083049174062e-01 1.526768983421924325e-02
7.759948385515562222e+03 6.166239077083541797e-01 1.507490460825009794e-02
7.767708333901080550e+03 6.041377562609013818e-01 1.533556569655631502e-02
7.775476042234984561e+03 5.825800498137980732e-01 1.479224519059373424e-02
7.783251518277222203e+03 5.495929278939294393e-01 1.495049458626615535e-02
7.791034769795502143e+03 5.127571988518253576e-01 1.530091996698118746e-02
7.798825804565300132e+03 4.740874009086152308e-01 1.584898741554389284e-02
7.806624630369868100e+03 4.549549060662704814e-01 1.566622488752382469e-02
7.814431255000240526e+03 4.284091078176519019e-01 1.522010377503802900e-02
7.822245686255242617e+03 4.108450548185726969e-01 1.664276137437478709e-02
7.830067931941501229e+03 3.943852636805824652e-01 1.667572861617322086e-02
7.837897999873444860e+03 3.832185753067992029e-01 1.636883581278054944e-02
7.845735897873320937e+03 3.874875137999690966e-01 1.587368999567220426e-02
7.853581633771196721e+03 3.919173565222647815e-01 1.566506132884840433e-02
7.861435215404970222e+03 3.897913784031006856e-01 1.525960352552059758e-02
7.869296650620378387e+03 3.982382735423422582e-01 1.617058110476362123e-02
7.877165947271001642e+03 3.904649191771822903e-01 1.599095986024764993e-02
7.885043113218274812e+03 3.834128423383565964e-01 1.572505028891561102e-02
7.892928156331495302e+03 3.923431372516267279e-01 1.539103427175650060e-02
7.900821084487829467e+03 3.895466279702544665e-01 1.525696152580513498e-02
7.908721905572319884e+03 3.985391252615785862e-01 1.552732066138369331e-02
7.916630627477895359e+03 4.141676953839988906e-01 1.605978913351682746e-02
7.924547258105375477e+03 4.339073697404524643e-01 1.495642448753704487e-02
7.932471805363483327e+03 4.351475013949769877e-01 1.597910360501663893e-02
7.940404277168850058e+03 4.322782008931064790e-01 1.602725105281877296e-02
7.948344681446021241e+03 4.281655541321149894e-01 1.568682575897977979e-02
7.956293026127469602e+03 4.233728867238727434e-01 1.541663822357313210e-02
7.964249319153599572e+03 4.298437757111849278e-01 1.613098046868817470e-02
7.972213568472756378e+03 4.446384922196991996e-01 1.426080526874239085e-02
7.980185782041231505e+03 4.379927629609720041e-01 1.405751921686426015e-02
7.988165967823275423e+03 4.254582995857177918e-01 1.435719811016963887e-02
7.996154133791101231e+03 4.174202887947994767e-01 1.414323769811307550e-02
8.004150287924895565e+03 4.166262979509222086e-01 1.412948673195854772e-02
8.012154438212822242e+03 4.195779695117903274e-01 1.449499204259587296e-02
8.020166592651037718e+03 4.390339333309322689e-01 1.338269867870004945e-02
8.028186759243691995e+03 4.470044256692680684e-01 1.267677659902002874e-02
8.036214946002938632e+03 4.425227245769219886e-01 1.266718171605309487e-02
8.044251160948943834e+03 4.438475436033494370e-01 1.257231969830263467e-02
8.052295412109895551e+03 4.392608812764483561e-01 1.118535541979567317e-02
8.060347707522008022e+03 4.587871840261925627e-01 1.103534958865702055e-02
8.068408055229532692e+03 4.812981583364763227e-01 1.051623998999255162e-02
8.076476463284764577e+03 4.980758820451691160e-01 9.830684475204281431e-03
8.084552939748052268e+03 4.872459039095909383e-01 9.843492136346247354e-03
8.092637492687803388e+03 4.944379016757582401e-01 1.054813877555234314e-02
8.100730130180493688e+03 4.943356517637978453e-01 1.113697293333670846e-02
8.108830860310677053e+03 4.831612844749926250e-01 1.244984700017125016e-02
8.116939691170990045e+03 4.950610466400052756e-01 1.232670218097387492e-02
8.125056630862163729e+03 5.075206388511839251e-01 1.258325901443266975e-02
8.133181687493028221e+03 5.043600048324897722e-01 1.276918986296315603e-02
8.141314869180524511e+03 4.960902174460095626e-01 1.263791086028442402e-02
8.149456184049707190e+03 4.930620225947073276e-01 1.268803262946700296e-02
8.157605640233759914e+03 4.912347033361970094e-01 1.276903239128179997e-02
8.165763245873996311e+03 4.981632784647425094e-01 1.298882676450518851e-02
8.173929009119872717e+03 5.016144267973875470e-01 1.165068298009697655e-02
8.182102938128995447e+03 4.935443182806084073e-01 1.183034140901152199e-02
8.190285041067127167e+03 4.694628839204529891e-01 1.327900826147304474e-02
8.198475326108196896e+03 4.456074467341907264e-01 1.323809831546791937e-02
8.206673801434308189e+03 4.235290438076597108e-01 1.287471166957443285e-02
8.214880475235744598e+03 4.133250404011539203e-01 1.309999555044621608e-02
8.223095355710984222e+03 4.048265685574824468e-01 1.311340561847012566e-02
8.231318451066697889e+03 4.059575443293112484e-01 1.344122291405303038e-02
8.239549769517767345e+03 4.035593814337586904e-01 1.342827363794510745e-02
8.247789319287287071e+03 3.998091479425379124e-01 1.299690094549152235e-02
8.256037108606577021e+03 4.243712505691358272e-01 1.304231338479623810e-02
8.264293145715186256e+03 4.229057298523697939e-01 1.356083279189547464e-02
8.272557438860903858e+03 4.192780776214543592e-01 1.327774817647553972e-02
8.280829996299768027e+03 4.161802260442127310e-01 1.330644193234052815e-02
8.289110826296069718e+03 4.095971784685316641e-01 1.333823977934423151e-02
8.297399937122369010e+03 3.809020800336654911e-01 1.498603586409941700e-02
8.305697337059495112e+03 3.743207249973046213e-01 1.587360332110560740e-02
8.314003034396557268e+03 3.909190675188017883e-01 1.862949772578539540e-02
8.322317037430955679e+03 4.072061479718391830e-01 1.918418900412971820e-02
8.330639354468388774e+03 4.201095671072710425e-01 1.970769359113482000e-02
8.338969993822860488e+03 4.258262999546132410e-01 1.858022642302209829e-02
8.347308963816685718e+03 4.041113829127825907e-01 2.013214424482492881e-02
8.355656272780506697e+03 3.963867271961553085e-01 2.071867906157611947e-02
8.364011929053289350e+03 3.931567192604741301e-01 2.106174452529776392e-02
8.372375940982345128e+03 3.988017898986553900e-01 2.095420613125506884e-02
8.380748316923331004e+03 4.059099479155633405e-01 2.050886274191923014e-02
8.389129065240256750e+03 4.365034990081866351e-01 2.076321426824536201e-02
8.397518194305499492e+03 4.690096555841063997e-01 2.061977091874083595e-02
8.405915712499807341e+03 5.027969157352538687e-01 1.970059373145528411e-02
8.414321628212310316e+03 5.701652616243834126e-01 1.948113345957780060e-02
8.422735949840525791e+03 6.646199741845199016e-01 1.716360795677064968e-02
8.431158685790369418e+03 7.360354776118965825e-01 1.689658426580097766e-02
8.439589844476162398e+03 8.065174011705086299e-01 1.618299631185834975e-02
8.448029434320640576e+03 8.681933049192201990e-01 1.631834270051289379e-02
8.456477463754963537e+03 9.052722708575162702e-01 1.564676583089301756e-02
8.464933941218721884e+03 9.229770723398640353e-01 1.020550241353599535e-02
8.473398875159942691e+03 9.765667809126161725e-01 1.123669631998995382e-02
8.481872274035105875e+03 1.041607174592470653e+00 1.057088996847180100e-02
8.490354146309144198e+03 1.133271324648786882e+00 1.073981509470043304e-02
8.498844500455456000e+03 1.245954483991876138e+00 1.288767949300390937e-02
8.507343344955914290e+03 1.344802778845052948e+00 1.432458607928721595e-02
8.515850688300872207e+03 1.447920912737791888e+00 1.594812393846875564e-02
8.524366538989177570e+03 1.537602159834607018e+00 1.537865440685832683e-02
8.532890905528169242e+03 1.613235260065442489e+00 1.506065829934771262e-02
8.541423796433698953e+03 1.633945502147688522e+00 1.422924135230330470e-02
8.549965220230136765e+03 1.614427087882639000e+00 1.563963838865230563e-02
8.558515185450369245e+03 1.556496575868803856e+00 1.819855587754315093e-02
8.567073700635823116e+03 1.469062928309725180e+00 1.900338221910253395e-02
8.575640774336461618e+03 1.373514866279702762e+00 1.690402206984629660e-02
8.584216415110800881e+03 1.288785637404788575e+00 1.573291317663495434e-02
8.592800631525913559e+03 1.217463417339054388e+00 1.327483310776380460e-02
8.601393432157443385e+03 1.182670477388970243e+00 1.118585106881929588e-02
8.609994825589603352e+03 1.209818928719583075e+00 1.133836257717351151e-02
8.618604820415195718e+03 1.297486775561898176e+00 1.356426742272525202e-02
8.627223425235613831e+03 1.439525188465018424e+00 2.126563913903261813e-02
8.635850648660851220e+03 1.586695555739586760e+00 2.534986092155490367e-02
8.644486499309516148e+03 1.724936802683661341e+00 2.503231002115472587e-02
8.653130985808827973e+03 1.843586722414385592e+00 2.433766199951075196e-02
8.661784116794638976e+03 1.888808763220105602e+00 2.852288528666116138e-02
8.670445900911438002e+03 1.870425941964892758e+00 4.129491635709449382e-02
8.679116346812352276e+03 1.864309082097957093e+00 4.224169232955443665e-02
8.687795463159167412e+03 1.862715715350232948e+00 4.245046461117042008e-02
8.696483258622329231e+03 1.833616592155900005e+00 4.202390944681316104e-02
8.705179741880954680e+03 1.784459081539013781e+00 4.240028444995312673e-02
8.713884921622837282e+03 1.735152987058858676e+00 4.624084941982368330e-02
8.722598806544463514e+03 1.623349214556233822e+00 4.823098646603123790e-02
8.731321405351010981e+03 1.547157191859127590e+00 4.894250755246275231e-02
8.740052726756364791e+03 1.461973398009334568e+00 4.933809988074973341e-02
8.748792779483124832e+03 1.411738134907862818e+00 4.890676756089308574e-02
8.757541572262609407e+03 1.352860983058861821e+00 4.928041121441539135e-02
8.766299113834875243e+03 1.293228076199919974e+00 4.928118447029113808e-02
8.775065412948713856e+03 1.209808360673366279e+00 4.807101480465816173e-02
8.783840478361664282e+03 1.109290576659496042e+00 4.729087759362893273e-02
8.792624318840029446e+03 1.086454891423080937e+00 5.244698780337402749e-02
8.801416943158872527e+03 1.063641924704866737e+00 5.321918464467687709e-02
8.810218360102035149e+03 1.018644061996420769e+00 5.159354781436752829e-02
8.819028578462139194e+03 9.734771393867074352e-01 4.910953813201916762e-02
8.827847607040604998e+03 9.097860202529711726e-01 4.735005657483459113e-02
8.836675454647647712e+03 7.702739299975890352e-01 4.064984568577449664e-02
8.845512130102299125e+03 6.292627952809688452e-01 3.946958478681159010e-02
8.854357642232404032e+03 5.118393099950717673e-01 4.006125196191344384e-02
8.863211999874638423e+03 3.874124239615375220e-01 3.880226714219971174e-02
8.872075211874516754e+03 3.186837127663049718e-01 3.849324743760284412e-02
8.880947287086393771e+03 3.124019906425177795e-01 3.606623829818456778e-02
8.889828234373482701e+03 2.886419543664370257e-01 3.437978885340018526e-02
8.898718062607858883e+03 2.983555116211574765e-01 3.296342714648792943e-02
8.907616780670470689e+03 2.934517385386885557e-01 3.248321555326125210e-02
8.916524397451143159e+03 3.052688293890991056e-01 3.310479463744036427e-02
8.925440921848598009e+03 3.291955856550528026e-01 3.326399475610471168e-02
8.934366362770449996e+03 3.730756359046896731e-01 3.382300298076832551e-02
8.943300729133223285e+03 4.013035119222985170e-01 3.407825289831557108e-02
8.952244029862358730e+03 3.845045175180123453e-01 3.265172881153316498e-02
8.961196273892224781e+03 4.219870649093364623e-01 2.865443324041178075e-02
8.970157470166119310e+03 4.500240378694246868e-01 2.706500496443028925e-02
8.979127627636287798e+03 4.279142659359090883e-01 2.188916528112732490e-02
8.988106755263928790e+03 4.267938854574624963e-01 2.100637314960011187e-02
8.997094862019195716e+03 4.297030264820697609e-01 1.800145784748059807e-02
9.006091956881216902e+03 4.587505972926174125e-01 1.468762257057461447e-02
9.015098048838101022e+03 4.677737813213455054e-01 1.398160159635736949e-02
9.024113146886942559e+03 4.757854191367409946e-01 1.392974467220303714e-02
9.033137260033832717e+03 4.619830240875558158e-01 1.257805560791228766e-02
9.042170397293868518e+03 4.556679639869782861e-01 1.281788645404519263e-02
9.051212567691165532e+03 4.551155692558857546e-01 1.284883903692706289e-02
9.060263780258859697e+03 4.637487679425441045e-01 1.320181988925165847e-02
9.069324044039121873e+03 4.784220199270368123e-01 1.234581511285630200e-02
9.078393368083163296e+03 4.763911197895555061e-01 1.226036078212304828e-02
9.087471761451250131e+03 4.615862106529650122e-01 1.200565717513692003e-02
9.096559233212705294e+03 4.378642147505928950e-01 1.238609597134028573e-02
9.105655792445919360e+03 4.175784206186697878e-01 1.254400730949462722e-02
9.114761448238368757e+03 4.166682720101061443e-01 1.153423002558795832e-02
9.123876209686610309e+03 4.039451232529125413e-01 1.108631840100108602e-02
9.133000085896299424e+03 3.767446923949663851e-01 9.667065529679231758e-03
9.142133085982199191e+03 3.609240887298020839e-01 9.339561598498994852e-03
9.151275219068184015e+03 3.632745066621424490e-01 8.864376495036305550e-03
9.160426494287255991e+03 3.649140193708546587e-01 8.772243782575721988e-03
9.169586920781546723e+03 3.744640068127670363e-01 8.785863002279356918e-03
9.178756507702330055e+03 4.002838794137628109e-01 9.076453736199707051e-03
9.187935264210036621e+03 4.276007099515070631e-01 9.287620281984763568e-03
9.197123199474248395e+03 4.470463082867233706e-01 9.368603237845288256e-03
9.206320322673725968e+03 4.819454006737146079e-01 1.295496933341384188e-02
9.215526642996403098e+03 4.932513303264383642e-01 1.435311248207237281e-02
9.224742169639403073e+03 4.856070294409770005e-01 1.818298932865710510e-02
9.233966911809044177e+03 4.534684726578409042e-01 3.156158274328176722e-02
9.243200878720857872e+03 4.641031452528722734e-01 3.531919893568077895e-02
9.252444079599581528e+03 5.237315257089094622e-01 3.558148011532678151e-02
9.261696523679183883e+03 6.035607286751046852e-01 3.903025902427027793e-02
9.270958220202865050e+03 6.918707281533277298e-01 4.354668033213127815e-02
9.280229178423071062e+03 7.823387593477764135e-01 4.790617561281310804e-02
9.289509407601497514e+03 8.896274701213026104e-01 5.272239521636547244e-02
9.298798917009102297e+03 9.820162708850900257e-01 5.364933565525090847e-02
9.308097715926114688e+03 1.050668977560954787e+00 5.628412628932159822e-02
9.317405813642044450e+03 1.087159047372154852e+00 5.915923779391158571e-02
9.326723219455689105e+03 1.010147578257079681e+00 7.193650667345406757e-02
9.336049942675148486e+03 9.586910915801025723e-01 7.232955562276013883e-02
9.345385992617826560e+03 9.102808468283561938e-01 6.824051038586123608e-02
9.354731378610447791e+03 8.048218000275562112e-01 6.360270507443063770e-02
9.364086109989060787e+03 8.454397584423615220e-01 7.963219961657830304e-02
9.373450196099052846e+03 7.894857071624918898e-01 8.329091448628868355e-02
9.382823646295155413e+03 6.914460325764862914e-01 7.849291069408337318e-02
9.392206469941453179e+03 6.151585435558853954e-01 7.893010720288598514e-02
9.401598676411396809e+03 5.346358710713130513e-01 8.299390704230359683e-02
9.411000275087812042e+03 4.018200221316502452e-01 8.009690459822915720e-02
9.420411275362903325e+03 2.826976469733867847e-01 7.829840384204143910e-02
9.429831686638268366e+03 2.640808144125298962e-01 8.166994455732111413e-02
9.439261518324910867e+03 2.702892513919336048e-01 8.272111096225392979e-02
9.448700779843238706e+03 2.799536053308351313e-01 8.351991898610655607e-02
9.458149480623085765e+03 3.405321391849128188e-01 8.541765014181976201e-02
9.467607630103711926e+03 4.021433176240901131e-01 8.377809640143620007e-02
9.477075237733817630e+03 4.032700399135863423e-01 8.470235270649761894e-02
9.486552312971554784e+03 4.123978748339872658e-01 8.568903926887511124e-02
9.496038865284530402e+03 4.520655010681103869e-01 8.718860194546426690e-02
9.505534904149817521e+03 4.258909511823180671e-01 8.003394893639216578e-02
9.515040439053969749e+03 4.379679932926719421e-01 7.765686857304894553e-02
9.524555479493026724e+03 4.766312057404551439e-01 7.702689379806680614e-02
9.534080034972523208e+03 4.899128453771075531e-01 7.640881325027266968e-02
9.543614115007500004e+03 5.930100529659834141e-01 6.649792673588220127e-02
9.553157729122509409e+03 7.001567512384465619e-01 4.328910429900294232e-02
9.562710886851635223e+03 6.618274485755020198e-01 4.575273585228838841e-02
9.572273597738490935e+03 6.143043298487926851e-01 4.618631593221613624e-02
9.581845871336232449e+03 5.262655969170032533e-01 4.736540364794246394e-02
9.591427717207570822e+03 4.182357506518325496e-01 4.813928565698578216e-02
9.601019144924781358e+03 3.162768490539190624e-01 4.487870987564766129e-02
9.610620164069710881e+03 2.021823248257467454e-01 3.654729329579951141e-02
9.620230784233783197e+03 1.975510398485861852e-01 4.133838697405373824e-02
9.629851015018019098e+03 1.753533826185519340e-01 4.237507981226047715e-02
9.639480866033041821e+03 1.928161768209150639e-01 3.853564998849745571e-02
9.649120346899077049e+03 2.367991313193243963e-01 2.973321967691124404e-02
9.658769467245980195e+03 2.559369987746141217e-01 2.964572748552528336e-02
9.668428236713229126e+03 3.014056241239609912e-01 2.891302307021625592e-02
9.678096664949945989e+03 3.422331061874002156e-01 2.854643893491776163e-02
9.687774761614899035e+03 3.666449451749037580e-01 2.828749599384644889e-02
9.697462536376517164e+03 3.723576637204090711e-01 2.852412194900906181e-02
9.707159998912895389e+03 3.620190269562520990e-01 2.793074548681496322e-02
9.716867158911813021e+03 3.672847156719727946e-01 2.776923834103591296e-02
9.726584026070726395e+03 3.829275338689731578e-01 2.743109936558537146e-02
9.736310610096801611e+03 3.798550269363468179e-01 2.732199453539416178e-02
9.746046920706901801e+03 3.769362754262923776e-01 2.748039487494719629e-02
9.755792967627610778e+03 3.827167462180953161e-01 2.789346493903643170e-02
9.765548760595242129e+03 3.508521867556104734e-01 2.981550075681268716e-02
9.775314309355841033e+03 3.290053375717569839e-01 3.063582196257276166e-02
9.785089623665198815e+03 3.229408444519388799e-01 3.029409443408164274e-02
9.794874713288867497e+03 3.211559990834155220e-01 2.965291068335881158e-02
9.804669588002159799e+03 3.086406795026710448e-01 2.881771778347747351e-02
9.814474257590165507e+03 3.394380352205340623e-01 2.926575734975667489e-02
9.824288731847758754e+03 3.604105372580482247e-01 2.807223300558223111e-02
9.834113020579610748e+03 4.052293538684436092e-01 2.505523200704287343e-02
9.843947133600193411e+03 4.304028360712872092e-01 2.649500049432291018e-02
9.853791080733795752e+03 3.919216897168409375e-01 3.386912340120313419e-02
9.863644871814532962e+03 3.715935651990558419e-01 3.474576698185023044e-02
9.873508516686351868e+03 3.843607086005044748e-01 3.442558132516860409e-02
9.883382025203040030e+03 3.910370189002236319e-01 3.583763628117879463e-02
9.893265407228247568e+03 4.039811981843571820e-01 3.765788005166770952e-02
9.903158672635478069e+03 4.123333606552702091e-01 4.048843553898835712e-02
9.913061831308117689e+03 4.215554563685863232e-01 4.473776042186077689e-02
9.922974893139427877e+03 4.147490555111034150e-01 5.072465284340932357e-02
9.932897868032570841e+03 4.095689901383501863e-01 5.928487508895196462e-02
9.942830765900607730e+03 4.204324704951365455e-01 7.336371537615012095e-02
9.952773596666511366e+03 4.359555595820816531e-01 9.525898436613554343e-02
9.962726370263180797e+03 4.430062132076450498e-01 1.280784283818038327e-01
9.972689096633446752e+03 4.463547937071867255e-01 1.765634920587668133e-01
9.982661785730084375e+03 4.075808913474891493e-01 2.543896412632864479e-01
9.992644447515816864e+03 3.074898776778071108e-01 3.768709668591000428e-01
