# starting wavelength: 3140.270
# ending wavelength: 10156.100
# wav flux eflux
3.140644021823316052e+03 2.162097083112355933e-01 1.970684449718392628e+00
3.143784665845140353e+03 8.047057672302154741e-02 1.418168329332758271e+00
3.146928450510986750e+03 6.432453946358318575e-02 1.052316170792563899e+00
3.150075378961498700e+03 6.625544190584906068e-02 7.960308493045873401e-01
3.153225454340461056e+03 8.406462168540226876e-02 6.138003518554315807e-01
3.156378679794802792e+03 1.183242502595952123e-01 4.897863188775297139e-01
3.159535058474598372e+03 1.291481750761334091e-01 4.034776214716098708e-01
3.162694593533074112e+03 1.021211432274033715e-01 3.368662139847883874e-01
3.165857288126608182e+03 1.008476422516363519e-01 2.891927328080269866e-01
3.169023145414736064e+03 1.010692991007027253e-01 2.459579673527888810e-01
3.172192168560151458e+03 1.094784559661843015e-01 2.130846238638503531e-01
3.175364360728712654e+03 1.504154234493975117e-01 1.921830872113826916e-01
3.178539725089442527e+03 1.769859942079149706e-01 1.738978140223873536e-01
3.181718264814533086e+03 2.123177819833532431e-01 1.603485919493142786e-01
3.184899983079348658e+03 2.355027556795140642e-01 1.494042156826288215e-01
3.188084883062429071e+03 2.555678050656350342e-01 1.411208496271733059e-01
3.191272967945492383e+03 2.787558711316859839e-01 1.351015621881245243e-01
3.194464240913438971e+03 2.851585080504460690e-01 1.301458804220363141e-01
3.197658705154353811e+03 2.803555686738770092e-01 1.263626381915189667e-01
3.200856363859509202e+03 2.580794634334150350e-01 1.212272519507370805e-01
3.204057220223369768e+03 2.460662357951554080e-01 1.221252241551710194e-01
3.207261277443593826e+03 2.184465493610224796e-01 1.210100695232343981e-01
3.210468538721038840e+03 1.956648272350034190e-01 1.191506136676359212e-01
3.213679007259760965e+03 1.808989142030764108e-01 1.191602908973113106e-01
3.216892686267021418e+03 1.570408037220600017e-01 1.210425897110138649e-01
3.220109578953289656e+03 1.456475156738047394e-01 1.199431269893888319e-01
3.223329688532243836e+03 1.827713258697784560e-01 1.167143022626161986e-01
3.226553018220777176e+03 2.161621848804669288e-01 1.153274256011089099e-01
3.229779571238999324e+03 2.406830299036396836e-01 1.153217679280168495e-01
3.233009350810239084e+03 1.621742470868452468e-01 8.861097310453140696e-02
3.236242360161050783e+03 1.767396594792195741e-01 8.676357280656737947e-02
3.239478602521212906e+03 2.077056437872305539e-01 8.762227672122965827e-02
3.242718081123734919e+03 2.295754025256130926e-01 9.081768521131183824e-02
3.245960799204859995e+03 2.471979961729114106e-01 9.180441237997802317e-02
3.249206760004065927e+03 2.973823508985024566e-01 8.446247865237493935e-02
3.252455966764071036e+03 3.250870459251570255e-01 8.021552057202679942e-02
3.255708422730835991e+03 3.404887904933919796e-01 7.626303169820163042e-02
3.258964131153567905e+03 3.740983301219339974e-01 6.986184290468136493e-02
3.262223095284722604e+03 3.780776745989969934e-01 7.004657195985659890e-02
3.265485318380008266e+03 3.779093476540759666e-01 7.212971061872369694e-02
3.268750803698389518e+03 3.914706852850886043e-01 7.132775486644363228e-02
3.272019554502088795e+03 3.801518650182653669e-01 7.014697361551089361e-02
3.275291574056592253e+03 3.483099561496619256e-01 6.381403535080330813e-02
3.278566865630649772e+03 3.236238219982693343e-01 5.998020979905419742e-02
3.281845432496281319e+03 3.275051930096737340e-01 6.078424797091423748e-02
3.285127277928778767e+03 3.094246330769572229e-01 5.905568656287309148e-02
3.288412405206708627e+03 2.633279606413322371e-01 4.942870783032957127e-02
3.291700817611916591e+03 2.563965966014951081e-01 5.024898844740340043e-02
3.294992518429529355e+03 2.358070096232151580e-01 4.767150456450236495e-02
3.298287510947960072e+03 2.281206899867259941e-01 4.770074016666318861e-02
3.301585798458909267e+03 2.419867453295470316e-01 4.649341913416409067e-02
3.304887384257369376e+03 2.466183305721684760e-01 4.666165509061755839e-02
3.308192271641627485e+03 2.671615405331813631e-01 4.487555559527457716e-02
3.311500463913270323e+03 2.840959836211942036e-01 4.482408128850901702e-02
3.314811964377184722e+03 3.040188694061725649e-01 4.501739614168106390e-02
3.318126776341563072e+03 3.114408521953196396e-01 4.388557030803699743e-02
3.321444903117905596e+03 3.222211651452059900e-01 4.366484699053111568e-02
3.324766348021024896e+03 3.473407074539442974e-01 4.011167740317172353e-02
3.328091114369046863e+03 3.334345669723662864e-01 3.427024992881238380e-02
3.331419205483417045e+03 3.344073434979487613e-01 3.133331797867007495e-02
3.334750624688901553e+03 3.339609980803727174e-01 3.139055607458177827e-02
3.338085375313591612e+03 3.375324614419822344e-01 3.209664449541905357e-02
3.341423460688906289e+03 3.353520578481228864e-01 3.211664561478502072e-02
3.344764884149596128e+03 3.309456574665008421e-01 3.173711826224222265e-02
3.348109649033746791e+03 3.063694695897516973e-01 2.916705945814105846e-02
3.351457758682781787e+03 3.026814689082695797e-01 2.822531579719255584e-02
3.354809216441465651e+03 3.004780479372456403e-01 2.708678603599139201e-02
3.358164025657908041e+03 2.985726741559744934e-01 2.704191865053328855e-02
3.361522189683567376e+03 2.952889197453741899e-01 2.731292386089624949e-02
3.364883711873251741e+03 2.978334002569373307e-01 2.755876691806579196e-02
3.368248595585126168e+03 2.922457602072114358e-01 2.725117855307971140e-02
3.371616844180712633e+03 2.815647230083410668e-01 2.753646463338047315e-02
3.374988461024894150e+03 2.775057708220420305e-01 2.600854644879299973e-02
3.378363449485920228e+03 2.681410787980837984e-01 2.313648073804146221e-02
3.381741812935407324e+03 2.794561401981637827e-01 2.185621746850967273e-02
3.385123554748343849e+03 2.835531769821556525e-01 2.188808705328610521e-02
3.388508678303093347e+03 2.989595304172191215e-01 2.332859448697795907e-02
3.391897186981397681e+03 3.189989509387720634e-01 2.225194571825466622e-02
3.395289084168380214e+03 3.167822762962166916e-01 2.269443001446297750e-02
3.398684373252549449e+03 3.183386610138005390e-01 2.303369559049881637e-02
3.402083057625803121e+03 3.208019864103820451e-01 2.339959673056682399e-02
3.405485140683430018e+03 3.262771254772884877e-01 2.271216568853539827e-02
3.408890625824114522e+03 3.334454082976008871e-01 2.262062188990701661e-02
3.412299516449939802e+03 3.364102181280334003e-01 2.261487129727069931e-02
3.415711815966390986e+03 3.341810195828745500e-01 2.224294600896047427e-02
3.419127527782358356e+03 3.446081280500132848e-01 2.134681969612862648e-02
3.422546655310141887e+03 3.479839912883317954e-01 2.140072134514606553e-02
3.425969201965453522e+03 3.508412905851550079e-01 2.118923836785221310e-02
3.429395171167419903e+03 3.478016605349286139e-01 2.019799434538103317e-02
3.432824566338588284e+03 3.413347747786971143e-01 1.980758784938225700e-02
3.436257390904928343e+03 3.454436871842292422e-01 1.989860894453722440e-02
3.439693648295834464e+03 3.602667571307558436e-01 1.928033130599524775e-02
3.443133341944131189e+03 3.800206512202887743e-01 1.915243263023655787e-02
3.446576475286076402e+03 4.090078642464376468e-01 1.966400451570982436e-02
3.450023051761363604e+03 4.268623685912927845e-01 1.964866687655915031e-02
3.453473074813126004e+03 4.398751796053361196e-01 1.996609881018335253e-02
3.456926547887940615e+03 4.545850761733251644e-01 1.953001319285869314e-02
3.460383474435829612e+03 4.581641265386323658e-01 1.918732526036647304e-02
3.463843857910266706e+03 4.652906887130250912e-01 1.935938724899766844e-02
3.467307701768178049e+03 4.746311791589610807e-01 1.932121944812835793e-02
3.470775009469947236e+03 4.876750002760375513e-01 1.812603547543554031e-02
3.474245784479418489e+03 4.835981247460726107e-01 1.811886383191372782e-02
3.477720030263898934e+03 4.771069201051105768e-01 1.802805608172949187e-02
3.481197750294164052e+03 4.769647618844046200e-01 1.804076346610909709e-02
3.484678948044459503e+03 4.741997696625311898e-01 1.789925733588893994e-02
3.488163626992504760e+03 4.742059684443998835e-01 1.850799498354390935e-02
3.491651790619498570e+03 4.820607814443900185e-01 1.642256245714871291e-02
3.495143442410119405e+03 4.735896621988694988e-01 1.662939282238562119e-02
3.498638585852530468e+03 4.611643414646074413e-01 1.573101748995601318e-02
3.502137224438384237e+03 4.411863019533727726e-01 1.532496338950890824e-02
3.505639361662823831e+03 4.253674608720088290e-01 1.528804964769260241e-02
3.509145001024487556e+03 4.047579900026981869e-01 1.519596311031435297e-02
3.512654146025513455e+03 3.893865741966711647e-01 1.555123629418367869e-02
3.516166800171540217e+03 3.722507527004343397e-01 1.551545837916808689e-02
3.519682966971712631e+03 3.569589265536446954e-01 1.567547167876232050e-02
3.523202649938685681e+03 3.483573852730658671e-01 1.430569145511248474e-02
3.526725852588625457e+03 3.373974466065765565e-01 1.451568280894335351e-02
3.530252578441215064e+03 3.248187411496922805e-01 1.426028253227881043e-02
3.533782831019657806e+03 3.122292292497100830e-01 1.279304578941108453e-02
3.537316613850678550e+03 3.022131034643623648e-01 1.175215003768623374e-02
3.540853930464530094e+03 2.969293909692016786e-01 1.203977238145275373e-02
3.544394784394995895e+03 2.985795678673632270e-01 1.200728065024808493e-02
3.547939179179392340e+03 3.046702454793217552e-01 1.076358187288588980e-02
3.551487118358572843e+03 3.116810313761675388e-01 1.094593306357654651e-02
3.555038605476932389e+03 3.197404194899471364e-01 1.112451643321748715e-02
3.558593644082410719e+03 3.289651223180352635e-01 1.124947779668495143e-02
3.562152237726494150e+03 3.357749634135042127e-01 1.133729016597727866e-02
3.565714389964221937e+03 3.511635056573721436e-01 1.059367850264828805e-02
3.569280104354187188e+03 3.622335042446391817e-01 1.052793851173815069e-02
3.572849384458542772e+03 3.675847026516693150e-01 1.086655426607888338e-02
3.576422233843002232e+03 3.713931843351743756e-01 8.931303802621790022e-03
3.579998656076846601e+03 3.828816507678381442e-01 8.915031117690782811e-03
3.583578654732924406e+03 3.907996699863053869e-01 8.941318652581794341e-03
3.587162233387658489e+03 4.067530969590252288e-01 8.824437487289895146e-03
3.590749395621047370e+03 4.227301815973383281e-01 8.511951879695407036e-03
3.594340145016669794e+03 4.476747884026653912e-01 9.595543433545943718e-03
3.597934485161687462e+03 4.671009804733599613e-01 9.776207086804608939e-03
3.601532419646850485e+03 4.863930087215018183e-01 1.002208398562025489e-02
3.605133952066498296e+03 5.020501805871075973e-01 9.910976023549627686e-03
3.608739086018566013e+03 5.144733046897776996e-01 9.764095594850134840e-03
3.612347825104585809e+03 5.275609122177818966e-01 9.385307973396940159e-03
3.615960172929691907e+03 5.341134785588810274e-01 9.673408834629618550e-03
3.619576133102622407e+03 5.353401434143033599e-01 9.957773506273220887e-03
3.623195709235726554e+03 5.366165332749562866e-01 1.003897358829912434e-02
3.626818904944963379e+03 5.392931368162563466e-01 1.013902284342029642e-02
3.630445723849909427e+03 5.416990770218258477e-01 1.012606473441864802e-02
3.634076169573760581e+03 5.386952017372016455e-01 1.017392663283608542e-02
3.637710245743335690e+03 5.312902848814374801e-01 9.950750038483406959e-03
3.641347955989080219e+03 5.220644001499565867e-01 8.547732038351995784e-03
3.644989303945070333e+03 5.185234430945546702e-01 8.535029535363197750e-03
3.648634293249016537e+03 5.137922646949804051e-01 8.460238493176164970e-03
3.652282927542266862e+03 5.102466520939694661e-01 8.396813156148477328e-03
3.655935210469810499e+03 5.066111057940896334e-01 8.416830268237793233e-03
3.659591145680281443e+03 5.051213906316284197e-01 7.832436820965953117e-03
3.663250736825963031e+03 4.989088157520954470e-01 8.265698549879834517e-03
3.666913987562790226e+03 4.976611711173054564e-01 8.237418441956021950e-03
3.670580901550354156e+03 4.951349151009770688e-01 8.035384033045744542e-03
3.674251482451905758e+03 4.908748445720945153e-01 7.007286097379830485e-03
3.677925733934358959e+03 4.863541138711288125e-01 5.567412306121521243e-03
3.681603659668294313e+03 4.920384630692481998e-01 6.334059353272615545e-03
3.685285263327964003e+03 5.023453046181304282e-01 6.470807393727145800e-03
3.688970548591293209e+03 5.100617099302918733e-01 6.514717359024109651e-03
3.692659519139885560e+03 5.198064634266524875e-01 6.439096887608998510e-03
3.696352178659026777e+03 5.281149231874008310e-01 5.643408125204138655e-03
3.700048530837686940e+03 5.317525062254355728e-01 5.878447010930919550e-03
3.703748579368525952e+03 5.316660135198230108e-01 6.165684149994596006e-03
3.707452327947895355e+03 5.325857834734097906e-01 6.021327895248384035e-03
3.711159780275844696e+03 5.299021980341901417e-01 6.322852552655298594e-03
3.714870940056121526e+03 5.259774787191536793e-01 6.095184899196515876e-03
3.718585810996179134e+03 5.158699335557018761e-01 5.881560062788548753e-03
3.722304396807176545e+03 5.027948656133238714e-01 5.622642733044913577e-03
3.726026701203984885e+03 4.886090921243477769e-01 5.878659991402626281e-03
3.729752727905190113e+03 4.700994648253667418e-01 5.624941309215634490e-03
3.733482480633096657e+03 4.494050163610910920e-01 5.917568269146382919e-03
3.737215963113731050e+03 4.267977269963037501e-01 5.776199261475993725e-03
3.740953179076846027e+03 4.017204927923939128e-01 5.636413297615868422e-03
3.744694132255923705e+03 3.718680013829130382e-01 5.613817456915268754e-03
3.748438826388181042e+03 3.348085896755222945e-01 6.103375931071111128e-03
3.752187265214570289e+03 3.008342155174277832e-01 6.384289338345730362e-03
3.755939452479786269e+03 2.674805300236792194e-01 6.355045301184652877e-03
3.759695391932267285e+03 2.271147218789502653e-01 6.134447534571877553e-03
3.763455087324201031e+03 1.985587144799518533e-01 6.056158728155593834e-03
3.767218542411526414e+03 1.741153282532710567e-01 6.192504002052800355e-03
3.770985760953939007e+03 1.541454848223777208e-01 5.980311625938278079e-03
3.774756746714894234e+03 1.410481452183262596e-01 6.076490423515473055e-03
3.778531503461610555e+03 1.306981127294154499e-01 6.016751398271559699e-03
3.782310034965073100e+03 1.278085131058891988e-01 6.504753941584709778e-03
3.786092345000039586e+03 1.281866825719103486e-01 6.641381324883528954e-03
3.789878437345040766e+03 1.388606456733240124e-01 5.293188556709072824e-03
3.793668315782387253e+03 1.459158274120889720e-01 4.754467484168496162e-03
3.797461984098170888e+03 1.499551218508651251e-01 5.075312865415294340e-03
3.801259446082270188e+03 1.526816628873250148e-01 5.403355221202559185e-03
3.805060705528353537e+03 1.585642334413880916e-01 5.628070596265716263e-03
3.808865766233883278e+03 1.606071826199530761e-01 5.516144988578314430e-03
3.812674632000118436e+03 1.622475809692497106e-01 5.455557404719232721e-03
3.816487306632119726e+03 1.645710158497561970e-01 5.566534570888879291e-03
3.820303793938753188e+03 1.679005398424598949e-01 5.676799683463512082e-03
3.824124097732693372e+03 1.728610739985640132e-01 5.684410799178988595e-03
3.827948221830427428e+03 1.775733864226674841e-01 5.868167241538749593e-03
3.831776170052258749e+03 1.836657742988685171e-01 5.589779841745376975e-03
3.835607946222312421e+03 1.887366559663030685e-01 5.530510043575851027e-03
3.839443554168536139e+03 1.951645539253632489e-01 5.450260210387229513e-03
3.843282997722705659e+03 2.036467034668680287e-01 4.619298584524799203e-03
3.847126280720429804e+03 2.100974871291770574e-01 4.613901742498672902e-03
3.850973407001151372e+03 2.149422821884457435e-01 4.428268591506998725e-03
3.854824380408153957e+03 2.214298839051869472e-01 4.841046171793293024e-03
3.858679204788563311e+03 2.289433919481809743e-01 4.867432759455021102e-03
3.862537883993353262e+03 2.338409831700951069e-01 4.854867532367906392e-03
3.866400421877347981e+03 2.380226803755352560e-01 5.328724359930533255e-03
3.870266822299226533e+03 2.435925776845973001e-01 6.494393911761845058e-03
3.874137089121526969e+03 2.530659614462417162e-01 5.746825376052760656e-03
3.878011226210649966e+03 2.699376071883170525e-01 5.575287543720173870e-03
3.881889237436861549e+03 2.929631734891803840e-01 5.576763854438525347e-03
3.885771126674299921e+03 3.241131921675292071e-01 5.513382845675440964e-03
3.889656897800975457e+03 3.641698824615189345e-01 5.459608512123539231e-03
3.893546554698777527e+03 4.102668299172148036e-01 6.607421150064908023e-03
3.897440101253477678e+03 4.664842588976227944e-01 7.929567677080922791e-03
3.901337541354732366e+03 5.226446483558812028e-01 6.850681044973084242e-03
3.905238878896088409e+03 5.694556606423952783e-01 7.732411692463932347e-03
3.909144117774985716e+03 6.184319393814298182e-01 8.974251087102265434e-03
3.913053261892762293e+03 6.662590362076007411e-01 9.505013850052531493e-03
3.916966315154656058e+03 7.160382998929705201e-01 9.147638654557189303e-03
3.920883281469812118e+03 7.644570374975889759e-01 8.789201310916115728e-03
3.924804164751283224e+03 8.100819416044008348e-01 8.842006730107029866e-03
3.928728968916035683e+03 8.580212316545394735e-01 9.815653710153160807e-03
3.932657697884953450e+03 8.954519613843937575e-01 9.720126475386009143e-03
3.936590355582839493e+03 9.309040271267490230e-01 9.102389092090703779e-03
3.940526945938423523e+03 9.516017101420182200e-01 8.658425632508759753e-03
3.944467472884363360e+03 9.607019950055915025e-01 8.903579006793784292e-03
3.948411940357249023e+03 9.625505152836525413e-01 9.019911854663855560e-03
3.952360352297607733e+03 9.524457227629146150e-01 9.269688916453903971e-03
3.956312712649906643e+03 9.342048238377990144e-01 8.891691150838435670e-03
3.960269025362557841e+03 9.102867110357736324e-01 7.121886546919825416e-03
3.964229294387921527e+03 8.874785408193108793e-01 6.052866895987746299e-03
3.968193523682310570e+03 8.660706682056051875e-01 5.336602650537094865e-03
3.972161717205994591e+03 8.552807960138882892e-01 4.978708719986655457e-03
3.976133878923201792e+03 8.518120686073538117e-01 3.828027618490400727e-03
3.980110012802126221e+03 8.501392415873447739e-01 3.750569674678297643e-03
3.984090122814929600e+03 8.480286994896877317e-01 3.565906090894033383e-03
3.988074212937745870e+03 8.562179229629873767e-01 3.637084462218549089e-03
3.992062287150684824e+03 8.686015062843693846e-01 3.772343033309300681e-03
3.996054349437837118e+03 8.865950170701728528e-01 3.827539054632318662e-03
4.000050403787276082e+03 9.101507332902561975e-01 4.462153522878794902e-03
4.004050454191064546e+03 9.338939507282600916e-01 4.537974241132214197e-03
4.008054504645257111e+03 9.565033205304138697e-01 4.271018947574675532e-03
4.012062559149903791e+03 9.812006805209414484e-01 4.286674978191208456e-03
4.016074621709055009e+03 1.001632943794251496e+00 3.924040020738730344e-03
4.020090696330765240e+03 1.017250982969748696e+00 4.022590269421187983e-03
4.024110787027097558e+03 1.026360393462594445e+00 4.114799230880169731e-03
4.028134897814125907e+03 1.033170474708341224e+00 4.232698103802064182e-03
4.032163032711941469e+03 1.033489425851574106e+00 4.306816054291047122e-03
4.036195195744654484e+03 1.029085505704956827e+00 4.102452202660466021e-03
4.040231390940400615e+03 1.018836009683598220e+00 4.480515779379157584e-03
4.044271622331342314e+03 1.003269159149449363e+00 4.256806078121214490e-03
4.048315893953675186e+03 9.909071014921788656e-01 4.360380662273737225e-03
4.052364209847629809e+03 9.771846349051002134e-01 4.556249641026546143e-03
4.056416574057479011e+03 9.642367392708572904e-01 5.021232243912544281e-03
4.060472990631537868e+03 9.558517011911304984e-01 4.498539327331846707e-03
4.064533463622170530e+03 9.510443741105750748e-01 4.810820668908294580e-03
4.068597997085794304e+03 9.514149996962181222e-01 5.846455213279895015e-03
4.072666595082881486e+03 9.508454714403340446e-01 6.058431513486444743e-03
4.076739261677965715e+03 9.495639270285728406e-01 5.237597892512725270e-03
4.080816000939644709e+03 9.504644086410952708e-01 5.425867686751875869e-03
4.084896816940585722e+03 9.425630972469258850e-01 5.379728464947342199e-03
4.088981713757527814e+03 9.291327130034615633e-01 6.981954681844399803e-03
4.093070695471286854e+03 9.154468250464257162e-01 8.098398574172174791e-03
4.097163766166759160e+03 9.011423517263054128e-01 8.033108585952528427e-03
4.101260929932927866e+03 8.923941928253757983e-01 7.240068039067660242e-03
4.105362190862862008e+03 8.865783801479069082e-01 6.438421611590758667e-03
4.109467553053726078e+03 8.901754267289923028e-01 6.618852786243877018e-03
4.113577020606780934e+03 8.953310513949472860e-01 6.865389752622786529e-03
4.117690597627389252e+03 9.080142352725858457e-01 7.323729017608433985e-03
4.121808288225018259e+03 9.208248957905508236e-01 7.225773680130815821e-03
4.125930096513244280e+03 9.367890805444823998e-01 5.767821367541239863e-03
4.130056026609759101e+03 9.488995657678506168e-01 5.608957179542204373e-03
4.134186082636369974e+03 9.558925086103119417e-01 5.695456737902118531e-03
4.138320268719007800e+03 9.640839934183751403e-01 5.554375403906405134e-03
4.142458588987728035e+03 9.666758529562737845e-01 5.791987434656109025e-03
4.146601047576717065e+03 9.659981454530260914e-01 5.685559874941003081e-03
4.150747648624294925e+03 9.581193148150389804e-01 5.930942654874520742e-03
4.154898396272920763e+03 9.445645633207067071e-01 6.658095700095809609e-03
4.159053294669195566e+03 9.367413198986513923e-01 6.790870433234293124e-03
4.163212347963865795e+03 9.321085894906725455e-01 6.429418724156905560e-03
4.167375560311830668e+03 9.275058266204682100e-01 6.069515344713222529e-03
4.171542935872143971e+03 9.208517930694040121e-01 6.045659470325518217e-03
4.175714478808017702e+03 9.182963102486264573e-01 6.081089573957614534e-03
4.179890193286827525e+03 9.160327985210089397e-01 6.199960907943884159e-03
4.184070083480115500e+03 9.115434131857785838e-01 6.276224363005821101e-03
4.188254153563597356e+03 9.118091615223836710e-01 6.237162281243604882e-03
4.192442407717161586e+03 9.134010053334419288e-01 6.458197292393537056e-03
4.196634850124880359e+03 9.164200068075890604e-01 6.263520929805700167e-03
4.200831484975006788e+03 9.232559033492102607e-01 6.557925888426408868e-03
4.205032316459983122e+03 9.277877455330758583e-01 6.558095070007406019e-03
4.209237348776444378e+03 9.291941470486190235e-01 6.900640466009377340e-03
4.213446586125221984e+03 9.256384666255933480e-01 6.930763364868566291e-03
4.217660032711349231e+03 9.200746226740667000e-01 6.853316060105877662e-03
4.221877692744061278e+03 9.164096191560605620e-01 6.379526837611866966e-03
4.226099570436806971e+03 9.082254603782266011e-01 6.096966843109462124e-03
4.230325670007245208e+03 8.964269356016655310e-01 6.171798934313388850e-03
4.234555995677254032e+03 8.821658333859278001e-01 5.531141408816091926e-03
4.238790551672932452e+03 8.646789314207962152e-01 4.382702936396208442e-03
4.243029342224606808e+03 8.544495020836599952e-01 4.530054112937716843e-03
4.247272371566832589e+03 8.454009485875183527e-01 5.093259010834010926e-03
4.251519643938400804e+03 8.389875045763346417e-01 4.977982232182757982e-03
4.255771163582340705e+03 8.344861568667490959e-01 5.029736289201149069e-03
4.260026934745924336e+03 8.328160911273612133e-01 5.923235609539556634e-03
4.264286961680671993e+03 8.357143423466107945e-01 6.037976291844856895e-03
4.268551248642354039e+03 8.458131170131900634e-01 6.096047837196968272e-03
4.272819799890998183e+03 8.600472909107287345e-01 5.263477543100176723e-03
4.277092619690890388e+03 8.851518788793287795e-01 6.640355345915774886e-03
4.281369712310583054e+03 9.119031140718327766e-01 7.733552632049453882e-03
4.285651082022895025e+03 9.411617125288692653e-01 8.525900006874745016e-03
4.289936733104918858e+03 9.681099031489494022e-01 7.428871978033994156e-03
4.294226669838025373e+03 9.883422708155708003e-01 6.057337035139368289e-03
4.298520896507864563e+03 9.942279276638780194e-01 7.012768468846114663e-03
4.302819417404373780e+03 9.976984903473151700e-01 7.727684544629535336e-03
4.307122236821779552e+03 9.942853190045278788e-01 7.719201080878659860e-03
4.311429359058603040e+03 9.819077202499553181e-01 7.495707239739137287e-03
4.315740788417662770e+03 9.662463324416130650e-01 6.218573527068182311e-03
4.320056529206081905e+03 9.536617868969043954e-01 5.448220541313411776e-03
4.324376585735290064e+03 9.394902086688088350e-01 5.078798545147739270e-03
4.328700962321026054e+03 9.306103054964240950e-01 5.056615525385650331e-03
4.333029663283348782e+03 9.259080141938836883e-01 4.912088557387348300e-03
4.337362692946633615e+03 9.259888164977040370e-01 4.944296646159273591e-03
4.341700055639581478e+03 9.255716718189733738e-01 4.979298236469997287e-03
4.346041755695222491e+03 9.267188573335577439e-01 4.938202958121566503e-03
4.350387797450919606e+03 9.223842794583211324e-01 5.018311561873728226e-03
4.354738185248371337e+03 9.180146314494063153e-01 4.906319788450642580e-03
4.359092923433621763e+03 9.140140996696619613e-01 4.757305526866213718e-03
4.363452016357056891e+03 9.124491676888829561e-01 4.721414397485567196e-03
4.367815468373414660e+03 9.095180959413815547e-01 4.799089208114310813e-03
4.372183283841789489e+03 9.057164882633754743e-01 5.337662984617048446e-03
4.376555467125633186e+03 9.050675344297730573e-01 5.194376457576487666e-03
4.380932022592760404e+03 9.036249703816576773e-01 4.934299461246762636e-03
4.385312954615354101e+03 9.041571258776711639e-01 4.950878776282950817e-03
4.389698267569970994e+03 9.093315934044428062e-01 6.082135640921760775e-03
4.394087965837542470e+03 9.115655119910428539e-01 6.523278136629257797e-03
4.398482053803381859e+03 9.126193756070427598e-01 5.729163731161474905e-03
4.402880535857186260e+03 9.066227135362300293e-01 4.502876673630056524e-03
4.407283416393044718e+03 8.960008641718172351e-01 5.301616310373581317e-03
4.411690699809440048e+03 8.747159195820051192e-01 7.396725335932467435e-03
4.416102390509250654e+03 8.589750388120311886e-01 8.020483359507040583e-03
4.420518492899761441e+03 8.496026821317648192e-01 7.608775661316086875e-03
4.424939011392662906e+03 8.475736447147959041e-01 6.856035327378674424e-03
4.429363950404056595e+03 8.594356629902917266e-01 7.303924115406063011e-03
4.433793314354462382e+03 8.730177679617027175e-01 7.537584240091929795e-03
4.438227107668818462e+03 9.002015206362308231e-01 8.676230862633037971e-03
4.442665334776488635e+03 9.294616883619454262e-01 8.403850209551162048e-03
4.447108000111265937e+03 9.624814764496874009e-01 6.520246082672027585e-03
4.451555108111379013e+03 9.930072002889612781e-01 4.788418434372260397e-03
4.456006663219492111e+03 1.010780681042293461e+00 4.647706166033741156e-03
4.460462669882713271e+03 1.021207248765888753e+00 5.117897858259210821e-03
4.464923132552597053e+03 1.022223728857849512e+00 5.346472181435374220e-03
4.469388055685150903e+03 1.016066333428583324e+00 4.716500066169091246e-03
4.473857443740837880e+03 1.007474171390033924e+00 3.350829349491867351e-03
4.478331301184580298e+03 9.984622283064574777e-01 3.026977323000788582e-03
4.482809632485766087e+03 9.924505094823069529e-01 3.350755710628268869e-03
4.487292442118253348e+03 9.883680979502371677e-01 3.393704016644253241e-03
4.491779734560373072e+03 9.824277502842990728e-01 3.232158410681925265e-03
4.496271514294934605e+03 9.765931267291816376e-01 3.386583915423362848e-03
4.500767785809231100e+03 9.717215638858952564e-01 3.735276713884144121e-03
4.505268553595042249e+03 9.691744689920964717e-01 4.592518416897588794e-03
4.509773822148638828e+03 9.752624413149193483e-01 4.451785883127882225e-03
4.514283595970789065e+03 9.896306010418373100e-01 4.459859836198915711e-03
4.518797879566761367e+03 1.009185852530805061e+00 4.601865564594054790e-03
4.523316677446328868e+03 1.037209560252167373e+00 5.743679607906248576e-03
4.527839994123776705e+03 1.064468379947009380e+00 6.195769300010758700e-03
4.532367834117902021e+03 1.094111562380240654e+00 5.956878223806888473e-03
4.536900201952022144e+03 1.124981503736425692e+00 5.348034344704529451e-03
4.541437102153975502e+03 1.156568502737544080e+00 5.040799229167652190e-03
4.545978539256130716e+03 1.187741573534985884e+00 5.085724064195861968e-03
4.550524517795388419e+03 1.214372845898872511e+00 4.977642683298542751e-03
4.555075042313184895e+03 1.238792962616230620e+00 4.799572052242305313e-03
4.559630117355500261e+03 1.258967088915493804e+00 5.049510342024290943e-03
4.564189747472856652e+03 1.274292181089795362e+00 4.976814934858761995e-03
4.568753937220330954e+03 1.287329510975934621e+00 4.884369267236797311e-03
4.573322691157552981e+03 1.297699235426501341e+00 4.658224855056691989e-03
4.577896013848711846e+03 1.304539163438614757e+00 4.978768464630728592e-03
4.582473909862562323e+03 1.305757012296304476e+00 6.617539790865011907e-03
4.587056383772426670e+03 1.309315264160837655e+00 6.917248687887277495e-03
4.591643440156200086e+03 1.313414949493469042e+00 6.137939239450227250e-03
4.596235083596357981e+03 1.318508564527809179e+00 5.724963278179923121e-03
4.600831318679955984e+03 1.328466694285220573e+00 6.222940806065685275e-03
4.605432149998637215e+03 1.338094008701605997e+00 6.563922473032345745e-03
4.610037582148637739e+03 1.351080903224640917e+00 5.871403841925710437e-03
4.614647619730787483e+03 1.362092714532122439e+00 5.064506397833353803e-03
4.619262267350520233e+03 1.368005173060611090e+00 4.780767647748453836e-03
4.623881529617872729e+03 1.370379907776484441e+00 4.631649714152232845e-03
4.628505411147491941e+03 1.368233119070496828e+00 4.640475752099214313e-03
4.633133916558640522e+03 1.359380600720897503e+00 4.470579404278937283e-03
4.637767050475200449e+03 1.344194723757651699e+00 4.453929176013096160e-03
4.642404817525677572e+03 1.323342863240571932e+00 4.181494809080173528e-03
4.647047222343205249e+03 1.301678587667324027e+00 4.339712372362311034e-03
4.651694269565549803e+03 1.278490668082988169e+00 4.590095175078082006e-03
4.656345963835116891e+03 1.258978577009401301e+00 5.193274094812266005e-03
4.661002309798953320e+03 1.244036785082437424e+00 5.625267306803185055e-03
4.665663312108753416e+03 1.235058406863629221e+00 5.508607349361747431e-03
4.670328975420864481e+03 1.232157284964034316e+00 5.770100504953508055e-03
4.674999304396286789e+03 1.228208024789314567e+00 5.531860126279407493e-03
4.679674303700684504e+03 1.232073307759031344e+00 5.683997423972853014e-03
4.684353978004386590e+03 1.244088479436435968e+00 5.445919634751241606e-03
4.689038331982392265e+03 1.259844679864879247e+00 5.362670687670388452e-03
4.693727370314376458e+03 1.278010789019209392e+00 5.529017139892466320e-03
4.698421097684692540e+03 1.292099043871620667e+00 5.110203763256448289e-03
4.703119518782378691e+03 1.300436965015192348e+00 5.118679344911110200e-03
4.707822638301162442e+03 1.303975077846721620e+00 5.231808409841109085e-03
4.712530460939465229e+03 1.303855613931817370e+00 4.968566833713557174e-03
4.717242991400406027e+03 1.300491197420753808e+00 4.949003613785113442e-03
4.721960234391808626e+03 1.293894114687793140e+00 5.089071884681930710e-03
4.726682194626201635e+03 1.286521730271853237e+00 5.114116554612378740e-03
4.731408876820829391e+03 1.274360326902123752e+00 5.005701222846675562e-03
4.736140285697651962e+03 1.260298847188457527e+00 5.040079868298399587e-03
4.740876425983350600e+03 1.243083476645726382e+00 5.080171266723579500e-03
4.745617302409335934e+03 1.224265109276330143e+00 4.616498332677749193e-03
4.750362919711747054e+03 1.206988857691581041e+00 4.412669120439635835e-03
4.755113282631459697e+03 1.193714884726385872e+00 4.424073216066430961e-03
4.759868395914093526e+03 1.188241893341304367e+00 3.988478341333596099e-03
4.764628264310008490e+03 1.182142949469472626e+00 3.881105759909063337e-03
4.769392892574320285e+03 1.176859819760645687e+00 3.756997727620205174e-03
4.774162285466896719e+03 1.174363548947379376e+00 3.782244339104481618e-03
4.778936447752364984e+03 1.174448474624170569e+00 3.797442166259437039e-03
4.783715384200118933e+03 1.179501099010270559e+00 3.468124846540812656e-03
4.788499099584319993e+03 1.184211044074027663e+00 3.657373579575346270e-03
4.793287598683906253e+03 1.192410112079008266e+00 3.726505434620519443e-03
4.798080886282591564e+03 1.203301867835314010e+00 3.922382962383685195e-03
4.802878967168876443e+03 1.214796313305074094e+00 4.430282834670666581e-03
4.807681846136046261e+03 1.225984155481143922e+00 5.249152761194448603e-03
4.812489527982183972e+03 1.233022462801929731e+00 5.494159068561541188e-03
4.817302017510168298e+03 1.233334195074916151e+00 4.957627371819154499e-03
4.822119319527679181e+03 1.227423627932219485e+00 4.729383772179046597e-03
4.826941438847208701e+03 1.212030799281686111e+00 5.679879517254481092e-03
4.831768380286057436e+03 1.192218809310574335e+00 6.687146233877801389e-03
4.836600148666345376e+03 1.166914215081209960e+00 7.040917283323119141e-03
4.841436748815013743e+03 1.140975807746174020e+00 6.503944822918860010e-03
4.846278185563829538e+03 1.111694135878701362e+00 6.227926114173077191e-03
4.851124463749395545e+03 1.080772123222681458e+00 6.692757255590254389e-03
4.855975588213146693e+03 1.049198679141784885e+00 6.944440664389466694e-03
4.860831563801360971e+03 1.015457599649132403e+00 6.532438126190031301e-03
4.865692395365163975e+03 9.783731249759347604e-01 5.678349000256378322e-03
4.870558087760530725e+03 9.350798982820057725e-01 5.514935280714992373e-03
4.875428645848292945e+03 8.904485568084431479e-01 5.595488528234218543e-03
4.880304074494142696e+03 8.410263630859420303e-01 6.423398498071695301e-03
4.885184378568638749e+03 7.907489636490055984e-01 5.400786765294924088e-03
4.890069562947209306e+03 7.465435664956596717e-01 4.458766068924602428e-03
4.894959632510157462e+03 7.106539821713424576e-01 3.784558044388944709e-03
4.899854592142669389e+03 6.861576501315926890e-01 3.608562442341513733e-03
4.904754446734813428e+03 6.758616990497209320e-01 3.790225415341647291e-03
4.909659201181550088e+03 6.796250589617233162e-01 3.668479930253840202e-03
4.914568860382732964e+03 6.999608016162741642e-01 2.941909081216360390e-03
4.919483429243117826e+03 7.313079780612876668e-01 2.924168753694195589e-03
4.924402912672362618e+03 7.712069796083760309e-01 2.793915348546353351e-03
4.929327315585036558e+03 8.253665862471015746e-01 3.207161537249612459e-03
4.934256642900622865e+03 8.893710069139637575e-01 3.712515775262578959e-03
4.939190899543525120e+03 9.625941969763807116e-01 3.205811542470508001e-03
4.944130090443070912e+03 1.041837575464392707e+00 3.035730426587777194e-03
4.949074220533515472e+03 1.123150980320658299e+00 3.120863846894637948e-03
4.954023294754050767e+03 1.208075848486153792e+00 3.270360684434118689e-03
4.958977318048806410e+03 1.293871445814838372e+00 3.577323351892478139e-03
4.963936295366856939e+03 1.382637003945484055e+00 3.453240198648432555e-03
4.968900231662225451e+03 1.473472265524001568e+00 3.561790379129005108e-03
4.973869131893889062e+03 1.561905948246805398e+00 3.955778607986229142e-03
4.978843001025784361e+03 1.646096949584490154e+00 3.981966015518255061e-03
4.983821844026811959e+03 1.725759274335574300e+00 4.213792953667515676e-03
4.988805665870840130e+03 1.798207867741166144e+00 4.261869296024876214e-03
4.993794471536712990e+03 1.853904325395121511e+00 5.921102340075054191e-03
4.998788266008251412e+03 1.902785292953745877e+00 5.992552158372384599e-03
5.003787054274261209e+03 1.942440181738585236e+00 6.659689176723378873e-03
5.008790841328536771e+03 1.963387826828993044e+00 6.687004209209801257e-03
5.013799632169867436e+03 1.968444455849819308e+00 6.894998685114173131e-03
5.018813431802038394e+03 1.952271556251322870e+00 6.961535354898615302e-03
5.023832245233842514e+03 1.917409522848018133e+00 7.072322606983824991e-03
5.028856077479077612e+03 1.867603429351957001e+00 7.884997911247604643e-03
5.033884933556558281e+03 1.806780210651416585e+00 8.181389067948954472e-03
5.038918818490116792e+03 1.738722455111666454e+00 8.595490107976782798e-03
5.043957737308608557e+03 1.667198501224971263e+00 8.726715213521857653e-03
5.049001695045918495e+03 1.593717462976105725e+00 8.421695940451369433e-03
5.054050696740966487e+03 1.523381543178897068e+00 7.398918030054407735e-03
5.059104747437709193e+03 1.461268937892760800e+00 7.134349255878093786e-03
5.064163852185148244e+03 1.410778276326400738e+00 8.045944438795315373e-03
5.069228016037335692e+03 1.372924019862160394e+00 8.910849724132988148e-03
5.074297244053374015e+03 1.339268839862763683e+00 8.378110485557302076e-03
5.079371541297429758e+03 1.309886033325096344e+00 6.098298761616754299e-03
5.084450912838728073e+03 1.276698333044235634e+00 6.732961160703504304e-03
5.089535363751569093e+03 1.244605002495003498e+00 8.078210254633913512e-03
5.094624899115322478e+03 1.217937427988934562e+00 7.600431982358795378e-03
5.099719524014439230e+03 1.204937753942820100e+00 8.340034934055502724e-03
5.104819243538455339e+03 1.205278509781980922e+00 6.448977749957857802e-03
5.109924062781995417e+03 1.228763296043788644e+00 7.368623969607988010e-03
5.115033986844779065e+03 1.269028817578089718e+00 9.639575914981435290e-03
5.120149020831625421e+03 1.318214588917368646e+00 1.077029750494582112e-02
5.125269169852458617e+03 1.370851379089976341e+00 1.092751374438384777e-02
5.130394439022313236e+03 1.429343160889058773e+00 9.099003217308788624e-03
5.135524833461337039e+03 1.481847289184049288e+00 8.073609177675881640e-03
5.140660358294800062e+03 1.526832008461156631e+00 7.633794759050991502e-03
5.145801018653096435e+03 1.564661897149456360e+00 7.731154679303737891e-03
5.150946819671751655e+03 1.590154276074121631e+00 7.836409816161720582e-03
5.156097766491425318e+03 1.604603787349296651e+00 7.005642775904644647e-03
5.161253864257918394e+03 1.608110725286939324e+00 6.052502258751664595e-03
5.166415118122177773e+03 1.606959798017013386e+00 6.010369718303563980e-03
5.171581533240301724e+03 1.599467011515022241e+00 6.218690464676037907e-03
5.176753114773543530e+03 1.591598131835490815e+00 6.521921408666056692e-03
5.181929867888318768e+03 1.581335021164716359e+00 7.178472341476032324e-03
5.187111797756208944e+03 1.576955002248838777e+00 7.215434511248322927e-03
5.192298909553966951e+03 1.573634726293658526e+00 7.248254377534553948e-03
5.197491208463522526e+03 1.568739915103321447e+00 7.020518962059096348e-03
5.202688699671987706e+03 1.564876916405979923e+00 7.396045915727821225e-03
5.207891388371661378e+03 1.565666998684145161e+00 7.995115406286341930e-03
5.213099279760034733e+03 1.565717226918651450e+00 6.915514538811865994e-03
5.218312379039796724e+03 1.561684363875484705e+00 6.667682885735526019e-03
5.223530691418837705e+03 1.554010066115922184e+00 8.370474932344895008e-03
5.228754222110258524e+03 1.548440323437629829e+00 8.861851824360557697e-03
5.233982976332370527e+03 1.544031206732067396e+00 8.500542145133644506e-03
5.239216959308704645e+03 1.544816235088871448e+00 8.000027283384801569e-03
5.244456176268015042e+03 1.548616796257095141e+00 8.275488802200541352e-03
5.249700632444284565e+03 1.556042668472964685e+00 9.424134435235086496e-03
5.254950333076731113e+03 1.565268514626665164e+00 9.522434862838552103e-03
5.260205283409809454e+03 1.575134126243824984e+00 8.467636887491683181e-03
5.265465488693221232e+03 1.579406154250565297e+00 7.374041472249887215e-03
5.270730954181915877e+03 1.576217128903562914e+00 8.355607731941357488e-03
5.276001685136099695e+03 1.567849614946116077e+00 1.023088196416038070e-02
5.281277686821237694e+03 1.556754943417091086e+00 1.012760465330217463e-02
5.286558964508059944e+03 1.551395105083692272e+00 8.929875001627229913e-03
5.291845523472569766e+03 1.551143730847036828e+00 8.030715183228906776e-03
5.297137368996044643e+03 1.557516518612676704e+00 8.941217009586945388e-03
5.302434506365042580e+03 1.569689316395399103e+00 1.016074930579197177e-02
5.307736940871409388e+03 1.586020820024080624e+00 9.317648992810081965e-03
5.313044677812282316e+03 1.601109897348241606e+00 7.261193765637220278e-03
5.318357722490096421e+03 1.609209919861056104e+00 5.663478297320105603e-03
5.323676080212588204e+03 1.607015796012884135e+00 5.880543034676651536e-03
5.328999756292802886e+03 1.596268930295346111e+00 6.433187607811531074e-03
5.334328756049097137e+03 1.577071255504391534e+00 6.565666044964932335e-03
5.339663084805148173e+03 1.556081936074184879e+00 5.937090022785254488e-03
5.345002747889954662e+03 1.536263922079051047e+00 4.747684712538610859e-03
5.350347750637846730e+03 1.524311558523365973e+00 3.650138853051547189e-03
5.355698098388485960e+03 1.521146567951664030e+00 3.565748170763319378e-03
5.361053796486876308e+03 1.528176765399098525e+00 3.627568810422314178e-03
5.366414850283365013e+03 1.542550311132552032e+00 3.123565963182695082e-03
5.371781265133649867e+03 1.560370891286289252e+00 3.031382030686619478e-03
5.377153046398785591e+03 1.576324052619127558e+00 2.877957064011561240e-03
5.382530199445186554e+03 1.589660829633373851e+00 3.014719309333404283e-03
5.387912729644633146e+03 1.603085497266455883e+00 2.998667565105441607e-03
5.393300642374279960e+03 1.615544736582612773e+00 3.104318271287279541e-03
5.398693943016655794e+03 1.625551027669090098e+00 3.466789812799785011e-03
5.404092636959673655e+03 1.629387091424021605e+00 3.528848472275877054e-03
5.409496729596635305e+03 1.624397164612236377e+00 3.674279686820459360e-03
5.414906226326233991e+03 1.611408311414477046e+00 3.682217503720427998e-03
5.420321132552561721e+03 1.591891397614400239e+00 3.729022854129175179e-03
5.425741453685116539e+03 1.568265048500645298e+00 3.768100093021383053e-03
5.431167195138803436e+03 1.539785515663437243e+00 4.372586422072615928e-03
5.436598362333943442e+03 1.510330760155963681e+00 4.874189308678412817e-03
5.442034960696279086e+03 1.483312057757278701e+00 5.195069249804891258e-03
5.447476995656978033e+03 1.457789112014996169e+00 5.685973271953875634e-03
5.452924472652636723e+03 1.448678050819032892e+00 5.033430334325100786e-03
5.458377397125291282e+03 1.453425900299559093e+00 4.247171160638643118e-03
5.463835774522417523e+03 1.474280616923081322e+00 4.842148341621968673e-03
5.469299610296941864e+03 1.511354655724769680e+00 5.365075670659642804e-03
5.474768909907241323e+03 1.563054870772277560e+00 4.404664863573858231e-03
5.480243678817149885e+03 1.624294527913124009e+00 4.140761749207540372e-03
5.485723922495968509e+03 1.693293289568747140e+00 4.902255409782080992e-03
5.491209646418466946e+03 1.758752401344519045e+00 5.088495245638582562e-03
5.496700856064887375e+03 1.815923747611849937e+00 9.611873868372205684e-03
5.502197556920953502e+03 1.875106400906382031e+00 1.320772321650178979e-02
5.507699754477876013e+03 1.946375344873416680e+00 1.268914363023548354e-02
5.513207454232356213e+03 2.027037729760729601e+00 1.375002563697085185e-02
5.518720661686590574e+03 2.106240210974728022e+00 1.637445575121338967e-02
5.524239382348278923e+03 2.177258666373762974e+00 1.889227121629150075e-02
5.529763621730628984e+03 2.231075865832817140e+00 1.927326584272589724e-02
5.535293385352360929e+03 2.259819216749584747e+00 1.825318648170643973e-02
5.540828678737715563e+03 2.259979299416546183e+00 1.674562014900538368e-02
5.546369507416455235e+03 2.228976265093086884e+00 1.688507492006086769e-02
5.551915876923872929e+03 2.165571919752150354e+00 1.923687359548312617e-02
5.557467792800798634e+03 2.071309778791161627e+00 2.049685408344995713e-02
5.563025260593602070e+03 1.969869330784497441e+00 1.941470648056039042e-02
5.568588285854197238e+03 1.863042396914635912e+00 1.719895334822795288e-02
5.574156874140053333e+03 1.756680261327482118e+00 1.473156456278913902e-02
5.579731031014194741e+03 1.660361771470050929e+00 1.378895956226202160e-02
5.585310762045211050e+03 1.584852739009144473e+00 1.417729134774589790e-02
5.590896072807257951e+03 1.534721432769629690e+00 1.124241687040857668e-02
5.596486968880067252e+03 1.498987482605772525e+00 4.907405448549884835e-03
5.602083455848949598e+03 1.459681988171615652e+00 4.834387189541804880e-03
5.607685539304799931e+03 1.425369043834044280e+00 4.185402682206931964e-03
5.613293224844106589e+03 1.400987272693567487e+00 4.120093574736165797e-03
5.618906518068952209e+03 1.384893171755640973e+00 3.066297763070579326e-03
5.624525424587023736e+03 1.381553340449699574e+00 3.155712177344589288e-03
5.630149950011612418e+03 1.387378365759927235e+00 3.479681295011953761e-03
5.635780099961625638e+03 1.400377532236906974e+00 3.681359335436955923e-03
5.641415880061589633e+03 1.418403167248082797e+00 3.747220818081096680e-03
5.647057295941652228e+03 1.433982886757847020e+00 3.019245784795188733e-03
5.652704353237596479e+03 1.443082264383402036e+00 2.215782881625032435e-03
5.658357057590835211e+03 1.441637719244316163e+00 2.110301959629597764e-03
5.664015414648428305e+03 1.429984079958231957e+00 1.959238515665367043e-03
5.669679430063079053e+03 1.406587120812385017e+00 1.925981294710546335e-03
5.675349109493143260e+03 1.371134035222530745e+00 1.823846159049024446e-03
5.681024458602638333e+03 1.321277916153663856e+00 1.791029901132287902e-03
5.686705483061243285e+03 1.258070421546874762e+00 1.760088683876707364e-03
5.692392188544306009e+03 1.181983321978836932e+00 1.475920424248865128e-03
5.698084580732852373e+03 1.097701111235523497e+00 1.908034558785099213e-03
5.703782665313587131e+03 1.006868768417586324e+00 2.655345997391599794e-03
5.709486447978903016e+03 9.115882638603370891e-01 3.067691747605480121e-03
5.715195934426883468e+03 8.179924130985131159e-01 3.438219940751308622e-03
5.720911130361312644e+03 7.297219436295955264e-01 2.852172505864677011e-03
5.726632041491675409e+03 6.518706948993848727e-01 2.457825649539054341e-03
5.732358673533169167e+03 5.863726250417102825e-01 2.357762067178882908e-03
5.738091032206703858e+03 5.349481797743289579e-01 2.709359476868137585e-03
5.743829123238912871e+03 4.975814525980606362e-01 3.087379714570186780e-03
5.749572952362153046e+03 4.752839632169123529e-01 3.150839519495355918e-03
5.755322525314517407e+03 4.691489595748619124e-01 2.243007471354821914e-03
5.761077847839834249e+03 4.738995453091509602e-01 1.948068879839438784e-03
5.766838925687675328e+03 4.895685895330205706e-01 2.758364376457513294e-03
5.772605764613364954e+03 5.202596024701120481e-01 2.889871727896615831e-03
5.778378370377980900e+03 5.641336166839615585e-01 2.636050452705500282e-03
5.784156748748360769e+03 6.222126181390069677e-01 2.399294179009118025e-03
5.789940905497111089e+03 6.937333713338826868e-01 2.381811872263116941e-03
5.795730846402610041e+03 7.791626329032219633e-01 2.907654825567770798e-03
5.801526577249013826e+03 8.758883153320272674e-01 3.871793581381312126e-03
5.807328103826264851e+03 9.781631744855830979e-01 3.625935098961591795e-03
5.813135431930093546e+03 1.084246442002684496e+00 3.300068919750243166e-03
5.818948567362025642e+03 1.191688383017100783e+00 2.949885337574583485e-03
5.824767515929389447e+03 1.297316023814209629e+00 3.148894993044484922e-03
5.830592283445320390e+03 1.400374338414030362e+00 3.144817080716229545e-03
5.836422875728768304e+03 1.496929825276225756e+00 3.300931728244950025e-03
5.842259298604498326e+03 1.588628170051783250e+00 3.248352688722844304e-03
5.848101557903105459e+03 1.683240187572250912e+00 8.076687828971798253e-03
5.853949659461010015e+03 1.758842118160668599e+00 8.789419117804758708e-03
5.859803609120473084e+03 1.815514280091978794e+00 8.388225458861220743e-03
5.865663412729595620e+03 1.856110817923062539e+00 8.233668593370362804e-03
5.871529076142326630e+03 1.875382486446504071e+00 9.784762456600598277e-03
5.877400605218471355e+03 1.884540548189748144e+00 1.049018333607790350e-02
5.883278005823691274e+03 1.882045019607701652e+00 1.070966643168002469e-02
5.889161283829516833e+03 1.872652958047389182e+00 1.024147599034873693e-02
5.895050445113348360e+03 1.858051451774797469e+00 9.436777679691660953e-03
5.900945495558464245e+03 1.842834403513092356e+00 9.112948663056735440e-03
5.906846441054024581e+03 1.824349895352193718e+00 9.242171380309324377e-03
5.912753287495080258e+03 1.810432983614551183e+00 9.399515981390188513e-03
5.918666040782577511e+03 1.793735449683396599e+00 8.988965516546539719e-03
5.924584706823361557e+03 1.772725595492720574e+00 8.030316170732264280e-03
5.930509291530187511e+03 1.744878460396835473e+00 7.505534243425292414e-03
5.936439800821719473e+03 1.709360960121155681e+00 7.430533963890625752e-03
5.942376240622543264e+03 1.662199248099831772e+00 7.663431873091728318e-03
5.948318616863167335e+03 1.606859348603533411e+00 5.724408094018966497e-03
5.954266935480032771e+03 1.547994327961759620e+00 3.221770936373402096e-03
5.960221202415515108e+03 1.496691219288891483e+00 2.512273096890743889e-03
5.966181423617932523e+03 1.447361905711996855e+00 1.654984370037465916e-03
5.972147605041552197e+03 1.396104650092582444e+00 1.767653837117019039e-03
5.978119752646595771e+03 1.347844486455460844e+00 1.945271249399163150e-03
5.984097872399243897e+03 1.300798169643254010e+00 2.078181361186265484e-03
5.990081970271645332e+03 1.260114126869908979e+00 1.874978770407055226e-03
5.996072052241918755e+03 1.225537008846321996e+00 2.431936862027595566e-03
6.002068124294162772e+03 1.194030785771919012e+00 2.752784961922747058e-03
6.008070192418459555e+03 1.167435274936038159e+00 2.899614662397166209e-03
6.014078262610879392e+03 1.141707054440346480e+00 2.811856424039641238e-03
6.020092340873492503e+03 1.117905491875632817e+00 2.758524867430575764e-03
6.026112433214368139e+03 1.092512704389935640e+00 2.825565695648710445e-03
6.032138545647584579e+03 1.069477266315129738e+00 3.045020974993439128e-03
6.038170684193233683e+03 1.047430801548803414e+00 3.423397710443780093e-03
6.044208854877429076e+03 1.028231260434996797e+00 3.677029837565284117e-03
6.050253063732308874e+03 1.013431012549074639e+00 3.418895501474886276e-03
6.056303316796042964e+03 1.004587506687668386e+00 2.572637561815683399e-03
6.062359620112841185e+03 1.002197820107996407e+00 2.204997522991089445e-03
6.068421979732956061e+03 1.011649758923243381e+00 3.040207673893249862e-03
6.074490401712690982e+03 1.026350961499895798e+00 3.297905638544936825e-03
6.080564892114405666e+03 1.046528871951007078e+00 2.881476987649421884e-03
6.086645457006521610e+03 1.070452732408665675e+00 2.229832057131775173e-03
6.092732102463530282e+03 1.095228123770469297e+00 2.233434533831525279e-03
6.098824834565995843e+03 1.120028111174911079e+00 2.605398001600984625e-03
6.104923659400564247e+03 1.144001176733958403e+00 3.148138164603545182e-03
6.111028583059966877e+03 1.163099637293727229e+00 3.093340940691156459e-03
6.117139611643028729e+03 1.173892105219512594e+00 3.080193033193052207e-03
6.123256751254673873e+03 1.177626924895998295e+00 3.170796647141486697e-03
6.129380008005929994e+03 1.177800465190356638e+00 3.245151175655551241e-03
6.135509388013938405e+03 1.175419599742385524e+00 3.505849944794333598e-03
6.141644897401954040e+03 1.166001583540822395e+00 3.656485699269862184e-03
6.147786542299358189e+03 1.150055565608634200e+00 4.135240576831805508e-03
6.153934328841659408e+03 1.128233234583246203e+00 6.691538929836165009e-03
6.160088263170503524e+03 1.108383918260337664e+00 9.031972827290060332e-03
6.166248351433675452e+03 1.107278706704014404e+00 8.580262670896132010e-03
6.172414599785111022e+03 1.118568316861746403e+00 8.026082130351899768e-03
6.178587014384898794e+03 1.148392408497457495e+00 7.619824975814836789e-03
6.184765601399285515e+03 1.197167037387212751e+00 7.951800785850221889e-03
6.190950367000687038e+03 1.271288193602863270e+00 9.778765715824146512e-03
6.197141317367689226e+03 1.357088918817571876e+00 1.224997580606995186e-02
6.203338458685059777e+03 1.442328740830215894e+00 1.219748291262998802e-02
6.209541797143746408e+03 1.518163009056230361e+00 1.758490720252403258e-02
6.215751338940892310e+03 1.612999605870268693e+00 2.063549024374908974e-02
6.221967090279835247e+03 1.727575619190181877e+00 2.143010704367495980e-02
6.228189057370116643e+03 1.860822600575266605e+00 2.125807119605774287e-02
6.234417246427488863e+03 2.007459276547019389e+00 2.290899980110959466e-02
6.240651663673918847e+03 2.154103744673755649e+00 2.600437776236230736e-02
6.246892315337594482e+03 2.300649110342546599e+00 2.906966090666779010e-02
6.253139207652934601e+03 2.425094343360723048e+00 2.829189027177703847e-02
6.259392346860589896e+03 2.528576668871582278e+00 2.532184786481884303e-02
6.265651739207452010e+03 2.603220788193017388e+00 2.322421603999177270e-02
6.271917390946661726e+03 2.623749731710907973e+00 2.759544126754014462e-02
6.278189308337610782e+03 2.603093864316151862e+00 3.351418228162841850e-02
6.284467497645950061e+03 2.577345070662026671e+00 3.365958338283889933e-02
6.290751965143597772e+03 2.553022017660800280e+00 3.007178918168753462e-02
6.297042717108744000e+03 2.530582815762411286e+00 2.681073493205668803e-02
6.303339759825854344e+03 2.507630562717366285e+00 2.661071634620071347e-02
6.309643099585682648e+03 2.516142716491763576e+00 2.966875060470921394e-02
6.315952742685270096e+03 2.528478674745940680e+00 2.724742845696373483e-02
6.322268695427957937e+03 2.551228731117982651e+00 1.540859072696646771e-02
6.328590964123387494e+03 2.528340191910046997e+00 1.291771854447192058e-02
6.334919555087512890e+03 2.474591018170795742e+00 1.388519147018166429e-02
6.341254474642602872e+03 2.384523655109277218e+00 1.655827743578052944e-02
6.347595729117247174e+03 2.280981850524152144e+00 1.751917008941822687e-02
6.353943324846366522e+03 2.159892099204624660e+00 1.632990276894401294e-02
6.360297268171215364e+03 2.052546942278016484e+00 1.370879354630697572e-02
6.366657565439388236e+03 1.958859601648632820e+00 1.087845216300830677e-02
6.373024223004829764e+03 1.882122470939025849e+00 1.066817171149482026e-02
6.379397247227837397e+03 1.836253485390562767e+00 1.164645054645545991e-02
6.385776644475066860e+03 1.817655298462182545e+00 6.563413348320287256e-03
6.392162421119543978e+03 1.795578100485131445e+00 5.903002748105750166e-03
6.398554583540665590e+03 1.777178749956321191e+00 5.809130009420503463e-03
6.404953138124208635e+03 1.766693220788693397e+00 5.302827395575546686e-03
6.411358091262334710e+03 1.755067158986040043e+00 4.850402648254536174e-03
6.417769449353599157e+03 1.743473859094258227e+00 5.074911411233820960e-03
6.424187218802954703e+03 1.726827324010397513e+00 5.869034528026742525e-03
6.430611406021760558e+03 1.711170505434668643e+00 5.831242399337549509e-03
6.437042017427784231e+03 1.695605537991962786e+00 4.155804494379263143e-03
6.443479059445214261e+03 1.688737506243361164e+00 2.746517019995670886e-03
6.449922538504661134e+03 1.693209707605895176e+00 2.846141299125666893e-03
6.456372461043168187e+03 1.702579623516652374e+00 2.830471746297433776e-03
6.462828833504213435e+03 1.715616971284406933e+00 2.888853806385654251e-03
6.469291662337719572e+03 1.732694919997120886e+00 3.179656262841814175e-03
6.475760954000059428e+03 1.747493336931543517e+00 4.278627276937859922e-03
6.482236714954061426e+03 1.761352883857726814e+00 5.550348050851153237e-03
6.488718951669017770e+03 1.761938125646964837e+00 5.415920238934453235e-03
6.495207670620688987e+03 1.752777067552328205e+00 4.717501139162605731e-03
6.501702878291312118e+03 1.723360413110773148e+00 3.296410225781512028e-03
6.508204581169605262e+03 1.665742582641366321e+00 5.711927973922687612e-03
6.514712785750777584e+03 1.592050124522501386e+00 8.440900412107701575e-03
6.521227498536530220e+03 1.506295193149197686e+00 9.880376394444449067e-03
6.527748726035069012e+03 1.420537561461151066e+00 9.566719303726366544e-03
6.534276474761106329e+03 1.339633834196850559e+00 8.567626270505057651e-03
6.540810751235869247e+03 1.265495613241567785e+00 7.848617485861098322e-03
6.547351561987107743e+03 1.203637327771207133e+00 7.627037685683932082e-03
6.553898913549096505e+03 1.151866719571641662e+00 7.618037824859803971e-03
6.560452812462647671e+03 1.119426685582600944e+00 7.578312075490800485e-03
6.567013265275112644e+03 1.102410775970382950e+00 7.584697336189164668e-03
6.573580278540390282e+03 1.101456861631451067e+00 6.374257483915927655e-03
6.580153858818932349e+03 1.102500388144058485e+00 5.691575731225802931e-03
6.586734012677753526e+03 1.107520861211721774e+00 5.612846973827682016e-03
6.593320746690433225e+03 1.114484937575609624e+00 5.622478773342327006e-03
6.599914067437126505e+03 1.122527408389984549e+00 5.382187626779096588e-03
6.606513981504565891e+03 1.134347239836633658e+00 5.262842470688108495e-03
6.613120495486072286e+03 1.146575696845956172e+00 5.235377744044152938e-03
6.619733615981560433e+03 1.162173257658351666e+00 5.157275670116426985e-03
6.626353349597544366e+03 1.180719634396494078e+00 3.351442963834379979e-03
6.632979702947143778e+03 1.190858120189980163e+00 3.249302208398748264e-03
6.639612682650093120e+03 1.193563948179205525e+00 3.057442823910181458e-03
6.646252295332745234e+03 1.190779080690099523e+00 3.016002128324730448e-03
6.652898547628080451e+03 1.182603490759818854e+00 3.019336968510835835e-03
6.659551446175711135e+03 1.167740191995289223e+00 3.451420494816096699e-03
6.666210997621888964e+03 1.148480764221215367e+00 4.670379980059717953e-03
6.672877208619513112e+03 1.128571612936368984e+00 4.753102209277089950e-03
6.679550085828134797e+03 1.106222057508352119e+00 3.868700205112223737e-03
6.686229635913964557e+03 1.086205003951175474e+00 3.770250266754621594e-03
6.692915865549881346e+03 1.067122799456429183e+00 3.923111883447637054e-03
6.699608781415433441e+03 1.048953856836169374e+00 3.726886249539525329e-03
6.706308390196851178e+03 1.030123126012562063e+00 3.978022775323677117e-03
6.713014698587049679e+03 1.009880461115171268e+00 3.950886505627350560e-03
6.719727713285638856e+03 9.863470063381321040e-01 3.824039529629486098e-03
6.726447440998927050e+03 9.580897382001842821e-01 3.700897348388769090e-03
6.733173888439928305e+03 9.270300102741263482e-01 3.812063650258057986e-03
6.739907062328370557e+03 8.926480198772264174e-01 3.971469185193091805e-03
6.746646969390701088e+03 8.554718595959106553e-01 3.954077635385242970e-03
6.753393616360093802e+03 8.184846066815980592e-01 3.474112422323207775e-03
6.760147009976456502e+03 7.822564179177818877e-01 2.734253836819899256e-03
6.766907156986434529e+03 7.512531034313383316e-01 2.716216769947180695e-03
6.773674064143423493e+03 7.263018960583454975e-01 2.688223700938022036e-03
6.780447738207569273e+03 7.075512162817457762e-01 2.472286149459059900e-03
6.787228185945778932e+03 6.926858875684757111e-01 2.347917135634662502e-03
6.794015414131727084e+03 6.817548303327680692e-01 2.279506592385557428e-03
6.800809429545861349e+03 6.757570539464489157e-01 3.010942568776507622e-03
6.807610238975408720e+03 6.746068192245094908e-01 2.837236761943457038e-03
6.814417849214386479e+03 6.718261691143825320e-01 2.675127701789292278e-03
6.821232267063603103e+03 6.673506648913088979e-01 2.525275345308236000e-03
6.828053499330669183e+03 6.588765019081119778e-01 2.503795299791148135e-03
6.834881552830001965e+03 6.499987832207838601e-01 2.420953467211072775e-03
6.841716434382834450e+03 6.380196301748413124e-01 2.588141635624634056e-03
6.848558150817219939e+03 6.229264802712382032e-01 3.034520360813532883e-03
6.855406708968039311e+03 6.079089201049104885e-01 3.118923884171490371e-03
6.862262115677009206e+03 5.921332497672268103e-01 2.619333576190238481e-03
6.869124377792688392e+03 5.794746164192098314e-01 2.139646520266008049e-03
6.875993502170483225e+03 5.728987303956440957e-01 2.305739740758401025e-03
6.882869495672656740e+03 5.719829178623891952e-01 2.383927833375646364e-03
6.889752365168331380e+03 5.761428548137921268e-01 1.952929717129473592e-03
6.896642117533501732e+03 5.835480119663405407e-01 2.124161294149767322e-03
6.903538759651037253e+03 5.972026343372440760e-01 2.280195008224008332e-03
6.910442298410691365e+03 6.183696511627744252e-01 2.319610274739821332e-03
6.917352740709104182e+03 6.467897176159622674e-01 2.116118884210909951e-03
6.924270093449815249e+03 6.827970414394931575e-01 2.054927886458047387e-03
6.931194363543267173e+03 7.275544597650531742e-01 2.137471352345158854e-03
6.938125557906812901e+03 7.798371051233815576e-01 2.221118059692132538e-03
6.945063683464722089e+03 8.420217415722032195e-01 2.083907245338388354e-03
6.952008747148189286e+03 9.132401023373198923e-01 2.368676498776403107e-03
6.958960755895339389e+03 9.922327202582239547e-01 2.938801130425930906e-03
6.965919716651237650e+03 1.083062408434823709e+00 3.015205177487178135e-03
6.972885636367890584e+03 1.183980178625010593e+00 3.772884081660429073e-03
6.979858522004260521e+03 1.291777966139933564e+00 6.553312935617561230e-03
6.986838380526267429e+03 1.395031212511769647e+00 7.726597471602933767e-03
6.993825218906796181e+03 1.489202413941513869e+00 7.572374486177472185e-03
7.000819044125705659e+03 1.567707817944743454e+00 7.498082732835989472e-03
7.007819863169833297e+03 1.634459787448667045e+00 7.865623924275989484e-03
7.014827683033005087e+03 1.689794614221101998e+00 8.252024410765692458e-03
7.021842510716041033e+03 1.733037151449086766e+00 8.254065840441948340e-03
7.028864353226758794e+03 1.761919997996909348e+00 7.923860542246944846e-03
7.035893217579988232e+03 1.773802566530669145e+00 7.720451995113917186e-03
7.042929110797570502e+03 1.773037173877319628e+00 7.539462503317542405e-03
7.049972039908370789e+03 1.762185852369272832e+00 7.622569172817214578e-03
7.057022011948281033e+03 1.747616512264919653e+00 7.931799492836483223e-03
7.064079033960231754e+03 1.730921647160756693e+00 8.013435551125790146e-03
7.071143112994193871e+03 1.713895265027492343e+00 7.916420724253680000e-03
7.078214256107190522e+03 1.699250786993172779e+00 8.054219989302105129e-03
7.085292470363300708e+03 1.683060182046048014e+00 7.972952533469459743e-03
7.092377762833665656e+03 1.665055688821256652e+00 7.518430893881129264e-03
7.099470140596501551e+03 1.647015210912593286e+00 7.520156113181989885e-03
7.106569610737100447e+03 1.636547064939753104e+00 9.201786747618401208e-03
7.113676180347840273e+03 1.627231787019552955e+00 9.282345008700197686e-03
7.120789856528190285e+03 1.613137289095590843e+00 6.583958143512938510e-03
7.127910646384721076e+03 1.588881514274494533e+00 5.576402872580005915e-03
7.135038557031108212e+03 1.555409423065690522e+00 5.984657952678761397e-03
7.142173595588141325e+03 1.511915050956161188e+00 5.880976711000285989e-03
7.149315769183732300e+03 1.465419907894346396e+00 6.898398389002611403e-03
7.156465084952918005e+03 1.423015970475135061e+00 8.209773485581030317e-03
7.163621550037873021e+03 1.396791923774761468e+00 7.816603872810473294e-03
7.170785171587913283e+03 1.400508479168593112e+00 8.993302977519882641e-03
7.177955956759504261e+03 1.421582811868869811e+00 1.152332343306417158e-02
7.185133912716265513e+03 1.456849141820862670e+00 1.251003282975875382e-02
7.192319046628984324e+03 1.499899363216526282e+00 1.242490881943697500e-02
7.199511365675615707e+03 1.560549345302726154e+00 1.251559939867187901e-02
7.206710877041294225e+03 1.645264311726355455e+00 1.284640021335752696e-02
7.213917587918337631e+03 1.744678219022091747e+00 1.308011314314976893e-02
7.221131505506257781e+03 1.862670290887602276e+00 1.272921002028975200e-02
7.228352637011767001e+03 1.991266440898425527e+00 1.239563464368112315e-02
7.235580989648780815e+03 2.132930983226621890e+00 1.253859342601128073e-02
7.242816570638432495e+03 2.289414093473653544e+00 1.235762692326894049e-02
7.250059387209073066e+03 2.461790308509033576e+00 1.349278523890070497e-02
7.257309446596284033e+03 2.634223870159499548e+00 1.486745693996857458e-02
7.264566756042882844e+03 2.790839063648249851e+00 1.435476845384126530e-02
7.271831322798928340e+03 2.937070673193591830e+00 1.341884324549260862e-02
7.279103154121729858e+03 3.070219982765395095e+00 1.209250764981635237e-02
7.286382257275853590e+03 3.171481442154123087e+00 1.206217583711927284e-02
7.293668639533132591e+03 3.221988341957287449e+00 1.153143191745485512e-02
7.300962308172667690e+03 3.232971800948938323e+00 1.166952323005336287e-02
7.308263270480842948e+03 3.207332065321159220e+00 1.122186929342388652e-02
7.315571533751325660e+03 3.143082351752997550e+00 1.004719750255428888e-02
7.322887105285079997e+03 3.033487209445170141e+00 1.207135891625839980e-02
7.330209992390367006e+03 2.886869682614390697e+00 1.314896103666568505e-02
7.337540202382760071e+03 2.722814353054231251e+00 1.252491686642056776e-02
7.344877742585144915e+03 2.545666531654193321e+00 1.122131121434145028e-02
7.352222620327733239e+03 2.372668252692451851e+00 1.008249700982260730e-02
7.359574842948062724e+03 2.209129811132899857e+00 9.690101894043578329e-03
7.366934417791013402e+03 2.060003953914093078e+00 9.675660168438645833e-03
7.374301352208806748e+03 1.924011393078498111e+00 9.699783634959668194e-03
7.381675653561018407e+03 1.810419803813313688e+00 9.743074320263007959e-03
7.389057329214581841e+03 1.725456032715863230e+00 8.295327906247991490e-03
7.396446386543798326e+03 1.663051613562454234e+00 4.070762433983450210e-03
7.403842832930345139e+03 1.604642028269485543e+00 3.610886929858911874e-03
7.411246675763277381e+03 1.556914489353447673e+00 3.313095107401750096e-03
7.418657922439043432e+03 1.520706136661108543e+00 3.802638363594142319e-03
7.426076580361484957e+03 1.494444210616967528e+00 4.533761061071366581e-03
7.433502656941848727e+03 1.472781962112395426e+00 5.123829004305888862e-03
7.440936159598792983e+03 1.451488065261774540e+00 4.194149318122794914e-03
7.448377095758394717e+03 1.424611100632361405e+00 3.556227256957883703e-03
7.455825472854155123e+03 1.392492544303397750e+00 4.096032895951822600e-03
7.463281298327012337e+03 1.354224612332426636e+00 4.799447187269979126e-03
7.470744579625341430e+03 1.309787065305708875e+00 4.900178930062481716e-03
7.478215324204968965e+03 1.267545856653659930e+00 4.393393074906788882e-03
7.485693539529176633e+03 1.226417173867190291e+00 4.055664770964526218e-03
7.493179233068708527e+03 1.184828774823986297e+00 4.258526076778092889e-03
7.500672412301779332e+03 1.142137339469160962e+00 4.277018565573628348e-03
7.508173084714083416e+03 1.099277496929566889e+00 4.400559035451100456e-03
7.515681257798800289e+03 1.059333474742306214e+00 4.450054797586771096e-03
7.523196939056601877e+03 1.021012628583530146e+00 4.431954252049707596e-03
7.530720135995660712e+03 9.827872211280141990e-01 4.861890466958686784e-03
7.538250856131659020e+03 9.364454095197582983e-01 4.851832060284322172e-03
7.545789106987793275e+03 8.858414059128039142e-01 4.893163325018963852e-03
7.553334896094783289e+03 8.315107057138195756e-01 4.965531197169555447e-03
7.560888230990880402e+03 7.786951500005476756e-01 5.338126221812807166e-03
7.568449119221873843e+03 7.316832629178628977e-01 6.056054051928022597e-03
7.576017568341098013e+03 6.959943253038358701e-01 6.842101700363828302e-03
7.583593585909441572e+03 6.699264166000218346e-01 7.689847289048309248e-03
7.591177179495353812e+03 6.563140816014033652e-01 8.768300977224516290e-03
7.598768356674851930e+03 6.504648353300219732e-01 9.405358619103517531e-03
7.606367125031529213e+03 6.502681432118504468e-01 9.381238290625750972e-03
7.613973492156563225e+03 6.617154739805923835e-01 8.875862570562916345e-03
7.621587465648722173e+03 6.856942133497568870e-01 8.475036766265127766e-03
7.629209053114373091e+03 7.257157090335899507e-01 7.737930479901981504e-03
7.636838262167490029e+03 7.851178202841380127e-01 7.359383634738481117e-03
7.644475100429660415e+03 8.526074785871259332e-01 7.627398472977857044e-03
7.652119575530092334e+03 9.277481176272408536e-01 1.044869369432845259e-02
7.659771695105625440e+03 9.846035235576386935e-01 1.023270694743869287e-02
7.667431466800733688e+03 1.024492160862762180e+00 1.215533516885301119e-02
7.675098898267536242e+03 1.067168128430012741e+00 1.422732838982228992e-02
7.682773997165806577e+03 1.122006398628650370e+00 1.418737756493575024e-02
7.690456771162975201e+03 1.188533041936894019e+00 1.399706277340834540e-02
7.698147227934140574e+03 1.261004569373745055e+00 1.421838222468497365e-02
7.705845375162077289e+03 1.336679410701642867e+00 1.518895158854700021e-02
7.713551220537241534e+03 1.399824801349663694e+00 1.524701519118485879e-02
7.721264771757782000e+03 1.458523828529040944e+00 1.531379608901315900e-02
7.728986036529541707e+03 1.521363037531221707e+00 1.500755792633216498e-02
7.736715022566074367e+03 1.575971774135161318e+00 1.563291255967930865e-02
7.744451737588642573e+03 1.631601108062699979e+00 1.596449844096060541e-02
7.752196189326234162e+03 1.691097076699946244e+00 1.631684138613673923e-02
7.759948385515562222e+03 1.740860649720997744e+00 1.727452105963253604e-02
7.767708333901080550e+03 1.766303782116211085e+00 1.770028477299976852e-02
7.775476042234984561e+03 1.767813159387382704e+00 1.799921570599146911e-02
7.783251518277222203e+03 1.745013798472747180e+00 1.802874788568483572e-02
7.791034769795502143e+03 1.707541232096966954e+00 1.768353185743659975e-02
7.798825804565300132e+03 1.661098500542531387e+00 1.524598739489669424e-02
7.806624630369868100e+03 1.590383227976117864e+00 1.502092825500957705e-02
7.814431255000240526e+03 1.491959706010425046e+00 1.492934867020684168e-02
7.822245686255242617e+03 1.373171021095828115e+00 1.317221766267846414e-02
7.830067931941501229e+03 1.250632134570232035e+00 1.098487201563782059e-02
7.837897999873444860e+03 1.133274150776530487e+00 9.463696449696851545e-03
7.845735897873320937e+03 1.031524934388327708e+00 8.984842173541351257e-03
7.853581633771196721e+03 9.534146976108388571e-01 8.608075868549563622e-03
7.861435215404970222e+03 8.928888342347772733e-01 8.570595967332117482e-03
7.869296650620378387e+03 8.487731824636856048e-01 8.508722274069848227e-03
7.877165947271001642e+03 8.226182349514269410e-01 6.870600429203528765e-03
7.885043113218274812e+03 7.988699212323330245e-01 6.158762732144455222e-03
7.892928156331495302e+03 7.796712986288641956e-01 5.134556999465657127e-03
7.900821084487829467e+03 7.783026700209618731e-01 5.424259422387757434e-03
7.908721905572319884e+03 7.842690745597901136e-01 4.469391514260973725e-03
7.916630627477895359e+03 7.936378075261933951e-01 3.879964118912558255e-03
7.924547258105375477e+03 8.041960953488003216e-01 3.028734916160701930e-03
7.932471805363483327e+03 8.056921148801079458e-01 3.483901565314277346e-03
7.940404277168850058e+03 8.044196085352806058e-01 3.132972799416967446e-03
7.948344681446021241e+03 8.004473623590950826e-01 3.123128065798845727e-03
7.956293026127469602e+03 7.961830788586878871e-01 2.768844782385929387e-03
7.964249319153599572e+03 7.919367206206820997e-01 2.821258479558667182e-03
7.972213568472756378e+03 7.884208035346137455e-01 2.892783849161763808e-03
7.980185782041231505e+03 7.863680026657371425e-01 3.054140644945662307e-03
7.988165967823275423e+03 7.806942350631301819e-01 3.050963841594377373e-03
7.996154133791101231e+03 7.742276534584979775e-01 3.329090927210026033e-03
8.004150287924895565e+03 7.627397063578019720e-01 3.298403922975716787e-03
8.012154438212822242e+03 7.492935324903255978e-01 3.250080749663774443e-03
8.020166592651037718e+03 7.335657315881832785e-01 3.280860619435200208e-03
8.028186759243691995e+03 7.138086806069097179e-01 3.838301221742467829e-03
8.036214946002938632e+03 6.942292343050984194e-01 3.845362621147543729e-03
8.044251160948943834e+03 6.748895218999672041e-01 3.958342792382900724e-03
8.052295412109895551e+03 6.580911357258175665e-01 3.370697263703951660e-03
8.060347707522008022e+03 6.471465444354898011e-01 3.168835235676976687e-03
8.068408055229532692e+03 6.418055438051415429e-01 3.292847791413242020e-03
8.076476463284764577e+03 6.433153555963714298e-01 3.886583354193703325e-03
8.084552939748052268e+03 6.425971120463704889e-01 4.084581286649448424e-03
8.092637492687803388e+03 6.426562887279617664e-01 3.535459086696972862e-03
8.100730130180493688e+03 6.379884639020235726e-01 2.960115234317673479e-03
8.108830860310677053e+03 6.264199968780608252e-01 3.116862527978817975e-03
8.116939691170990045e+03 6.100299191556031175e-01 3.368295069332111549e-03
8.125056630862163729e+03 5.871228926954934479e-01 4.049553590596600278e-03
8.133181687493028221e+03 5.628116239194544956e-01 5.020154222714288614e-03
8.141314869180524511e+03 5.422665769196703955e-01 4.238767368777727161e-03
8.149456184049707190e+03 5.303044262831095867e-01 4.184527059314403601e-03
8.157605640233759914e+03 5.219535258032728109e-01 4.319184147329479563e-03
8.165763245873996311e+03 5.189315762050539238e-01 4.318954844093972519e-03
8.173929009119872717e+03 5.214024981892909638e-01 4.314173929345349948e-03
8.182102938128995447e+03 5.275413950965831544e-01 4.257600714316292154e-03
8.190285041067127167e+03 5.366740653221226953e-01 3.746097731106925750e-03
8.198475326108196896e+03 5.459652284819528356e-01 3.744119988443735027e-03
8.206673801434308189e+03 5.562376672009816669e-01 3.869965254985284573e-03
8.214880475235744598e+03 5.612772459043783302e-01 3.912583993014574942e-03
8.223095355710984222e+03 5.624960502537323936e-01 3.695504397888882929e-03
8.231318451066697889e+03 5.613961920173908826e-01 3.823195682071464565e-03
8.239549769517767345e+03 5.611439499842549861e-01 3.812735645542162516e-03
8.247789319287287071e+03 5.628368337697682300e-01 3.907893252550770184e-03
8.256037108606577021e+03 5.629733494757320766e-01 4.006699800531454345e-03
8.264293145715186256e+03 5.648300401425727646e-01 4.009148875709586148e-03
8.272557438860903858e+03 5.664344032619680336e-01 4.453333194520553602e-03
8.280829996299768027e+03 5.757650290641516122e-01 4.838221621521949546e-03
8.289110826296069718e+03 5.853579977602332285e-01 5.284706097877662698e-03
8.297399937122369010e+03 5.957475319784488743e-01 5.231281118801078302e-03
8.305697337059495112e+03 6.087949191296638807e-01 5.125236461196401409e-03
8.314003034396557268e+03 6.226981919453630221e-01 5.913239599550395263e-03
8.322317037430955679e+03 6.479514279379117170e-01 6.187592717196310592e-03
8.330639354468388774e+03 6.748225767182731705e-01 6.257591613548154838e-03
8.338969993822860488e+03 7.087412938306835164e-01 6.456724592837074193e-03
8.347308963816685718e+03 7.421789122091726476e-01 6.680594946608651476e-03
8.355656272780506697e+03 7.814424168678795191e-01 7.222319973975340097e-03
8.364011929053289350e+03 8.458501437361756192e-01 1.076010964155221794e-02
8.372375940982345128e+03 9.049407157947443325e-01 1.150887490849058538e-02
8.380748316923331004e+03 9.640919100806178976e-01 1.118676419899105982e-02
8.389129065240256750e+03 1.023740016742826997e+00 1.226306724947390583e-02
8.397518194305499492e+03 1.077327123452569646e+00 2.033999979909959302e-02
8.405915712499807341e+03 1.179260945701422703e+00 2.171127683611932119e-02
8.414321628212310316e+03 1.322592658551849265e+00 2.397105119267415804e-02
8.422735949840525791e+03 1.450755415994111841e+00 3.035075527355105690e-02
8.431158685790369418e+03 1.636109866718250316e+00 3.075786502726016169e-02
8.439589844476162398e+03 1.873977573460054336e+00 3.194663856389808737e-02
8.448029434320640576e+03 2.212067996865109354e+00 3.587831189107106022e-02
8.456477463754963537e+03 2.630257542039626806e+00 4.665362669956320263e-02
8.464933941218721884e+03 3.050414181194842644e+00 4.951007325211105592e-02
8.473398875159942691e+03 3.477770669709497220e+00 5.347426532843330832e-02
8.481872274035105875e+03 3.868567142361760691e+00 5.221801963443178929e-02
8.490354146309144198e+03 4.177155328956949631e+00 4.708064548531741556e-02
8.498844500455456000e+03 4.422767480563894793e+00 4.483717127720925066e-02
8.507343344955914290e+03 4.528346708143161869e+00 4.688651973718038074e-02
8.515850688300872207e+03 4.516096612477678462e+00 5.230443203979125155e-02
8.524366538989177570e+03 4.468077519956313637e+00 5.167403809468278097e-02
8.532890905528169242e+03 4.332840251340132731e+00 5.252582952583047249e-02
8.541423796433698953e+03 4.112802142963033702e+00 5.640030904035889942e-02
8.549965220230136765e+03 3.932777527415733942e+00 5.174791404627588493e-02
8.558515185450369245e+03 3.754446226979200052e+00 4.477407401392122233e-02
8.567073700635823116e+03 3.693093537886715794e+00 4.454925553134841260e-02
8.575640774336461618e+03 3.760391214695797846e+00 4.401915001725516252e-02
8.584216415110800881e+03 3.816033475093189686e+00 4.446695763379494154e-02
8.592800631525913559e+03 3.967000660523871236e+00 4.576315882915428512e-02
8.601393432157443385e+03 4.126181193427049365e+00 4.597044384594971278e-02
8.609994825589603352e+03 4.326259535705731629e+00 4.601740619484533112e-02
8.618604820415195718e+03 4.655124719178522774e+00 4.969603334483638918e-02
8.627223425235613831e+03 4.913404870859629625e+00 4.966646053065497390e-02
8.635850648660851220e+03 5.186304430980788638e+00 5.186245485508200054e-02
8.644486499309516148e+03 5.399560177099043123e+00 5.154657537920101507e-02
8.653130985808827973e+03 5.482767827163066876e+00 5.173900036049278173e-02
8.661784116794638976e+03 5.524061945833866893e+00 5.019298856587030983e-02
8.670445900911438002e+03 5.418847941919564093e+00 5.161646200757944586e-02
8.679116346812352276e+03 5.208353360120423048e+00 5.073231529578387661e-02
8.687795463159167412e+03 4.964807750378931850e+00 5.118933293652428579e-02
8.696483258622329231e+03 4.629280396967367039e+00 5.707055379672108797e-02
8.705179741880954680e+03 4.248849654180655300e+00 4.959606523785213550e-02
8.713884921622837282e+03 3.895660177646804723e+00 4.805367885571400904e-02
8.722598806544463514e+03 3.533259387895994585e+00 4.433326269733367520e-02
8.731321405351010981e+03 3.231306257230618151e+00 4.291252689226012634e-02
8.740052726756364791e+03 3.004378374320393341e+00 4.068558080121061071e-02
8.748792779483124832e+03 2.779318520506791845e+00 4.045238960288389390e-02
8.757541572262609407e+03 2.646706390144482501e+00 3.686570478902952142e-02
8.766299113834875243e+03 2.501927212418355140e+00 3.565535431575851677e-02
8.775065412948713856e+03 2.363830514979281539e+00 3.416264186789421536e-02
8.783840478361664282e+03 2.299089947498084374e+00 3.226916003198200544e-02
8.792624318840029446e+03 2.199345142145355592e+00 3.147079429784804122e-02
8.801416943158872527e+03 2.113668743437838060e+00 2.962870445324345195e-02
8.810218360102035149e+03 2.043621409538999956e+00 2.777996281535846310e-02
8.819028578462139194e+03 1.924177947547522249e+00 2.723967516744978459e-02
8.827847607040604998e+03 1.837163698668490941e+00 2.607326876766438012e-02
8.836675454647647712e+03 1.734466562873467677e+00 2.553142283438007698e-02
8.845512130102299125e+03 1.621618104697922558e+00 2.552735875210551328e-02
8.854357642232404032e+03 1.527226311035084994e+00 2.505928033827183737e-02
8.863211999874638423e+03 1.411267242559727020e+00 2.076733305098754992e-02
8.872075211874516754e+03 1.312173732525182546e+00 2.001089541288003995e-02
8.880947287086393771e+03 1.241246130537112968e+00 1.951294836594436380e-02
8.889828234373482701e+03 1.161584344895129739e+00 1.922745026705425381e-02
8.898718062607858883e+03 1.103707970175002107e+00 1.814825235750430407e-02
8.907616780670470689e+03 1.063760573999806835e+00 1.718605408329702128e-02
8.916524397451143159e+03 9.990459412961826269e-01 1.627975406102221551e-02
8.925440921848598009e+03 9.615639014042619559e-01 1.545813588835398371e-02
8.934366362770449996e+03 9.197399728671075136e-01 1.469975259871447032e-02
8.943300729133223285e+03 8.692529904390617901e-01 1.383742236235062893e-02
8.952244029862358730e+03 8.479633427540457236e-01 1.331838832431121028e-02
8.961196273892224781e+03 8.276337752995144292e-01 1.360357464730455566e-02
8.970157470166119310e+03 7.946948645941180889e-01 1.333486287600894535e-02
8.979127627636287798e+03 7.837413286164963688e-01 1.302647962141906257e-02
8.988106755263928790e+03 7.746402948322853588e-01 1.281765695737175498e-02
8.997094862019195716e+03 7.618409572775203253e-01 1.227388695342467202e-02
9.006091956881216902e+03 7.652118037867859934e-01 1.160749156688330348e-02
9.015098048838101022e+03 7.509816223059834206e-01 1.134273444538678663e-02
9.024113146886942559e+03 7.348663934976751300e-01 1.123062142173008281e-02
9.033137260033832717e+03 7.324188357963601348e-01 1.098617922762973841e-02
9.042170397293868518e+03 7.194338681922548551e-01 1.084041397438960906e-02
9.051212567691165532e+03 6.994876601790066539e-01 1.132540355510325107e-02
9.060263780258859697e+03 6.908716575829760842e-01 1.157691640511091316e-02
9.069324044039121873e+03 6.737082885045602154e-01 1.145794851667254408e-02
9.078393368083163296e+03 6.614427476290438701e-01 1.180033903362521369e-02
9.087471761451250131e+03 6.545094073756009267e-01 1.173070433900171537e-02
9.096559233212705294e+03 6.386338843424835821e-01 1.178905682460020324e-02
9.105655792445919360e+03 6.487985501963169366e-01 1.202253607815651805e-02
9.114761448238368757e+03 6.485541963906551466e-01 1.233171963566534642e-02
9.123876209686610309e+03 6.440565311242635316e-01 1.256327540105733713e-02
9.133000085896299424e+03 6.602789799280273098e-01 1.210382110009338916e-02
9.142133085982199191e+03 6.523801464034679753e-01 1.626107941821065481e-02
9.151275219068184015e+03 6.589959357911925331e-01 1.818788635951947702e-02
9.160426494287255991e+03 7.164160810478372721e-01 1.830833708546408117e-02
9.169586920781546723e+03 7.638210336335433670e-01 1.810322925682279760e-02
9.178756507702330055e+03 8.567619838228961449e-01 1.894684220401668048e-02
9.187935264210036621e+03 9.644822534842878436e-01 1.991063606255051577e-02
9.197123199474248395e+03 1.071917966607389250e+00 1.968379380768116305e-02
9.206320322673725968e+03 1.206326297212139798e+00 2.138590198492803726e-02
9.215526642996403098e+03 1.324148329623177966e+00 2.054743438599438907e-02
9.224742169639403073e+03 1.420997520427815131e+00 2.065570938815725413e-02
9.233966911809044177e+03 1.513555119822803441e+00 2.008307577274333691e-02
9.243200878720857872e+03 1.570093067318308222e+00 1.976490294254868926e-02
9.252444079599581528e+03 1.585762809047540634e+00 2.020151763688141783e-02
9.261696523679183883e+03 1.570498053969269669e+00 2.078476546846584269e-02
9.270958220202865050e+03 1.504186392342232281e+00 2.108020632020650778e-02
9.280229178423071062e+03 1.424955788082427510e+00 2.196890239667110764e-02
9.289509407601497514e+03 1.330526926887959815e+00 2.471584115942497203e-02
9.298798917009102297e+03 1.224383086396486853e+00 2.589333514399680750e-02
9.308097715926114688e+03 1.139060647080875288e+00 2.782544539432645417e-02
9.317405813642044450e+03 1.031790329174964382e+00 2.900806027641994120e-02
9.326723219455689105e+03 9.310170905553274423e-01 2.521308856793955805e-02
9.336049942675148486e+03 8.997579793405034998e-01 2.484708403670270183e-02
9.345385992617826560e+03 8.659944619885203698e-01 2.438155820562786999e-02
9.354731378610447791e+03 8.651902837771333621e-01 2.418803355555868007e-02
9.364086109989060787e+03 8.671440284402089915e-01 2.002420358939732345e-02
9.373450196099052846e+03 8.652123664346100806e-01 1.914173717464065158e-02
9.382823646295155413e+03 8.679803379761813487e-01 1.490854772118734364e-02
9.392206469941453179e+03 8.485694058323985933e-01 1.661905571563242895e-02
9.401598676411396809e+03 8.281809139009259635e-01 1.534255823609948638e-02
9.411000275087812042e+03 8.106877057110786211e-01 1.586871592662532707e-02
9.420411275362903325e+03 7.691402899461939890e-01 1.561600531531759026e-02
9.429831686638268366e+03 7.479555820740423355e-01 1.547835211541899458e-02
9.439261518324910867e+03 7.273345585344480613e-01 1.574428072828347111e-02
9.448700779843238706e+03 7.010139472751020229e-01 1.525978222851748396e-02
9.458149480623085765e+03 6.912442734769095321e-01 1.489005099509015974e-02
9.467607630103711926e+03 6.834429098521526136e-01 1.504348034959290641e-02
9.477075237733817630e+03 6.635862868008448601e-01 1.494594740300858766e-02
9.486552312971554784e+03 6.586873599644441635e-01 1.429179690937810825e-02
9.496038865284530402e+03 6.479392514958003391e-01 1.379023753530671074e-02
9.505534904149817521e+03 6.225040264489367647e-01 1.328136366057737147e-02
9.515040439053969749e+03 6.147113590809450967e-01 1.309733902394048279e-02
9.524555479493026724e+03 6.020838466547699941e-01 1.289310287293957656e-02
9.534080034972523208e+03 5.828411702877768219e-01 1.242642900866433760e-02
9.543614115007500004e+03 5.862843394514061224e-01 1.179700560654023400e-02
9.553157729122509409e+03 5.732927913716060475e-01 1.169699501429861954e-02
9.562710886851635223e+03 5.673439788145359097e-01 1.132015236460048521e-02
9.572273597738490935e+03 5.675880056251495498e-01 1.075701270445411986e-02
9.581845871336232449e+03 5.532983831515289053e-01 1.041145125078832279e-02
9.591427717207570822e+03 5.473007768156367137e-01 9.894332549236380808e-03
9.601019144924781358e+03 5.527887929411650081e-01 9.459105034611088939e-03
9.610620164069710881e+03 5.456418386048376146e-01 9.322049116323120194e-03
9.620230784233783197e+03 5.466246356539083973e-01 8.973159025604091413e-03
9.629851015018019098e+03 5.504944185230339349e-01 9.063740858341917325e-03
9.639480866033041821e+03 5.440949471678662164e-01 8.863396841433734269e-03
9.649120346899077049e+03 5.407816441795739726e-01 8.580536043958770370e-03
9.658769467245980195e+03 5.396970155496377819e-01 8.508688259940593718e-03
9.668428236713229126e+03 5.301869380724364422e-01 8.437822377636105750e-03
9.678096664949945989e+03 5.300308270228772933e-01 8.172785112896437110e-03
9.687774761614899035e+03 5.267848939232111505e-01 8.197116136513759449e-03
9.697462536376517164e+03 5.100140060912780049e-01 8.262375473266823922e-03
9.707159998912895389e+03 5.009278132249691540e-01 8.141719241468189580e-03
9.716867158911813021e+03 4.919941415239830751e-01 8.184790107140507351e-03
9.726584026070726395e+03 4.719111729387994725e-01 9.459474368102937722e-03
9.736310610096801611e+03 4.669397846126641105e-01 9.257070269062752169e-03
9.746046920706901801e+03 4.678569573608495347e-01 9.484889077560055420e-03
9.755792967627610778e+03 4.621743400254363920e-01 9.450330378281492777e-03
9.765548760595242129e+03 4.649275779724449387e-01 9.553429985262588964e-03
9.775314309355841033e+03 4.625768952518083954e-01 9.535527085921129825e-03
9.785089623665198815e+03 4.643532141891778542e-01 9.378715139321352340e-03
9.794874713288867497e+03 4.739484770696602012e-01 9.258390819194007790e-03
9.804669588002159799e+03 4.779717816745543968e-01 9.143020986204493036e-03
9.814474257590165507e+03 4.931218985100670471e-01 8.940659451898770246e-03
9.824288731847758754e+03 5.161633325340885259e-01 9.448537567727392783e-03
9.834113020579610748e+03 5.276050836189082327e-01 9.254564525827771795e-03
9.843947133600193411e+03 5.445589694562514849e-01 9.343392089283999308e-03
9.853791080733795752e+03 5.605588087983095491e-01 9.178428356658066556e-03
9.863644871814532962e+03 5.704496775705275580e-01 9.406999235654300850e-03
9.873508516686351868e+03 5.749338930628686839e-01 9.819772746769905511e-03
9.883382025203040030e+03 5.792297116323528172e-01 1.030030511674678330e-02
9.893265407228247568e+03 5.835927291763977065e-01 1.070165426214934531e-02
9.903158672635478069e+03 5.803314962249550568e-01 1.177894568667065683e-02
9.913061831308117689e+03 5.687383612984294734e-01 1.327358934144912128e-02
9.922974893139427877e+03 5.558001750581997857e-01 1.559150924775894002e-02
9.932897868032570841e+03 5.400550533646952811e-01 1.873270634265077408e-02
9.942830765900607730e+03 5.198958521508506569e-01 2.315232255416832530e-02
9.952773596666511366e+03 4.997086289722588170e-01 2.920608286573145654e-02
9.962726370263180797e+03 4.777351575989833843e-01 3.768791354582486791e-02
9.972689096633446752e+03 4.522939839605268353e-01 4.789212306513845191e-02
9.982661785730084375e+03 4.393124968699058108e-01 6.446684994113811851e-02
9.992644447515816864e+03 4.470176347602640154e-01 9.050642092107243075e-02
