# starting wavelength: 3470.710
# ending wavelength: 7403.510
# wav flux eflux
3.470775009469947236e+03 1.033261086114484639e+00 1.014848185844873657e-01
3.474245784479418489e+03 1.057239862598353231e+00 7.331167370276270301e-02
3.477720030263898934e+03 1.073946203360029106e+00 5.407361554868078679e-02
3.481197750294164052e+03 1.084264491767071403e+00 4.064994635743871682e-02
3.484678948044459503e+03 1.092102851879402925e+00 3.169512784283749773e-02
3.488163626992504760e+03 1.090188372083404689e+00 2.509159253400724057e-02
3.491651790619498570e+03 1.087312740936136501e+00 2.020737229348610470e-02
3.495143442410119405e+03 1.080100216499484178e+00 1.692062034545924187e-02
3.498638585852530468e+03 1.072579410078705831e+00 1.433188596610088412e-02
3.502137224438384237e+03 1.062187501674851875e+00 1.262173717071453198e-02
3.505639361662823831e+03 1.052539910093102327e+00 1.096572196325673598e-02
3.509145001024487556e+03 1.043865980058634735e+00 9.768743397892116695e-03
3.512654146025513455e+03 1.033140707199574404e+00 8.897104680631876678e-03
3.516166800171540217e+03 1.022582343453866116e+00 8.232960840655454207e-03
3.519682966971712631e+03 1.015941114252020272e+00 7.738902657345354992e-03
3.523202649938685681e+03 1.010973825883648480e+00 7.379873423624559378e-03
3.526725852588625457e+03 1.007705681070163894e+00 7.160766164605474916e-03
3.530252578441215064e+03 1.005817659456943236e+00 7.031373607462376892e-03
3.533782831019657806e+03 1.005115598224749274e+00 6.914451114764312914e-03
3.537316613850678550e+03 1.006954130059989572e+00 6.829367784616611516e-03
3.540853930464530094e+03 1.010505044569933064e+00 7.560596380360854081e-03
3.544394784394995895e+03 1.014767237801916577e+00 7.517199896507830228e-03
3.547939179179392340e+03 1.016183407491238144e+00 7.517229371119173859e-03
3.551487118358572843e+03 1.016644959969811968e+00 7.461832579102380472e-03
3.555038605476932389e+03 1.017908187611345827e+00 7.434493844657177018e-03
3.558593644082410719e+03 1.020744373065628485e+00 7.377986070021795226e-03
3.562152237726494150e+03 1.022189376958890339e+00 7.265898654142065836e-03
3.565714389964221937e+03 1.022268710921291568e+00 7.332485625107959017e-03
3.569280104354187188e+03 1.020777637688632389e+00 7.174708732241445557e-03
3.572849384458542772e+03 1.013246763311088872e+00 6.814116777630503663e-03
3.576422233843002232e+03 1.010894872770542241e+00 6.602948316744488254e-03
3.579998656076846601e+03 1.004965628468952765e+00 6.851904860998505806e-03
3.583578654732924406e+03 9.967274023452012965e-01 6.776708333857661345e-03
3.587162233387658489e+03 9.877115864662715516e-01 6.810064715928315117e-03
3.590749395621047370e+03 9.774894905865979533e-01 6.536811357441410682e-03
3.594340145016669794e+03 9.710223760607004095e-01 6.495694276106547989e-03
3.597934485161687462e+03 9.640592695693981362e-01 6.547760349057073735e-03
3.601532419646850485e+03 9.594767980313717581e-01 6.379212014093429105e-03
3.605133952066498296e+03 9.577545625947948560e-01 6.433764280293622316e-03
3.608739086018566013e+03 9.555985989874978825e-01 6.414738925495659834e-03
3.612347825104585809e+03 9.571529232452926639e-01 6.384984650332391903e-03
3.615960172929691907e+03 9.597252415941578407e-01 6.277668632343016628e-03
3.619576133102622407e+03 9.681947657722197453e-01 6.141600439038717371e-03
3.623195709235726554e+03 9.772867713856013827e-01 6.276469324913180360e-03
3.626818904944963379e+03 9.863890432576315481e-01 6.279429227583980741e-03
3.630445723849909427e+03 9.970644414316148785e-01 6.021612408143051445e-03
3.634076169573760581e+03 1.005628630261652390e+00 6.132496146896892521e-03
3.637710245743335690e+03 1.015338473492882532e+00 6.139934343303602229e-03
3.641347955989080219e+03 1.025410729924451037e+00 6.039533742148090086e-03
3.644989303945070333e+03 1.032725133789579086e+00 6.091767246139301317e-03
3.648634293249016537e+03 1.039930734540942536e+00 6.075451028549183792e-03
3.652282927542266862e+03 1.046637089037691482e+00 6.007936439871823173e-03
3.655935210469810499e+03 1.051321145475348384e+00 5.683421476914737869e-03
3.659591145680281443e+03 1.051058695999252945e+00 5.407492318366946375e-03
3.663250736825963031e+03 1.043641246376191489e+00 5.196615900812909424e-03
3.666913987562790226e+03 1.032939653890324161e+00 5.133302124871699096e-03
3.670580901550354156e+03 1.022576921792236249e+00 5.113952906582958612e-03
3.674251482451905758e+03 1.009188345960314592e+00 5.164023830571554466e-03
3.677925733934358959e+03 9.901678884239748513e-01 4.900950041277839925e-03
3.681603659668294313e+03 9.736079144347203895e-01 4.567662794390968048e-03
3.685285263327964003e+03 9.523453607286418432e-01 4.358520937735719213e-03
3.688970548591293209e+03 9.303872724888434531e-01 4.394968650800842001e-03
3.692659519139885560e+03 9.054346365826615450e-01 4.400475382736709559e-03
3.696352178659026777e+03 8.809081595676028220e-01 4.443098672913447546e-03
3.700048530837686940e+03 8.537772563485321875e-01 4.429270726358866192e-03
3.703748579368525952e+03 8.240050720225954306e-01 4.516546795738588492e-03
3.707452327947895355e+03 7.934905937177855195e-01 4.529900626196264012e-03
3.711159780275844696e+03 7.637214149691106124e-01 4.355015025668955084e-03
3.714870940056121526e+03 7.339512533094083579e-01 4.361548838072564285e-03
3.718585810996179134e+03 7.011162118649456598e-01 4.318275540327542149e-03
3.722304396807176545e+03 6.720701276971473570e-01 4.295743222822343346e-03
3.726026701203984885e+03 6.435856258216653414e-01 4.522958023340287702e-03
3.729752727905190113e+03 6.203310476273425911e-01 4.588779832224942033e-03
3.733482480633096657e+03 5.966890137689028206e-01 4.205675572230611718e-03
3.737215963113731050e+03 5.780289850349411562e-01 4.186485062272838134e-03
3.740953179076846027e+03 5.625287098128780583e-01 4.012318528553763218e-03
3.744694132255923705e+03 5.497729582932012748e-01 3.990587629585548059e-03
3.748438826388181042e+03 5.415433077728293298e-01 4.085215508529713678e-03
3.752187265214570289e+03 5.396670763085393840e-01 3.837966125623646849e-03
3.755939452479786269e+03 5.383505539883429725e-01 3.541748289874083015e-03
3.759695391932267285e+03 5.377859711796337816e-01 3.553571665696933501e-03
3.763455087324201031e+03 5.418291171016345054e-01 3.364863271856024726e-03
3.767218542411526414e+03 5.455579544886506316e-01 3.325253266859723358e-03
3.770985760953939007e+03 5.509178023579303085e-01 3.340690530331842569e-03
3.774756746714894234e+03 5.558947006123979850e-01 3.471371002067224435e-03
3.778531503461610555e+03 5.634011638546697620e-01 3.325002692450448622e-03
3.782310034965073100e+03 5.759617711401671114e-01 3.474456212984236916e-03
3.786092345000039586e+03 5.893572504721708016e-01 3.325599449013302497e-03
3.789878437345040766e+03 6.071127360022238184e-01 3.325197828676534732e-03
3.793668315782387253e+03 6.272876530153987940e-01 3.391974728047711385e-03
3.797461984098170888e+03 6.486912411861918137e-01 3.532756671815375209e-03
3.801259446082270188e+03 6.747777118850705191e-01 3.742530730580383071e-03
3.805060705528353537e+03 7.056396440339554044e-01 3.782549038378810614e-03
3.808865766233883278e+03 7.438895434652226246e-01 4.962380546420569125e-03
3.812674632000118436e+03 7.801642514886236723e-01 5.272892969151137324e-03
3.816487306632119726e+03 8.112958430017810363e-01 5.276012935354023464e-03
3.820303793938753188e+03 8.456118109171542052e-01 5.129414353358996252e-03
3.824124097732693372e+03 8.776210417332600544e-01 5.110694886760080123e-03
3.827948221830427428e+03 9.058325868674659276e-01 5.022858404838389211e-03
3.831776170052258749e+03 9.310836712286859607e-01 5.488604002836902813e-03
3.835607946222312421e+03 9.575924262190843583e-01 5.597074298924928706e-03
3.839443554168536139e+03 9.820768901267257212e-01 5.702452571856068790e-03
3.843282997722705659e+03 1.004407802911388758e+00 5.569380029197634405e-03
3.847126280720429804e+03 1.029889266211431176e+00 5.633621581280482196e-03
3.850973407001151372e+03 1.058742990305678422e+00 5.968475638234768850e-03
3.854824380408153957e+03 1.085683801120745251e+00 6.048492359857131004e-03
3.858679204788563311e+03 1.111532150480520675e+00 6.037208702499511324e-03
3.862537883993353262e+03 1.140763732549223919e+00 5.956945876664240282e-03
3.866400421877347981e+03 1.174992576160443392e+00 5.853971236154393264e-03
3.870266822299226533e+03 1.203931099697604479e+00 5.295699710131272428e-03
3.874137089121526969e+03 1.224183385185277695e+00 6.091827586581772050e-03
3.878011226210649966e+03 1.242541385262651898e+00 5.903416800498169359e-03
3.881889237436861549e+03 1.260234571511169133e+00 5.144966979668386294e-03
3.885771126674299921e+03 1.279368460723735446e+00 5.144999377654976662e-03
3.889656897800975457e+03 1.306932269971057492e+00 6.184021657632707454e-03
3.893546554698777527e+03 1.321774237461325052e+00 6.222303276812601695e-03
3.897440101253477678e+03 1.340979198389228078e+00 6.557457626100607166e-03
3.901337541354732366e+03 1.362674802307748845e+00 8.386256839397593019e-03
3.905238878896088409e+03 1.371486614154534767e+00 8.100206515832347742e-03
3.909144117774985716e+03 1.362989682931254443e+00 9.196444830935535455e-03
3.913053261892762293e+03 1.346700636538753715e+00 1.157246208393476056e-02
3.916966315154656058e+03 1.335305856856579210e+00 1.171247215649974353e-02
3.920883281469812118e+03 1.320484772127213047e+00 1.141882680660062828e-02
3.924804164751283224e+03 1.320404976296893462e+00 1.103708691944823607e-02
3.928728968916035683e+03 1.323122891362025655e+00 1.076545440005566984e-02
3.932657697884953450e+03 1.340379267925283946e+00 1.180273638212485897e-02
3.936590355582839493e+03 1.367973314364203885e+00 1.311427217019402354e-02
3.940526945938423523e+03 1.399730738215516856e+00 1.248154892126911164e-02
3.944467472884363360e+03 1.431608396691110840e+00 1.187871355128528386e-02
3.948411940357249023e+03 1.461775018689669858e+00 1.164518875508790963e-02
3.952360352297607733e+03 1.485762689450494944e+00 1.129502834148660324e-02
3.956312712649906643e+03 1.502438125339105923e+00 1.152228635057849990e-02
3.960269025362557841e+03 1.512654204326386642e+00 1.153562550600404149e-02
3.964229294387921527e+03 1.514159473219530927e+00 1.112964049587291358e-02
3.968193523682310570e+03 1.506728407627297095e+00 8.773314420740077266e-03
3.972161717205994591e+03 1.501879194053242772e+00 8.629420933853514109e-03
3.976133878923201792e+03 1.502640867362127208e+00 7.602779639717154730e-03
3.980110012802126221e+03 1.504707512089749954e+00 7.284992117674774122e-03
3.984090122814929600e+03 1.497562030336644145e+00 7.111984000636169083e-03
3.988074212937745870e+03 1.485610693517425140e+00 7.173693526662509694e-03
3.992062287150684824e+03 1.475093372290923410e+00 6.701475356296912253e-03
3.996054349437837118e+03 1.456498131566587695e+00 6.531243372158304986e-03
4.000050403787276082e+03 1.439756073449104390e+00 6.450629352589898509e-03
4.004050454191064546e+03 1.419525019484731976e+00 5.594560264467443762e-03
4.008054504645257111e+03 1.405725322342381345e+00 5.511223738016573191e-03
4.012062559149903791e+03 1.392496677145754536e+00 4.894182486379820493e-03
4.016074621709055009e+03 1.377434438377555859e+00 4.979580958035878004e-03
4.020090696330765240e+03 1.362883950088888296e+00 4.768526615332816312e-03
4.024110787027097558e+03 1.354898940165178978e+00 4.254832025057434484e-03
4.028134897814125907e+03 1.341905240097193586e+00 4.028548132231558020e-03
4.032163032711941469e+03 1.330045872035914734e+00 4.608008638024731381e-03
4.036195195744654484e+03 1.320689913184247999e+00 4.474631484863683673e-03
4.040231390940400615e+03 1.311592202252449546e+00 4.561947120752187987e-03
4.044271622331342314e+03 1.303967992735876491e+00 4.600190622470749953e-03
4.048315893953675186e+03 1.295610885733308404e+00 4.597419981027758319e-03
4.052364209847629809e+03 1.284072091954320705e+00 4.600919439090586996e-03
4.056416574057479011e+03 1.275864917276522181e+00 4.327791864469139604e-03
4.060472990631537868e+03 1.264789321688247981e+00 4.287835184145757927e-03
4.064533463622170530e+03 1.253734453237635105e+00 4.293572374499493756e-03
4.068597997085794304e+03 1.239164831445921822e+00 4.389400100848363413e-03
4.072666595082881486e+03 1.224284289287355776e+00 4.181684233824855060e-03
4.076739261677965715e+03 1.213419480273137063e+00 4.150735873831907889e-03
4.080816000939644709e+03 1.207453272939632338e+00 4.285999063318877457e-03
4.084896816940585722e+03 1.204043999366506412e+00 4.381554629418742998e-03
4.088981713757527814e+03 1.199155201822219796e+00 4.372998491161992490e-03
4.093070695471286854e+03 1.197638922855931876e+00 4.398569417409326464e-03
4.097163766166759160e+03 1.192158923021852335e+00 4.388111689922305145e-03
4.101260929932927866e+03 1.186300957099414966e+00 4.421490954602006959e-03
4.105362190862862008e+03 1.181123907005220186e+00 4.311190210074044432e-03
4.109467553053726078e+03 1.174279552398494797e+00 4.629369153796037903e-03
4.113577020606780934e+03 1.165154182503902236e+00 4.502208434661892147e-03
4.117690597627389252e+03 1.156541786710262310e+00 4.370808252904619454e-03
4.121808288225018259e+03 1.151901798056848891e+00 4.952386487617359279e-03
4.125930096513244280e+03 1.145846673896182555e+00 5.055162951851352275e-03
4.130056026609759101e+03 1.140282694893983484e+00 5.051525913651349307e-03
4.134186082636369974e+03 1.137514038921506820e+00 4.952974651297944141e-03
4.138320268719007800e+03 1.132686900454181744e+00 4.858645270040120451e-03
4.142458588987728035e+03 1.129177880635436004e+00 4.868696372476626413e-03
4.146601047576717065e+03 1.126025214489681181e+00 4.792350136237523775e-03
4.150747648624294925e+03 1.119974368027286671e+00 4.802687711068028172e-03
4.154898396272920763e+03 1.116538085558856030e+00 4.789122011166153763e-03
4.159053294669195566e+03 1.112139568033663206e+00 4.689272466310801142e-03
4.163212347963865795e+03 1.109242005473664472e+00 4.673248945946416322e-03
4.167375560311830668e+03 1.107768256943813423e+00 4.627503366449898896e-03
4.171542935872143971e+03 1.107790539970212151e+00 4.591969450711483325e-03
4.175714478808017702e+03 1.108979306644446439e+00 4.465024459530177528e-03
4.179890193286827525e+03 1.111134117361554319e+00 4.457568159022706755e-03
4.184070083480115500e+03 1.114569777786278859e+00 4.386257011728506364e-03
4.188254153563597356e+03 1.120654041776941279e+00 3.983858560371342054e-03
4.192442407717161586e+03 1.121494459182568182e+00 3.616607031081047439e-03
4.196634850124880359e+03 1.122131223917358644e+00 3.601166717102377308e-03
4.200831484975006788e+03 1.124402733840757840e+00 3.353196437049292718e-03
4.205032316459983122e+03 1.125848839544529634e+00 2.926305261199893450e-03
4.209237348776444378e+03 1.124420508395452600e+00 2.811743006559434647e-03
4.213446586125221984e+03 1.124829080811598603e+00 2.718242065883955030e-03
4.217660032711349231e+03 1.124024157378626043e+00 2.616907367280991558e-03
4.221877692744061278e+03 1.124030606249068587e+00 2.628207476264630624e-03
4.226099570436806971e+03 1.124355668224453986e+00 2.432029225975143160e-03
4.230325670007245208e+03 1.124754428992617461e+00 2.444983294194858544e-03
4.234555995677254032e+03 1.126753912910197331e+00 2.355479484747713924e-03
4.238790551672932452e+03 1.128841054595734139e+00 2.272952276204154125e-03
4.243029342224606808e+03 1.131772849310861195e+00 2.236561178656616168e-03
4.247272371566832589e+03 1.133893528544739349e+00 2.229379966694906064e-03
4.251519643938400804e+03 1.134921784753401219e+00 2.143476727667808016e-03
4.255771163582340705e+03 1.137790550918283294e+00 2.216170709275614749e-03
4.260026934745924336e+03 1.139863333448098093e+00 2.396899761006581180e-03
4.264286961680671993e+03 1.140515209071051084e+00 2.369732248093341705e-03
4.268551248642354039e+03 1.137533986527675456e+00 2.746173350136022363e-03
4.272819799890998183e+03 1.136176606536904554e+00 2.651783859978679853e-03
4.277092619690890388e+03 1.132287071326772532e+00 2.635916828433845262e-03
4.281369712310583054e+03 1.125669700729614142e+00 2.724413090992481093e-03
4.285651082022895025e+03 1.120334031469893521e+00 2.732319123690684845e-03
4.289936733104918858e+03 1.112731292272517214e+00 2.660247362616288691e-03
4.294226669838025373e+03 1.105746071829208921e+00 2.775020962711472177e-03
4.298520896507864563e+03 1.097225128157428342e+00 2.928660908447291815e-03
4.302819417404373780e+03 1.085814490427745360e+00 2.852669097048922669e-03
4.307122236821779552e+03 1.073565166869474341e+00 3.020933694677657363e-03
4.311429359058603040e+03 1.059959181884981172e+00 3.068497335217582316e-03
4.315740788417662770e+03 1.044749724172823857e+00 3.241184354571548590e-03
4.320056529206081905e+03 1.030556662446600935e+00 3.253475684736556114e-03
4.324376585735290064e+03 1.017930369328049034e+00 3.308711794055605761e-03
4.328700962321026054e+03 1.003877051544895815e+00 3.379200264849501877e-03
4.333029663283348782e+03 9.901108269137764983e-01 3.802018170351638936e-03
4.337362692946633615e+03 9.755384656665971876e-01 3.871330924595807119e-03
4.341700055639581478e+03 9.597170966506033407e-01 3.600942428330063463e-03
4.346041755695222491e+03 9.416961556790306442e-01 4.029719098064923552e-03
4.350387797450919606e+03 9.250687447125737206e-01 4.163360370191083147e-03
4.354738185248371337e+03 9.101868717329695269e-01 4.255506248529598856e-03
4.359092923433621763e+03 9.019433576384914275e-01 4.160501689702318304e-03
4.363452016357056891e+03 8.948217981522098574e-01 3.713601445275852616e-03
4.367815468373414660e+03 8.973331581357547604e-01 3.783563475852923241e-03
4.372183283841789489e+03 9.055731262445382290e-01 4.038651677455163888e-03
4.376555467125633186e+03 9.205232994085693621e-01 4.139134989805018372e-03
4.380932022592760404e+03 9.422943215653559745e-01 4.043363760287035057e-03
4.385312954615354101e+03 9.665433105079924703e-01 4.027651612646319240e-03
4.389698267569970994e+03 9.900414619989817977e-01 3.869892056910097071e-03
4.394087965837542470e+03 1.012497188565335771e+00 2.861781393730190252e-03
4.398482053803381859e+03 1.025748994079496823e+00 3.376039715265925865e-03
4.402880535857186260e+03 1.035236238784650986e+00 3.508361338499119998e-03
4.407283416393044718e+03 1.042851640144898839e+00 3.677731173315638372e-03
4.411690699809440048e+03 1.048786768894518051e+00 3.799640212515666051e-03
4.416102390509250654e+03 1.058964964586036839e+00 3.766055158707932136e-03
4.420518492899761441e+03 1.069523291959858957e+00 3.689394185657449404e-03
4.424939011392662906e+03 1.081157648622435241e+00 3.635578446098036969e-03
4.429363950404056595e+03 1.095757884000035043e+00 3.773282039260039428e-03
4.433793314354462382e+03 1.113942057681420739e+00 3.898805465887083231e-03
4.438227107668818462e+03 1.130963232675688435e+00 3.946709473161450626e-03
4.442665334776488635e+03 1.151711698513171900e+00 3.795678883528500608e-03
4.447108000111265937e+03 1.172165426307128833e+00 3.881844796926628167e-03
4.451555108111379013e+03 1.193666676810474003e+00 3.962680144381705918e-03
4.456006663219492111e+03 1.213977290228772654e+00 3.798175291377384015e-03
4.460462669882713271e+03 1.229277911273298995e+00 3.563461866516675659e-03
4.464923132552597053e+03 1.244692015238254346e+00 3.645248945293035059e-03
4.469388055685150903e+03 1.258556135639345763e+00 3.585739805548776235e-03
4.473857443740837880e+03 1.270516530295775270e+00 3.589190183795866896e-03
4.478331301184580298e+03 1.279998758455429098e+00 3.853296944910777639e-03
4.482809632485766087e+03 1.289340270687297174e+00 3.823860525253373888e-03
4.487292442118253348e+03 1.298292808181577884e+00 3.780569637647477905e-03
4.491779734560373072e+03 1.306089148423337676e+00 3.675151453558150004e-03
4.496271514294934605e+03 1.314779969032928264e+00 3.603452078572162709e-03
4.500767785809231100e+03 1.324380607690199829e+00 3.324739331982985973e-03
4.505268553595042249e+03 1.335088584896370500e+00 3.357662704843711148e-03
4.509773822148638828e+03 1.345783850641008250e+00 3.412098991574137163e-03
4.514283595970789065e+03 1.357999256095539176e+00 3.019548713228649255e-03
4.518797879566761367e+03 1.368653513037126901e+00 2.888752571630494748e-03
4.523316677446328868e+03 1.375499249861990458e+00 2.977878932661270472e-03
4.527839994123776705e+03 1.382191747045589558e+00 2.867270860816182980e-03
4.532367834117902021e+03 1.388647931370286859e+00 2.942711750020385406e-03
4.536900201952022144e+03 1.394350314398230761e+00 2.847938899448749367e-03
4.541437102153975502e+03 1.395838496487492364e+00 2.818278395091384537e-03
4.545978539256130716e+03 1.395137216809245073e+00 2.808695805608073248e-03
4.550524517795388419e+03 1.394473163505594471e+00 2.695958193874908784e-03
4.555075042313184895e+03 1.390934859871197027e+00 2.816115526468092756e-03
4.559630117355500261e+03 1.385816341750478742e+00 2.827435135298912369e-03
4.564189747472856652e+03 1.377984064709169010e+00 2.668538046932816387e-03
4.568753937220330954e+03 1.369305456939944765e+00 2.814842967074946724e-03
4.573322691157552981e+03 1.362239561563725498e+00 2.873408924478495097e-03
4.577896013848711846e+03 1.351944918041143806e+00 2.688042436418184005e-03
4.582473909862562323e+03 1.340730608117376210e+00 2.814315303026029141e-03
4.587056383772426670e+03 1.334336406905817896e+00 3.246356445370035277e-03
4.591643440156200086e+03 1.325258304781986141e+00 3.335246151983108000e-03
4.596235083596357981e+03 1.316026280376250801e+00 3.321314303574231849e-03
4.600831318679955984e+03 1.304455601679445076e+00 3.170135537089156276e-03
4.605432149998637215e+03 1.290251006706779169e+00 3.167918266189700092e-03
4.610037582148637739e+03 1.272119734495697152e+00 2.976593829735617053e-03
4.614647619730787483e+03 1.253867888226176674e+00 3.023551266933138110e-03
4.619262267350520233e+03 1.234566079958008489e+00 3.098991437120350058e-03
4.623881529617872729e+03 1.215060702250224889e+00 3.005776964975531707e-03
4.628505411147491941e+03 1.194426594449373491e+00 3.029601410743120327e-03
4.633133916558640522e+03 1.172672099238419197e+00 3.020914817808300224e-03
4.637767050475200449e+03 1.151646663683454586e+00 2.908574036724816472e-03
4.642404817525677572e+03 1.133389446119170252e+00 3.088070768408291041e-03
4.647047222343205249e+03 1.115924021716455439e+00 3.107210868416747807e-03
4.651694269565549803e+03 1.099858109034189457e+00 3.076301596158354489e-03
4.656345963835116891e+03 1.084387797907434114e+00 3.074381539713467223e-03
4.661002309798953320e+03 1.073313562399663690e+00 3.256705237898133848e-03
4.665663312108753416e+03 1.064243237998816483e+00 3.172419244712577132e-03
4.670328975420864481e+03 1.056245145808755836e+00 2.978086126694103573e-03
4.674999304396286789e+03 1.054164844337075690e+00 2.749173497691415145e-03
4.679674303700684504e+03 1.054333972026326505e+00 2.744403821433499206e-03
4.684353978004386590e+03 1.056490082929176122e+00 2.951331767151761567e-03
4.689038331982392265e+03 1.057644545744685916e+00 3.034411076251135927e-03
4.693727370314376458e+03 1.056024026464486676e+00 3.005501019185530601e-03
4.698421097684692540e+03 1.051954762910139562e+00 2.877674092881620568e-03
4.703119518782378691e+03 1.042617484299240171e+00 2.916561152393582369e-03
4.707822638301162442e+03 1.029723246008934723e+00 2.973885767409608413e-03
4.712530460939465229e+03 1.013537606071839070e+00 2.893094204752014523e-03
4.717242991400406027e+03 9.927671872115639840e-01 3.086633813729327495e-03
4.721960234391808626e+03 9.695710776989322488e-01 2.768530316786689711e-03
4.726682194626201635e+03 9.457322872643881828e-01 2.486884763057081466e-03
4.731408876820829391e+03 9.250492959274462246e-01 2.480919844450753080e-03
4.736140285697651962e+03 9.059349768128427405e-01 2.446758052774264391e-03
4.740876425983350600e+03 8.885390506471051442e-01 2.332530386140428420e-03
4.745617302409335934e+03 8.743858553713924620e-01 2.351287214719919010e-03
4.750362919711747054e+03 8.630270166655700237e-01 2.315893493528531268e-03
4.755113282631459697e+03 8.576607187425084877e-01 2.058480109183964939e-03
4.759868395914093526e+03 8.535649161039796651e-01 2.034300311799045087e-03
4.764628264310008490e+03 8.543594439231254611e-01 1.956427167602636796e-03
4.769392892574320285e+03 8.604447591176558330e-01 2.275131659640084424e-03
4.774162285466896719e+03 8.705770571975144367e-01 2.701258410907386893e-03
4.778936447752364984e+03 8.810067549138066445e-01 2.791998649152218921e-03
4.783715384200118933e+03 8.888361322960451893e-01 2.659229246151576052e-03
4.788499099584319993e+03 8.937967722415141036e-01 2.522016733899357273e-03
4.793287598683906253e+03 8.960032538759868936e-01 2.422448675973858274e-03
4.798080886282591564e+03 8.947956647333380475e-01 2.591058722210893336e-03
4.802878967168876443e+03 8.912602732432599595e-01 2.682631366451537509e-03
4.807681846136046261e+03 8.838992737817598089e-01 2.605344937784023936e-03
4.812489527982183972e+03 8.766977383051224315e-01 2.442994922069337098e-03
4.817302017510168298e+03 8.694210347079923684e-01 2.116197994330230349e-03
4.822119319527679181e+03 8.656236911096919506e-01 2.148141503394474221e-03
4.826941438847208701e+03 8.645443144546468561e-01 2.271478311603144715e-03
4.831768380286057436e+03 8.654282175194919491e-01 2.303009020178825583e-03
4.836600148666345376e+03 8.709325501936756586e-01 2.359019769694391082e-03
4.841436748815013743e+03 8.772446060564097481e-01 2.073606347856343530e-03
4.846278185563829538e+03 8.834131340129732779e-01 2.219143761431821484e-03
4.851124463749395545e+03 8.912331018694116258e-01 2.191774450307165754e-03
4.855975588213146693e+03 8.989269769899679297e-01 2.042261287043389568e-03
4.860831563801360971e+03 9.108892088672074783e-01 2.018457539749763090e-03
4.865692395365163975e+03 9.250131720161218762e-01 2.028993095272128063e-03
4.870558087760530725e+03 9.415386699486797406e-01 2.055392963251610489e-03
4.875428645848292945e+03 9.593258006162229679e-01 2.026713239849360290e-03
4.880304074494142696e+03 9.790666785276023187e-01 2.027252621588868271e-03
4.885184378568638749e+03 1.000232067023483440e+00 2.027354334662874544e-03
4.890069562947209306e+03 1.022865625968269354e+00 2.061145756812887003e-03
4.894959632510157462e+03 1.045557458343867152e+00 2.008254102524874123e-03
4.899854592142669389e+03 1.067159550926938705e+00 1.971013304486288371e-03
4.904754446734813428e+03 1.087108338933723051e+00 2.038750632401165486e-03
4.909659201181550088e+03 1.103046153039121791e+00 2.031967116374555366e-03
4.914568860382732964e+03 1.116975528168442588e+00 2.009602230962736873e-03
4.919483429243117826e+03 1.126981648124248947e+00 1.905679452506475399e-03
4.924402912672362618e+03 1.132160505807558115e+00 1.900591384926557728e-03
4.929327315585036558e+03 1.132437728593520321e+00 1.886499094473755673e-03
4.934256642900622865e+03 1.129333027648351084e+00 1.559617928968129973e-03
4.939190899543525120e+03 1.119414643931775588e+00 1.541472092430438198e-03
4.944130090443070912e+03 1.105393859365505937e+00 1.665210901750424849e-03
4.949074220533515472e+03 1.090057413124807750e+00 1.608220290033396654e-03
4.954023294754050767e+03 1.072289489909983295e+00 1.613677582314298337e-03
4.958977318048806410e+03 1.052811551085520048e+00 1.726839147253808300e-03
4.963936295366856939e+03 1.035596152250687574e+00 1.829474124464940512e-03
4.968900231662225451e+03 1.017043238378558812e+00 1.801380666966697795e-03
4.973869131893889062e+03 1.000897105415145649e+00 1.848059077470214258e-03
4.978843001025784361e+03 9.863426263056365162e-01 1.800354150435682027e-03
4.983821844026811959e+03 9.760144751050674472e-01 1.956880937773906523e-03
4.988805665870840130e+03 9.666233437912536974e-01 2.087513605707667225e-03
4.993794471536712990e+03 9.609158113512871191e-01 2.114424703498511346e-03
4.998788266008251412e+03 9.597929518559948914e-01 2.190660177865969872e-03
5.003787054274261209e+03 9.621404916909743754e-01 2.183317115845752852e-03
5.008790841328536771e+03 9.672603518396130085e-01 2.211980395510685510e-03
5.013799632169867436e+03 9.761965116575990198e-01 2.222404198013085402e-03
5.018813431802038394e+03 9.881665415947427089e-01 2.207874555110938414e-03
5.023832245233842514e+03 1.004237138164594256e+00 2.208703343671250974e-03
5.028856077479077612e+03 1.023331823727959611e+00 2.270107796615899055e-03
5.033884933556558281e+03 1.043884143924394658e+00 2.306207882053168574e-03
5.038918818490116792e+03 1.064000903399251907e+00 2.323786663141469248e-03
5.043957737308608557e+03 1.083818956679988954e+00 2.285912769645561012e-03
5.049001695045918495e+03 1.102754314014062098e+00 2.324404815226794457e-03
5.054050696740966487e+03 1.118054406127864553e+00 2.320187227030659060e-03
5.059104747437709193e+03 1.134337900303020286e+00 2.262221446728759043e-03
5.064163852185148244e+03 1.146453381326240750e+00 2.179137836050213262e-03
5.069228016037335692e+03 1.155971797972304316e+00 2.256818953122199066e-03
5.074297244053374015e+03 1.162612393725040771e+00 2.236090278553254287e-03
5.079371541297429758e+03 1.166293839382170683e+00 2.554749061541392464e-03
5.084450912838728073e+03 1.170439613814945545e+00 2.441992610411287956e-03
5.089535363751569093e+03 1.173455459711461923e+00 2.287748857284964410e-03
5.094624899115322478e+03 1.177171131374422419e+00 2.298785918970582594e-03
5.099719524014439230e+03 1.182699450161598831e+00 2.205311829825576907e-03
5.104819243538455339e+03 1.187487586934729222e+00 2.203871740178453727e-03
5.109924062781995417e+03 1.194278166549874731e+00 2.167876295960801877e-03
5.115033986844779065e+03 1.201783152243408148e+00 2.197331090853468262e-03
5.120149020831625421e+03 1.210361098774512811e+00 2.250003980737890191e-03
5.125269169852458617e+03 1.218658736432181255e+00 2.230629516868792156e-03
5.130394439022313236e+03 1.229010005784407777e+00 2.155580782323619337e-03
5.135524833461337039e+03 1.236779415883567879e+00 2.168893928120481807e-03
5.140660358294800062e+03 1.243287441058025244e+00 2.109797406447969960e-03
5.145801018653096435e+03 1.249714155833609563e+00 2.015534443096829009e-03
5.150946819671751655e+03 1.255160356732639260e+00 2.026404805620936594e-03
5.156097766491425318e+03 1.262451645595060512e+00 1.988390812205566727e-03
5.161253864257918394e+03 1.270314762256661956e+00 2.072479487929572515e-03
5.166415118122177773e+03 1.279047330735776145e+00 1.992582228022891488e-03
5.171581533240301724e+03 1.286965159694452465e+00 2.157706879702929112e-03
5.176753114773543530e+03 1.292764276364523068e+00 2.182596106192366721e-03
5.181929867888318768e+03 1.300164715056395970e+00 2.153757613173215395e-03
5.187111797756208944e+03 1.304032291834960278e+00 2.164607507935195022e-03
5.192298909553966951e+03 1.308841075576588242e+00 2.066708400279808865e-03
5.197491208463522526e+03 1.311476253081604648e+00 2.120885749930220224e-03
5.202688699671987706e+03 1.313003392755337950e+00 2.116441832598372347e-03
5.207891388371661378e+03 1.315611560202651242e+00 2.103367338811470283e-03
5.213099279760034733e+03 1.317505882330563871e+00 2.218842397036983535e-03
5.218312379039796724e+03 1.320675628972212357e+00 2.268528031177996940e-03
5.223530691418837705e+03 1.323165120959347574e+00 2.270716716192261193e-03
5.228754222110258524e+03 1.326715215990259988e+00 2.280192153495700855e-03
5.233982976332370527e+03 1.330873619740277292e+00 2.318727647140822728e-03
5.239216959308704645e+03 1.335186281069701053e+00 2.295332589999363355e-03
5.244456176268015042e+03 1.337319700660366317e+00 2.362312896042045775e-03
5.249700632444284565e+03 1.339656427996419819e+00 2.542163462644678705e-03
5.254950333076731113e+03 1.339815893664077384e+00 2.436003251314376380e-03
5.260205283409809454e+03 1.337866069544660697e+00 2.484316412992863734e-03
5.265465488693221232e+03 1.334232067515879860e+00 2.434216022639255819e-03
5.270730954181915877e+03 1.329797718582332644e+00 2.419224272493465493e-03
5.276001685136099695e+03 1.324902392479726965e+00 2.315488124091799431e-03
5.281277686821237694e+03 1.318383704998899342e+00 2.410218845060831637e-03
5.286558964508059944e+03 1.310343189923536267e+00 2.376595144824338729e-03
5.291845523472569766e+03 1.303919045619686301e+00 2.590649969534577612e-03
5.297137368996044643e+03 1.296120508115729653e+00 2.619214073179158830e-03
5.302434506365042580e+03 1.286648135349697464e+00 2.658731025277624293e-03
5.307736940871409388e+03 1.276345218724568742e+00 2.717306614910511026e-03
5.313044677812282316e+03 1.266671531214396129e+00 2.702247265742445479e-03
5.318357722490096421e+03 1.258944955951952549e+00 2.660454256502296864e-03
5.323676080212588204e+03 1.249702109800868932e+00 2.632706077353749990e-03
5.328999756292802886e+03 1.239395572390513900e+00 2.646165909924860088e-03
5.334328756049097137e+03 1.228102548892791690e+00 2.572691915380148631e-03
5.339663084805148173e+03 1.218518979270339475e+00 2.531820618375774361e-03
5.345002747889954662e+03 1.209646540931780256e+00 2.491722007473795922e-03
5.350347750637846730e+03 1.203576094298636434e+00 2.315841934907160275e-03
5.355698098388485960e+03 1.196334628480855589e+00 2.300385306559485539e-03
5.361053796486876308e+03 1.189950128877854452e+00 2.348021439132398462e-03
5.366414850283365013e+03 1.184810767831634637e+00 2.350479652426460449e-03
5.371781265133649867e+03 1.181564497766865340e+00 2.410213510222550867e-03
5.377153046398785591e+03 1.178263446471716103e+00 2.417988771448816108e-03
5.382530199445186554e+03 1.176310185072620085e+00 2.482402635875474977e-03
5.387912729644633146e+03 1.172414375323113545e+00 2.312954017206158685e-03
5.393300642374279960e+03 1.172504909969034115e+00 2.080602589390203282e-03
5.398693943016655794e+03 1.172233297668309859e+00 2.080817050018754326e-03
5.404092636959673655e+03 1.169885188899199457e+00 2.075713298004708014e-03
5.409496729596635305e+03 1.165715208772988953e+00 2.093141840875928968e-03
5.414906226326233991e+03 1.159614856271218741e+00 2.077520481252034118e-03
5.420321132552561721e+03 1.153826697958065362e+00 2.041710855753125445e-03
5.425741453685116539e+03 1.146058968327223537e+00 2.001576178919713817e-03
5.431167195138803436e+03 1.137841272933259651e+00 1.984925040416194494e-03
5.436598362333943442e+03 1.129023475184270486e+00 1.938753538435871284e-03
5.442034960696279086e+03 1.121119450465265732e+00 1.966653732936786414e-03
5.447476995656978033e+03 1.114623903871470922e+00 2.059184511293688739e-03
5.452924472652636723e+03 1.106958398619149353e+00 2.070348454613454587e-03
5.458377397125291282e+03 1.099924734457825792e+00 2.058184332724991451e-03
5.463835774522417523e+03 1.094274457710654902e+00 2.121031694714328383e-03
5.469299610296941864e+03 1.088694968114468642e+00 2.064044878999162207e-03
5.474768909907241323e+03 1.085939286710273510e+00 2.122093910489219418e-03
5.480243678817149885e+03 1.079073052593001236e+00 2.157189606110229176e-03
5.485723922495968509e+03 1.073506039536716195e+00 2.101308982868692332e-03
5.491209646418466946e+03 1.065761022078381748e+00 2.066155104177222045e-03
5.496700856064887375e+03 1.058128152341081929e+00 1.985235067431701840e-03
5.502197556920953502e+03 1.052214587103068144e+00 2.099463943620733398e-03
5.507699754477876013e+03 1.045859267778698642e+00 2.052878469667590577e-03
5.513207454232356213e+03 1.039124640590151083e+00 2.015347052691584834e-03
5.518720661686590574e+03 1.029056040085327028e+00 2.121414883447402325e-03
5.524239382348278923e+03 1.019503657035724986e+00 2.377654904531041093e-03
5.529763621730628984e+03 1.012572570729683763e+00 2.328664359123083089e-03
5.535293385352360929e+03 1.007089481161172584e+00 2.366986593978769558e-03
5.540828678737715563e+03 1.001738679945950894e+00 2.355785254419314606e-03
5.546369507416455235e+03 9.991272833938963371e-01 2.393685850509003066e-03
5.551915876923872929e+03 9.974679944755200367e-01 2.237988115474449230e-03
5.557467792800798634e+03 9.952492898627902651e-01 2.261586060371273410e-03
5.563025260593602070e+03 9.922179692433031883e-01 2.263787241867883538e-03
5.568588285854197238e+03 9.903520483050164414e-01 2.258469484987766021e-03
5.574156874140053333e+03 9.878474976207908265e-01 2.298818050303649482e-03
5.579731031014194741e+03 9.878779202138694426e-01 2.213230380595612376e-03
5.585310762045211050e+03 9.861725599072698190e-01 2.122432431584173832e-03
5.590896072807257951e+03 9.844820665118364511e-01 2.098137000657480499e-03
5.596486968880067252e+03 9.824769171835788795e-01 2.209369552513902775e-03
5.602083455848949598e+03 9.781006204599878018e-01 2.182698704651698379e-03
5.607685539304799931e+03 9.734987398800393210e-01 2.078487494531509883e-03
5.613293224844106589e+03 9.664642354284680437e-01 2.023132995436847069e-03
5.618906518068952209e+03 9.589934383065381596e-01 1.780604641036993971e-03
5.624525424587023736e+03 9.467265395897623836e-01 1.747784923190962968e-03
5.630149950011612418e+03 9.305610267158388460e-01 1.749272065814143481e-03
5.635780099961625638e+03 9.109152038279991759e-01 1.741933459616725735e-03
5.641415880061589633e+03 8.897487172892142304e-01 1.784924181545502172e-03
5.647057295941652228e+03 8.662933236004727311e-01 1.700533916073101006e-03
5.652704353237596479e+03 8.442532971360350302e-01 1.701740609298272406e-03
5.658357057590835211e+03 8.216649187861567727e-01 1.711267117784213846e-03
5.664015414648428305e+03 8.008856393164200949e-01 1.785876902220349472e-03
5.669679430063079053e+03 7.830027651071468364e-01 1.858318263888249005e-03
5.675349109493143260e+03 7.677796687996737424e-01 1.914439480097046304e-03
5.681024458602638333e+03 7.586894527955128087e-01 2.060572659016518537e-03
5.686705483061243285e+03 7.548112622868933252e-01 2.207824083368565681e-03
5.692392188544306009e+03 7.550721571735254933e-01 2.209879377346000897e-03
5.698084580732852373e+03 7.597057725126523664e-01 2.193936832099807957e-03
5.703782665313587131e+03 7.696021238320066571e-01 2.452476030331268621e-03
5.709486447978903016e+03 7.836537801251121094e-01 2.856312886184294523e-03
5.715195934426883468e+03 8.057797881919922522e-01 2.817046710056272159e-03
5.720911130361312644e+03 8.352107209605990068e-01 2.680963875532955780e-03
5.726632041491675409e+03 8.717479788366605531e-01 2.586028028304522552e-03
5.732358673533169167e+03 9.191475448076326105e-01 3.929699494191418729e-03
5.738091032206703858e+03 9.672719699946165095e-01 4.141624501903166597e-03
5.743829123238912871e+03 1.014089734852103186e+00 4.146267775833792531e-03
5.749572952362153046e+03 1.061801572650472814e+00 4.107085967148929422e-03
5.755322525314517407e+03 1.105075586268053911e+00 3.842569455120427996e-03
5.761077847839834249e+03 1.140993719457971345e+00 3.456427054857830715e-03
5.766838925687675328e+03 1.165932317042484678e+00 3.642786675544012944e-03
5.772605764613364954e+03 1.181315960551591937e+00 4.259299903374761526e-03
5.778378370377980900e+03 1.189564973815948168e+00 4.163412759428119364e-03
5.784156748748360769e+03 1.192773930475329980e+00 3.538061679297374758e-03
5.789940905497111089e+03 1.195812893111481756e+00 3.216687119397278714e-03
5.795730846402610041e+03 1.199814704641989360e+00 2.857479064207058949e-03
5.801526577249013826e+03 1.209877486942082969e+00 3.189712460613545932e-03
5.807328103826264851e+03 1.221495439136766503e+00 3.345037473195349581e-03
5.813135431930093546e+03 1.232136235920147982e+00 3.315067809238261571e-03
5.818948567362025642e+03 1.242701304413946550e+00 3.140425438950856206e-03
5.824767515929389447e+03 1.254456418314922272e+00 3.256872325894148105e-03
5.830592283445320390e+03 1.261491432726476347e+00 3.708385586427877852e-03
5.836422875728768304e+03 1.264306288191500149e+00 3.795257095840907924e-03
5.842259298604498326e+03 1.267294616911506910e+00 3.627148344335887238e-03
5.848101557903105459e+03 1.263074938772855482e+00 3.681001969398809640e-03
5.853949659461010015e+03 1.249157835233962288e+00 3.645223945469496483e-03
5.859803609120473084e+03 1.236106175418421493e+00 3.664263924086856149e-03
5.865663412729595620e+03 1.221038738222995690e+00 3.671568814661475052e-03
5.871529076142326630e+03 1.204997348663759960e+00 3.705216383371495899e-03
5.877400605218471355e+03 1.187607779428727195e+00 3.631528586921544104e-03
5.883278005823691274e+03 1.170663703332987415e+00 3.612789457211650849e-03
5.889161283829516833e+03 1.154107107717683656e+00 3.631423153352211081e-03
5.895050445113348360e+03 1.137850203634471091e+00 3.627486472648611300e-03
5.900945495558464245e+03 1.123375103022774324e+00 3.624793574371816020e-03
5.906846441054024581e+03 1.108730579152364504e+00 3.598814428586147567e-03
5.912753287495080258e+03 1.096963231437078967e+00 3.411332144548775720e-03
5.918666040782577511e+03 1.085481140355873064e+00 3.345612742219833315e-03
5.924584706823361557e+03 1.073051801202796085e+00 3.377867136738649592e-03
5.930509291530187511e+03 1.060712305334254646e+00 3.303306246057926415e-03
5.936439800821719473e+03 1.050188583840880874e+00 3.228815451638084033e-03
5.942376240622543264e+03 1.041706382457521007e+00 3.146923717342561908e-03
5.948318616863167335e+03 1.030075938835091964e+00 2.497348594427311122e-03
5.954266935480032771e+03 1.023107872422009068e+00 2.460508346496650955e-03
5.960221202415515108e+03 1.018766200726717974e+00 1.775858848753396075e-03
5.966181423617932523e+03 1.011181380840793897e+00 1.761639111696394712e-03
5.972147605041552197e+03 1.004787338334733438e+00 1.667007364570510797e-03
5.978119752646595771e+03 9.966460710952523838e-01 1.648556372950669502e-03
5.984097872399243897e+03 9.873440220606781725e-01 1.632220125025589256e-03
5.990081970271645332e+03 9.784852609169599758e-01 1.635933567198834346e-03
5.996072052241918755e+03 9.694615506954610273e-01 1.651842226992923960e-03
6.002068124294162772e+03 9.591716730967674298e-01 1.736496073919761287e-03
6.008070192418459555e+03 9.487149063650033298e-01 1.787805052831024010e-03
6.014078262610879392e+03 9.406385576232497714e-01 1.770611683056824487e-03
6.020092340873492503e+03 9.357050339016587115e-01 1.687646927421856437e-03
6.026112433214368139e+03 9.331798378801700045e-01 1.778054470993876762e-03
6.032138545647584579e+03 9.323914801999358959e-01 2.200022889220903336e-03
6.038170684193233683e+03 9.318683279197721436e-01 2.044527812037032211e-03
6.044208854877429076e+03 9.306569568015676808e-01 1.862604700834215440e-03
6.050253063732308874e+03 9.285327131231972952e-01 1.866953205873456492e-03
6.056303316796042964e+03 9.248146586520005208e-01 1.957089624269842815e-03
6.062359620112841185e+03 9.203633447860631867e-01 1.933097764963503723e-03
6.068421979732956061e+03 9.154644835226918298e-01 1.947003714160131524e-03
6.074490401712690982e+03 9.092929663681995622e-01 2.012414043057964442e-03
6.080564892114405666e+03 9.013709318402716164e-01 2.007243359766579943e-03
6.086645457006521610e+03 8.902498343180244023e-01 1.989282949516657777e-03
6.092732102463530282e+03 8.782099457370983187e-01 1.958040927474776968e-03
6.098824834565995843e+03 8.665087760439700304e-01 1.953940523842723903e-03
6.104923659400564247e+03 8.544670890956497233e-01 1.921248571171074813e-03
6.111028583059966877e+03 8.420277339455194410e-01 1.826179402968922377e-03
6.117139611643028729e+03 8.271597065003366556e-01 1.827422424722402851e-03
6.123256751254673873e+03 8.103312538302155366e-01 1.764524024461763515e-03
6.129380008005929994e+03 7.941036707371259551e-01 1.761551112743422976e-03
6.135509388013938405e+03 7.771987138313239951e-01 1.768948819500329147e-03
6.141644897401954040e+03 7.598306801210276129e-01 1.787754823680259321e-03
6.147786542299358189e+03 7.439637596648619455e-01 1.744560854396339303e-03
6.153934328841659408e+03 7.281735569405975994e-01 1.669026294726381641e-03
6.160088263170503524e+03 7.130586277820994967e-01 1.656149960576579422e-03
6.166248351433675452e+03 6.985134017091694236e-01 1.713164399234753856e-03
6.172414599785111022e+03 6.839175372873526060e-01 1.635103913766579493e-03
6.178587014384898794e+03 6.704635126482834107e-01 1.761238723381391286e-03
6.184765601399285515e+03 6.576367662092096333e-01 1.780209697923577916e-03
6.190950367000687038e+03 6.444959801304215308e-01 1.667784219416524943e-03
6.197141317367689226e+03 6.294300712889668858e-01 1.564472012273064854e-03
6.203338458685059777e+03 6.130137026576902848e-01 1.524518716974525203e-03
6.209541797143746408e+03 5.951876307058943105e-01 1.507709512701060732e-03
6.215751338940892310e+03 5.757847332452324940e-01 1.505468298125571362e-03
6.221967090279835247e+03 5.551770638723494411e-01 1.548653003797300677e-03
6.228189057370116643e+03 5.340091408171342424e-01 1.554724999929364519e-03
6.234417246427488863e+03 5.134552200232994634e-01 1.548377328606544406e-03
6.240651663673918847e+03 4.913889098725096605e-01 1.665997349584771511e-03
6.246892315337594482e+03 4.720443963531906206e-01 2.051347052508708559e-03
6.253139207652934601e+03 4.572662459582411687e-01 2.267147863413399977e-03
6.259392346860589896e+03 4.483239696940571895e-01 2.210092276204123681e-03
6.265651739207452010e+03 4.484845479126947088e-01 2.331848694915611246e-03
6.271917390946661726e+03 4.544858406859695332e-01 2.472854220218932524e-03
6.278189308337610782e+03 4.661031530828901870e-01 2.543175796551058136e-03
6.284467497645950061e+03 4.829202914116875744e-01 2.591730690747289650e-03
6.290751965143597772e+03 5.049921219497616187e-01 2.525426336558195695e-03
6.297042717108744000e+03 5.330415710131245488e-01 2.541043826245519693e-03
6.303339759825854344e+03 5.672671735506314983e-01 2.599864675636513658e-03
6.309643099585682648e+03 6.053350741564826887e-01 2.593352699966724930e-03
6.315952742685270096e+03 6.456104924758090391e-01 2.590405929371904139e-03
6.322268695427957937e+03 6.879862503235025795e-01 2.631419208431895300e-03
6.328590964123387494e+03 7.313871876975439612e-01 2.764375805866781631e-03
6.334919555087512890e+03 7.729917238670326318e-01 2.769681466807743467e-03
6.341254474642602872e+03 8.133318274950808169e-01 2.784192643054173716e-03
6.347595729117247174e+03 8.522374349503319957e-01 2.691287583279937910e-03
6.353943324846366522e+03 8.892847861874597637e-01 2.241880991913465775e-03
6.360297268171215364e+03 9.179818541261811626e-01 2.456419919840515873e-03
6.366657565439388236e+03 9.416229848486998844e-01 2.540282717020841182e-03
6.373024223004829764e+03 9.596033716013667725e-01 2.216229520674641105e-03
6.379397247227837397e+03 9.726828858540399469e-01 1.956467861608769069e-03
6.385776644475066860e+03 9.842940396689644489e-01 1.964068610975241991e-03
6.392162421119543978e+03 9.932143365261587586e-01 1.966014758464079172e-03
6.398554583540665590e+03 9.997312088357193094e-01 2.010015435328389201e-03
6.404953138124208635e+03 1.004689543377386585e+00 1.923356162459824003e-03
6.411358091262334710e+03 1.004675623606977375e+00 1.915431556157503722e-03
6.417769449353599157e+03 1.000654716790273069e+00 1.960625367627867079e-03
6.424187218802954703e+03 9.958805409418155508e-01 1.944119273726313329e-03
6.430611406021760558e+03 9.883206796532315597e-01 1.907074812243367105e-03
6.437042017427784231e+03 9.792498672981178043e-01 1.900105466842892058e-03
6.443479059445214261e+03 9.702698559825942981e-01 1.848421662801262707e-03
6.449922538504661134e+03 9.615663896341433148e-01 1.782357452903384756e-03
6.456372461043168187e+03 9.524508149343676733e-01 1.751574607245675718e-03
6.462828833504213435e+03 9.458620116175512349e-01 1.946365043336863209e-03
6.469291662337719572e+03 9.407098593990653734e-01 1.857151050574429871e-03
6.475760954000059428e+03 9.350075607575938363e-01 1.803714866809480628e-03
6.482236714954061426e+03 9.270621144180851703e-01 2.369311820915198912e-03
6.488718951669017770e+03 9.237279676229874781e-01 2.383729779557370709e-03
6.495207670620688987e+03 9.255738864022274859e-01 2.588544698237708018e-03
6.501702878291312118e+03 9.282442471695339092e-01 2.629378452395854208e-03
6.508204581169605262e+03 9.387023643839381704e-01 3.151572416435466026e-03
6.514712785750777584e+03 9.476876574725311420e-01 3.268390243083836404e-03
6.521227498536530220e+03 9.558764348431155744e-01 3.502224916325313332e-03
6.527748726035069012e+03 9.705775291401488314e-01 3.481014841495079937e-03
6.534276474761106329e+03 9.873488313631001434e-01 3.501108803001761176e-03
6.540810751235869247e+03 1.004610241070294174e+00 3.497746155214682615e-03
6.547351561987107743e+03 1.020117319121275790e+00 3.465873829551218907e-03
6.553898913549096505e+03 1.033225393342025455e+00 3.436434867569077272e-03
6.560452812462647671e+03 1.042188771363717015e+00 3.483706728530643407e-03
6.567013265275112644e+03 1.049753603990170925e+00 3.502246271791600168e-03
6.573580278540390282e+03 1.054975255530242517e+00 3.446729221824078142e-03
6.580153858818932349e+03 1.059648702580445967e+00 3.370460682730565261e-03
6.586734012677753526e+03 1.065782755553609240e+00 3.345241146222596197e-03
6.593320746690433225e+03 1.071095716369122819e+00 3.337662706644660242e-03
6.599914067437126505e+03 1.076265689750551147e+00 3.338232212589077857e-03
6.606513981504565891e+03 1.080057281668228120e+00 3.276146410042468041e-03
6.613120495486072286e+03 1.083221527728284839e+00 3.210599366341400536e-03
6.619733615981560433e+03 1.086696534419913318e+00 3.159032151968548408e-03
6.626353349597544366e+03 1.086326326376461315e+00 3.052214827329773842e-03
6.632979702947143778e+03 1.089070185081227660e+00 2.204068651743180691e-03
6.639612682650093120e+03 1.087421220397190025e+00 2.156644600453538549e-03
6.646252295332745234e+03 1.079473137766635338e+00 1.714617986589021511e-03
6.652898547628080451e+03 1.071888195757503492e+00 1.505383202429279180e-03
6.659551446175711135e+03 1.063766348124257188e+00 1.490768725666819991e-03
6.666210997621888964e+03 1.053401998575642429e+00 1.494527555340684081e-03
6.672877208619513112e+03 1.043169000127723178e+00 1.508100692060359389e-03
6.679550085828134797e+03 1.032135777942928767e+00 1.437179886670212313e-03
6.686229635913964557e+03 1.020173089616867035e+00 1.488794331595195844e-03
6.692915865549881346e+03 1.006984626994473553e+00 1.422741097587979300e-03
6.699608781415433441e+03 9.941138981467786406e-01 1.513662720357431294e-03
6.706308390196851178e+03 9.812566150928998532e-01 1.504289614818246461e-03
6.713014698587049679e+03 9.671226208108479883e-01 1.582425295118001368e-03
6.719727713285638856e+03 9.524110956129133720e-01 1.550802076810526252e-03
6.726447440998927050e+03 9.395615040294023057e-01 1.471108733362843160e-03
6.733173888439928305e+03 9.281442447244724336e-01 1.501769244873501488e-03
6.739907062328370557e+03 9.184511155890173750e-01 1.569885780300321566e-03
6.746646969390701088e+03 9.087556961580092185e-01 1.551707398608818955e-03
6.753393616360093802e+03 8.988709250327248101e-01 1.550022001177323938e-03
6.760147009976456502e+03 8.888319454118855933e-01 1.513552504100976713e-03
6.766907156986434529e+03 8.790376405228084167e-01 1.507404258557349741e-03
6.773674064143423493e+03 8.694338261418933511e-01 1.500242736662910949e-03
6.780447738207569273e+03 8.595336331358166548e-01 1.583525726434252068e-03
6.787228185945778932e+03 8.480836381599785589e-01 1.664114587197339538e-03
6.794015414131727084e+03 8.364523191461327167e-01 1.660652591600782560e-03
6.800809429545861349e+03 8.264801099500612702e-01 1.678066184838976566e-03
6.807610238975408720e+03 8.160004399442208900e-01 1.687042169572420917e-03
6.814417849214386479e+03 8.057720999059803102e-01 1.714413020095897303e-03
6.821232267063603103e+03 7.957983439841006534e-01 1.656730872839023636e-03
6.828053499330669183e+03 7.880629652485749981e-01 1.657379620557796612e-03
6.834881552830001965e+03 7.815526018220424476e-01 1.593294435549321743e-03
6.841716434382834450e+03 7.764545522350719819e-01 1.767129998334733120e-03
6.848558150817219939e+03 7.726593925943228136e-01 1.907028699508211186e-03
6.855406708968039311e+03 7.702143016066157477e-01 1.976810660263855161e-03
6.862262115677009206e+03 7.693341464732308399e-01 2.016793091178425285e-03
6.869124377792688392e+03 7.682888335908444333e-01 2.309818741507722786e-03
6.875993502170483225e+03 7.690708793269779298e-01 2.499407676681777383e-03
6.882869495672656740e+03 7.753015672275010983e-01 2.410938050426724918e-03
6.889752365168331380e+03 7.860666299694978321e-01 2.467354056472976630e-03
6.896642117533501732e+03 7.979300554165235093e-01 2.475203106805481598e-03
6.903538759651037253e+03 8.118884184628097911e-01 2.415682479486393457e-03
6.910442298410691365e+03 8.270279757040530644e-01 2.386690943657805881e-03
6.917352740709104182e+03 8.432904687612320371e-01 2.513686734397499196e-03
6.924270093449815249e+03 8.581324509050172189e-01 2.510816074396313245e-03
6.931194363543267173e+03 8.718661807633192318e-01 2.408264065716271204e-03
6.938125557906812901e+03 8.788180923781837572e-01 2.513132587345874146e-03
6.945063683464722089e+03 8.823524119987277148e-01 2.895424307811886831e-03
6.952008747148189286e+03 8.842009925293410344e-01 2.849271547101925404e-03
6.958960755895339389e+03 8.834085042448779346e-01 2.732483844902375888e-03
6.965919716651237650e+03 8.810064601156495367e-01 2.488184585455436790e-03
6.972885636367890584e+03 8.796255492077158511e-01 2.421724912924471361e-03
6.979858522004260521e+03 8.797200316129252240e-01 2.436545354927200074e-03
6.986838380526267429e+03 8.824740136539783730e-01 2.582250276507712470e-03
6.993825218906796181e+03 8.825383922197957975e-01 2.570052164321511880e-03
7.000819044125705659e+03 8.817103029073590781e-01 2.516740419403943815e-03
7.007819863169833297e+03 8.807902965626307479e-01 2.473340989543775566e-03
7.014827683033005087e+03 8.796181926707083987e-01 2.468103618766055024e-03
7.021842510716041033e+03 8.766674910290875866e-01 2.317443195273171091e-03
7.028864353226758794e+03 8.704783157514761616e-01 2.341969314903698772e-03
7.035893217579988232e+03 8.644305972869525956e-01 2.353124095709712565e-03
7.042929110797570502e+03 8.560733961277062765e-01 2.276278477939429421e-03
7.049972039908370789e+03 8.457295091031904466e-01 2.233389827074213491e-03
7.057022011948281033e+03 8.346275644370655389e-01 2.220487511076413116e-03
7.064079033960231754e+03 8.253947045485680034e-01 2.216726240289669699e-03
7.071143112994193871e+03 8.172552227653704371e-01 2.144196756146304981e-03
7.078214256107190522e+03 8.090486620046912769e-01 2.119598150524848977e-03
7.085292470363300708e+03 8.016720300179430714e-01 1.953122009610716364e-03
7.092377762833665656e+03 7.953416240841885143e-01 1.923209058490443551e-03
7.099470140596501551e+03 7.916578821517095133e-01 1.946114735107787232e-03
7.106569610737100447e+03 7.880386464551628611e-01 1.922985793667412492e-03
7.113676180347840273e+03 7.853115878509021597e-01 1.947355259405245337e-03
7.120789856528190285e+03 7.811966288830428651e-01 1.991228265022288672e-03
7.127910646384721076e+03 7.785251925141783991e-01 1.965403944394024903e-03
7.135038557031108212e+03 7.775691468499710268e-01 1.929475558274360058e-03
7.142173595588141325e+03 7.777193158218469460e-01 2.000835484746377440e-03
7.149315769183732300e+03 7.781094245716576596e-01 1.917135265508343759e-03
7.156465084952918005e+03 7.775670552253476364e-01 1.898125835184416490e-03
7.163621550037873021e+03 7.764843357707489346e-01 1.866474969580579147e-03
7.170785171587913283e+03 7.762719098313227706e-01 1.864166422786426745e-03
7.177955956759504261e+03 7.746486822428385599e-01 1.871407104165016952e-03
7.185133912716265513e+03 7.737757448044561004e-01 1.838518215457264800e-03
7.192319046628984324e+03 7.725687667413190240e-01 1.822320570984328498e-03
7.199511365675615707e+03 7.710303540089613605e-01 1.806697020969741038e-03
7.206710877041294225e+03 7.681661989242336563e-01 1.766088420639862428e-03
7.213917587918337631e+03 7.657580249640061343e-01 1.688055555221069362e-03
7.221131505506257781e+03 7.637168256170004943e-01 1.648093350324854192e-03
7.228352637011767001e+03 7.613589718430341380e-01 1.615310701751817690e-03
7.235580989648780815e+03 7.580108465675396978e-01 1.594327540250152758e-03
7.242816570638432495e+03 7.533490638063787825e-01 1.609167432946707671e-03
7.250059387209073066e+03 7.494960053769986752e-01 1.587829882391245161e-03
7.257309446596284033e+03 7.468331354087676122e-01 1.558410939847108866e-03
7.264566756042882844e+03 7.429278147667569554e-01 1.520509361116877687e-03
7.271831322798928340e+03 7.388756443239163918e-01 1.477258151198421361e-03
7.279103154121729858e+03 7.342602718207393853e-01 1.463649493987576782e-03
7.286382257275853590e+03 7.300524041974506551e-01 1.461440328854757276e-03
7.293668639533132591e+03 7.258286074505758689e-01 1.494933364795243648e-03
7.300962308172667690e+03 7.226397643291038175e-01 1.518536971000866102e-03
7.308263270480842948e+03 7.195159278069447328e-01 1.584709024537747602e-03
7.315571533751325660e+03 7.165240491262453437e-01 1.679284350750793933e-03
7.322887105285079997e+03 7.133250931356197588e-01 1.816687817159222222e-03
7.330209992390367006e+03 7.103598762555204393e-01 2.008655831164896707e-03
7.337540202382760071e+03 7.064078709224688168e-01 2.205823987063892412e-03
7.344877742585144915e+03 7.033543475824733937e-01 2.513904838178226010e-03
7.352222620327733239e+03 7.008108655070819371e-01 3.009154705413906537e-03
7.359574842948062724e+03 6.986069064305331366e-01 3.684707128122283355e-03
7.366934417791013402e+03 6.964607681378495174e-01 4.619442370979296407e-03
7.374301352208806748e+03 6.943850341396703429e-01 5.778453759856254542e-03
7.381675653561018407e+03 6.928999663107734408e-01 7.284483818826790677e-03
7.389057329214581841e+03 6.911195671161143306e-01 9.589600920656781921e-03
7.396446386543798326e+03 6.900284372718133996e-01 1.285732010138459884e-02
