# starting wavelength: 3327.220
# ending wavelength: 10123.300
# wav flux eflux
3.328091114369046863e+03 2.407606149966695641e-01 8.848704990557789696e-01
3.331419205483417045e+03 3.473242731625860724e-01 6.332754570679668404e-01
3.334750624688901553e+03 4.541512387060712697e-01 4.664869371553415078e-01
3.338085375313591612e+03 5.654899635457528717e-01 3.584602348049897858e-01
3.341423460688906289e+03 6.615718050974093156e-01 2.872785658828772570e-01
3.344764884149596128e+03 7.133048027564481419e-01 2.257532877508211799e-01
3.348109649033746791e+03 7.467281652133069825e-01 1.828467437289958974e-01
3.351457758682781787e+03 7.607089252332168705e-01 1.510620189388023893e-01
3.354809216441465651e+03 7.653358256279867433e-01 1.278078713142064005e-01
3.358164025657908041e+03 7.716761683786801385e-01 1.138686554054640643e-01
3.361522189683567376e+03 7.602202829423649888e-01 9.820873336897772976e-02
3.364883711873251741e+03 7.298948146279962135e-01 8.873973019337119683e-02
3.368248595585126168e+03 6.871455739761503922e-01 8.198063079023831801e-02
3.371616844180712633e+03 6.116781734860141651e-01 8.478572520689091341e-02
3.374988461024894150e+03 5.704182057366017355e-01 7.943584425606073363e-02
3.378363449485920228e+03 5.360256406107644089e-01 7.630075393448972065e-02
3.381741812935407324e+03 5.157014329520155371e-01 7.354695506533835692e-02
3.385123554748343849e+03 4.987839371665400146e-01 7.139508684976160480e-02
3.388508678303093347e+03 4.824894895618976332e-01 6.938663835863637108e-02
3.391897186981397681e+03 4.383588704671720904e-01 6.551879228450302461e-02
3.395289084168380214e+03 4.382464939948830795e-01 6.710430126316199728e-02
3.398684373252549449e+03 4.228459331078832095e-01 6.968016972899011841e-02
3.402083057625803121e+03 4.247277990160297501e-01 7.028477386920550796e-02
3.405485140683430018e+03 4.615268007113262905e-01 5.843826169586698732e-02
3.408890625824114522e+03 4.836414394151302698e-01 5.852533914055822045e-02
3.412299516449939802e+03 4.999307300416038768e-01 5.803167679522319017e-02
3.415711815966390986e+03 5.058259959568578434e-01 6.020174841526564069e-02
3.419127527782358356e+03 4.960502278179431679e-01 5.872307069231642168e-02
3.422546655310141887e+03 5.054806727278046141e-01 5.756773821503229777e-02
3.425969201965453522e+03 5.001894630499493788e-01 5.747370976618912386e-02
3.429395171167419903e+03 5.156618861359971717e-01 5.411272659056039908e-02
3.432824566338588284e+03 5.124081090545878903e-01 5.546013956767376074e-02
3.436257390904928343e+03 5.341522610171058894e-01 5.464218988685390355e-02
3.439693648295834464e+03 5.211429832978197174e-01 5.421719463999354061e-02
3.443133341944131189e+03 5.153239836482709224e-01 5.406882866059738862e-02
3.446576475286076402e+03 5.108890201714698653e-01 5.444059530057385188e-02
3.450023051761363604e+03 5.043268431242038385e-01 5.302003741136852161e-02
3.453473074813126004e+03 4.970592638938329810e-01 5.269216591378760028e-02
3.456926547887940615e+03 4.952824586323564260e-01 5.474450914981267291e-02
3.460383474435829612e+03 4.927264228037683269e-01 5.506839864688935909e-02
3.463843857910266706e+03 4.746117111611145578e-01 5.343092167066194886e-02
3.467307701768178049e+03 4.528244644108145311e-01 5.156439934034117573e-02
3.470775009469947236e+03 4.525209583939910907e-01 5.226496662346506034e-02
3.474245784479418489e+03 4.634150610566289963e-01 5.137475234930789780e-02
3.477720030263898934e+03 4.818153218946081284e-01 4.955925138889330506e-02
3.481197750294164052e+03 4.865152914755698776e-01 4.811849751207628034e-02
3.484678948044459503e+03 5.069803636650119794e-01 4.307191341770209153e-02
3.488163626992504760e+03 5.015571441536419428e-01 4.280355776489162128e-02
3.491651790619498570e+03 4.854803650700696416e-01 4.299617264915229359e-02
3.495143442410119405e+03 4.644635357810404375e-01 3.450869269755697105e-02
3.498638585852530468e+03 4.741609367131358055e-01 3.430243586278875628e-02
3.502137224438384237e+03 4.830309483579505736e-01 3.367168405563054218e-02
3.505639361662823831e+03 4.890549969904094962e-01 3.389830369153094131e-02
3.509145001024487556e+03 4.897521199674668702e-01 3.389912137096675465e-02
3.512654146025513455e+03 4.867866811329190635e-01 3.344317778052193629e-02
3.516166800171540217e+03 4.917786021120179041e-01 3.272912815302832235e-02
3.519682966971712631e+03 5.062137752318560668e-01 3.119721966383843734e-02
3.523202649938685681e+03 4.956930153455716415e-01 2.912261185350426690e-02
3.526725852588625457e+03 4.880901011975972703e-01 2.876991130773947497e-02
3.530252578441215064e+03 4.948068781729135224e-01 2.655321743182923605e-02
3.533782831019657806e+03 4.852144081073054838e-01 2.778517584561984721e-02
3.537316613850678550e+03 4.949322112581585054e-01 2.821872798093667811e-02
3.540853930464530094e+03 5.123618847486147709e-01 2.593660610807162203e-02
3.544394784394995895e+03 5.115490115864639309e-01 2.678754816865887289e-02
3.547939179179392340e+03 4.894861739790744570e-01 2.654485032772653519e-02
3.551487118358572843e+03 4.683044004418735473e-01 2.705981038850502340e-02
3.555038605476932389e+03 4.565116514410480497e-01 2.820143121673931649e-02
3.558593644082410719e+03 4.505950795913216123e-01 2.737985752262747305e-02
3.562152237726494150e+03 4.536199417438487869e-01 2.839807682341331796e-02
3.565714389964221937e+03 4.447735748315561066e-01 2.742379508220212439e-02
3.569280104354187188e+03 4.377861620194200554e-01 2.793050733902097127e-02
3.572849384458542772e+03 4.450366576236152727e-01 2.737862293907772360e-02
3.576422233843002232e+03 4.461975943791510191e-01 2.763905409025809931e-02
3.579998656076846601e+03 4.549492451405905413e-01 2.797483978022618015e-02
3.583578654732924406e+03 4.598208187262244895e-01 2.800542075049225477e-02
3.587162233387658489e+03 4.854832965174348258e-01 2.837559132082438998e-02
3.590749395621047370e+03 5.180141691655794078e-01 3.193834172421127632e-02
3.594340145016669794e+03 5.373606353891091647e-01 3.188704958070137652e-02
3.597934485161687462e+03 5.376812469417617812e-01 3.238559213009854776e-02
3.601532419646850485e+03 5.521351477180946876e-01 3.182703027356852121e-02
3.605133952066498296e+03 5.564337150533417153e-01 3.098189242085242281e-02
3.608739086018566013e+03 5.532432038137576891e-01 3.098632623735112987e-02
3.612347825104585809e+03 5.620502043821461458e-01 3.077259219152751052e-02
3.615960172929691907e+03 5.666467145624859425e-01 3.085288146288320960e-02
3.619576133102622407e+03 5.704226319994198935e-01 3.215779100961211473e-02
3.623195709235726554e+03 5.730057046799599263e-01 3.260844358282852240e-02
3.626818904944963379e+03 5.661785791752371733e-01 3.322621654931463137e-02
3.630445723849909427e+03 5.666333453053227220e-01 3.326055793431614144e-02
3.634076169573760581e+03 5.553419964776750151e-01 3.454018468854794244e-02
3.637710245743335690e+03 5.439798253932391914e-01 3.408783455800530604e-02
3.641347955989080219e+03 5.408574248673351237e-01 3.374271786516237076e-02
3.644989303945070333e+03 5.356688767765339643e-01 3.351933929406757801e-02
3.648634293249016537e+03 5.500502787770548130e-01 3.164328242524367535e-02
3.652282927542266862e+03 5.600524527988637313e-01 3.102701028768939037e-02
3.655935210469810499e+03 5.595536785965518067e-01 2.998067805204636740e-02
3.659591145680281443e+03 5.648636014410766126e-01 3.054475762341250095e-02
3.663250736825963031e+03 5.720342670951238384e-01 3.038810056118355918e-02
3.666913987562790226e+03 5.738208614065847257e-01 3.060129328900298984e-02
3.670580901550354156e+03 5.773046479463332936e-01 2.968660607489566339e-02
3.674251482451905758e+03 5.836607389006253088e-01 2.721572376478639463e-02
3.677925733934358959e+03 5.787142177625670403e-01 2.839488201358119843e-02
3.681603659668294313e+03 5.635891957216481174e-01 2.910726614949572452e-02
3.685285263327964003e+03 5.475824271836625678e-01 2.871214783586819100e-02
3.688970548591293209e+03 5.373070663102101907e-01 2.895460155993656581e-02
3.692659519139885560e+03 5.211004135335984833e-01 2.773851077551627714e-02
3.696352178659026777e+03 5.268948737053470444e-01 2.690604996300809820e-02
3.700048530837686940e+03 5.335809233038363297e-01 2.606646766890825459e-02
3.703748579368525952e+03 5.248837541028184006e-01 2.202304022671542835e-02
3.707452327947895355e+03 5.271261771631275961e-01 2.216012720688079543e-02
3.711159780275844696e+03 5.229512890587194596e-01 2.210408030472503504e-02
3.714870940056121526e+03 5.289173565899769613e-01 2.415289031569254480e-02
3.718585810996179134e+03 5.344592040974497360e-01 2.417680542826230322e-02
3.722304396807176545e+03 5.566850725403916789e-01 2.065519834649734085e-02
3.726026701203984885e+03 5.645550168399163793e-01 1.829971638101047376e-02
3.729752727905190113e+03 5.689807468615299957e-01 1.878093638412905997e-02
3.733482480633096657e+03 5.721578257741367635e-01 1.659500108554210276e-02
3.737215963113731050e+03 5.466626487280102920e-01 1.994664686419144253e-02
3.740953179076846027e+03 5.275700568150861747e-01 2.110262178792160492e-02
3.744694132255923705e+03 5.145169239189559818e-01 2.191497046101555102e-02
3.748438826388181042e+03 4.823643753189857386e-01 1.878206644080054888e-02
3.752187265214570289e+03 4.467063209958663239e-01 1.702175912350273324e-02
3.755939452479786269e+03 4.301986939632893581e-01 1.639293080153447074e-02
3.759695391932267285e+03 4.129916308706131911e-01 1.618403847936537160e-02
3.763455087324201031e+03 4.043487696304282064e-01 1.781188789271652764e-02
3.767218542411526414e+03 4.013859485580544284e-01 1.889527221390630007e-02
3.770985760953939007e+03 3.925977919465560850e-01 1.887797333068153699e-02
3.774756746714894234e+03 3.862042156118274949e-01 1.881853375645406098e-02
3.778531503461610555e+03 3.815640194937867102e-01 1.879522832629977255e-02
3.782310034965073100e+03 3.804160372674791346e-01 1.965897847212278240e-02
3.786092345000039586e+03 3.846640592655599100e-01 1.934027224990473096e-02
3.789878437345040766e+03 3.836913563349930723e-01 1.953034315035285379e-02
3.793668315782387253e+03 3.844634208848076717e-01 1.957923666179989253e-02
3.797461984098170888e+03 3.874199962803680508e-01 1.951808147285639602e-02
3.801259446082270188e+03 3.853736310985901858e-01 1.949302421024452781e-02
3.805060705528353537e+03 3.806734866437247455e-01 1.966783183741873872e-02
3.808865766233883278e+03 3.742763735949645731e-01 1.930540458404005066e-02
3.812674632000118436e+03 3.747022752332462292e-01 1.940093336409651203e-02
3.816487306632119726e+03 3.637398209970743590e-01 1.851825793386165098e-02
3.820303793938753188e+03 3.643919263189975277e-01 1.916202187300713664e-02
3.824124097732693372e+03 3.598711425573010714e-01 1.889015788595911280e-02
3.827948221830427428e+03 3.714488152013226685e-01 1.559407480298003780e-02
3.831776170052258749e+03 3.783308664449542835e-01 1.547577888694379872e-02
3.835607946222312421e+03 3.765481387256051637e-01 1.365976323415785121e-02
3.839443554168536139e+03 3.802831058150211718e-01 1.513273976013534798e-02
3.843282997722705659e+03 3.904943055507334448e-01 1.477572227045323774e-02
3.847126280720429804e+03 3.994257170887831609e-01 1.259000998710172424e-02
3.850973407001151372e+03 4.198296964245788465e-01 1.454463140112120974e-02
3.854824380408153957e+03 4.444978017539827908e-01 1.685306481726234207e-02
3.858679204788563311e+03 4.686496521007208482e-01 1.430513605042298825e-02
3.862537883993353262e+03 4.864581247458922286e-01 1.250234127869533779e-02
3.866400421877347981e+03 5.010094274912930690e-01 1.308119852026590549e-02
3.870266822299226533e+03 5.100267185796867331e-01 1.402059672284647167e-02
3.874137089121526969e+03 5.117644266685434928e-01 1.667151445130925225e-02
3.878011226210649966e+03 5.217294707272880361e-01 1.718291118983216251e-02
3.881889237436861549e+03 5.276025073337762272e-01 1.554134079841168296e-02
3.885771126674299921e+03 5.449963737362204519e-01 1.611312873110264804e-02
3.889656897800975457e+03 5.636782879101529531e-01 1.678331441668493712e-02
3.893546554698777527e+03 5.813176145855415422e-01 1.681655070167563729e-02
3.897440101253477678e+03 5.967896153173070095e-01 1.653213418348565417e-02
3.901337541354732366e+03 6.217954422582784302e-01 1.645426227743035721e-02
3.905238878896088409e+03 6.556207799201760889e-01 1.630399738091136905e-02
3.909144117774985716e+03 6.842451190763796376e-01 1.634763103394019576e-02
3.913053261892762293e+03 7.192280622785417465e-01 1.573273631219207491e-02
3.916966315154656058e+03 7.538315747882715634e-01 1.621942936564306839e-02
3.920883281469812118e+03 7.834040908795431024e-01 1.697334590663528153e-02
3.924804164751283224e+03 8.117769409855328799e-01 1.688725234856764540e-02
3.928728968916035683e+03 8.279584318415003086e-01 1.362026010139845769e-02
3.932657697884953450e+03 8.502495403056471446e-01 1.414094060654169475e-02
3.936590355582839493e+03 8.722701081023284120e-01 1.572411325706631752e-02
3.940526945938423523e+03 8.978590795217081810e-01 1.289088648118419562e-02
3.944467472884363360e+03 9.123822774823410198e-01 1.175434805482294086e-02
3.948411940357249023e+03 9.163529201799957002e-01 1.194967317762585766e-02
3.952360352297607733e+03 9.088244123170237110e-01 1.443783723153634763e-02
3.956312712649906643e+03 8.927021522247877705e-01 1.289110733004796873e-02
3.960269025362557841e+03 8.756664468024418779e-01 1.285098082135485535e-02
3.964229294387921527e+03 8.675611326045783445e-01 1.126564672924563679e-02
3.968193523682310570e+03 8.678335000811995270e-01 1.150676035114172810e-02
3.972161717205994591e+03 8.723593927230521849e-01 1.166813284778079295e-02
3.976133878923201792e+03 8.799829372178226139e-01 1.192897165118884072e-02
3.980110012802126221e+03 8.878515854676679586e-01 1.249399118352190023e-02
3.984090122814929600e+03 9.103191697560717444e-01 1.541883836981883249e-02
3.988074212937745870e+03 9.317262750022924367e-01 1.201900071252693172e-02
3.992062287150684824e+03 9.453110585436863555e-01 1.127506286079116640e-02
3.996054349437837118e+03 9.498649190047999680e-01 1.479673746935682675e-02
4.000050403787276082e+03 9.495254993812732858e-01 1.508989889683160293e-02
4.004050454191064546e+03 9.578781717496270831e-01 1.509319119617246949e-02
4.008054504645257111e+03 9.568335135935568392e-01 1.388130312947319193e-02
4.012062559149903791e+03 9.622072082312744801e-01 1.302895374548377998e-02
4.016074621709055009e+03 9.759495460229729025e-01 1.427063653585489665e-02
4.020090696330765240e+03 9.889870353479247589e-01 1.578218759805297133e-02
4.024110787027097558e+03 1.003032727999234375e+00 1.462305448346767206e-02
4.028134897814125907e+03 1.016562480939247726e+00 1.347568986433573743e-02
4.032163032711941469e+03 1.023946505639879101e+00 1.317548755106880305e-02
4.036195195744654484e+03 1.024213112140597959e+00 1.342392127494967773e-02
4.040231390940400615e+03 1.016601528647696595e+00 1.340762083752532197e-02
4.044271622331342314e+03 1.011097448040996660e+00 1.332519427520518530e-02
4.048315893953675186e+03 9.939417639705206975e-01 1.274707816377399633e-02
4.052364209847629809e+03 9.693680277640027709e-01 1.184652758460795832e-02
4.056416574057479011e+03 9.491741536874511720e-01 1.105816780697432312e-02
4.060472990631537868e+03 9.383012760714267708e-01 1.083892212873927875e-02
4.064533463622170530e+03 9.337257218397433389e-01 1.183325622453323782e-02
4.068597997085794304e+03 9.290596051454610427e-01 1.162470834816859561e-02
4.072666595082881486e+03 9.222583470905706404e-01 1.095538818121005904e-02
4.076739261677965715e+03 9.252168624828231991e-01 1.297987862532911166e-02
4.080816000939644709e+03 9.242258654777977256e-01 1.184845699451955205e-02
4.084896816940585722e+03 9.145086741739697489e-01 1.186120006064473806e-02
4.088981713757527814e+03 9.087287198068693117e-01 1.189542400733789411e-02
4.093070695471286854e+03 9.060010093209727167e-01 1.155958188798188527e-02
4.097163766166759160e+03 9.019807731743191281e-01 1.160142304820883929e-02
4.101260929932927866e+03 8.913383795027304268e-01 1.175142968715464295e-02
4.105362190862862008e+03 8.900543268287609555e-01 1.201731391287333764e-02
4.109467553053726078e+03 8.865644973244400928e-01 1.192650128930284985e-02
4.113577020606780934e+03 8.839520140197600906e-01 1.154867084121843045e-02
4.117690597627389252e+03 8.842193540761628112e-01 1.155000933359413319e-02
4.121808288225018259e+03 8.953978158197951620e-01 1.141208322079171819e-02
4.125930096513244280e+03 9.016504672467260395e-01 1.075563913329258964e-02
4.130056026609759101e+03 9.049588701875230790e-01 1.075648048397468554e-02
4.134186082636369974e+03 9.018547143802678745e-01 1.265737204404084569e-02
4.138320268719007800e+03 9.001526053369867109e-01 1.217426852574889432e-02
4.142458588987728035e+03 9.015882068200060662e-01 1.270833612165326795e-02
4.146601047576717065e+03 9.071675164742684094e-01 1.435318756483033344e-02
4.150747648624294925e+03 9.093582025846781436e-01 1.437155449732082681e-02
4.154898396272920763e+03 9.176745561725869749e-01 1.362573287244638574e-02
4.159053294669195566e+03 9.197304454086320247e-01 1.355045149174353286e-02
4.163212347963865795e+03 9.229962539227195562e-01 1.365088121269702678e-02
4.167375560311830668e+03 9.259923654161466011e-01 1.353549081698486763e-02
4.171542935872143971e+03 9.253988313830625589e-01 1.346954634702271850e-02
4.175714478808017702e+03 9.227028636847440790e-01 1.372458164821858083e-02
4.179890193286827525e+03 9.138063412111182560e-01 1.384543041540746075e-02
4.184070083480115500e+03 9.065315423185982269e-01 1.384354563910595963e-02
4.188254153563597356e+03 8.931780141001455231e-01 1.373599572478115954e-02
4.192442407717161586e+03 8.811182380977532480e-01 1.437118241282070961e-02
4.196634850124880359e+03 8.878713790851930909e-01 1.633567323376473521e-02
4.200831484975006788e+03 8.939985248290922559e-01 1.563112215020387441e-02
4.205032316459983122e+03 9.020249920799127130e-01 1.557536459476146183e-02
4.209237348776444378e+03 9.122029970517732123e-01 1.496681495262106899e-02
4.213446586125221984e+03 9.137764106869883385e-01 1.500760320117197621e-02
4.217660032711349231e+03 9.185074619918788263e-01 1.522032887869423541e-02
4.221877692744061278e+03 9.262627837309815870e-01 1.553487829068143748e-02
4.226099570436806971e+03 9.391503326920409567e-01 1.298003710761979658e-02
4.230325670007245208e+03 9.377402887726630221e-01 1.234710759469296280e-02
4.234555995677254032e+03 9.364987111748771520e-01 1.255235875501671712e-02
4.238790551672932452e+03 9.283727353501405322e-01 1.252019338276449262e-02
4.243029342224606808e+03 9.136570147889726545e-01 1.349398370910460249e-02
4.247272371566832589e+03 8.989725945273170371e-01 1.420412186464598513e-02
4.251519643938400804e+03 8.900857123858755271e-01 1.411669530997310650e-02
4.255771163582340705e+03 8.892811685659091081e-01 1.382560443244243605e-02
4.260026934745924336e+03 8.860023561311453077e-01 1.378969203769762723e-02
4.264286961680671993e+03 8.855965142940627199e-01 1.301959477133214638e-02
4.268551248642354039e+03 8.855220556531742115e-01 1.285672109282085321e-02
4.272819799890998183e+03 8.821869990074475698e-01 1.177915439147887364e-02
4.277092619690890388e+03 8.886472366048557836e-01 1.225638294081981411e-02
4.281369712310583054e+03 9.032577795653869979e-01 1.027732009033712444e-02
4.285651082022895025e+03 9.115969061812311258e-01 9.285550788882847989e-03
4.289936733104918858e+03 9.030762697302139319e-01 1.119379902071810685e-02
4.294226669838025373e+03 8.851337026574697120e-01 1.329324367591569814e-02
4.298520896507864563e+03 8.647036018776893540e-01 1.349556097125576525e-02
4.302819417404373780e+03 8.537410885248332137e-01 1.319323164934052724e-02
4.307122236821779552e+03 8.411006993223694161e-01 1.209308591683427511e-02
4.311429359058603040e+03 8.417043254651446205e-01 1.441399619470305586e-02
4.315740788417662770e+03 8.451224430992596570e-01 1.395432685610122070e-02
4.320056529206081905e+03 8.520332011864061306e-01 1.543884340109010107e-02
4.324376585735290064e+03 8.524754635300675343e-01 1.640932816115470844e-02
4.328700962321026054e+03 8.401684697990821071e-01 1.771457816859534767e-02
4.333029663283348782e+03 8.330323901867138225e-01 1.763146993100756996e-02
4.337362692946633615e+03 8.246189196687956358e-01 1.796123139088704607e-02
4.341700055639581478e+03 8.118483295506588870e-01 1.947269166160910808e-02
4.346041755695222491e+03 8.025963984654312933e-01 1.902694083841806327e-02
4.350387797450919606e+03 7.909966488429601705e-01 1.938951001739565999e-02
4.354738185248371337e+03 7.810180701557316585e-01 1.890553802327170005e-02
4.359092923433621763e+03 7.756301039762841798e-01 1.908633570916007730e-02
4.363452016357056891e+03 7.827332102991546581e-01 1.779734666771443444e-02
4.367815468373414660e+03 7.852913804641826756e-01 1.484298323880221294e-02
4.372183283841789489e+03 7.804908513009851667e-01 1.537099674784512746e-02
4.376555467125633186e+03 7.770227309212821565e-01 1.543282897149366069e-02
4.380932022592760404e+03 7.689359850649839512e-01 1.557778228903211083e-02
4.385312954615354101e+03 7.594918712518422543e-01 1.628858215012140426e-02
4.389698267569970994e+03 7.508639056961021740e-01 1.447528800628014416e-02
4.394087965837542470e+03 7.568899094043832765e-01 1.643563507005996183e-02
4.398482053803381859e+03 7.566338212419289055e-01 1.673086110192219256e-02
4.402880535857186260e+03 7.543628373497536233e-01 1.676232154056057910e-02
4.407283416393044718e+03 7.716637618677888444e-01 1.355351938953231784e-02
4.411690699809440048e+03 7.772571560061095619e-01 1.342571422364679037e-02
4.416102390509250654e+03 7.956285551979513926e-01 1.370327684119572800e-02
4.420518492899761441e+03 8.125265824360198286e-01 1.442073061123635980e-02
4.424939011392662906e+03 8.196012985726894851e-01 1.373593227094409633e-02
4.429363950404056595e+03 8.331069665525915324e-01 1.372861622489502526e-02
4.433793314354462382e+03 8.414619164816579122e-01 1.472319493270911155e-02
4.438227107668818462e+03 8.514387232935773930e-01 1.467558780134556838e-02
4.442665334776488635e+03 8.632913414954158648e-01 1.543634078299071545e-02
4.447108000111265937e+03 8.721034704814248917e-01 1.600515812285331976e-02
4.451555108111379013e+03 8.765412075765335320e-01 1.616185054941862709e-02
4.456006663219492111e+03 8.796434181074607173e-01 1.703289716328659081e-02
4.460462669882713271e+03 8.772785981826052293e-01 1.766025021944174142e-02
4.464923132552597053e+03 8.747208803319201920e-01 1.709547844058275159e-02
4.469388055685150903e+03 8.690781083246726935e-01 1.571203014372764273e-02
4.473857443740837880e+03 8.749250599359666980e-01 1.605902440618665189e-02
4.478331301184580298e+03 8.915055445999905404e-01 1.508223282502864707e-02
4.482809632485766087e+03 8.996635257420403375e-01 1.489190819212080248e-02
4.487292442118253348e+03 9.063221229599711659e-01 1.467070620017864833e-02
4.491779734560373072e+03 9.155789463898511560e-01 1.468853484878665169e-02
4.496271514294934605e+03 9.221028007087095357e-01 1.532678248548387939e-02
4.500767785809231100e+03 9.378103889438049734e-01 1.474405700159838774e-02
4.505268553595042249e+03 9.505260698497439709e-01 1.376779180737266323e-02
4.509773822148638828e+03 9.535940185713090989e-01 1.415395272345306744e-02
4.514283595970789065e+03 9.527260785950206756e-01 1.591081003609085692e-02
4.518797879566761367e+03 9.547797234784286546e-01 1.402945556899079863e-02
4.523316677446328868e+03 9.590023456255325485e-01 1.401095832283404813e-02
4.527839994123776705e+03 9.700099134289796865e-01 1.353764586393841653e-02
4.532367834117902021e+03 9.822273304236643909e-01 1.348576398297730849e-02
4.536900201952022144e+03 9.887455470062059826e-01 1.335422788934178401e-02
4.541437102153975502e+03 1.009030041448105708e+00 1.293684397062761122e-02
4.545978539256130716e+03 1.028821854384044610e+00 1.312740074165485993e-02
4.550524517795388419e+03 1.053684587287941676e+00 1.368087374122434197e-02
4.555075042313184895e+03 1.068410909238411755e+00 1.366398902654206333e-02
4.559630117355500261e+03 1.087235684599483498e+00 1.304284764695539181e-02
4.564189747472856652e+03 1.101702137713685303e+00 1.221718687488882946e-02
4.568753937220330954e+03 1.109618502672971019e+00 1.223191785461225957e-02
4.573322691157552981e+03 1.107222060346624515e+00 1.197785865592814608e-02
4.577896013848711846e+03 1.106170766079558998e+00 1.212185476280647038e-02
4.582473909862562323e+03 1.091156172374774247e+00 1.396047179980736998e-02
4.587056383772426670e+03 1.091170734502540540e+00 1.397518158119237693e-02
4.591643440156200086e+03 1.089385151257427076e+00 1.388959719790302215e-02
4.596235083596357981e+03 1.086547068365006918e+00 1.314609217426870001e-02
4.600831318679955984e+03 1.085524161334062043e+00 1.206101447244686993e-02
4.605432149998637215e+03 1.092271645713307038e+00 1.204570753743279196e-02
4.610037582148637739e+03 1.114409462064868128e+00 1.044937566597966411e-02
4.614647619730787483e+03 1.125909129593110514e+00 9.880810879703440588e-03
4.619262267350520233e+03 1.134802016561595295e+00 9.989005501471972040e-03
4.623881529617872729e+03 1.138702457867447171e+00 1.005164356789881031e-02
4.628505411147491941e+03 1.136505856275497717e+00 1.043868698638407075e-02
4.633133916558640522e+03 1.134594800892105404e+00 1.089315227789830823e-02
4.637767050475200449e+03 1.131717448736853537e+00 1.119381277433445857e-02
4.642404817525677572e+03 1.122813901410051329e+00 1.043209122659273166e-02
4.647047222343205249e+03 1.115109224665831622e+00 1.057216071588848796e-02
4.651694269565549803e+03 1.113774320692240138e+00 1.104737142945195170e-02
4.656345963835116891e+03 1.111635488451749865e+00 1.106252902971367573e-02
4.661002309798953320e+03 1.113564691761675940e+00 1.133116989832483150e-02
4.665663312108753416e+03 1.127446114641380115e+00 1.072607888344687468e-02
4.670328975420864481e+03 1.135625249196196673e+00 1.115594955142974395e-02
4.674999304396286789e+03 1.144368852306747453e+00 1.051778983146100729e-02
4.679674303700684504e+03 1.154020236975450198e+00 1.046407817949277647e-02
4.684353978004386590e+03 1.161378606139113367e+00 1.042490821337759346e-02
4.689038331982392265e+03 1.161656834058519161e+00 1.226420329180858207e-02
4.693727370314376458e+03 1.160624985184987246e+00 1.132697939361712418e-02
4.698421097684692540e+03 1.170162525345897153e+00 1.192406984345164254e-02
4.703119518782378691e+03 1.182490496133812741e+00 1.520102280332157919e-02
4.707822638301162442e+03 1.188018464578542543e+00 1.465447437879018391e-02
4.712530460939465229e+03 1.189305906504467991e+00 1.431811363119670118e-02
4.717242991400406027e+03 1.179841299574765356e+00 1.483138351240246254e-02
4.721960234391808626e+03 1.168575480031259772e+00 1.493573333833253698e-02
4.726682194626201635e+03 1.159733082078715949e+00 1.504370575878598987e-02
4.731408876820829391e+03 1.149993468235311012e+00 1.545675205874033793e-02
4.736140285697651962e+03 1.133212377758256117e+00 1.535427628219116457e-02
4.740876425983350600e+03 1.122814357587236467e+00 1.522095814704565835e-02
4.745617302409335934e+03 1.099085030960943010e+00 1.405249850484154885e-02
4.750362919711747054e+03 1.080545567413862207e+00 1.287225944528012228e-02
4.755113282631459697e+03 1.067878977220386050e+00 1.287329599944682899e-02
4.759868395914093526e+03 1.063514601944050453e+00 1.322605802946064633e-02
4.764628264310008490e+03 1.060811674244723113e+00 1.343243525261417042e-02
4.769392892574320285e+03 1.068678639181391832e+00 1.257595007440870730e-02
4.774162285466896719e+03 1.062369641713115653e+00 1.270606146661246855e-02
4.778936447752364984e+03 1.048748294219158161e+00 1.223588647917498926e-02
4.783715384200118933e+03 1.035167899816948678e+00 1.217807420998825475e-02
4.788499099584319993e+03 1.025453981323873220e+00 1.227894275998787921e-02
4.793287598683906253e+03 1.021832414905973208e+00 1.100517725873393152e-02
4.798080886282591564e+03 1.009616215867498612e+00 1.094763171007926035e-02
4.802878967168876443e+03 1.002373584711801824e+00 1.119214523037017316e-02
4.807681846136046261e+03 9.928325103275754682e-01 1.116646368621972488e-02
4.812489527982183972e+03 9.766710740642575717e-01 1.114750374991568989e-02
4.817302017510168298e+03 9.608016280791671360e-01 1.027486336326208054e-02
4.822119319527679181e+03 9.417260932221812597e-01 1.026759261936323331e-02
4.826941438847208701e+03 9.248150492129841860e-01 1.040074522332068950e-02
4.831768380286057436e+03 9.043220981874251496e-01 9.818816581077785891e-03
4.836600148666345376e+03 8.793084781169399067e-01 9.545521412752569490e-03
4.841436748815013743e+03 8.467739258999826824e-01 1.035810841818399740e-02
4.846278185563829538e+03 8.193587643647015639e-01 9.100873611870159349e-03
4.851124463749395545e+03 7.950038873659213134e-01 9.120146655060789448e-03
4.855975588213146693e+03 7.726740422511203521e-01 9.388342766828799285e-03
4.860831563801360971e+03 7.614123333792532922e-01 8.461388642806608532e-03
4.865692395365163975e+03 7.522584984194090607e-01 8.530321004463886289e-03
4.870558087760530725e+03 7.462384310622940387e-01 8.651751371489182357e-03
4.875428645848292945e+03 7.471711839447485737e-01 8.689918320021335421e-03
4.880304074494142696e+03 7.555638497092135308e-01 8.849597373294349270e-03
4.885184378568638749e+03 7.626842069477228758e-01 9.170521831395304219e-03
4.890069562947209306e+03 7.732434516733390772e-01 9.321401480579954296e-03
4.894959632510157462e+03 7.924697762657839650e-01 9.319000489486937988e-03
4.899854592142669389e+03 8.126529225649278265e-01 9.674586972516045769e-03
4.904754446734813428e+03 8.314334459942048783e-01 9.008534902209708317e-03
4.909659201181550088e+03 8.495901001457680790e-01 8.948561709982186599e-03
4.914568860382732964e+03 8.673241735593089086e-01 9.190608210927058222e-03
4.919483429243117826e+03 8.864280689229969701e-01 9.065316788131140557e-03
4.924402912672362618e+03 9.011593550599835689e-01 8.414446155286581241e-03
4.929327315585036558e+03 9.230500133452234079e-01 8.857352138833009952e-03
4.934256642900622865e+03 9.404564459101796281e-01 8.851309172763381639e-03
4.939190899543525120e+03 9.626674970660706876e-01 8.391032115635885941e-03
4.944130090443070912e+03 9.866818483691404129e-01 8.113549972160375920e-03
4.949074220533515472e+03 1.009535763707589462e+00 7.300471052969718239e-03
4.954023294754050767e+03 1.033504137319752658e+00 8.667910209993395093e-03
4.958977318048806410e+03 1.067075754593904691e+00 9.053440589866342675e-03
4.963936295366856939e+03 1.101105523785403273e+00 9.397432089303145442e-03
4.968900231662225451e+03 1.141506375206265522e+00 9.275771455895184814e-03
4.973869131893889062e+03 1.187403727412001064e+00 9.729253770260260295e-03
4.978843001025784361e+03 1.224719561839869852e+00 9.970043527324416385e-03
4.983821844026811959e+03 1.269304897213687555e+00 1.063353329766791866e-02
4.988805665870840130e+03 1.303298660734271586e+00 9.860337369991924519e-03
4.993794471536712990e+03 1.331026293327335130e+00 9.081440751292000485e-03
4.998788266008251412e+03 1.348427994199303592e+00 9.143807674429259291e-03
5.003787054274261209e+03 1.351239964958290019e+00 1.139429367720149432e-02
5.008790841328536771e+03 1.354670865721823603e+00 1.123096072853114157e-02
5.013799632169867436e+03 1.352242908643937147e+00 1.082855162470377358e-02
5.018813431802038394e+03 1.342851534389208901e+00 1.057770155736289554e-02
5.023832245233842514e+03 1.328080522635782579e+00 1.072147679589399195e-02
5.028856077479077612e+03 1.312594548987520371e+00 1.049635455412097421e-02
5.033884933556558281e+03 1.295441345812325062e+00 1.037063791758425536e-02
5.038918818490116792e+03 1.279981420465894359e+00 1.035287521915232226e-02
5.043957737308608557e+03 1.272116963007646984e+00 1.071763004214273084e-02
5.049001695045918495e+03 1.248239664222141609e+00 1.112602824965539840e-02
5.054050696740966487e+03 1.229722386926900723e+00 1.096821994480973866e-02
5.059104747437709193e+03 1.213455815471145005e+00 1.087137238974889702e-02
5.064163852185148244e+03 1.188628317740967333e+00 1.044080300522202617e-02
5.069228016037335692e+03 1.168276809872628164e+00 1.050549549506641506e-02
5.074297244053374015e+03 1.141725430718945944e+00 1.090608160962375228e-02
5.079371541297429758e+03 1.116790097951615435e+00 1.172216664093885669e-02
5.084450912838728073e+03 1.103057216758378534e+00 1.232849028992809640e-02
5.089535363751569093e+03 1.095140670987412079e+00 1.299085532461756974e-02
5.094624899115322478e+03 1.085203015414388794e+00 1.298817087860848138e-02
5.099719524014439230e+03 1.078770508198761302e+00 1.253810950900603911e-02
5.104819243538455339e+03 1.072726899901038422e+00 1.226388407432409816e-02
5.109924062781995417e+03 1.075329285717416594e+00 1.141879849156717149e-02
5.115033986844779065e+03 1.071526417447549617e+00 1.237323990807301724e-02
5.120149020831625421e+03 1.067501065138637184e+00 1.399007063335288951e-02
5.125269169852458617e+03 1.071489296278870462e+00 1.429820631853401421e-02
5.130394439022313236e+03 1.078537323420431626e+00 1.410790200071224479e-02
5.135524833461337039e+03 1.098079105262438793e+00 1.407816463856457687e-02
5.140660358294800062e+03 1.119083287818611439e+00 1.414764764057419022e-02
5.145801018653096435e+03 1.137642871889749108e+00 1.424266075878677373e-02
5.150946819671751655e+03 1.165967629666792904e+00 1.599036994653285984e-02
5.156097766491425318e+03 1.187674410755184429e+00 1.405574972269859127e-02
5.161253864257918394e+03 1.205679877456651727e+00 1.276685793431300495e-02
5.166415118122177773e+03 1.208562171574052879e+00 1.388617021689973058e-02
5.171581533240301724e+03 1.208114735458996281e+00 1.425110622008269635e-02
5.176753114773543530e+03 1.204676102427367335e+00 1.341509601136290503e-02
5.181929867888318768e+03 1.196511897843695493e+00 1.238587749928480794e-02
5.187111797756208944e+03 1.191150116094978673e+00 1.152720890514318322e-02
5.192298909553966951e+03 1.186418912135617676e+00 1.047129779408278311e-02
5.197491208463522526e+03 1.189985570424876737e+00 1.272080066119505096e-02
5.202688699671987706e+03 1.195036615696797089e+00 1.246882464017767637e-02
5.207891388371661378e+03 1.201049047153767591e+00 1.007540559057192725e-02
5.213099279760034733e+03 1.202115919358587304e+00 9.083737263280117907e-03
5.218312379039796724e+03 1.189589640148397853e+00 1.100947483310482124e-02
5.223530691418837705e+03 1.188579520505985920e+00 1.096050758815302062e-02
5.228754222110258524e+03 1.182348651519918636e+00 9.893132485695066425e-03
5.233982976332370527e+03 1.182889841097953365e+00 1.020602254229987377e-02
5.239216959308704645e+03 1.173876139208945180e+00 9.958540001912499773e-03
5.244456176268015042e+03 1.171409843116817173e+00 1.019063920167209356e-02
5.249700632444284565e+03 1.170416940127819050e+00 9.701912385341383838e-03
5.254950333076731113e+03 1.177565997453573710e+00 1.066816411355737265e-02
5.260205283409809454e+03 1.177123503219651868e+00 1.067333555247998618e-02
5.265465488693221232e+03 1.175898636129230956e+00 1.088857752511258534e-02
5.270730954181915877e+03 1.173491648429419110e+00 1.202498896463476824e-02
5.276001685136099695e+03 1.177723510265715978e+00 1.203670719235750558e-02
5.281277686821237694e+03 1.182352623719043816e+00 1.230168788301624905e-02
5.286558964508059944e+03 1.178678861991730109e+00 1.276178693048858094e-02
5.291845523472569766e+03 1.185129123488798841e+00 1.301335915096763982e-02
5.297137368996044643e+03 1.200680739264150088e+00 1.267955393315784926e-02
5.302434506365042580e+03 1.212642961297471844e+00 1.232566947214082907e-02
5.307736940871409388e+03 1.230274771461443262e+00 1.229910887842116003e-02
5.313044677812282316e+03 1.244207638393936888e+00 1.356559269423881359e-02
5.318357722490096421e+03 1.245575707924989617e+00 1.344378779564430436e-02
5.323676080212588204e+03 1.243464152391211552e+00 1.418976492220997386e-02
5.328999756292802886e+03 1.238325405452410433e+00 1.441645314821162101e-02
5.334328756049097137e+03 1.231336006001688022e+00 1.429937000526266058e-02
5.339663084805148173e+03 1.221708853455562682e+00 1.510228299666476620e-02
5.345002747889954662e+03 1.221500065303172455e+00 1.513837893407224758e-02
5.350347750637846730e+03 1.214658220283041601e+00 1.331238619025754133e-02
5.355698098388485960e+03 1.222551556089577440e+00 1.418988225448756212e-02
5.361053796486876308e+03 1.239481432498807711e+00 1.510682677032555016e-02
5.366414850283365013e+03 1.245838981130036549e+00 1.506715348589558919e-02
5.371781265133649867e+03 1.255158901788245407e+00 1.519293304259827608e-02
5.377153046398785591e+03 1.275107166082946275e+00 1.260138188214334452e-02
5.382530199445186554e+03 1.284764982142039713e+00 1.195049124129468100e-02
5.387912729644633146e+03 1.281177202102532053e+00 1.136434029474521143e-02
5.393300642374279960e+03 1.278108218141162267e+00 1.131634864481430823e-02
5.398693943016655794e+03 1.268005361337279480e+00 1.149277472027143872e-02
5.404092636959673655e+03 1.255593507682108978e+00 1.089824682353186282e-02
5.409496729596635305e+03 1.237399160758766437e+00 9.772870240439558362e-03
5.414906226326233991e+03 1.238686906912018548e+00 9.648119515569441446e-03
5.420321132552561721e+03 1.240939147969892575e+00 9.920511493330785857e-03
5.425741453685116539e+03 1.246067192850433658e+00 9.908912968111789274e-03
5.431167195138803436e+03 1.253420531363947266e+00 9.777786689084733834e-03
5.436598362333943442e+03 1.266878947944721334e+00 9.704005300522689989e-03
5.442034960696279086e+03 1.280699381576595464e+00 1.020774291303097776e-02
5.447476995656978033e+03 1.291205180977721190e+00 1.069883678701998714e-02
5.452924472652636723e+03 1.308417939946099562e+00 1.522309487217318215e-02
5.458377397125291282e+03 1.320397941244779272e+00 1.571539301746202946e-02
5.463835774522417523e+03 1.328576868627830976e+00 1.831845163950643340e-02
5.469299610296941864e+03 1.340306365450086412e+00 1.700107200381423614e-02
5.474768909907241323e+03 1.352710622308512134e+00 1.702045277476161439e-02
5.480243678817149885e+03 1.372315818403371468e+00 1.618902544909643984e-02
5.485723922495968509e+03 1.399667349167152741e+00 1.774656083711627363e-02
5.491209646418466946e+03 1.427223201312965095e+00 1.810342138452307806e-02
5.496700856064887375e+03 1.460333575814803719e+00 1.837484240603459024e-02
5.502197556920953502e+03 1.480375571277471769e+00 1.847471271433063708e-02
5.507699754477876013e+03 1.491291732804221670e+00 1.863229449088947207e-02
5.513207454232356213e+03 1.491126125244546685e+00 1.839189629216325325e-02
5.518720661686590574e+03 1.493780930134821716e+00 1.907932846990243944e-02
5.524239382348278923e+03 1.490754598353724480e+00 1.838979076028803700e-02
5.529763621730628984e+03 1.483033490107360519e+00 1.824391618298727008e-02
5.535293385352360929e+03 1.469012000207857271e+00 1.829855635823978907e-02
5.540828678737715563e+03 1.458809501268170328e+00 1.763696703251759271e-02
5.546369507416455235e+03 1.446385803611452747e+00 1.832551778228605835e-02
5.551915876923872929e+03 1.435438919259614199e+00 1.718765833651290237e-02
5.557467792800798634e+03 1.427402600661504595e+00 1.701076715658060221e-02
5.563025260593602070e+03 1.429082231706356509e+00 1.154388610457060885e-02
5.568588285854197238e+03 1.424199703203798295e+00 1.207584791469020792e-02
5.574156874140053333e+03 1.421154785978037349e+00 1.120895448366939634e-02
5.579731031014194741e+03 1.409199559278566882e+00 1.174099706684230034e-02
5.585310762045211050e+03 1.388735232058866176e+00 1.216084616908393728e-02
5.590896072807257951e+03 1.356524268352597540e+00 1.269541383319288883e-02
5.596486968880067252e+03 1.315250257817580426e+00 1.652937238831420422e-02
5.602083455848949598e+03 1.287039036630180489e+00 1.657907188497599951e-02
5.607685539304799931e+03 1.258772164666211113e+00 1.538127670136191921e-02
5.613293224844106589e+03 1.229383177234773639e+00 1.495403321459638085e-02
5.618906518068952209e+03 1.201639438832697193e+00 1.484040984865647554e-02
5.624525424587023736e+03 1.176438376689626253e+00 1.495973540134952311e-02
5.630149950011612418e+03 1.152565419200564101e+00 1.494280936453649608e-02
5.635780099961625638e+03 1.134203590250502547e+00 1.465288287042838811e-02
5.641415880061589633e+03 1.119516598378362149e+00 1.422240501748466349e-02
5.647057295941652228e+03 1.105278511424173660e+00 1.370023595192121878e-02
5.652704353237596479e+03 1.086711404288222882e+00 1.361199102030522141e-02
5.658357057590835211e+03 1.068587788545773964e+00 1.390402137783751206e-02
5.664015414648428305e+03 1.041086952755883033e+00 1.585472332077229179e-02
5.669679430063079053e+03 9.994437777027324055e-01 1.570666767345411594e-02
5.675349109493143260e+03 9.513621779064119766e-01 1.531332164773077827e-02
5.681024458602638333e+03 8.962143350318094726e-01 1.543301734407998872e-02
5.686705483061243285e+03 8.408703729098826463e-01 1.530550285363167090e-02
5.692392188544306009e+03 7.784969113842816757e-01 1.831231788062145233e-02
5.698084580732852373e+03 7.191902797966687189e-01 1.771024615446687572e-02
5.703782665313587131e+03 6.711795345828088788e-01 1.535162096616151176e-02
5.709486447978903016e+03 6.323281332479804284e-01 1.422937628959085668e-02
5.715195934426883468e+03 6.122639959181656044e-01 1.489028903424034940e-02
5.720911130361312644e+03 6.112231730318775647e-01 1.631143890108048902e-02
5.726632041491675409e+03 6.259286291304564376e-01 1.620263592872234204e-02
5.732358673533169167e+03 6.511153248686007977e-01 1.489077676989095794e-02
5.738091032206703858e+03 6.889566633202568458e-01 1.431596070999925467e-02
5.743829123238912871e+03 7.190181018387533651e-01 1.355953049088584952e-02
5.749572952362153046e+03 7.461487414682459463e-01 1.641075727115836116e-02
5.755322525314517407e+03 7.743353958248576641e-01 1.649886204008071955e-02
5.761077847839834249e+03 8.098307076558175499e-01 1.560837529981962471e-02
5.766838925687675328e+03 8.458117513612485316e-01 1.508071609893845387e-02
5.772605764613364954e+03 9.044417648634279772e-01 1.585708712246340982e-02
5.778378370377980900e+03 9.667999341392244927e-01 1.793631289280482599e-02
5.784156748748360769e+03 1.028983309833790383e+00 1.738473337044788361e-02
5.789940905497111089e+03 1.094969074943387133e+00 1.698768424846233346e-02
5.795730846402610041e+03 1.153724700150597471e+00 1.688569209164507076e-02
5.801526577249013826e+03 1.213303391984460688e+00 1.687608359209016515e-02
5.807328103826264851e+03 1.274264954945433903e+00 1.682575500820286327e-02
5.813135431930093546e+03 1.340059845862021870e+00 1.719571382540661247e-02
5.818948567362025642e+03 1.403587600555881165e+00 1.717767712655751330e-02
5.824767515929389447e+03 1.447637004535667904e+00 1.596593332648846286e-02
5.830592283445320390e+03 1.492908058213356259e+00 1.613553600698105703e-02
5.836422875728768304e+03 1.533877850731813597e+00 1.668654907754439989e-02
5.842259298604498326e+03 1.583128920338215062e+00 1.631936704430947752e-02
5.848101557903105459e+03 1.641016211927933455e+00 1.697317854724935196e-02
5.853949659461010015e+03 1.686673776161232929e+00 1.628884710491801391e-02
5.859803609120473084e+03 1.714766584573503172e+00 1.689519907131402376e-02
5.865663412729595620e+03 1.740409834358271235e+00 1.688234168265708574e-02
5.871529076142326630e+03 1.759932998262049964e+00 1.744192456488036919e-02
5.877400605218471355e+03 1.764311590013296627e+00 1.798308070291909297e-02
5.883278005823691274e+03 1.768694935100492360e+00 1.801406001926615652e-02
5.889161283829516833e+03 1.784955856208472857e+00 1.836801566743136854e-02
5.895050445113348360e+03 1.806950737456870737e+00 1.833971150877308776e-02
5.900945495558464245e+03 1.830541225593487642e+00 2.024609876678978154e-02
5.906846441054024581e+03 1.850713230764022388e+00 1.999087254245674947e-02
5.912753287495080258e+03 1.864353691423555670e+00 2.111761814549564797e-02
5.918666040782577511e+03 1.872382071426874184e+00 2.020123180731655393e-02
5.924584706823361557e+03 1.886573214286804800e+00 1.856889133712284062e-02
5.930509291530187511e+03 1.893654478685803388e+00 1.596598169530716316e-02
5.936439800821719473e+03 1.880886878155409780e+00 1.731344791698732205e-02
5.942376240622543264e+03 1.850917283191175100e+00 1.851022150787106496e-02
5.948318616863167335e+03 1.808536896091086366e+00 1.545527778277917992e-02
5.954266935480032771e+03 1.771335616153824732e+00 1.499681922619281599e-02
5.960221202415515108e+03 1.729350298670788266e+00 1.556806001390426131e-02
5.966181423617932523e+03 1.683324179173245616e+00 1.554584671362032461e-02
5.972147605041552197e+03 1.636022526062692606e+00 1.605633159753652034e-02
5.978119752646595771e+03 1.587964182770337462e+00 1.567548377481610758e-02
5.984097872399243897e+03 1.555717653396504030e+00 1.426839083727186007e-02
5.990081970271645332e+03 1.514537743694139849e+00 1.414495629291957421e-02
5.996072052241918755e+03 1.474817425358301293e+00 1.392564668694174987e-02
6.002068124294162772e+03 1.436308222750059871e+00 1.376779725819171629e-02
6.008070192418459555e+03 1.394956442457871981e+00 1.407613090370864010e-02
6.014078262610879392e+03 1.367697712066438420e+00 1.330127519350667378e-02
6.020092340873492503e+03 1.342776288018212361e+00 1.370326137364289223e-02
6.026112433214368139e+03 1.324877388496217279e+00 1.435324093310971771e-02
6.032138545647584579e+03 1.295428153553093154e+00 1.433410780765321559e-02
6.038170684193233683e+03 1.259930917608525824e+00 1.660270404584872350e-02
6.044208854877429076e+03 1.241719343620043325e+00 1.672018276363090514e-02
6.050253063732308874e+03 1.212195665511578646e+00 1.572813725110557351e-02
6.056303316796042964e+03 1.182048504783020482e+00 1.530453759747587954e-02
6.062359620112841185e+03 1.162228897569128394e+00 1.558487880249241966e-02
6.068421979732956061e+03 1.153478333158447056e+00 1.595713788618972201e-02
6.074490401712690982e+03 1.147174391366230006e+00 1.561430075668435516e-02
6.080564892114405666e+03 1.147055420667584480e+00 1.504759812265813249e-02
6.086645457006521610e+03 1.148919708647803350e+00 1.570776677348262665e-02
6.092732102463530282e+03 1.146078583148154584e+00 1.487719714452410101e-02
6.098824834565995843e+03 1.150601885642450695e+00 1.471262140638915361e-02
6.104923659400564247e+03 1.156376137886512723e+00 1.403132712306620795e-02
6.111028583059966877e+03 1.156608976818626733e+00 1.500730504442521034e-02
6.117139611643028729e+03 1.159016030231518002e+00 1.474676088668739650e-02
6.123256751254673873e+03 1.157884554815887812e+00 1.443408918170590617e-02
6.129380008005929994e+03 1.156337927495353357e+00 1.603452703736107932e-02
6.135509388013938405e+03 1.151319380020700223e+00 1.694474185204392774e-02
6.141644897401954040e+03 1.150756511671163551e+00 1.612009140695543422e-02
6.147786542299358189e+03 1.146194234683107105e+00 1.658511732992725557e-02
6.153934328841659408e+03 1.141140038691706771e+00 1.536592588173645024e-02
6.160088263170503524e+03 1.141212267026187055e+00 1.502219761829511405e-02
6.166248351433675452e+03 1.141001353320416190e+00 1.519740285420194577e-02
6.172414599785111022e+03 1.151813987679495499e+00 1.850163385530655819e-02
6.178587014384898794e+03 1.151718535857443992e+00 1.911292773282686000e-02
6.184765601399285515e+03 1.147636464254660371e+00 1.889452760449096200e-02
6.190950367000687038e+03 1.139082923821989501e+00 1.900791697580832967e-02
6.197141317367689226e+03 1.129000640358445384e+00 1.902593402452133070e-02
6.203338458685059777e+03 1.118208717241131245e+00 2.148317841980117160e-02
6.209541797143746408e+03 1.104497411669956186e+00 2.208030744489690098e-02
6.215751338940892310e+03 1.098444475016630895e+00 2.306153841953704695e-02
6.221967090279835247e+03 1.122218290615603298e+00 2.418902446410603133e-02
6.228189057370116643e+03 1.143465134003216255e+00 2.372867396459122508e-02
6.234417246427488863e+03 1.172974039420026537e+00 2.442779433456254007e-02
6.240651663673918847e+03 1.229904248550282242e+00 2.498028141688052664e-02
6.246892315337594482e+03 1.265110325835143046e+00 2.367836529262122916e-02
6.253139207652934601e+03 1.291201503879503498e+00 2.362699905220757776e-02
6.259392346860589896e+03 1.287994237295714717e+00 2.129816626660768417e-02
6.265651739207452010e+03 1.273009486183489747e+00 2.131484544841688936e-02
6.271917390946661726e+03 1.220979072365436569e+00 2.758569331232545163e-02
6.278189308337610782e+03 1.157648652435280923e+00 2.524117749548603767e-02
6.284467497645950061e+03 1.087575166306566032e+00 2.167383894908168906e-02
6.290751965143597772e+03 1.047209178540300600e+00 2.187583629738455368e-02
6.297042717108744000e+03 1.022488618445800190e+00 1.940366533294913404e-02
6.303339759825854344e+03 1.023269229705435102e+00 1.852827467714365794e-02
6.309643099585682648e+03 1.058972604514275551e+00 2.362215103636251812e-02
6.315952742685270096e+03 1.115012885735846782e+00 2.465578098882318520e-02
6.322268695427957937e+03 1.170876699344179483e+00 2.390818276837345865e-02
6.328590964123387494e+03 1.207440131842639319e+00 2.186149726566203808e-02
6.334919555087512890e+03 1.231348214295041821e+00 2.416884437224617668e-02
6.341254474642602872e+03 1.271883569051973639e+00 2.394290168277851336e-02
6.347595729117247174e+03 1.289654041046375932e+00 2.317958783715280691e-02
6.353943324846366522e+03 1.297933662670623711e+00 2.129611777235187672e-02
6.360297268171215364e+03 1.307398408385041177e+00 2.013752977608690084e-02
6.366657565439388236e+03 1.306011447343627285e+00 2.017715660625617538e-02
6.373024223004829764e+03 1.304500845009622045e+00 2.070088222980411702e-02
6.379397247227837397e+03 1.316767451443565440e+00 2.103827512166345573e-02
6.385776644475066860e+03 1.327020171003256310e+00 2.120988541963608406e-02
6.392162421119543978e+03 1.330381025817372720e+00 2.066765834297674617e-02
6.398554583540665590e+03 1.343860243317915648e+00 1.992076011664103974e-02
6.404953138124208635e+03 1.349813274529799934e+00 1.983556473760511238e-02
6.411358091262334710e+03 1.345150757669012931e+00 1.909008847383654450e-02
6.417769449353599157e+03 1.337372823624254137e+00 1.940545244389547605e-02
6.424187218802954703e+03 1.322611097667074853e+00 1.739646123199323560e-02
6.430611406021760558e+03 1.329430585529098652e+00 1.690120517624203733e-02
6.437042017427784231e+03 1.331978161765456470e+00 1.671581006919592785e-02
6.443479059445214261e+03 1.337891813374198380e+00 1.511794493940607151e-02
6.449922538504661134e+03 1.333891906644372849e+00 1.558038121944657281e-02
6.456372461043168187e+03 1.324279843479584828e+00 1.333621328502813258e-02
6.462828833504213435e+03 1.326399951938861399e+00 1.385084810430684335e-02
6.469291662337719572e+03 1.328663942366388628e+00 1.530515084294416413e-02
6.475760954000059428e+03 1.334258384721967339e+00 1.421777801089187110e-02
6.482236714954061426e+03 1.332702445685707726e+00 1.352972531295264409e-02
6.488718951669017770e+03 1.327893884750380282e+00 1.280222556418092808e-02
6.495207670620688987e+03 1.300559232120249931e+00 1.262134903396187717e-02
6.501702878291312118e+03 1.277817831619310063e+00 1.105401381101840663e-02
6.508204581169605262e+03 1.239911480996244153e+00 1.151301407203389124e-02
6.514712785750777584e+03 1.195167515028647376e+00 1.162888769128974688e-02
6.521227498536530220e+03 1.156579569892135728e+00 1.196694901775011317e-02
6.527748726035069012e+03 1.115221861893710198e+00 1.132595054424723711e-02
6.534276474761106329e+03 1.086368455758686125e+00 1.118339968568209455e-02
6.540810751235869247e+03 1.046498376660118357e+00 1.094889603177851001e-02
6.547351561987107743e+03 1.029805715449436887e+00 1.156370953032935349e-02
6.553898913549096505e+03 1.024916218785562272e+00 1.163714170870612866e-02
6.560452812462647671e+03 1.029311785114815248e+00 1.139942272023179021e-02
6.567013265275112644e+03 1.037484680199292963e+00 1.104249357900922816e-02
6.573580278540390282e+03 1.046485148885807348e+00 1.084737319153790749e-02
6.580153858818932349e+03 1.076214105199339910e+00 1.258971143601136933e-02
6.586734012677753526e+03 1.111218513207405056e+00 1.425938519056136299e-02
6.593320746690433225e+03 1.143143325307188096e+00 1.373935917199125417e-02
6.599914067437126505e+03 1.177294291425492467e+00 1.418379526238192079e-02
6.606513981504565891e+03 1.207042348872801929e+00 1.411057842627596974e-02
6.613120495486072286e+03 1.239501989576646812e+00 1.412453903515520880e-02
6.619733615981560433e+03 1.263822136548304664e+00 1.407087827925609068e-02
6.626353349597544366e+03 1.285849784450507460e+00 1.402601533471006107e-02
6.632979702947143778e+03 1.299398084836192790e+00 1.404040381309902726e-02
6.639612682650093120e+03 1.305524676267494799e+00 1.357950313089665607e-02
6.646252295332745234e+03 1.315303476045319719e+00 1.357708728276519825e-02
6.652898547628080451e+03 1.319108081407672550e+00 1.323601364949167185e-02
6.659551446175711135e+03 1.330048859119570936e+00 1.364012753054918113e-02
6.666210997621888964e+03 1.333173781709000583e+00 1.302522546285619746e-02
6.672877208619513112e+03 1.340946757800531630e+00 1.243632621065980833e-02
6.679550085828134797e+03 1.350569069554190982e+00 1.147824594429814639e-02
6.686229635913964557e+03 1.346726221852545313e+00 1.154069966977171527e-02
6.692915865549881346e+03 1.340778784128115575e+00 1.139833022752097420e-02
6.699608781415433441e+03 1.330559680196375494e+00 1.147261695864809986e-02
6.706308390196851178e+03 1.326337661484020769e+00 8.970489216997088594e-03
6.713014698587049679e+03 1.308363843880119726e+00 1.096019972318755011e-02
6.719727713285638856e+03 1.280329069785966611e+00 1.185215305358461833e-02
6.726447440998927050e+03 1.270934505542500315e+00 1.413108662042902690e-02
6.733173888439928305e+03 1.251382452703297954e+00 1.544246345791639059e-02
6.739907062328370557e+03 1.222955839040293924e+00 1.544507480164166412e-02
6.746646969390701088e+03 1.188214819285844825e+00 1.526287774276197801e-02
6.753393616360093802e+03 1.146912608875398476e+00 1.477724725196861641e-02
6.760147009976456502e+03 1.091910771884858411e+00 1.547437890264162161e-02
6.766907156986434529e+03 1.034931144402816638e+00 1.728971400350465260e-02
6.773674064143423493e+03 9.716133844320551383e-01 1.972235471441853918e-02
6.780447738207569273e+03 9.042038018729120497e-01 1.999253380107732236e-02
6.787228185945778932e+03 8.509706091369201308e-01 2.042677505197613291e-02
6.794015414131727084e+03 8.259066763310695114e-01 2.049989308011222755e-02
6.800809429545861349e+03 8.161850828304315630e-01 2.229215101270343863e-02
6.807610238975408720e+03 8.147627699364270448e-01 2.320932165709106362e-02
6.814417849214386479e+03 8.262719480276182749e-01 2.343465880255510975e-02
6.821232267063603103e+03 8.346935507082499095e-01 2.203163290917159109e-02
6.828053499330669183e+03 8.476046720934599099e-01 1.925231769693957692e-02
6.834881552830001965e+03 8.535708450028627325e-01 1.845415066344543997e-02
6.841716434382834450e+03 8.477409045134531862e-01 1.835662741974505852e-02
6.848558150817219939e+03 8.073400292305826786e-01 1.753162702177054125e-02
6.855406708968039311e+03 7.841020440697357152e-01 1.712761124798057449e-02
6.862262115677009206e+03 7.598743513658339221e-01 1.726001850994838063e-02
6.869124377792688392e+03 7.247522951573261984e-01 1.467600800636306366e-02
6.875993502170483225e+03 7.061968183925382281e-01 1.426547377552985288e-02
6.882869495672656740e+03 6.975168446388493315e-01 1.459396456104414090e-02
6.889752365168331380e+03 7.029156316255421588e-01 1.439407010963876694e-02
6.896642117533501732e+03 7.161828802267302674e-01 1.443712043675367783e-02
6.903538759651037253e+03 7.256605479614072207e-01 1.482597888074649317e-02
6.910442298410691365e+03 7.487640836155988744e-01 1.605946418194034719e-02
6.917352740709104182e+03 7.686221382835090044e-01 1.474550591916150462e-02
6.924270093449815249e+03 8.265279975266669465e-01 1.570321779943808366e-02
6.931194363543267173e+03 8.972460412005220931e-01 1.628252505591774521e-02
6.938125557906812901e+03 9.678522824687643134e-01 1.691794240409321901e-02
6.945063683464722089e+03 1.038698796027658133e+00 1.727010347847280497e-02
6.952008747148189286e+03 1.122503073411132979e+00 1.733446651695534635e-02
6.958960755895339389e+03 1.208374458370486515e+00 1.746180741073504600e-02
6.965919716651237650e+03 1.305936802755824910e+00 1.651617416371007133e-02
6.972885636367890584e+03 1.394222571094874352e+00 1.548406132625870617e-02
6.979858522004260521e+03 1.477172208562508970e+00 1.567966563343845335e-02
6.986838380526267429e+03 1.555773763617556149e+00 1.642083173787797779e-02
6.993825218906796181e+03 1.615644795591828053e+00 1.681069582798672829e-02
7.000819044125705659e+03 1.657093747327326616e+00 1.808106412762816931e-02
7.007819863169833297e+03 1.700057637658074494e+00 1.790252704263878974e-02
7.014827683033005087e+03 1.733427041878868868e+00 1.801925044444553300e-02
7.021842510716041033e+03 1.770505982858367799e+00 1.817323850801163057e-02
7.028864353226758794e+03 1.804321106278414133e+00 1.845510915577865466e-02
7.035893217579988232e+03 1.832713273768831863e+00 1.834223062959775691e-02
7.042929110797570502e+03 1.855774578219449911e+00 2.006974887475421535e-02
7.049972039908370789e+03 1.863936334747529289e+00 2.037151367288654591e-02
7.057022011948281033e+03 1.874631857937315127e+00 1.914640027216527388e-02
7.064079033960231754e+03 1.879549669483314922e+00 1.741986736956789225e-02
7.071143112994193871e+03 1.864152182732410790e+00 1.835483038537718756e-02
7.078214256107190522e+03 1.828633780166472489e+00 1.984025623943928840e-02
7.085292470363300708e+03 1.798466027338925466e+00 2.058161169045012381e-02
7.092377762833665656e+03 1.756114312480297146e+00 2.054971696355729904e-02
7.099470140596501551e+03 1.702116247631663803e+00 1.972525113202761374e-02
7.106569610737100447e+03 1.653793021999572677e+00 1.840743098481433318e-02
7.113676180347840273e+03 1.611607951198546163e+00 1.861791400573420407e-02
7.120789856528190285e+03 1.569165469636742083e+00 1.845024911262295106e-02
7.127910646384721076e+03 1.530557457528400889e+00 1.851627292483268988e-02
7.135038557031108212e+03 1.495082491928756419e+00 1.829149069725125032e-02
7.142173595588141325e+03 1.462301305954645247e+00 1.855790608992920199e-02
7.149315769183732300e+03 1.430265389366495610e+00 1.913626095865283289e-02
7.156465084952918005e+03 1.404754330643922300e+00 1.912285503928396954e-02
7.163621550037873021e+03 1.378190109793019369e+00 1.634080531762644589e-02
7.170785171587913283e+03 1.370800405861237525e+00 1.654706256850495272e-02
7.177955956759504261e+03 1.374130838649685327e+00 1.683398704007948998e-02
7.185133912716265513e+03 1.390080938668069033e+00 1.722686154294629166e-02
7.192319046628984324e+03 1.419545053769745824e+00 1.870218468587978369e-02
7.199511365675615707e+03 1.446600879386321648e+00 1.855235041985326891e-02
7.206710877041294225e+03 1.477519937349707657e+00 1.855252072600397859e-02
7.213917587918337631e+03 1.496422279729893834e+00 1.799329367335756116e-02
7.221131505506257781e+03 1.522207184796551482e+00 1.785866433722616692e-02
7.228352637011767001e+03 1.556223051042249894e+00 1.798221196556016102e-02
7.235580989648780815e+03 1.586000654043437263e+00 1.810354805838235506e-02
7.242816570638432495e+03 1.615056983492481946e+00 1.812315012510704385e-02
7.250059387209073066e+03 1.640017810991639902e+00 1.804710884839179005e-02
7.257309446596284033e+03 1.665065582320852000e+00 1.599200484743949074e-02
7.264566756042882844e+03 1.700529579193067464e+00 1.567478553703048963e-02
7.271831322798928340e+03 1.741517725147765594e+00 1.578849838318674773e-02
7.279103154121729858e+03 1.774890736412646053e+00 1.575428673751285910e-02
7.286382257275853590e+03 1.817497958344737707e+00 1.808542917939726449e-02
7.293668639533132591e+03 1.841266722187526295e+00 1.712605057369839465e-02
7.300962308172667690e+03 1.846057245161325522e+00 1.758243035149878800e-02
7.308263270480842948e+03 1.842153527360758325e+00 1.798607451042279204e-02
7.315571533751325660e+03 1.819193393761274757e+00 1.785811605837563099e-02
7.322887105285079997e+03 1.775211843062950656e+00 1.800731009800174073e-02
7.330209992390367006e+03 1.743453957682613797e+00 1.790142451566347978e-02
7.337540202382760071e+03 1.681439108750448108e+00 1.886944620118791160e-02
7.344877742585144915e+03 1.623623018404214191e+00 1.806039344902558505e-02
7.352222620327733239e+03 1.579281819230190065e+00 2.056015946390103363e-02
7.359574842948062724e+03 1.519347071520135151e+00 2.048432206123507182e-02
7.366934417791013402e+03 1.468247976326312987e+00 2.215042257968139264e-02
7.374301352208806748e+03 1.435058260576269173e+00 2.163215537684805637e-02
7.381675653561018407e+03 1.414246709529872525e+00 2.216412759034522631e-02
7.389057329214581841e+03 1.399628761905838292e+00 2.223351787087862394e-02
7.396446386543798326e+03 1.400144554091385940e+00 2.519663242481025994e-02
7.403842832930345139e+03 1.389163075037021855e+00 2.618137171795038506e-02
7.411246675763277381e+03 1.367362505779725845e+00 2.693964176769643101e-02
7.418657922439043432e+03 1.358198307850941644e+00 2.791522248432666553e-02
7.426076580361484957e+03 1.353920812859115141e+00 2.768825994379891381e-02
7.433502656941848727e+03 1.327523961641735806e+00 3.270941224225821370e-02
7.440936159598792983e+03 1.305756245775678392e+00 3.549408761184627559e-02
7.448377095758394717e+03 1.309302631874757594e+00 3.776042954646916666e-02
7.455825472854155123e+03 1.313468138628164139e+00 3.850261504977756100e-02
7.463281298327012337e+03 1.294643364639205929e+00 3.973075873073634440e-02
7.470744579625341430e+03 1.288438976110117151e+00 4.098267795049404666e-02
7.478215324204968965e+03 1.254982542503995990e+00 4.328101438799940304e-02
7.485693539529176633e+03 1.211919278948778267e+00 4.707735090469582218e-02
7.493179233068708527e+03 1.177597494376038778e+00 5.122745942055438595e-02
7.500672412301779332e+03 1.133076449184856616e+00 5.260260538287529763e-02
7.508173084714083416e+03 1.008083284453300976e+00 5.660799237192418176e-02
7.515681257798800289e+03 8.946162870398375322e-01 5.960742381361021358e-02
7.523196939056601877e+03 7.877054417548312593e-01 5.794667795925722426e-02
7.530720135995660712e+03 7.034300629345199285e-01 5.450195422240784043e-02
7.538250856131659020e+03 6.820839804334604128e-01 5.160423941380388319e-02
7.545789106987793275e+03 7.053092537827443387e-01 5.042080238192130776e-02
7.553334896094783289e+03 7.105167287177097668e-01 4.812470496946213289e-02
7.560888230990880402e+03 7.457618259135283534e-01 3.819369977629515772e-02
7.568449119221873843e+03 7.796190183354562153e-01 3.614009053269724020e-02
7.576017568341098013e+03 8.343695361590093285e-01 3.143965038290235520e-02
7.583593585909441572e+03 8.852084154088378787e-01 3.342313901035160600e-02
7.591177179495353812e+03 9.141349053884086917e-01 3.159347859669908720e-02
7.598768356674851930e+03 9.602687122770149353e-01 3.120776463830911979e-02
7.606367125031529213e+03 9.868369671472199123e-01 3.229467749162946016e-02
7.613973492156563225e+03 9.906556663773499194e-01 3.191912329868969167e-02
7.621587465648722173e+03 9.972174630883825497e-01 3.208469172553982118e-02
7.629209053114373091e+03 9.743055336547372658e-01 3.369944435378493391e-02
7.636838262167490029e+03 9.452689860831220425e-01 3.434071545354668020e-02
7.644475100429660415e+03 9.053618321445916495e-01 3.780526459696701563e-02
7.652119575530092334e+03 8.819634707610725100e-01 3.814993802112049553e-02
7.659771695105625440e+03 8.613342550847465917e-01 3.841229957045321636e-02
7.667431466800733688e+03 8.709600729370501337e-01 4.495124275724246554e-02
7.675098898267536242e+03 8.706381196606005624e-01 4.706134896509844151e-02
7.682773997165806577e+03 8.648909584957901187e-01 4.730424849615103705e-02
7.690456771162975201e+03 9.011664848856638654e-01 4.620996731125398549e-02
7.698147227934140574e+03 9.596315736552188946e-01 4.654548313312319163e-02
7.705845375162077289e+03 9.814186292263521461e-01 4.748420715954983912e-02
7.713551220537241534e+03 1.002560824675269080e+00 4.782609169683364747e-02
7.721264771757782000e+03 1.029227016431473407e+00 4.888240210779169065e-02
7.728986036529541707e+03 1.069596317902691496e+00 4.892816518972532835e-02
7.736715022566074367e+03 1.090255981063059876e+00 4.736095882953954284e-02
7.744451737588642573e+03 1.118432694555903106e+00 4.840303627841139461e-02
7.752196189326234162e+03 1.147615679929054888e+00 5.011850518998733212e-02
7.759948385515562222e+03 1.184194351456429262e+00 4.952793951480356782e-02
7.767708333901080550e+03 1.233253555172624916e+00 4.855078495063438332e-02
7.775476042234984561e+03 1.261751065595418275e+00 4.872274533194036888e-02
7.783251518277222203e+03 1.274341008913070228e+00 4.897816077524747014e-02
7.791034769795502143e+03 1.253702268554491628e+00 4.897639570813750592e-02
7.798825804565300132e+03 1.235379421252730481e+00 4.852104115995338474e-02
7.806624630369868100e+03 1.215919942350262906e+00 4.885333413199282465e-02
7.814431255000240526e+03 1.180432637793309647e+00 4.623925960766177290e-02
7.822245686255242617e+03 1.125603547023529272e+00 4.385031287432877151e-02
7.830067931941501229e+03 1.031101090281633548e+00 3.715941502223885085e-02
7.837897999873444860e+03 9.402443578887976772e-01 3.720926569187246041e-02
7.845735897873320937e+03 9.070161575753545868e-01 3.750649211462651206e-02
7.853581633771196721e+03 8.866930777823165410e-01 3.786097512553392164e-02
7.861435215404970222e+03 8.684405512319092191e-01 3.760588537445378604e-02
7.869296650620378387e+03 8.311725951814993296e-01 3.577884525064890797e-02
7.877165947271001642e+03 8.296548734317503726e-01 3.503330650224242143e-02
7.885043113218274812e+03 8.400482245037899087e-01 3.202462305492714129e-02
7.892928156331495302e+03 8.481641315078696231e-01 3.213975521871834107e-02
7.900821084487829467e+03 8.367927128149637017e-01 3.085987880800326877e-02
7.908721905572319884e+03 8.449489564378129813e-01 2.804125271190612695e-02
7.916630627477895359e+03 8.277569788544442142e-01 2.926658145361666144e-02
7.924547258105375477e+03 8.038416346104932941e-01 3.025834653062513604e-02
7.932471805363483327e+03 7.916513458040760343e-01 3.156017095386959292e-02
7.940404277168850058e+03 7.549548403417967180e-01 2.915446574354991355e-02
7.948344681446021241e+03 7.421948610458234397e-01 2.661513242492072676e-02
7.956293026127469602e+03 7.460159438006479515e-01 2.601416007002684688e-02
7.964249319153599572e+03 7.455265045279408920e-01 2.539847732605913025e-02
7.972213568472756378e+03 7.407307459588672316e-01 2.544558547490507680e-02
7.980185782041231505e+03 7.498335616358955402e-01 2.494245214921056789e-02
7.988165967823275423e+03 7.379073320895841448e-01 2.229879864826419394e-02
7.996154133791101231e+03 7.427093454522131211e-01 2.023913845784191048e-02
8.004150287924895565e+03 7.492161777891857000e-01 2.065194731664361100e-02
8.012154438212822242e+03 7.527215334619495879e-01 2.024764655373940958e-02
8.020166592651037718e+03 7.554137610281462800e-01 1.953633477482992140e-02
8.028186759243691995e+03 7.375493385267779534e-01 2.025620222103397330e-02
8.036214946002938632e+03 6.988985127870452896e-01 1.894726317557278439e-02
8.044251160948943834e+03 6.755375813360643411e-01 1.932580615367325214e-02
8.052295412109895551e+03 6.626414829064419809e-01 1.963786101961219333e-02
8.060347707522008022e+03 6.403617200881068783e-01 1.914962582244158704e-02
8.068408055229532692e+03 6.377899386579283236e-01 2.064516825494362023e-02
8.076476463284764577e+03 6.136185246664025428e-01 1.757559080010726374e-02
8.084552939748052268e+03 6.200855795139561533e-01 1.601734473729470032e-02
8.092637492687803388e+03 6.263268770649955686e-01 1.575807504492214572e-02
8.100730130180493688e+03 6.254164239247989032e-01 1.601513149077812143e-02
8.108830860310677053e+03 6.342539486360253553e-01 1.560160992936495024e-02
8.116939691170990045e+03 6.241769231068470258e-01 1.750425536045361469e-02
8.125056630862163729e+03 6.149916889283804089e-01 1.761966814541391854e-02
8.133181687493028221e+03 6.045657712246406135e-01 1.845980364471432045e-02
8.141314869180524511e+03 5.977864880554651927e-01 1.852976931804567809e-02
8.149456184049707190e+03 5.885593868753392632e-01 1.846541726960450672e-02
8.157605640233759914e+03 5.812965497980541185e-01 1.925156295724778088e-02
8.165763245873996311e+03 5.663716376408454156e-01 2.194754039092973799e-02
8.173929009119872717e+03 5.754738537109512775e-01 2.226214394676387029e-02
8.182102938128995447e+03 6.043852637909262748e-01 2.378263349538129595e-02
8.190285041067127167e+03 6.167323723358044685e-01 2.626640584465631673e-02
8.198475326108196896e+03 6.152084363094765251e-01 2.967571131084145025e-02
8.206673801434308189e+03 6.105318346656297690e-01 3.102875463486496135e-02
8.214880475235744598e+03 6.171896732665949070e-01 3.061659216313271370e-02
8.223095355710984222e+03 6.204906061337922552e-01 3.042161702818264868e-02
8.231318451066697889e+03 6.058062311159719826e-01 2.938582835588546965e-02
8.239549769517767345e+03 6.036737455508356387e-01 2.957658797864998884e-02
8.247789319287287071e+03 6.029798099220432528e-01 3.090785801974717945e-02
8.256037108606577021e+03 5.884525725783151806e-01 3.158488902678113774e-02
8.264293145715186256e+03 5.573491586722577606e-01 3.336459733058372984e-02
8.272557438860903858e+03 5.190914746578245698e-01 3.409503565201360553e-02
8.280829996299768027e+03 5.041217654669408743e-01 3.403146520785811646e-02
8.289110826296069718e+03 4.775364715013231121e-01 3.374817045053449954e-02
8.297399937122369010e+03 4.723337778100119011e-01 3.412478425253474140e-02
8.305697337059495112e+03 4.764244788789791518e-01 3.479010106421237536e-02
8.314003034396557268e+03 5.107774251633880880e-01 3.584140138162890399e-02
8.322317037430955679e+03 5.276396796384008603e-01 3.467286367062217406e-02
8.330639354468388774e+03 5.562718923834615303e-01 3.489975638143442971e-02
8.338969993822860488e+03 6.006788105688791735e-01 3.188692333683412761e-02
8.347308963816685718e+03 6.323390875506829101e-01 3.154556051489876278e-02
8.355656272780506697e+03 6.691409760495953263e-01 2.797940957477689297e-02
8.364011929053289350e+03 6.704638492343824030e-01 2.550618913703162766e-02
8.372375940982345128e+03 6.854372809357188734e-01 2.771146505147170300e-02
8.380748316923331004e+03 6.879338589626384781e-01 2.453862587094924816e-02
8.389129065240256750e+03 7.028772410578832952e-01 2.215010389285180376e-02
8.397518194305499492e+03 7.488893041188624533e-01 2.357364593671933822e-02
8.405915712499807341e+03 8.064297925682741841e-01 2.256697633473279258e-02
8.414321628212310316e+03 8.872310677816066526e-01 2.099502068846128069e-02
8.422735949840525791e+03 9.526683408447409462e-01 2.143924810613214577e-02
8.431158685790369418e+03 1.036016394175102384e+00 2.133821927426159115e-02
8.439589844476162398e+03 1.126235328199822083e+00 1.981005619815645602e-02
8.448029434320640576e+03 1.217723077992309388e+00 2.222320746505203684e-02
8.456477463754963537e+03 1.288436837546676372e+00 2.260928088935431832e-02
8.464933941218721884e+03 1.343877911660083413e+00 2.183853507071453065e-02
8.473398875159942691e+03 1.417992270747885142e+00 2.260183964178440891e-02
8.481872274035105875e+03 1.448870556400571941e+00 3.090658923482521303e-02
8.490354146309144198e+03 1.490610116867856938e+00 3.437406157071485474e-02
8.498844500455456000e+03 1.524882162193973656e+00 3.497665581820816327e-02
8.507343344955914290e+03 1.564102003015831466e+00 3.535722902977168208e-02
8.515850688300872207e+03 1.616255409341122551e+00 3.567795141247070284e-02
8.524366538989177570e+03 1.674800994298213386e+00 3.630908032903126109e-02
8.532890905528169242e+03 1.732556040423185006e+00 3.540055635178399746e-02
8.541423796433698953e+03 1.802725046795403685e+00 3.590755684609189813e-02
8.549965220230136765e+03 1.869903999552043228e+00 3.694977544494160854e-02
8.558515185450369245e+03 1.966423982538828552e+00 3.747376605223829565e-02
8.567073700635823116e+03 2.081359610656548398e+00 3.908781998553085418e-02
8.575640774336461618e+03 2.192264712205784338e+00 4.135045953076129516e-02
8.584216415110800881e+03 2.299158345891589406e+00 4.197299738182525691e-02
8.592800631525913559e+03 2.339925646797934355e+00 4.604813571473016787e-02
8.601393432157443385e+03 2.391192088723736564e+00 4.617180478983402836e-02
8.609994825589603352e+03 2.464813524303619996e+00 4.581933356066843904e-02
8.618604820415195718e+03 2.544742737506346941e+00 4.695562476686854919e-02
8.627223425235613831e+03 2.619534610800557495e+00 4.825043067349796266e-02
8.635850648660851220e+03 2.681533415915716478e+00 4.834618616387818812e-02
8.644486499309516148e+03 2.720366343133988618e+00 4.640473578045019309e-02
8.653130985808827973e+03 2.757964079015884806e+00 4.427374619886930568e-02
8.661784116794638976e+03 2.786718644744116347e+00 4.240411196303183611e-02
8.670445900911438002e+03 2.785061351849892564e+00 4.269232364090984333e-02
8.679116346812352276e+03 2.768722234195535314e+00 4.294389674380955785e-02
8.687795463159167412e+03 2.719007012065802975e+00 4.797085619199253914e-02
8.696483258622329231e+03 2.668925438364366798e+00 5.259406301240066722e-02
8.705179741880954680e+03 2.621828453303229889e+00 5.503162971191787739e-02
8.713884921622837282e+03 2.542372220671462735e+00 5.630217520760536637e-02
8.722598806544463514e+03 2.427778221295413097e+00 5.806884369901194054e-02
8.731321405351010981e+03 2.317824222400552081e+00 6.156657060723337571e-02
8.740052726756364791e+03 2.237342062098611528e+00 6.077885704546506090e-02
8.748792779483124832e+03 2.169257951416978081e+00 6.037327120478480635e-02
8.757541572262609407e+03 2.083547103843932380e+00 5.926867430769849204e-02
8.766299113834875243e+03 1.961297939687313363e+00 5.919673560923788269e-02
8.775065412948713856e+03 1.892960319951486836e+00 6.254103942637799507e-02
8.783840478361664282e+03 1.833279629571545444e+00 6.118591291912424401e-02
8.792624318840029446e+03 1.742237590770448818e+00 6.083583341975016406e-02
8.801416943158872527e+03 1.608506058479890921e+00 6.245789858343315376e-02
8.810218360102035149e+03 1.486575965287115775e+00 6.292330101706601619e-02
8.819028578462139194e+03 1.404243286690061598e+00 6.511006769316225740e-02
8.827847607040604998e+03 1.301834230616416788e+00 6.654591214326226190e-02
8.836675454647647712e+03 1.211007377431306375e+00 6.821070202073520328e-02
8.845512130102299125e+03 1.123253445386799942e+00 6.998014113368997147e-02
8.854357642232404032e+03 1.012195668888800304e+00 6.908431999358516373e-02
8.863211999874638423e+03 8.791988034762590054e-01 5.847189836677401525e-02
8.872075211874516754e+03 8.927830296377043950e-01 5.601786054874640514e-02
8.880947287086393771e+03 9.180844797482410335e-01 4.882545580044339584e-02
8.889828234373482701e+03 9.264712227767032404e-01 4.556986877640485656e-02
8.898718062607858883e+03 8.712483551205574273e-01 3.879403614424480062e-02
8.907616780670470689e+03 8.567164739548417396e-01 3.775194415878140031e-02
8.916524397451143159e+03 8.385242581026799424e-01 3.747439134785360976e-02
8.925440921848598009e+03 7.998392499656475918e-01 3.707066681977456285e-02
8.934366362770449996e+03 7.487478023381174408e-01 3.424137268282548968e-02
8.943300729133223285e+03 7.393428536235745474e-01 3.073872223768303255e-02
8.952244029862358730e+03 7.211368964853157593e-01 3.169591597859276744e-02
8.961196273892224781e+03 6.946967310692006015e-01 3.214133977906523387e-02
8.970157470166119310e+03 6.519380098539300228e-01 2.921815236209628075e-02
8.979127627636287798e+03 6.419715915577061116e-01 3.093327230088332297e-02
8.988106755263928790e+03 6.537090245703814917e-01 2.893028779984328086e-02
8.997094862019195716e+03 6.482720757109388110e-01 2.981583964587226562e-02
9.006091956881216902e+03 6.629045885132831550e-01 3.024993607094592085e-02
9.015098048838101022e+03 6.670074674103962931e-01 3.132228712188787900e-02
9.024113146886942559e+03 6.673532561752316683e-01 3.140900766315935649e-02
9.033137260033832717e+03 6.595251291219628165e-01 3.070948931987243016e-02
9.042170397293868518e+03 6.584568116720265207e-01 2.875624728275303146e-02
9.051212567691165532e+03 6.419227008973287241e-01 3.278145129703672472e-02
9.060263780258859697e+03 6.103361259927140292e-01 4.095489479398813082e-02
9.069324044039121873e+03 6.412722149908277602e-01 4.394644167199530244e-02
9.078393368083163296e+03 6.641483105362577799e-01 4.796028560842826444e-02
9.087471761451250131e+03 6.406452511759163082e-01 4.901556267074710233e-02
9.096559233212705294e+03 6.360090221971386182e-01 5.006189588613638164e-02
9.105655792445919360e+03 5.771920509714509873e-01 6.031739111726778374e-02
9.114761448238368757e+03 5.589187035295060113e-01 6.291780093757055881e-02
9.123876209686610309e+03 5.076038081381281097e-01 6.666809678476438850e-02
9.133000085896299424e+03 5.039285866333391706e-01 6.641420371651350629e-02
9.142133085982199191e+03 5.035504973769354686e-01 6.743707935498235995e-02
9.151275219068184015e+03 5.196001137707296769e-01 7.150667365854526669e-02
9.160426494287255991e+03 5.405471954617263597e-01 7.442790145186040096e-02
9.169586920781546723e+03 5.512263901235103791e-01 7.969066608034744426e-02
9.178756507702330055e+03 5.909696931869972136e-01 8.375952263979941081e-02
9.187935264210036621e+03 6.134656662158429752e-01 9.401679222871665853e-02
9.197123199474248395e+03 6.661591198461513930e-01 9.856186999028977713e-02
9.206320322673725968e+03 7.184043005126647952e-01 1.066024957517767435e-01
9.215526642996403098e+03 7.429228024843312905e-01 1.154975560597120005e-01
9.224742169639403073e+03 7.537495571363971303e-01 1.189971988768550870e-01
9.233966911809044177e+03 7.346385750387292024e-01 1.068016967046454546e-01
9.243200878720857872e+03 7.897271548987042644e-01 1.050716890152402633e-01
9.252444079599581528e+03 8.911817644932331639e-01 9.996024969414769867e-02
9.261696523679183883e+03 9.747068401131584459e-01 9.575496680776061920e-02
9.270958220202865050e+03 1.085010699459897365e+00 8.673538145064497995e-02
9.280229178423071062e+03 1.171142042897763247e+00 8.019929413328003021e-02
9.289509407601497514e+03 1.183975139756489048e+00 7.190626194419004469e-02
9.298798917009102297e+03 1.150772567998977536e+00 6.599727118486754807e-02
9.308097715926114688e+03 1.080009396854808346e+00 6.990524719758053895e-02
9.317405813642044450e+03 9.964874717108693769e-01 7.156458122552535051e-02
9.326723219455689105e+03 9.381962295664783014e-01 7.330256495395673366e-02
9.336049942675148486e+03 8.449370629340484662e-01 7.203938320185822308e-02
9.345385992617826560e+03 7.169576503742208784e-01 7.289252823064633346e-02
9.354731378610447791e+03 6.009248370776365533e-01 7.599827243024187551e-02
9.364086109989060787e+03 5.717897054938174684e-01 7.387735313993265551e-02
9.373450196099052846e+03 5.690268588929555671e-01 7.303472236092727055e-02
9.382823646295155413e+03 6.023647224084570651e-01 7.721327611310314920e-02
9.392206469941453179e+03 6.571889083380020313e-01 7.795160050234407889e-02
9.401598676411396809e+03 6.890037807962191563e-01 8.053685489506642869e-02
9.411000275087812042e+03 8.757138576723192402e-01 8.008659009307839138e-02
9.420411275362903325e+03 9.499279084950864593e-01 7.974663254185325456e-02
9.429831686638268366e+03 9.674345126726825450e-01 7.943359989433443347e-02
9.439261518324910867e+03 9.796406573065787882e-01 7.723461190346442296e-02
9.448700779843238706e+03 9.046247563336129449e-01 8.367764280484664419e-02
9.458149480623085765e+03 8.763939880287852091e-01 8.287601027089815109e-02
9.467607630103711926e+03 7.307223196055464554e-01 8.464795942674949170e-02
9.477075237733817630e+03 6.468312216091535172e-01 8.411230024094552837e-02
9.486552312971554784e+03 5.141396182887898458e-01 8.122078047211099550e-02
9.496038865284530402e+03 4.000792939706852014e-01 7.642603759840065070e-02
9.505534904149817521e+03 3.408717905002436876e-01 7.584848184673351201e-02
9.515040439053969749e+03 3.334613518979250846e-01 7.444297033389569995e-02
9.524555479493026724e+03 3.975585979122130409e-01 7.806002127400653301e-02
9.534080034972523208e+03 4.257919737744602084e-01 7.415846408235428344e-02
9.543614115007500004e+03 4.317167180791077197e-01 7.315608074084067880e-02
9.553157729122509409e+03 4.356381605602686058e-01 7.228578235013161102e-02
9.562710886851635223e+03 3.885456199291053569e-01 7.743887345038137637e-02
9.572273597738490935e+03 3.942794493668959621e-01 7.621830847996084735e-02
9.581845871336232449e+03 4.251126487269497600e-01 7.639563662212320305e-02
9.591427717207570822e+03 4.715531929462598026e-01 7.731370141626703330e-02
9.601019144924781358e+03 4.847792175621920552e-01 7.654577189833025597e-02
9.610620164069710881e+03 4.545180152432325982e-01 7.642886455945976931e-02
9.620230784233783197e+03 4.811052443472614293e-01 7.418279643553828129e-02
9.629851015018019098e+03 4.977214495711163589e-01 7.563347220348938527e-02
9.639480866033041821e+03 4.688704773670789860e-01 7.542227087968879362e-02
9.649120346899077049e+03 4.762448533148860297e-01 7.568254604483744263e-02
9.658769467245980195e+03 4.858737132713710771e-01 8.233263248620580066e-02
9.668428236713229126e+03 4.522800376917621712e-01 8.825969559961756306e-02
9.678096664949945989e+03 5.407527447611071292e-01 8.803517645352197663e-02
9.687774761614899035e+03 6.058155405751466382e-01 9.943786342764508734e-02
9.697462536376517164e+03 5.335294006468144223e-01 1.119817362983884651e-01
9.707159998912895389e+03 5.017583267330945063e-01 1.240457026735976159e-01
9.716867158911813021e+03 5.324752812644457656e-01 1.263428743836623180e-01
9.726584026070726395e+03 5.628408386437122601e-01 1.297748887980459120e-01
9.736310610096801611e+03 5.929466709708386407e-01 1.336950960018325474e-01
9.746046920706901801e+03 6.426507651314623537e-01 1.368194353064231261e-01
9.755792967627610778e+03 6.900115143349924152e-01 1.403715864328388963e-01
9.765548760595242129e+03 7.142609875409592357e-01 1.417480492833251282e-01
9.775314309355841033e+03 6.924798543480736868e-01 1.422682908087235243e-01
9.785089623665198815e+03 6.970671850842576900e-01 1.458290779872170595e-01
9.794874713288867497e+03 7.233723695450826607e-01 1.479372063178774344e-01
9.804669588002159799e+03 6.689160387847915556e-01 1.599595695318336841e-01
9.814474257590165507e+03 6.579043566303327539e-01 1.573341014575037056e-01
9.824288731847758754e+03 6.422019715901244874e-01 1.575882709378456370e-01
9.834113020579610748e+03 8.043331694882748240e-01 1.809608396347253956e-01
9.843947133600193411e+03 9.127639789018200389e-01 2.201264098800687075e-01
9.853791080733795752e+03 9.074166329778953211e-01 2.266643784390817706e-01
9.863644871814532962e+03 9.212286358406964748e-01 2.338329909602194223e-01
9.873508516686351868e+03 8.930059749103330669e-01 2.464982386922068280e-01
9.883382025203040030e+03 8.280070428935470961e-01 2.647889532362983078e-01
9.893265407228247568e+03 8.036163143153829402e-01 2.873478561186978975e-01
9.903158672635478069e+03 7.256316222026064633e-01 3.229984025646405188e-01
9.913061831308117689e+03 6.757751068732613664e-01 3.691280295577530901e-01
9.922974893139427877e+03 5.928949511408898587e-01 4.388986497757391692e-01
9.932897868032570841e+03 5.367790239325606061e-01 5.306375459941802264e-01
9.942830765900607730e+03 5.018724057790627802e-01 6.604257303971829973e-01
9.952773596666511366e+03 5.912444382321067060e-01 8.460325592237366576e-01
9.962726370263180797e+03 7.550582172485353905e-01 1.094956655801696765e+00
9.972689096633446752e+03 1.058225231893182849e+00 1.411196670869957481e+00
9.982661785730084375e+03 1.797717631750508360e+00 1.827833800889625548e+00
9.992644447515816864e+03 3.476919935333315337e+00 2.458287475530625876e+00
