# starting wavelength: 3543.160
# ending wavelength: 9140.220
# wav flux eflux
3.544394784394995895e+03 7.779511895747254213e-01 9.713160230313995502e-02
3.547939179179392340e+03 7.144684153335718602e-01 7.306888185290612292e-02
3.551487118358572843e+03 6.753206683351952178e-01 5.477942143746882681e-02
3.555038605476932389e+03 6.560249874078621923e-01 4.642113544549784226e-02
3.558593644082410719e+03 6.450949176548356201e-01 3.937309860330790584e-02
3.562152237726494150e+03 6.363083522745696108e-01 3.181667158723584798e-02
3.565714389964221937e+03 6.298070272021769611e-01 2.536244720444868692e-02
3.569280104354187188e+03 6.233240478826596043e-01 2.544010563621974808e-02
3.572849384458542772e+03 6.116154068679877653e-01 2.713295781442151555e-02
3.576422233843002232e+03 6.003673634494081091e-01 2.401738709681723594e-02
3.579998656076846601e+03 5.925568005533533578e-01 2.114576774638473461e-02
3.583578654732924406e+03 5.862371266873120934e-01 1.875504123871125570e-02
3.587162233387658489e+03 5.815024915084980872e-01 1.719144340632554335e-02
3.590749395621047370e+03 5.742984619501431132e-01 1.640891833205920802e-02
3.594340145016669794e+03 5.722779372626496386e-01 1.542658810018599294e-02
3.597934485161687462e+03 5.762102963438541225e-01 1.510262799191594216e-02
3.601532419646850485e+03 5.772784594215575327e-01 1.473354361078360424e-02
3.605133952066498296e+03 5.827427960599644852e-01 1.473810864055609057e-02
3.608739086018566013e+03 5.858625597535356277e-01 1.433451403540255027e-02
3.612347825104585809e+03 5.839688880824543959e-01 1.397247487571446137e-02
3.615960172929691907e+03 5.840356469804596218e-01 1.382605030435205690e-02
3.619576133102622407e+03 5.849490678219436690e-01 1.430797600410010049e-02
3.623195709235726554e+03 5.915336490886433651e-01 1.464856453019822841e-02
3.626818904944963379e+03 5.947410675523969736e-01 1.421405319430154614e-02
3.630445723849909427e+03 6.055001861316441358e-01 1.253533370153616343e-02
3.634076169573760581e+03 6.138037256745509929e-01 1.217219000713537502e-02
3.637710245743335690e+03 6.174211310978767742e-01 1.226625866042529295e-02
3.641347955989080219e+03 6.257190456380026244e-01 1.229242732031695512e-02
3.644989303945070333e+03 6.326679631381190161e-01 1.217463155096761875e-02
3.648634293249016537e+03 6.325262822895758585e-01 1.293498093261453638e-02
3.652282927542266862e+03 6.320037751318995367e-01 1.371316769172267573e-02
3.655935210469810499e+03 6.303419901025663075e-01 1.319533610415675462e-02
3.659591145680281443e+03 6.329800910899539002e-01 1.284669346030148027e-02
3.663250736825963031e+03 6.401235503964939344e-01 1.258623121513861853e-02
3.666913987562790226e+03 6.438879437098428138e-01 1.148618989161187022e-02
3.670580901550354156e+03 6.516699265698648880e-01 1.066795608335281351e-02
3.674251482451905758e+03 6.656740223074057994e-01 1.190009459054672085e-02
3.677925733934358959e+03 6.838418112903610346e-01 1.378486044963076092e-02
3.681603659668294313e+03 6.987823452770212107e-01 1.400342715900696790e-02
3.685285263327964003e+03 7.189310179759942354e-01 1.502100596534919168e-02
3.688970548591293209e+03 7.396915204564072921e-01 1.428533089545512905e-02
3.692659519139885560e+03 7.575118729157124253e-01 1.208948434460061644e-02
3.696352178659026777e+03 7.632964706213738459e-01 1.211204133520323890e-02
3.700048530837686940e+03 7.627798878853665476e-01 1.230822252906100915e-02
3.703748579368525952e+03 7.588298952587259061e-01 1.229923201346957810e-02
3.707452327947895355e+03 7.537789304241112598e-01 1.184189732562152507e-02
3.711159780275844696e+03 7.448079657034883949e-01 1.146079595529646451e-02
3.714870940056121526e+03 7.265242070018316234e-01 1.160804496362653065e-02
3.718585810996179134e+03 6.989591869684323999e-01 1.086437949777821661e-02
3.722304396807176545e+03 6.722668770514047543e-01 1.100327363407723955e-02
3.726026701203984885e+03 6.450663740896017684e-01 1.132230930041976807e-02
3.729752727905190113e+03 6.099608017632520696e-01 1.157046953334718922e-02
3.733482480633096657e+03 5.676825525616996382e-01 1.076105343388132803e-02
3.737215963113731050e+03 5.244337519344085541e-01 9.320994229466816189e-03
3.740953179076846027e+03 4.843380071727192981e-01 8.924822857678033419e-03
3.744694132255923705e+03 4.444266389497129599e-01 8.789060072557666053e-03
3.748438826388181042e+03 4.085900246761970389e-01 8.790605045964041547e-03
3.752187265214570289e+03 3.691810208722293707e-01 8.087342902932196861e-03
3.755939452479786269e+03 3.375168525164948807e-01 8.060485660232029684e-03
3.759695391932267285e+03 3.144485244137371627e-01 7.627685410725100999e-03
3.763455087324201031e+03 2.941811129583212781e-01 7.132188296972769535e-03
3.767218542411526414e+03 2.774565928123906566e-01 7.178115548770414196e-03
3.770985760953939007e+03 2.621201874620026073e-01 7.467418203991194568e-03
3.774756746714894234e+03 2.502386665786223152e-01 7.755822434561989581e-03
3.778531503461610555e+03 2.396342601484500179e-01 7.801592971405642112e-03
3.782310034965073100e+03 2.309178347025046263e-01 7.759497779789890394e-03
3.786092345000039586e+03 2.247673855231105411e-01 7.803379868975680519e-03
3.789878437345040766e+03 2.237646202406013973e-01 7.884339735398130170e-03
3.793668315782387253e+03 2.255988660698255432e-01 7.688040958535462092e-03
3.797461984098170888e+03 2.304026196172479501e-01 7.242160398564633644e-03
3.801259446082270188e+03 2.374144950434784462e-01 6.447467422343779869e-03
3.805060705528353537e+03 2.460112697660625791e-01 5.759478504710698749e-03
3.808865766233883278e+03 2.537608839681607109e-01 5.654151735960011305e-03
3.812674632000118436e+03 2.601495736181282936e-01 5.744440771848823533e-03
3.816487306632119726e+03 2.663172756266615759e-01 5.926372566563285933e-03
3.820303793938753188e+03 2.728631685850024247e-01 5.426732237284821216e-03
3.824124097732693372e+03 2.799965591882162541e-01 4.307538102702008868e-03
3.827948221830427428e+03 2.921864024205702015e-01 4.321117998219459536e-03
3.831776170052258749e+03 3.036398964585685922e-01 4.528168140029968473e-03
3.835607946222312421e+03 3.168018916014235797e-01 4.647533856893926174e-03
3.839443554168536139e+03 3.348707604639467039e-01 4.686025865677444571e-03
3.843282997722705659e+03 3.538438290735508307e-01 4.944999380612433333e-03
3.847126280720429804e+03 3.775560871618603986e-01 5.072382641349674169e-03
3.850973407001151372e+03 4.050760164354202941e-01 5.422391663007106177e-03
3.854824380408153957e+03 4.386898083001043447e-01 5.429777663278662243e-03
3.858679204788563311e+03 4.740292492807714475e-01 5.670503614991940534e-03
3.862537883993353262e+03 5.094772553323460018e-01 5.239302999350098702e-03
3.866400421877347981e+03 5.488842182891604526e-01 5.288069463019661950e-03
3.870266822299226533e+03 5.917411585842664579e-01 5.325267129311811974e-03
3.874137089121526969e+03 6.357017234041956177e-01 5.501349359144772078e-03
3.878011226210649966e+03 6.859713510378806500e-01 5.545373489440869053e-03
3.881889237436861549e+03 7.388364955420468894e-01 6.593555891024428794e-03
3.885771126674299921e+03 7.864455529679821311e-01 6.527759768033144193e-03
3.889656897800975457e+03 8.365010670553552075e-01 6.551626988740970672e-03
3.893546554698777527e+03 8.847059835126936944e-01 6.687945462133233418e-03
3.897440101253477678e+03 9.288689783177968007e-01 6.667867413736207685e-03
3.901337541354732366e+03 9.654864943383328901e-01 6.940403836920320743e-03
3.905238878896088409e+03 1.000052016891123108e+00 6.939638441558411072e-03
3.909144117774985716e+03 1.028658089168224654e+00 8.912045497776190442e-03
3.913053261892762293e+03 1.055974846690172608e+00 1.047123057295026860e-02
3.916966315154656058e+03 1.081293265430979256e+00 1.131725954021431044e-02
3.920883281469812118e+03 1.107567800411057402e+00 1.067522236602151675e-02
3.924804164751283224e+03 1.137461103409115770e+00 1.001552707019919171e-02
3.928728968916035683e+03 1.172875872470181546e+00 9.917358120322629714e-03
3.932657697884953450e+03 1.211143326724053892e+00 9.617304922382401491e-03
3.936590355582839493e+03 1.250673277005994954e+00 9.494334342172216015e-03
3.940526945938423523e+03 1.296928236147966595e+00 9.984539374139523790e-03
3.944467472884363360e+03 1.348195081491759595e+00 1.108670558763593696e-02
3.948411940357249023e+03 1.399816860595858525e+00 1.252709795084292962e-02
3.952360352297607733e+03 1.452568405852818545e+00 1.335716541350761254e-02
3.956312712649906643e+03 1.506084236017524169e+00 1.130749410104763680e-02
3.960269025362557841e+03 1.551920189364641489e+00 7.989052620825333809e-03
3.964229294387921527e+03 1.585020216080490263e+00 9.211405572264705008e-03
3.968193523682310570e+03 1.614444566087172905e+00 9.705648622981850882e-03
3.972161717205994591e+03 1.633423806898840702e+00 1.031584723993594910e-02
3.976133878923201792e+03 1.646830297937214027e+00 1.034782097366552210e-02
3.980110012802126221e+03 1.652391527507372837e+00 1.059441479345613751e-02
3.984090122814929600e+03 1.650031282096631635e+00 6.509543937452321946e-03
3.988074212937745870e+03 1.651524208807226390e+00 6.073668471605584394e-03
3.992062287150684824e+03 1.652040362109662430e+00 6.080341768410801526e-03
3.996054349437837118e+03 1.653559212351923824e+00 6.036731478396771891e-03
4.000050403787276082e+03 1.654378817242687427e+00 6.735136319938117740e-03
4.004050454191064546e+03 1.650436758197042497e+00 7.092371269311048380e-03
4.008054504645257111e+03 1.648663549033208220e+00 7.377254215685657458e-03
4.012062559149903791e+03 1.643767150712977410e+00 7.079882563322886617e-03
4.016074621709055009e+03 1.636786176763505019e+00 6.010436359211707331e-03
4.020090696330765240e+03 1.624055383091725702e+00 5.438270518910101776e-03
4.024110787027097558e+03 1.604289808395695571e+00 5.617887733589611160e-03
4.028134897814125907e+03 1.576571680857042690e+00 6.580651372708983329e-03
4.032163032711941469e+03 1.545668434572137651e+00 6.524967709391277064e-03
4.036195195744654484e+03 1.514206358595834523e+00 5.984809439378914984e-03
4.040231390940400615e+03 1.481884463413426056e+00 6.186153589552996490e-03
4.044271622331342314e+03 1.451566581688279678e+00 6.779582053681605311e-03
4.048315893953675186e+03 1.419881112173670745e+00 6.927297857640546050e-03
4.052364209847629809e+03 1.382880197790229415e+00 7.003156848455292099e-03
4.056416574057479011e+03 1.342261182458211799e+00 6.816080302778815443e-03
4.060472990631537868e+03 1.304559934299378998e+00 6.245812970336982531e-03
4.064533463622170530e+03 1.265738427814280476e+00 5.555979888657931916e-03
4.068597997085794304e+03 1.223360743584947397e+00 5.792587127781920545e-03
4.072666595082881486e+03 1.180706108805576582e+00 6.971051253427920820e-03
4.076739261677965715e+03 1.139282039832159699e+00 7.867909659597670941e-03
4.080816000939644709e+03 1.099882049936751205e+00 6.826891233529568809e-03
4.084896816940585722e+03 1.064046095553783600e+00 5.477408603020136879e-03
4.088981713757527814e+03 1.035738785292088293e+00 5.177268568660988585e-03
4.093070695471286854e+03 1.013295017353831762e+00 4.953691326340911409e-03
4.097163766166759160e+03 9.980341900683226131e-01 5.651938119423596460e-03
4.101260929932927866e+03 9.951051505697038335e-01 5.547159973361680610e-03
4.105362190862862008e+03 9.876303338632055340e-01 6.397970939505704356e-03
4.109467553053726078e+03 9.820857871200744382e-01 4.500783372255068304e-03
4.113577020606780934e+03 9.688554510442555223e-01 4.307999253730347353e-03
4.117690597627389252e+03 9.512113430198667618e-01 4.751182550961632715e-03
4.121808288225018259e+03 9.304217145298622205e-01 5.331185294265570682e-03
4.125930096513244280e+03 9.077174656638604677e-01 5.992461408502968573e-03
4.130056026609759101e+03 8.821840244977041667e-01 6.202789144057268937e-03
4.134186082636369974e+03 8.562920347796532106e-01 5.643788790312766028e-03
4.138320268719007800e+03 8.338455673506769417e-01 4.319748696337319394e-03
4.142458588987728035e+03 8.175630320545034246e-01 3.336084857329434886e-03
4.146601047576717065e+03 8.110596028483858522e-01 3.880675605496351939e-03
4.150747648624294925e+03 8.135506683375066661e-01 5.614188699409244053e-03
4.154898396272920763e+03 8.197318373800551727e-01 6.522791322547545970e-03
4.159053294669195566e+03 8.292026601531248264e-01 5.917134171608609376e-03
4.163212347963865795e+03 8.411291196519506963e-01 4.203366233911374691e-03
4.167375560311830668e+03 8.521533853502869515e-01 3.965458186406273927e-03
4.171542935872143971e+03 8.620803588328883604e-01 4.029721967185877392e-03
4.175714478808017702e+03 8.697146154792934070e-01 4.086536005938091153e-03
4.179890193286827525e+03 8.776010661830059290e-01 4.249831500791436019e-03
4.184070083480115500e+03 8.858609515755193620e-01 4.280437243115396521e-03
4.188254153563597356e+03 8.937676398526421817e-01 4.147084836599857632e-03
4.192442407717161586e+03 9.021768705130895905e-01 3.595172510901281995e-03
4.196634850124880359e+03 9.124616670195510038e-01 3.826832674102145695e-03
4.200831484975006788e+03 9.235779049860550760e-01 3.825442032112596515e-03
4.205032316459983122e+03 9.356252820391354197e-01 3.424659449378925601e-03
4.209237348776444378e+03 9.480230169235633886e-01 2.947720749074677748e-03
4.213446586125221984e+03 9.596336078441124462e-01 2.870888081170346745e-03
4.217660032711349231e+03 9.692097411745596025e-01 2.850374013284551547e-03
4.221877692744061278e+03 9.758092627656890228e-01 2.280868235828007427e-03
4.226099570436806971e+03 9.818222363403414921e-01 2.364442679618576713e-03
4.230325670007245208e+03 9.863902483893988160e-01 1.975193214607452556e-03
4.234555995677254032e+03 9.891833130140585961e-01 1.830696861366167341e-03
4.238790551672932452e+03 9.886490619000996016e-01 1.819251863375787774e-03
4.243029342224606808e+03 9.849533751373978907e-01 2.110749677473812598e-03
4.247272371566832589e+03 9.803760910341041690e-01 2.385257187319504528e-03
4.251519643938400804e+03 9.760745155155633457e-01 2.420015860287240070e-03
4.255771163582340705e+03 9.709215187805111391e-01 2.253798310841638886e-03
4.260026934745924336e+03 9.656527466407186511e-01 2.133169539486766755e-03
4.264286961680671993e+03 9.609707260693691744e-01 2.261306566092817407e-03
4.268551248642354039e+03 9.568732773048697071e-01 2.741523323618726485e-03
4.272819799890998183e+03 9.535884120048697676e-01 2.734928750544415865e-03
4.277092619690890388e+03 9.483197985083886561e-01 2.654274274374024672e-03
4.281369712310583054e+03 9.418974187874197268e-01 3.588238492958048618e-03
4.285651082022895025e+03 9.369957607205339212e-01 3.582783074400745955e-03
4.289936733104918858e+03 9.341268323086036052e-01 3.701832741785667999e-03
4.294226669838025373e+03 9.306820127332455783e-01 3.677019710453432750e-03
4.298520896507864563e+03 9.262253562288514930e-01 4.035239987479555084e-03
4.302819417404373780e+03 9.249045108980178398e-01 3.980708255379677811e-03
4.307122236821779552e+03 9.270285581555997023e-01 5.124342912363283493e-03
4.311429359058603040e+03 9.280854870924439837e-01 5.475484116127233777e-03
4.315740788417662770e+03 9.271211918758734960e-01 5.160909224316887964e-03
4.320056529206081905e+03 9.256389139796808996e-01 4.934558181049832591e-03
4.324376585735290064e+03 9.232629778895503625e-01 5.151622369913570927e-03
4.328700962321026054e+03 9.169666437994915542e-01 5.176772473182315870e-03
4.333029663283348782e+03 9.053373085360677530e-01 5.575801425902978704e-03
4.337362692946633615e+03 8.916934515447312304e-01 5.622371303635215201e-03
4.341700055639581478e+03 8.769531208146669199e-01 5.460401618796402283e-03
4.346041755695222491e+03 8.610274159952112649e-01 5.599499240379194817e-03
4.350387797450919606e+03 8.470714185466415858e-01 5.839571747162976452e-03
4.354738185248371337e+03 8.360251261345527096e-01 5.903457852815040784e-03
4.359092923433621763e+03 8.258876151230510887e-01 5.366698161527410846e-03
4.363452016357056891e+03 8.197242618485979238e-01 5.064212975979285464e-03
4.367815468373414660e+03 8.193021390399194415e-01 5.165321966841976767e-03
4.372183283841789489e+03 8.233627936711980233e-01 4.706317983811427082e-03
4.376555467125633186e+03 8.298972357923304344e-01 4.720763443141678083e-03
4.380932022592760404e+03 8.352191646991898866e-01 4.924271537665306404e-03
4.385312954615354101e+03 8.427445813119086582e-01 5.078225981683728678e-03
4.389698267569970994e+03 8.499628560987766424e-01 3.559417175202826255e-03
4.394087965837542470e+03 8.511792303659030390e-01 3.150857328067825907e-03
4.398482053803381859e+03 8.462395392373500691e-01 2.977745691887621806e-03
4.402880535857186260e+03 8.376787722454898111e-01 2.992167833532852553e-03
4.407283416393044718e+03 8.251646628328811461e-01 3.757535953340637985e-03
4.411690699809440048e+03 8.083751335068528610e-01 5.181828279796969750e-03
4.416102390509250654e+03 7.899875644243116168e-01 4.612880046687703808e-03
4.420518492899761441e+03 7.746297476963003303e-01 4.395794620896900477e-03
4.424939011392662906e+03 7.630239527573812186e-01 4.225435590707786980e-03
4.429363950404056595e+03 7.555517606536803488e-01 3.528874971649301369e-03
4.433793314354462382e+03 7.539172172527978111e-01 4.234161944083552828e-03
4.438227107668818462e+03 7.577210909976253017e-01 5.097650046574896295e-03
4.442665334776488635e+03 7.652981577021038539e-01 5.284124410286394555e-03
4.447108000111265937e+03 7.752912106287295213e-01 4.586084598624703447e-03
4.451555108111379013e+03 7.850923160784546440e-01 3.711506319445598712e-03
4.456006663219492111e+03 7.943473620914466293e-01 3.622925046778600888e-03
4.460462669882713271e+03 8.027759662127105234e-01 3.909250108430160214e-03
4.464923132552597053e+03 8.102437773386460540e-01 3.790742610279306847e-03
4.469388055685150903e+03 8.192466272530474214e-01 3.581518647113124919e-03
4.473857443740837880e+03 8.310624524532259638e-01 2.872790578220639837e-03
4.478331301184580298e+03 8.469242584754377301e-01 2.387665701763634803e-03
4.482809632485766087e+03 8.677552745180562299e-01 2.461656679923147732e-03
4.487292442118253348e+03 8.930184948001611556e-01 2.011275700762322604e-03
4.491779734560373072e+03 9.214013534580889342e-01 1.993032636476673065e-03
4.496271514294934605e+03 9.532498609270756429e-01 2.054766782116609295e-03
4.500767785809231100e+03 9.875597276847289940e-01 1.690319570446169274e-03
4.505268553595042249e+03 1.022351699108282386e+00 1.673212261942745365e-03
4.509773822148638828e+03 1.056832767590978772e+00 1.624211595852272875e-03
4.514283595970789065e+03 1.091938560091172628e+00 1.662889837343746501e-03
4.518797879566761367e+03 1.126338264901562303e+00 1.686355779988472957e-03
4.523316677446328868e+03 1.160312682355196578e+00 1.805585150154820394e-03
4.527839994123776705e+03 1.195326955448694051e+00 2.440898459364236692e-03
4.532367834117902021e+03 1.227028605079562684e+00 2.400152521477559499e-03
4.536900201952022144e+03 1.254224645659054449e+00 3.794307438161907600e-03
4.541437102153975502e+03 1.281356546869330426e+00 4.646324868637930101e-03
4.545978539256130716e+03 1.310268495192507654e+00 4.406860138393409003e-03
4.550524517795388419e+03 1.340875881594728147e+00 5.127406040158946632e-03
4.555075042313184895e+03 1.370682334769462107e+00 5.715402806799306686e-03
4.559630117355500261e+03 1.399378541566584921e+00 6.155121759031910618e-03
4.564189747472856652e+03 1.424510642246071823e+00 5.840577544282537885e-03
4.568753937220330954e+03 1.444839990969039034e+00 5.871743101948339108e-03
4.573322691157552981e+03 1.461791014911157927e+00 5.973715197377238786e-03
4.577896013848711846e+03 1.475152794246439969e+00 5.803774248676067844e-03
4.582473909862562323e+03 1.485557645013519945e+00 6.076216101542957805e-03
4.587056383772426670e+03 1.494111336450482108e+00 6.032062925579024376e-03
4.591643440156200086e+03 1.501892538929761045e+00 6.090161613917313005e-03
4.596235083596357981e+03 1.506742675043812429e+00 6.065675849215904601e-03
4.600831318679955984e+03 1.509471119721453203e+00 6.027801953116073211e-03
4.605432149998637215e+03 1.510546424153380585e+00 5.952882365324791737e-03
4.610037582148637739e+03 1.510660645960504533e+00 5.962940117566686328e-03
4.614647619730787483e+03 1.512928021161485059e+00 5.755297684532080689e-03
4.619262267350520233e+03 1.518340710006302663e+00 4.956949092414804532e-03
4.623881529617872729e+03 1.517188187867023696e+00 4.347212055204338101e-03
4.628505411147491941e+03 1.516030252555338853e+00 3.471394002470573267e-03
4.633133916558640522e+03 1.514943921948295413e+00 3.609840681284572604e-03
4.637767050475200449e+03 1.514716902966365186e+00 4.003573117358101389e-03
4.642404817525677572e+03 1.513644712466563291e+00 4.062214690357129725e-03
4.647047222343205249e+03 1.510431804407629031e+00 3.337511147882664918e-03
4.651694269565549803e+03 1.503912928278059669e+00 3.187867811829951832e-03
4.656345963835116891e+03 1.494606479392548870e+00 3.382173125025028995e-03
4.661002309798953320e+03 1.483151402826762721e+00 4.531729569270269778e-03
4.665663312108753416e+03 1.471419062406489786e+00 5.673614987471705534e-03
4.670328975420864481e+03 1.457386438528459394e+00 3.714602949982344967e-03
4.674999304396286789e+03 1.450588196086698201e+00 3.145965604942815158e-03
4.679674303700684504e+03 1.448143744741985817e+00 3.315183731483018013e-03
4.684353978004386590e+03 1.449170072233820328e+00 3.709657748958373504e-03
4.689038331982392265e+03 1.453995037298354998e+00 4.222499800046822412e-03
4.693727370314376458e+03 1.460691925703446747e+00 4.114216062493184639e-03
4.698421097684692540e+03 1.465504481228320444e+00 4.137920904126220732e-03
4.703119518782378691e+03 1.466154977455449870e+00 3.597996492905956075e-03
4.707822638301162442e+03 1.462585079309748126e+00 2.804212302022381868e-03
4.712530460939465229e+03 1.451287846539378590e+00 3.247225138161455651e-03
4.717242991400406027e+03 1.435196537144169504e+00 3.450676691814471338e-03
4.721960234391808626e+03 1.412841219339866505e+00 2.825987730470644766e-03
4.726682194626201635e+03 1.387287592917767931e+00 2.624648593896123077e-03
4.731408876820829391e+03 1.358933647449567461e+00 2.768284673517271231e-03
4.736140285697651962e+03 1.330053020183914692e+00 2.495133638085811692e-03
4.740876425983350600e+03 1.302922640464628801e+00 2.470273641966139362e-03
4.745617302409335934e+03 1.277565194767914747e+00 2.641331734022185282e-03
4.750362919711747054e+03 1.250604373695891613e+00 2.793692372407130704e-03
4.755113282631459697e+03 1.224928674865397360e+00 4.159056616447968577e-03
4.759868395914093526e+03 1.198884477759140532e+00 4.686342563867394208e-03
4.764628264310008490e+03 1.170734015250294302e+00 3.558459093136911305e-03
4.769392892574320285e+03 1.134931938660679762e+00 3.515099982753600548e-03
4.774162285466896719e+03 1.095015905317196836e+00 3.784590051609201724e-03
4.778936447752364984e+03 1.052487561356063805e+00 4.000533577980810475e-03
4.783715384200118933e+03 1.006626182573746808e+00 4.369154203375075554e-03
4.788499099584319993e+03 9.602704578756333653e-01 5.177302290333251310e-03
4.793287598683906253e+03 9.155351646227462004e-01 4.924255348424393282e-03
4.798080886282591564e+03 8.749745197414244835e-01 4.408821226390071887e-03
4.802878967168876443e+03 8.406171095827428275e-01 3.549547981312315813e-03
4.807681846136046261e+03 8.136292318782978317e-01 2.926227694229352819e-03
4.812489527982183972e+03 7.980685300036414187e-01 2.938326085155036887e-03
4.817302017510168298e+03 7.914977215196876692e-01 3.141628931385253686e-03
4.822119319527679181e+03 7.909830965427653293e-01 3.512224853015416103e-03
4.826941438847208701e+03 7.965663838151830767e-01 3.865166438119377323e-03
4.831768380286057436e+03 8.052021402567435260e-01 3.620827227679940079e-03
4.836600148666345376e+03 8.141811848557923836e-01 3.169388594859300686e-03
4.841436748815013743e+03 8.212721784246292955e-01 3.164194085154075579e-03
4.846278185563829538e+03 8.294601269157297896e-01 2.538032731987592897e-03
4.851124463749395545e+03 8.325648659829038012e-01 2.202900913560102390e-03
4.855975588213146693e+03 8.304228659554624414e-01 2.513827814512275497e-03
4.860831563801360971e+03 8.251217840885355370e-01 2.318820433467229207e-03
4.865692395365163975e+03 8.168190602934067845e-01 2.293184970219884662e-03
4.870558087760530725e+03 8.082572484709236171e-01 2.658487764190819742e-03
4.875428645848292945e+03 8.018215367609481392e-01 2.830797623749708915e-03
4.880304074494142696e+03 7.941983885250890607e-01 2.032140774633146244e-03
4.885184378568638749e+03 7.938397686212486093e-01 2.012286791535180131e-03
4.890069562947209306e+03 7.997020663028223675e-01 1.901303832215170495e-03
4.894959632510157462e+03 8.133415326920935273e-01 1.949148385216211300e-03
4.899854592142669389e+03 8.358049450552963444e-01 1.873537246313019449e-03
4.904754446734813428e+03 8.669301712615056221e-01 1.735406754991757365e-03
4.909659201181550088e+03 9.092451256343683230e-01 3.179658304551323533e-03
4.914568860382732964e+03 9.583851819635846869e-01 3.717477987151103329e-03
4.919483429243117826e+03 1.012007162440999863e+00 3.309749397970475869e-03
4.924402912672362618e+03 1.068441069376149688e+00 3.051637763590824091e-03
4.929327315585036558e+03 1.125841746376075925e+00 3.023464573835177738e-03
4.934256642900622865e+03 1.182342785316350398e+00 2.829202250886739180e-03
4.939190899543525120e+03 1.235087611292845278e+00 3.410831367941678446e-03
4.944130090443070912e+03 1.286461665762163031e+00 3.817007038654522157e-03
4.949074220533515472e+03 1.333525548480827272e+00 3.521697462674632396e-03
4.954023294754050767e+03 1.378115445333769395e+00 3.451328147646571219e-03
4.958977318048806410e+03 1.417139000367471757e+00 3.189696171612323421e-03
4.963936295366856939e+03 1.452051446832018256e+00 3.333626081441613993e-03
4.968900231662225451e+03 1.480066974292705950e+00 3.367943272776096394e-03
4.973869131893889062e+03 1.501164938909604896e+00 3.271909115265969007e-03
4.978843001025784361e+03 1.515097969002511036e+00 2.737978832357988376e-03
4.983821844026811959e+03 1.517952610043446837e+00 2.372735989101701966e-03
4.988805665870840130e+03 1.509086585199475472e+00 2.289562059092730903e-03
4.993794471536712990e+03 1.488853555809294793e+00 2.387288468858246929e-03
4.998788266008251412e+03 1.455294699498729694e+00 2.471561401879092661e-03
5.003787054274261209e+03 1.409983615110346866e+00 2.499402174179461613e-03
5.008790841328536771e+03 1.354185074203716255e+00 3.151516266023329273e-03
5.013799632169867436e+03 1.289923104176579294e+00 3.758186668296214106e-03
5.018813431802038394e+03 1.219804809947767854e+00 4.946013909684876877e-03
5.023832245233842514e+03 1.152727757396556196e+00 5.309669375889770199e-03
5.028856077479077612e+03 1.088182695642742503e+00 5.536496917373189691e-03
5.033884933556558281e+03 1.030159925106617802e+00 4.884227261138004983e-03
5.038918818490116792e+03 9.787849324753014058e-01 2.548697034835352426e-03
5.043957737308608557e+03 9.443501543339445359e-01 2.625596787648054858e-03
5.049001695045918495e+03 9.224385474370964122e-01 2.856601961724194051e-03
5.054050696740966487e+03 9.142997683587427149e-01 3.046514532411049008e-03
5.059104747437709193e+03 9.192938556511622838e-01 2.973730610563756621e-03
5.064163852185148244e+03 9.367265395990966859e-01 2.285303576951125577e-03
5.069228016037335692e+03 9.610281235987384596e-01 2.092305894408656546e-03
5.074297244053374015e+03 9.881779324457061753e-01 1.851693556633645385e-03
5.079371541297429758e+03 1.019461895053620282e+00 1.798184545776841670e-03
5.084450912838728073e+03 1.053011849356617180e+00 2.095751535096098371e-03
5.089535363751569093e+03 1.086952555815260846e+00 2.541941290977356178e-03
5.094624899115322478e+03 1.119965784571861356e+00 2.118265225028241952e-03
5.099719524014439230e+03 1.148228538964647383e+00 2.118191497918368166e-03
5.104819243538455339e+03 1.172191083770809605e+00 2.328291802042490709e-03
5.109924062781995417e+03 1.191890720600774056e+00 2.821968149362931097e-03
5.115033986844779065e+03 1.207180517365771033e+00 3.152588856748923980e-03
5.120149020831625421e+03 1.220147304711914682e+00 2.854635191722102935e-03
5.125269169852458617e+03 1.231621162537182457e+00 2.519131794143086769e-03
5.130394439022313236e+03 1.242067375989253319e+00 2.900917960364738073e-03
5.135524833461337039e+03 1.250218174487252032e+00 3.266898189438623926e-03
5.140660358294800062e+03 1.254111189721357045e+00 3.245452144288506289e-03
5.145801018653096435e+03 1.253795641025411189e+00 3.588279342912024071e-03
5.150946819671751655e+03 1.251778100687351625e+00 3.582125147058274652e-03
5.156097766491425318e+03 1.248397370036351539e+00 3.530465862032267175e-03
5.161253864257918394e+03 1.242650983604407733e+00 3.277753856077413822e-03
5.166415118122177773e+03 1.234765559835520499e+00 3.280844487870521967e-03
5.171581533240301724e+03 1.222220731342818834e+00 2.865918274323395881e-03
5.176753114773543530e+03 1.211006985331871233e+00 2.604901225287202700e-03
5.181929867888318768e+03 1.202392557116990446e+00 2.485228865311532847e-03
5.187111797756208944e+03 1.195421606533668024e+00 2.544154550145932142e-03
5.192298909553966951e+03 1.191190212874162269e+00 2.712638407709680108e-03
5.197491208463522526e+03 1.191661685178017072e+00 2.940401585864426022e-03
5.202688699671987706e+03 1.196678523603258437e+00 3.002178629440831800e-03
5.207891388371661378e+03 1.207451147581171558e+00 3.055276952081774529e-03
5.213099279760034733e+03 1.221799778867787678e+00 3.171125904086383781e-03
5.218312379039796724e+03 1.239621634043436504e+00 3.375436100811052102e-03
5.223530691418837705e+03 1.262672542474923665e+00 3.621573602843799512e-03
5.228754222110258524e+03 1.288984747279641629e+00 3.121095781473804450e-03
5.233982976332370527e+03 1.316416375293245178e+00 2.661021910972946342e-03
5.239216959308704645e+03 1.345024683843109692e+00 2.747019295434925505e-03
5.244456176268015042e+03 1.372203926821502717e+00 2.745647896557971892e-03
5.249700632444284565e+03 1.402716988276195620e+00 2.634152790529139827e-03
5.254950333076731113e+03 1.433910051847373524e+00 2.635060178921567933e-03
5.260205283409809454e+03 1.464902726292446333e+00 2.604113665367284187e-03
5.265465488693221232e+03 1.495372894841354716e+00 2.698451814708235051e-03
5.270730954181915877e+03 1.526635087470402663e+00 2.985466441384142765e-03
5.276001685136099695e+03 1.556754633225034823e+00 3.105096269702439099e-03
5.281277686821237694e+03 1.585167945494782682e+00 2.623793679076193413e-03
5.286558964508059944e+03 1.609888540123415979e+00 2.120280201541533457e-03
5.291845523472569766e+03 1.628776414929338667e+00 2.696037141127084497e-03
5.297137368996044643e+03 1.645055274844139603e+00 2.634422524940587072e-03
5.302434506365042580e+03 1.657929922670772660e+00 2.435181963006073126e-03
5.307736940871409388e+03 1.667927034940316799e+00 2.406954107401483318e-03
5.313044677812282316e+03 1.673625098215747009e+00 2.359110585546363333e-03
5.318357722490096421e+03 1.677760888727643174e+00 2.297568231194745472e-03
5.323676080212588204e+03 1.681988965233649713e+00 2.289118326673200785e-03
5.328999756292802886e+03 1.683829681736706219e+00 2.286130891537650062e-03
5.334328756049097137e+03 1.683771844816626118e+00 2.410174761264774479e-03
5.339663084805148173e+03 1.682248571695930117e+00 2.474495668375598957e-03
5.345002747889954662e+03 1.677488816032707275e+00 2.816128530615574690e-03
5.350347750637846730e+03 1.672743797653555964e+00 2.929426889020375277e-03
5.355698098388485960e+03 1.669150401827974806e+00 3.263776524115234636e-03
5.361053796486876308e+03 1.663829841055863623e+00 3.527784729568518834e-03
5.366414850283365013e+03 1.655681620428137713e+00 3.615822047842263878e-03
5.371781265133649867e+03 1.646407751989366286e+00 3.648471341627965853e-03
5.377153046398785591e+03 1.636135230435490362e+00 3.205016348996765716e-03
5.382530199445186554e+03 1.622294059161111912e+00 3.078095884293115172e-03
5.387912729644633146e+03 1.603840015498781080e+00 3.533295427731051631e-03
5.393300642374279960e+03 1.585338625524508105e+00 3.453199224515850901e-03
5.398693943016655794e+03 1.566792295338905738e+00 3.513188697922768177e-03
5.404092636959673655e+03 1.549564006625419710e+00 3.517697234303871195e-03
5.409496729596635305e+03 1.533542433996705867e+00 3.356443654146580840e-03
5.414906226326233991e+03 1.518188896024672108e+00 3.150080144452380593e-03
5.420321132552561721e+03 1.505987247341433299e+00 2.879158090624763487e-03
5.425741453685116539e+03 1.501830295150929473e+00 3.391678509050745968e-03
5.431167195138803436e+03 1.499209221011331472e+00 3.412574291696763348e-03
5.436598362333943442e+03 1.500135350295041414e+00 2.699313185925230132e-03
5.442034960696279086e+03 1.500920227957856623e+00 2.657578874398061185e-03
5.447476995656978033e+03 1.503048199872911717e+00 2.388084830743417587e-03
5.452924472652636723e+03 1.507020736579068654e+00 2.205673426965696314e-03
5.458377397125291282e+03 1.513564030129268323e+00 2.289518606258164699e-03
5.463835774522417523e+03 1.522728497717843466e+00 2.294977785742269120e-03
5.469299610296941864e+03 1.531543868890955062e+00 2.291421376622053939e-03
5.474768909907241323e+03 1.542235181608128558e+00 2.343562500783232146e-03
5.480243678817149885e+03 1.554289028444854726e+00 2.676379006069962239e-03
5.485723922495968509e+03 1.563695768381792250e+00 2.591298836170494949e-03
5.491209646418466946e+03 1.571581732362310246e+00 2.591427932869848523e-03
5.496700856064887375e+03 1.577680600661215626e+00 2.549205277252001006e-03
5.502197556920953502e+03 1.582659914170969628e+00 2.469542479807633646e-03
5.507699754477876013e+03 1.585330499789092906e+00 2.459612197587899510e-03
5.513207454232356213e+03 1.585028551547076336e+00 2.451242926590574845e-03
5.518720661686590574e+03 1.578778401353895244e+00 1.878511622270452206e-03
5.524239382348278923e+03 1.572115861167864281e+00 1.833892379752937157e-03
5.529763621730628984e+03 1.564202793447304174e+00 1.793797521001342732e-03
5.535293385352360929e+03 1.555077702869243739e+00 1.695849303094760369e-03
5.540828678737715563e+03 1.543424549375224775e+00 1.709177405703044385e-03
5.546369507416455235e+03 1.530890372562793145e+00 1.660767842159050888e-03
5.551915876923872929e+03 1.517655836632362032e+00 1.698200415004629807e-03
5.557467792800798634e+03 1.504539093290079066e+00 1.690250319490125891e-03
5.563025260593602070e+03 1.491710029209692978e+00 1.741827681047120437e-03
5.568588285854197238e+03 1.480142064050697703e+00 1.822481011926686129e-03
5.574156874140053333e+03 1.469342311124519629e+00 1.368478593050517127e-03
5.579731031014194741e+03 1.461956376596617924e+00 1.366851218895492100e-03
5.585310762045211050e+03 1.456800924352066540e+00 1.217176609606127231e-03
5.590896072807257951e+03 1.451520777709586651e+00 1.293895132056197559e-03
5.596486968880067252e+03 1.447296832490312157e+00 2.079426112931914792e-03
5.602083455848949598e+03 1.443738901084149262e+00 4.228182537430067930e-03
5.607685539304799931e+03 1.433927610286112486e+00 3.957384379764583918e-03
5.613293224844106589e+03 1.416932965645532727e+00 3.374995755458051142e-03
5.618906518068952209e+03 1.391398831508306344e+00 3.264069321721460321e-03
5.624525424587023736e+03 1.359467515448331332e+00 3.347681980611411871e-03
5.630149950011612418e+03 1.320557672422651319e+00 3.532282915635591089e-03
5.635780099961625638e+03 1.274250618612871033e+00 3.379342665503378123e-03
5.641415880061589633e+03 1.222310923892749646e+00 3.323013921606298316e-03
5.647057295941652228e+03 1.163711491173027079e+00 3.100815214708146049e-03
5.652704353237596479e+03 1.103510118606604751e+00 2.935355185883066487e-03
5.658357057590835211e+03 1.043250727711746206e+00 2.779516946268604811e-03
5.664015414648428305e+03 9.850570753413293579e-01 2.876719674110921835e-03
5.669679430063079053e+03 9.292304291020077045e-01 2.808716641355143637e-03
5.675349109493143260e+03 8.789399408348701481e-01 2.816828884199383803e-03
5.681024458602638333e+03 8.350954394136946846e-01 2.920839668686185577e-03
5.686705483061243285e+03 7.978663601317165233e-01 2.825473298681174632e-03
5.692392188544306009e+03 7.696653474534409511e-01 2.750317660186676547e-03
5.698084580732852373e+03 7.482241846532794449e-01 2.194517932907191597e-03
5.703782665313587131e+03 7.403141318461697873e-01 2.179902598270864762e-03
5.709486447978903016e+03 7.451702483328688231e-01 1.899930766870545126e-03
5.715195934426883468e+03 7.609566763436133030e-01 1.913969388200806527e-03
5.720911130361312644e+03 7.877042540042722418e-01 2.163768785181996619e-03
5.726632041491675409e+03 8.260408865929148581e-01 2.014470612947459691e-03
5.732358673533169167e+03 8.768125401812860709e-01 2.055027676841390295e-03
5.738091032206703858e+03 9.392546532226235811e-01 3.360227720346460351e-03
5.743829123238912871e+03 1.008293036462174053e+00 3.666043733376461028e-03
5.749572952362153046e+03 1.085582784806025769e+00 3.986291484626252636e-03
5.755322525314517407e+03 1.162546702569552615e+00 4.457469622278702019e-03
5.761077847839834249e+03 1.239741610209035505e+00 4.811255972204387700e-03
5.766838925687675328e+03 1.312001808489553945e+00 3.720517869838450842e-03
5.772605764613364954e+03 1.374616710181807422e+00 2.969790712340109138e-03
5.778378370377980900e+03 1.424604057100438359e+00 4.052891317179290950e-03
5.784156748748360769e+03 1.465921604794839350e+00 5.801244612538050335e-03
5.789940905497111089e+03 1.500211606096506056e+00 6.871794229732671767e-03
5.795730846402610041e+03 1.528346229344706098e+00 7.630579436522254289e-03
5.801526577249013826e+03 1.557366933179873181e+00 6.529721357739449658e-03
5.807328103826264851e+03 1.592820176944251154e+00 5.466440299965918785e-03
5.813135431930093546e+03 1.629949449273154993e+00 5.280789209211302071e-03
5.818948567362025642e+03 1.672358300831952027e+00 5.693105790656241387e-03
5.824767515929389447e+03 1.718230562445266063e+00 6.038655828621166885e-03
5.830592283445320390e+03 1.764757984604865548e+00 6.251443417556849964e-03
5.836422875728768304e+03 1.809570524631677335e+00 8.143139117475196864e-03
5.842259298604498326e+03 1.840727541312437543e+00 7.241434826791607118e-03
5.848101557903105459e+03 1.870444758637541227e+00 6.888800378139464664e-03
5.853949659461010015e+03 1.880128164052967010e+00 7.621030152830327378e-03
5.859803609120473084e+03 1.866113147587881604e+00 8.635626425546674700e-03
5.865663412729595620e+03 1.836925936091434508e+00 1.100442460844400228e-02
5.871529076142326630e+03 1.793017256030944750e+00 1.338666796172363442e-02
5.877400605218471355e+03 1.749377407526125028e+00 1.337847490714153681e-02
5.883278005823691274e+03 1.711094887444818191e+00 1.247110317486759684e-02
5.889161283829516833e+03 1.678976298157507152e+00 1.196649913470274051e-02
5.895050445113348360e+03 1.653990710688872712e+00 1.196286597715090147e-02
5.900945495558464245e+03 1.636777544457363121e+00 1.253480808708921229e-02
5.906846441054024581e+03 1.626078434953537100e+00 1.309726230767007532e-02
5.912753287495080258e+03 1.624932716891396511e+00 1.265897360911900221e-02
5.918666040782577511e+03 1.623841660223505956e+00 1.176235977338747213e-02
5.924584706823361557e+03 1.626704835068574884e+00 1.008763944208337579e-02
5.930509291530187511e+03 1.622401802479832122e+00 9.988745346954411644e-03
5.936439800821719473e+03 1.613130055101744897e+00 1.012417846087228582e-02
5.942376240622543264e+03 1.595502379740481258e+00 1.008003819297724132e-02
5.948318616863167335e+03 1.579187064525979789e+00 9.956877117691640550e-03
5.954266935480032771e+03 1.554011019918138947e+00 6.314518263002097398e-03
5.960221202415515108e+03 1.537483331585526303e+00 4.986358480480676710e-03
5.966181423617932523e+03 1.519321355090925474e+00 2.706839935673296602e-03
5.972147605041552197e+03 1.496405966806652943e+00 2.634590510327656891e-03
5.978119752646595771e+03 1.471125155639378290e+00 2.835344211140140586e-03
5.984097872399243897e+03 1.443846715097678590e+00 2.968622415150621533e-03
5.990081970271645332e+03 1.417147591876701584e+00 2.879036595367233126e-03
5.996072052241918755e+03 1.391706646903641209e+00 2.691100624343433813e-03
6.002068124294162772e+03 1.366217761077910042e+00 2.462260302333684099e-03
6.008070192418459555e+03 1.344585142527217725e+00 2.426415518482703728e-03
6.014078262610879392e+03 1.327274158219974298e+00 2.786762596361239824e-03
6.020092340873492503e+03 1.311492939468840380e+00 2.738260628803455658e-03
6.026112433214368139e+03 1.296752692643598159e+00 2.742235231048518844e-03
6.032138545647584579e+03 1.286677441054731474e+00 2.812103401788880637e-03
6.038170684193233683e+03 1.278719864646881366e+00 2.528772092944705629e-03
6.044208854877429076e+03 1.271976990648188588e+00 2.629103933783751533e-03
6.050253063732308874e+03 1.265835068788426776e+00 2.657299243637144433e-03
6.056303316796042964e+03 1.261245397419875403e+00 2.328098664601587972e-03
6.062359620112841185e+03 1.257370287826927058e+00 2.286136296724724029e-03
6.068421979732956061e+03 1.256310335712216952e+00 2.250929609537877241e-03
6.074490401712690982e+03 1.256479503237002193e+00 1.866541098203876228e-03
6.080564892114405666e+03 1.254744699034845423e+00 1.795943538377662262e-03
6.086645457006521610e+03 1.252398169728792476e+00 1.814389994127719183e-03
6.092732102463530282e+03 1.248876916366773004e+00 1.802045018735748795e-03
6.098824834565995843e+03 1.242801208062652707e+00 2.017162296717848937e-03
6.104923659400564247e+03 1.234957870386948597e+00 2.509469417502250069e-03
6.111028583059966877e+03 1.227904888364190095e+00 2.618815002032953265e-03
6.117139611643028729e+03 1.219752510841290993e+00 2.166971572339603403e-03
6.123256751254673873e+03 1.215431367136939222e+00 2.370635472362904710e-03
6.129380008005929994e+03 1.210594114811319288e+00 2.337249528306102001e-03
6.135509388013938405e+03 1.204835928236782205e+00 2.207396054881077905e-03
6.141644897401954040e+03 1.200854157007332779e+00 2.080859047657701577e-03
6.147786542299358189e+03 1.198804374476978074e+00 2.075766920379074759e-03
6.153934328841659408e+03 1.197842733503360568e+00 2.071405586376969237e-03
6.160088263170503524e+03 1.198223189835574853e+00 2.364417221513625319e-03
6.166248351433675452e+03 1.197077371989157424e+00 2.873898684631340933e-03
6.172414599785111022e+03 1.194452582094596815e+00 3.266996142032120316e-03
6.178587014384898794e+03 1.186142765517693931e+00 3.214049122200284252e-03
6.184765601399285515e+03 1.172126545137933906e+00 3.122836427972869311e-03
6.190950367000687038e+03 1.151331388163775005e+00 2.987766722760223405e-03
6.197141317367689226e+03 1.121615288631463869e+00 2.954847109846138291e-03
6.203338458685059777e+03 1.086618379346827812e+00 3.035406493582478316e-03
6.209541797143746408e+03 1.044624819062080601e+00 3.221303515311353931e-03
6.215751338940892310e+03 9.952978565848367154e-01 2.976469598487977743e-03
6.221967090279835247e+03 9.425989403222549967e-01 2.543061712745365872e-03
6.228189057370116643e+03 8.861620002500307791e-01 1.759743470841112871e-03
6.234417246427488863e+03 8.310148740235602238e-01 1.718351435019958330e-03
6.240651663673918847e+03 7.784733178086266081e-01 1.655908701861377166e-03
6.246892315337594482e+03 7.288867878492049091e-01 2.289632316134047104e-03
6.253139207652934601e+03 6.828003841463945456e-01 4.191097885755744323e-03
6.259392346860589896e+03 6.482646375296844399e-01 4.434688988438966091e-03
6.265651739207452010e+03 6.269740302533031162e-01 4.344826270520783275e-03
6.271917390946661726e+03 6.154533318755727178e-01 5.169651634172322228e-03
6.278189308337610782e+03 6.159043918755826574e-01 5.651156634182260587e-03
6.284467497645950061e+03 6.250482357255390253e-01 5.673660733144030369e-03
6.290751965143597772e+03 6.427960703253403629e-01 5.286678746858169443e-03
6.297042717108744000e+03 6.681562975646759828e-01 5.139638525461088028e-03
6.303339759825854344e+03 6.983662189958870226e-01 5.009299579582886068e-03
6.309643099585682648e+03 7.361223216560963678e-01 5.198755779182671725e-03
6.315952742685270096e+03 7.771101062611304178e-01 5.026271522285507068e-03
6.322268695427957937e+03 8.231448070871512090e-01 4.887346921011728566e-03
6.328590964123387494e+03 8.721789311975260972e-01 4.785722241006440565e-03
6.334919555087512890e+03 9.231225016418661555e-01 4.946943539650772506e-03
6.341254474642602872e+03 9.768099272897894370e-01 5.393815567842646756e-03
6.347595729117247174e+03 1.027699521619007905e+00 5.314525087851252813e-03
6.353943324846366522e+03 1.078378188505257906e+00 4.361348914278772616e-03
6.360297268171215364e+03 1.123421370743055148e+00 3.628396069828257638e-03
6.366657565439388236e+03 1.161228430642335496e+00 3.823603877809442393e-03
6.373024223004829764e+03 1.191721532042641085e+00 3.668986029484456925e-03
6.379397247227837397e+03 1.213291960849464335e+00 2.192048366624509657e-03
6.385776644475066860e+03 1.234490800380121600e+00 1.736067877005622196e-03
6.392162421119543978e+03 1.253268267746816322e+00 1.663371533051264881e-03
6.398554583540665590e+03 1.269630373858779082e+00 2.047997714095296969e-03
6.404953138124208635e+03 1.281613874603264591e+00 2.508342570170774954e-03
6.411358091262334710e+03 1.290038418286364452e+00 2.401451837908812406e-03
6.417769449353599157e+03 1.293149988064258959e+00 1.974431205017156046e-03
6.424187218802954703e+03 1.289340172644849458e+00 1.761354188692436373e-03
6.430611406021760558e+03 1.278869003599419019e+00 1.130296426036690120e-03
6.437042017427784231e+03 1.259174314495232094e+00 1.228148560389235320e-03
6.443479059445214261e+03 1.232404117331894033e+00 1.786405284219548528e-03
6.449922538504661134e+03 1.199562809019756093e+00 2.511635848760049566e-03
6.456372461043168187e+03 1.163606573732360205e+00 2.357895611701430003e-03
6.462828833504213435e+03 1.126841450510537967e+00 2.198632546641439856e-03
6.469291662337719572e+03 1.089884101339253064e+00 1.662500078907326552e-03
6.475760954000059428e+03 1.056387552199472779e+00 1.412099287070905235e-03
6.482236714954061426e+03 1.027117967242533236e+00 1.341404750618027837e-03
6.488718951669017770e+03 1.004143495913606188e+00 1.485844945555936554e-03
6.495207670620688987e+03 9.877139865975690380e-01 1.597053964932864919e-03
6.501702878291312118e+03 9.758428353360112384e-01 1.642391413569501335e-03
6.508204581169605262e+03 9.704895222902251151e-01 1.906383142081840860e-03
6.514712785750777584e+03 9.724249194559443366e-01 2.603995768081540652e-03
6.521227498536530220e+03 9.813781276753872351e-01 3.136068191071371067e-03
6.527748726035069012e+03 1.001552734798647704e+00 3.059292952141238163e-03
6.534276474761106329e+03 1.031342542960929087e+00 3.118450215971723186e-03
6.540810751235869247e+03 1.066768759108508657e+00 3.423550880614010129e-03
6.547351561987107743e+03 1.110555377210875827e+00 4.271025935272342554e-03
6.553898913549096505e+03 1.160011295397275211e+00 5.062607341200819552e-03
6.560452812462647671e+03 1.205196670887584087e+00 5.055129638345348154e-03
6.567013265275112644e+03 1.249975847463849155e+00 4.467615887605254354e-03
6.573580278540390282e+03 1.284867069786246985e+00 4.052651399660778427e-03
6.580153858818932349e+03 1.307734034851769866e+00 5.235037702344231061e-03
6.586734012677753526e+03 1.323218679858284785e+00 6.965580972645719036e-03
6.593320746690433225e+03 1.328285147003404720e+00 8.390240691086507663e-03
6.599914067437126505e+03 1.334555378004945059e+00 7.871372339106744165e-03
6.606513981504565891e+03 1.340308091082182074e+00 6.248332541405300471e-03
6.613120495486072286e+03 1.352714387177720745e+00 5.426466092345441639e-03
6.619733615981560433e+03 1.367940365440766692e+00 5.921078146097089046e-03
6.626353349597544366e+03 1.390719887060411386e+00 7.025211772930937092e-03
6.632979702947143778e+03 1.412012881242150408e+00 6.921343948481284772e-03
6.639612682650093120e+03 1.435153318199762218e+00 6.463023747707456745e-03
6.646252295332745234e+03 1.451469043125293013e+00 5.723626613164079294e-03
6.652898547628080451e+03 1.464444272754808374e+00 4.324364015018173149e-03
6.659551446175711135e+03 1.465544372585539934e+00 4.419426493572676390e-03
6.666210997621888964e+03 1.458883394197906247e+00 4.840913073323371320e-03
6.672877208619513112e+03 1.443127571132724940e+00 4.925952630545715402e-03
6.679550085828134797e+03 1.422219285412825940e+00 3.613350713159358372e-03
6.686229635913964557e+03 1.399829577419042792e+00 1.978714817415082577e-03
6.692915865549881346e+03 1.379916568480553662e+00 1.860231831386300683e-03
6.699608781415433441e+03 1.362883390041548681e+00 1.283942894875617774e-03
6.706308390196851178e+03 1.345432461584400885e+00 1.162835330776073282e-03
6.713014698587049679e+03 1.328998664381299211e+00 1.162809497680720961e-03
6.719727713285638856e+03 1.315017285435307937e+00 1.191841828924798717e-03
6.726447440998927050e+03 1.303096173937619229e+00 1.144341136340362285e-03
6.733173888439928305e+03 1.290891921063521908e+00 1.050969362790213574e-03
6.739907062328370557e+03 1.279074761593988585e+00 1.273969670740707780e-03
6.746646969390701088e+03 1.266012762243837297e+00 1.010366928447681972e-03
6.753393616360093802e+03 1.250684141431586127e+00 9.657763719025557391e-04
6.760147009976456502e+03 1.235263587840032429e+00 1.931372127583707915e-03
6.766907156986434529e+03 1.215000414352737534e+00 1.940594486664932658e-03
6.773674064143423493e+03 1.191830391709669534e+00 2.303233959431152163e-03
6.780447738207569273e+03 1.166889239475508599e+00 2.774835023139939419e-03
6.787228185945778932e+03 1.142578603058889142e+00 2.850205002183523514e-03
6.794015414131727084e+03 1.117364329363779385e+00 2.672066392371717867e-03
6.800809429545861349e+03 1.094977563011668042e+00 2.414285388119182581e-03
6.807610238975408720e+03 1.075218488373467007e+00 2.331167085792713953e-03
6.814417849214386479e+03 1.059398799401991109e+00 2.603717480899765940e-03
6.821232267063603103e+03 1.044983824150961249e+00 2.904435314788474283e-03
6.828053499330669183e+03 1.033931517702186831e+00 3.047117205638173818e-03
6.834881552830001965e+03 1.022827741433286031e+00 2.859611133816552641e-03
6.841716434382834450e+03 1.013141581367111854e+00 2.501053369638014251e-03
6.848558150817219939e+03 1.002182942796017384e+00 2.564457310388013490e-03
6.855406708968039311e+03 9.926758203214799403e-01 2.966136855628474182e-03
6.862262115677009206e+03 9.817090561966695939e-01 3.554410618483078155e-03
6.869124377792688392e+03 9.747128284420317756e-01 3.735989062207378895e-03
6.875993502170483225e+03 9.718350861511408922e-01 2.728705298216864503e-03
6.882869495672656740e+03 9.768449234450975460e-01 1.642510213646758725e-03
6.889752365168331380e+03 9.911854679539117141e-01 1.343724047740394020e-03
6.896642117533501732e+03 1.011299087242227390e+00 1.484649749347961498e-03
6.903538759651037253e+03 1.038916391128080985e+00 1.862618656355107113e-03
6.910442298410691365e+03 1.072491888006987359e+00 2.017383771298169627e-03
6.917352740709104182e+03 1.108715600708970017e+00 1.731847874209252415e-03
6.924270093449815249e+03 1.146323209758675965e+00 1.899878999819405896e-03
6.931194363543267173e+03 1.182379218099217866e+00 1.506332771123345066e-03
6.938125557906812901e+03 1.214543955010454201e+00 1.295847551660910240e-03
6.945063683464722089e+03 1.241414575702983747e+00 9.664975155746936960e-04
6.952008747148189286e+03 1.262384822661765549e+00 1.322569190044223198e-03
6.958960755895339389e+03 1.276572547879191388e+00 2.303505834498981164e-03
6.965919716651237650e+03 1.285705724154035501e+00 3.028442112915656105e-03
6.972885636367890584e+03 1.293502992759867576e+00 2.965429577968774297e-03
6.979858522004260521e+03 1.300675441260594312e+00 2.800695050653895755e-03
6.986838380526267429e+03 1.308324224987864159e+00 2.166648405186429299e-03
6.993825218906796181e+03 1.317983610873868505e+00 2.099276859623728717e-03
7.000819044125705659e+03 1.329354594810649770e+00 2.735873748966805886e-03
7.007819863169833297e+03 1.342286234895428310e+00 3.385191746503548715e-03
7.014827683033005087e+03 1.351949322888265526e+00 3.413524918020668843e-03
7.021842510716041033e+03 1.361170532458026106e+00 2.758272607997179059e-03
7.028864353226758794e+03 1.364622855828238501e+00 1.606073322569653676e-03
7.035893217579988232e+03 1.360449156076151800e+00 1.270050693181313129e-03
7.042929110797570502e+03 1.349159943169742970e+00 1.568413965714318898e-03
7.049972039908370789e+03 1.330435221783530908e+00 1.954197768078723418e-03
7.057022011948281033e+03 1.308072476554783758e+00 1.977003593678445127e-03
7.064079033960231754e+03 1.280641935367895501e+00 1.680747188806187929e-03
7.071143112994193871e+03 1.253310552445429993e+00 1.446604276222434021e-03
7.078214256107190522e+03 1.226137658421769361e+00 8.134983674100866851e-04
7.085292470363300708e+03 1.201818878781913513e+00 3.804163982157521598e-04
7.092377762833665656e+03 1.181198184325441991e+00 2.602789568164913438e-04
7.099470140596501551e+03 1.164584484327105596e+00 1.835436564702048708e-04
7.106569610737100447e+03 1.152935338975503043e+00 1.760100951597637668e-04
7.113676180347840273e+03 1.146614768270056262e+00 5.700166810052375655e-04
7.120789856528190285e+03 1.145443149570868790e+00 1.215044500221655306e-03
7.127910646384721076e+03 1.147310428912992952e+00 1.449384739263340823e-03
7.135038557031108212e+03 1.151661201304170934e+00 1.749286523879837150e-03
7.142173595588141325e+03 1.157057032360705451e+00 1.578522263337110319e-03
7.149315769183732300e+03 1.161922698887652539e+00 1.301718028222483047e-03
7.156465084952918005e+03 1.165189653746064646e+00 1.170070720241066058e-03
7.163621550037873021e+03 1.167196066083121542e+00 1.226532778781763700e-03
7.170785171587913283e+03 1.166937068779974496e+00 1.485286047412557762e-03
7.177955956759504261e+03 1.165894334262688625e+00 1.609189981927832249e-03
7.185133912716265513e+03 1.162676300022740694e+00 1.691838643995082067e-03
7.192319046628984324e+03 1.159560600936915264e+00 1.357536429129981015e-03
7.199511365675615707e+03 1.158637471266668717e+00 1.059277638592949315e-03
7.206710877041294225e+03 1.158793314570589761e+00 6.753554453992263859e-04
7.213917587918337631e+03 1.161581150258774286e+00 1.019819081148432742e-03
7.221131505506257781e+03 1.166329222597933146e+00 1.265942802161723483e-03
7.228352637011767001e+03 1.170302407513650333e+00 1.276695902795974480e-03
7.235580989648780815e+03 1.174518466236709635e+00 1.243625118145224228e-03
7.242816570638432495e+03 1.176397518014557608e+00 1.124772145417782861e-03
7.250059387209073066e+03 1.174617320105186158e+00 9.817677287563464274e-04
7.257309446596284033e+03 1.170122961940445183e+00 8.999601293184835435e-04
7.264566756042882844e+03 1.161897823647380701e+00 1.138244013676033024e-03
7.271831322798928340e+03 1.150720007896113284e+00 1.364660124794023167e-03
7.279103154121729858e+03 1.137413508538422491e+00 1.329525609087315978e-03
7.286382257275853590e+03 1.121904901794681164e+00 1.008692626664155299e-03
7.293668639533132591e+03 1.106517915615721437e+00 7.866095720441048647e-04
7.300962308172667690e+03 1.091232597822638928e+00 3.952885776543261067e-04
7.308263270480842948e+03 1.077560427230813467e+00 2.763909038559871274e-04
7.315571533751325660e+03 1.065914262674295232e+00 3.281649513854646965e-04
7.322887105285079997e+03 1.056207386202049348e+00 4.503234956273063179e-04
7.330209992390367006e+03 1.048385855005104839e+00 5.063377356059299431e-04
7.337540202382760071e+03 1.041930440151978221e+00 4.401580909427266122e-04
7.344877742585144915e+03 1.036759352198892037e+00 3.994954786491589733e-04
7.352222620327733239e+03 1.032823943532914734e+00 3.282711648665407093e-04
7.359574842948062724e+03 1.029598931951489993e+00 2.984899909454494303e-04
7.366934417791013402e+03 1.026972618166388518e+00 3.029143709106491933e-04
7.374301352208806748e+03 1.024769969752724830e+00 3.707919766030206557e-04
7.381675653561018407e+03 1.023115638297671603e+00 5.311475292824029961e-04
7.389057329214581841e+03 1.022204096994348665e+00 5.505444737569848476e-04
7.396446386543798326e+03 1.022277897645351930e+00 5.004017872757215383e-04
7.403842832930345139e+03 1.022872724341954642e+00 4.619072197714271929e-04
7.411246675763277381e+03 1.024116638968050275e+00 5.888027335369544089e-04
7.418657922439043432e+03 1.025598256667593855e+00 6.362936873847165444e-04
7.426076580361484957e+03 1.026481300436363542e+00 6.060443933957918809e-04
7.433502656941848727e+03 1.027073641145651806e+00 5.070646499781402078e-04
7.440936159598792983e+03 1.026468221097010636e+00 4.201149170868345565e-04
7.448377095758394717e+03 1.024259862773213126e+00 3.609239685847583242e-04
7.455825472854155123e+03 1.020206960296356602e+00 3.439317721169359910e-04
7.463281298327012337e+03 1.014536823322460091e+00 3.571590834935813117e-04
7.470744579625341430e+03 1.007009472822943286e+00 3.619068926735141559e-04
7.478215324204968965e+03 9.978639061622301965e-01 2.957506225073972526e-04
7.485693539529176633e+03 9.875666677715605468e-01 2.524977524179962537e-04
7.493179233068708527e+03 9.763709821573751668e-01 2.485242107093968921e-04
7.500672412301779332e+03 9.646072628046291619e-01 4.784209278720221803e-04
7.508173084714083416e+03 9.529749231907802542e-01 7.507325548673304079e-04
7.515681257798800289e+03 9.424047803269123280e-01 8.583231081261898879e-04
7.523196939056601877e+03 9.328056758741091192e-01 7.887956496413513598e-04
7.530720135995660712e+03 9.252672940003218160e-01 6.013582697394863601e-04
7.538250856131659020e+03 9.201375707359351619e-01 5.949741601988180369e-04
7.545789106987793275e+03 9.174280211745350355e-01 7.653852490865367068e-04
7.553334896094783289e+03 9.164735141059044965e-01 9.822765651093991884e-04
7.560888230990880402e+03 9.163846653746043902e-01 1.156989912199191161e-03
7.568449119221873843e+03 9.163441874271082144e-01 1.163867638975752804e-03
7.576017568341098013e+03 9.154201514150237529e-01 1.192866138326847698e-03
7.583593585909441572e+03 9.143486532476592377e-01 9.214540491530181805e-04
7.591177179495353812e+03 9.108689429341974009e-01 1.235760951593480690e-03
7.598768356674851930e+03 9.037562390966633608e-01 2.035545988173985497e-03
7.606367125031529213e+03 8.959913370291709978e-01 2.117536084360443702e-03
7.613973492156563225e+03 8.887184917967537734e-01 2.030557426456982249e-03
7.621587465648722173e+03 8.834940636248107548e-01 1.383795447240975538e-03
7.629209053114373091e+03 8.818107619131509978e-01 1.155533071645348112e-03
7.636838262167490029e+03 8.827022647233110364e-01 1.352559282205514305e-03
7.644475100429660415e+03 8.850362110252315562e-01 1.402376224750687562e-03
7.652119575530092334e+03 8.880544742950103876e-01 1.317042195292860048e-03
7.659771695105625440e+03 8.922382789782553614e-01 1.074054023849935766e-03
7.667431466800733688e+03 8.966724015484335286e-01 8.434968903638558882e-04
7.675098898267536242e+03 9.008966220989491624e-01 7.420757077497670221e-04
7.682773997165806577e+03 9.046293704224817045e-01 7.176478822451144973e-04
7.690456771162975201e+03 9.077010138177435961e-01 7.239297796201684451e-04
7.698147227934140574e+03 9.096150716222813903e-01 6.164216688786404354e-04
7.705845375162077289e+03 9.105904065867242991e-01 4.676012227092204748e-04
7.713551220537241534e+03 9.109013497373971147e-01 4.542227917886254443e-04
7.721264771757782000e+03 9.113362067727930338e-01 5.231338577045559863e-04
7.728986036529541707e+03 9.122805702845135922e-01 5.389796588488173857e-04
7.736715022566074367e+03 9.139797038244887872e-01 5.433820927757299383e-04
7.744451737588642573e+03 9.159936154463030888e-01 5.777130115404499004e-04
7.752196189326234162e+03 9.183432134995890284e-01 6.430906569049109171e-04
7.759948385515562222e+03 9.207148343673908775e-01 6.905445690736291154e-04
7.767708333901080550e+03 9.229304454951069436e-01 7.261982677134298228e-04
7.775476042234984561e+03 9.249956915842567629e-01 6.899843876767770053e-04
7.783251518277222203e+03 9.266833261523979015e-01 5.866131626622546943e-04
7.791034769795502143e+03 9.278201935439408521e-01 5.247907052345042803e-04
7.798825804565300132e+03 9.280093072679465038e-01 5.529467896111083924e-04
7.806624630369868100e+03 9.272986436109241781e-01 6.517529227669022944e-04
7.814431255000240526e+03 9.257866694938297059e-01 7.353312184855453947e-04
7.822245686255242617e+03 9.240643878265442090e-01 6.342549338786416298e-04
7.830067931941501229e+03 9.230216674329345672e-01 3.903847790459884942e-04
7.837897999873444860e+03 9.232501227270880628e-01 5.701363318215540163e-04
7.845735897873320937e+03 9.237614343914621884e-01 7.848771059972881091e-04
7.853581633771196721e+03 9.250433567836369164e-01 1.105039578658586477e-03
7.861435215404970222e+03 9.252984455264533503e-01 1.108277030920051202e-03
7.869296650620378387e+03 9.236574654834032172e-01 1.009990353540084901e-03
7.877165947271001642e+03 9.202681364432954148e-01 1.113523927835921969e-03
7.885043113218274812e+03 9.157280261045057657e-01 1.245266149610789333e-03
7.892928156331495302e+03 9.106969433548045556e-01 1.225175376886655787e-03
7.900821084487829467e+03 9.048714426834405522e-01 1.195461008194410955e-03
7.908721905572319884e+03 8.981220348660543529e-01 1.134250888103652309e-03
7.916630627477895359e+03 8.907876505481019391e-01 1.085594556797347867e-03
7.924547258105375477e+03 8.833672364248558173e-01 1.023725029730191468e-03
7.932471805363483327e+03 8.765060451585360290e-01 1.009492078635237065e-03
7.940404277168850058e+03 8.705872806226337968e-01 9.895428494506024620e-04
7.948344681446021241e+03 8.653371330242248805e-01 9.396443808947877200e-04
7.956293026127469602e+03 8.611563900065523081e-01 8.982222555897553676e-04
7.964249319153599572e+03 8.576402828111507892e-01 8.901895907642920838e-04
7.972213568472756378e+03 8.544289049992515039e-01 8.708847689063384939e-04
7.980185782041231505e+03 8.514160713972672712e-01 8.265409143190419845e-04
7.988165967823275423e+03 8.486782092942576350e-01 8.401021518318218693e-04
7.996154133791101231e+03 8.468285221404776575e-01 8.127397248467550317e-04
8.004150287924895565e+03 8.451999057935167814e-01 7.060425101118157848e-04
8.012154438212822242e+03 8.438455502768565930e-01 4.467265627334217012e-04
8.020166592651037718e+03 8.415447110699412203e-01 3.709118509111773753e-04
8.028186759243691995e+03 8.379575529285328006e-01 3.762429277274370208e-04
8.036214946002938632e+03 8.333216543694947909e-01 3.221308571417766170e-04
8.044251160948943834e+03 8.281929555049472036e-01 3.458468035777257049e-04
8.052295412109895551e+03 8.229815492386932663e-01 3.414943277690909149e-04
8.060347707522008022e+03 8.177740046823711584e-01 4.506877906720595803e-04
8.068408055229532692e+03 8.122057608995135736e-01 6.807923625339243725e-04
8.076476463284764577e+03 8.057565588849683325e-01 8.046933530557621311e-04
8.084552939748052268e+03 7.979623605994318192e-01 7.723024331690765557e-04
8.092637492687803388e+03 7.887929613796716977e-01 7.700828140738202399e-04
8.100730130180493688e+03 7.779009165851600294e-01 1.179358719184056851e-03
8.108830860310677053e+03 7.661459625875911561e-01 1.616296842978534338e-03
8.116939691170990045e+03 7.548640694024819631e-01 1.741679503062572602e-03
8.125056630862163729e+03 7.447476565625210654e-01 1.649073327188229450e-03
8.133181687493028221e+03 7.358283967705098183e-01 1.711036951927046067e-03
8.141314869180524511e+03 7.277724102338771761e-01 2.209213916381440150e-03
8.149456184049707190e+03 7.191358182303970725e-01 2.684942664224372610e-03
8.157605640233759914e+03 7.087648055150559401e-01 2.840039343518425009e-03
8.165763245873996311e+03 6.954912624736938609e-01 2.550824825048369181e-03
8.173929009119872717e+03 6.782702839836394215e-01 2.071799823743490556e-03
8.182102938128995447e+03 6.565617825931644447e-01 1.797261053594136375e-03
8.190285041067127167e+03 6.298719417022402567e-01 1.892450669138407392e-03
8.198475326108196896e+03 5.980642916121404751e-01 2.010234525258431434e-03
8.206673801434308189e+03 5.621084899349609865e-01 1.812205038924769984e-03
8.214880475235744598e+03 5.245321315372108995e-01 1.326164598028536099e-03
8.223095355710984222e+03 4.867438045766517840e-01 8.484605765564888491e-04
8.231318451066697889e+03 4.513322014205083388e-01 6.397202360399614285e-04
8.239549769517767345e+03 4.194167459312619362e-01 6.108979299885230422e-04
8.247789319287287071e+03 3.914165658758480548e-01 5.963943822443897686e-04
8.256037108606577021e+03 3.676726691365577171e-01 5.898490221633237310e-04
8.264293145715186256e+03 3.483909899783776964e-01 5.896548867189703880e-04
8.272557438860903858e+03 3.340253965189454166e-01 5.831025165442490533e-04
8.280829996299768027e+03 3.247990551976425166e-01 7.354598733642232202e-04
8.289110826296069718e+03 3.205013871864285102e-01 1.003441155387521959e-03
8.297399937122369010e+03 3.205424778952293274e-01 1.069294379154526282e-03
8.305697337059495112e+03 3.238361003159638263e-01 8.279968928131038351e-04
8.314003034396557268e+03 3.292169771031164260e-01 5.326102250034374158e-04
8.322317037430955679e+03 3.359613140218425942e-01 4.443719728259163857e-04
8.330639354468388774e+03 3.437027402964830669e-01 4.513278047196579994e-04
8.338969993822860488e+03 3.523260466996926410e-01 4.504837331777381427e-04
8.347308963816685718e+03 3.616540458752290910e-01 4.493963989635367052e-04
8.355656272780506697e+03 3.713610497925827758e-01 4.475120406880188253e-04
8.364011929053289350e+03 3.811889758040363785e-01 4.340408918886502396e-04
8.372375940982345128e+03 3.911298925047523301e-01 4.054916779962661828e-04
8.380748316923331004e+03 4.014780818585995670e-01 3.894527797038948571e-04
8.389129065240256750e+03 4.123809842136609838e-01 3.995201922750310714e-04
8.397518194305499492e+03 4.240327012432923981e-01 3.665067241016202481e-04
8.405915712499807341e+03 4.362294019927845934e-01 3.413877981952550796e-04
8.414321628212310316e+03 4.488997673482979511e-01 6.121549315409554378e-04
8.422735949840525791e+03 4.625638994767302670e-01 9.416149297079507222e-04
8.431158685790369418e+03 4.783457215463696732e-01 1.079953819603399505e-03
8.439589844476162398e+03 4.975254273479283729e-01 1.004243577859989175e-03
8.448029434320640576e+03 5.209665080972178952e-01 8.542321459143318490e-04
8.456477463754963537e+03 5.487485775536762311e-01 7.900756741312050689e-04
8.464933941218721884e+03 5.805107553044901447e-01 8.162557092169659681e-04
8.473398875159942691e+03 6.159064082309227972e-01 9.224033541579304378e-04
8.481872274035105875e+03 6.545273015699628605e-01 1.138020030214195732e-03
8.490354146309144198e+03 6.954971245730011686e-01 1.447350435375756956e-03
8.498844500455456000e+03 7.371279801936799769e-01 1.664550016427857439e-03
8.507343344955914290e+03 7.772973822683972855e-01 1.579021396913256065e-03
8.515850688300872207e+03 8.139634701802931360e-01 1.188373021440363971e-03
8.524366538989177570e+03 8.455717266672622134e-01 9.602516132704297380e-04
8.532890905528169242e+03 8.715148673805860335e-01 1.475488066068721517e-03
8.541423796433698953e+03 8.925161137569866954e-01 2.063988070988850322e-03
8.549965220230136765e+03 9.102192062932167316e-01 2.289164443513523866e-03
8.558515185450369245e+03 9.263013988723668435e-01 2.173422534354779116e-03
8.567073700635823116e+03 9.417413137738632756e-01 1.922451944605174613e-03
8.575640774336461618e+03 9.569164707498614142e-01 1.814568079902565811e-03
8.584216415110800881e+03 9.722503285176801180e-01 1.936791920311496705e-03
8.592800631525913559e+03 9.866586706956673725e-01 2.035163636280925073e-03
8.601393432157443385e+03 1.000190878487526858e+00 2.014956092546915916e-03
8.609994825589603352e+03 1.013706212027034592e+00 1.853200492754916674e-03
8.618604820415195718e+03 1.025717479536840004e+00 1.496817702645299045e-03
8.627223425235613831e+03 1.034372472807057353e+00 1.271230263222883957e-03
8.635850648660851220e+03 1.039760086705809217e+00 1.096399634375971313e-03
8.644486499309516148e+03 1.040844732526167826e+00 1.363902373162834570e-03
8.653130985808827973e+03 1.038428082900212601e+00 1.704367741117049709e-03
8.661784116794638976e+03 1.034166803845125049e+00 1.541157175555363679e-03
8.670445900911438002e+03 1.028860513044266289e+00 1.239230923698769618e-03
8.679116346812352276e+03 1.023699096448060786e+00 1.278366049590260898e-03
8.687795463159167412e+03 1.017819487536041789e+00 1.537181452893709608e-03
8.696483258622329231e+03 1.011038272936360505e+00 1.675339911514589367e-03
8.705179741880954680e+03 1.002011482610316584e+00 1.591106037827193969e-03
8.713884921622837282e+03 9.909573243320324298e-01 1.634287547504403686e-03
8.722598806544463514e+03 9.787227699330217634e-01 1.782016215839950495e-03
8.731321405351010981e+03 9.665167696601764113e-01 1.803297317712531777e-03
8.740052726756364791e+03 9.544758734073419681e-01 1.794427830728391156e-03
8.748792779483124832e+03 9.421827186065716564e-01 1.793839386605085816e-03
8.757541572262609407e+03 9.295632164757918758e-01 1.810313504360730290e-03
8.766299113834875243e+03 9.162076457099932458e-01 1.835877083373899880e-03
8.775065412948713856e+03 9.026404160502193852e-01 1.968099811920268928e-03
8.783840478361664282e+03 8.888403809111420362e-01 2.142480387621535989e-03
8.792624318840029446e+03 8.765527408230672224e-01 2.045365753779665365e-03
8.801416943158872527e+03 8.659308229803736046e-01 1.959533546056720522e-03
8.810218360102035149e+03 8.565528368202849352e-01 1.996306833273998188e-03
8.819028578462139194e+03 8.477976023095911140e-01 2.062167436011927250e-03
8.827847607040604998e+03 8.405239909223894967e-01 2.062242963395606934e-03
8.836675454647647712e+03 8.335334511942837921e-01 2.061240830329259550e-03
8.845512130102299125e+03 8.281445816834928086e-01 2.177767018616129629e-03
8.854357642232404032e+03 8.217968339972951952e-01 2.316537101824290776e-03
8.863211999874638423e+03 8.142701505915040938e-01 2.476667792604985222e-03
8.872075211874516754e+03 8.033092906288699098e-01 2.452708764234782287e-03
8.880947287086393771e+03 7.901054246319240137e-01 2.450548090327182675e-03
8.889828234373482701e+03 7.748644723144902935e-01 2.694931092646680494e-03
8.898718062607858883e+03 7.583743183617349670e-01 3.101256898689442893e-03
8.907616780670470689e+03 7.408838944852838004e-01 3.547677356552531806e-03
8.916524397451143159e+03 7.245937434500857588e-01 3.792308744030898834e-03
8.925440921848598009e+03 7.086317319004790116e-01 3.912054513524207411e-03
8.934366362770449996e+03 6.937283228708505112e-01 3.914469507903777477e-03
8.943300729133223285e+03 6.782097825160066096e-01 3.879358824329231896e-03
8.952244029862358730e+03 6.625114244030513300e-01 3.716241234844967160e-03
8.961196273892224781e+03 6.475976700309284961e-01 3.375049296724007102e-03
8.970157470166119310e+03 6.354656223132263415e-01 3.266555783950344724e-03
8.979127627636287798e+03 6.246080884437785752e-01 3.310315721430541046e-03
8.988106755263928790e+03 6.155945505151788621e-01 3.449371555958878881e-03
8.997094862019195716e+03 6.081970868510406802e-01 3.542491044541534566e-03
9.006091956881216902e+03 6.024115593228747123e-01 3.603242775124754736e-03
9.015098048838101022e+03 5.994157280881775574e-01 3.612589716947287380e-03
9.024113146886942559e+03 5.979578330637330685e-01 3.585687280481433814e-03
9.033137260033832717e+03 5.971320204557573064e-01 3.635610404722657788e-03
9.042170397293868518e+03 5.957982199064653095e-01 3.928168793475072217e-03
9.051212567691165532e+03 5.953026217394625785e-01 4.297251566488485656e-03
9.060263780258859697e+03 5.949127201910546781e-01 4.821367713876247192e-03
9.069324044039121873e+03 5.945760957962924476e-01 5.364938408334717253e-03
9.078393368083163296e+03 5.940414314322464140e-01 6.219457967002156584e-03
9.087471761451250131e+03 5.932266875034123421e-01 6.785554157337529355e-03
9.096559233212705294e+03 5.933899769902550858e-01 7.924926878273510014e-03
9.105655792445919360e+03 5.973831307626312759e-01 1.019895484545172912e-02
9.114761448238368757e+03 6.069033549093081348e-01 1.330793542044584471e-02
9.123876209686610309e+03 6.232223167489761018e-01 1.661895633293511421e-02
9.133000085896299424e+03 6.429885517521324312e-01 1.912576578674343719e-02
