# starting wavelength: 3236.420
# ending wavelength: 8740.930
# wav flux eflux
3.239478602521212906e+03 1.539302579907207424e-01 6.820148492273641824e-03
3.242718081123734919e+03 1.555989079037295719e-01 5.528940703993508871e-03
3.245960799204859995e+03 1.566528954797566098e-01 4.274979699128132055e-03
3.249206760004065927e+03 1.579126571618497121e-01 3.266992954732883276e-03
3.252455966764071036e+03 1.591882042003696651e-01 2.576662342882628503e-03
3.255708422730835991e+03 1.601595227036252123e-01 2.087991851597065414e-03
3.258964131153567905e+03 1.613026698200785147e-01 1.744168478830754494e-03
3.262223095284722604e+03 1.622999703339854660e-01 1.480696896252590034e-03
3.265485318380008266e+03 1.633432299891550976e-01 1.258910064376875595e-03
3.268750803698389518e+03 1.645338754218199084e-01 1.094297714950932593e-03
3.272019554502088795e+03 1.660104580586768686e-01 1.004039508485970100e-03
3.275291574056592253e+03 1.678051638316454541e-01 9.766972257317107792e-04
3.278566865630649772e+03 1.694584079564599999e-01 8.948410823958240570e-04
3.281845432496281319e+03 1.712125214310193100e-01 8.403528767815905210e-04
3.285127277928778767e+03 1.728629117807929660e-01 8.184486535976616102e-04
3.288412405206708627e+03 1.744926673977111875e-01 8.580789355892788671e-04
3.291700817611916591e+03 1.765492954627470024e-01 8.458750591828128945e-04
3.294992518429529355e+03 1.787470907379879737e-01 8.747261386834256783e-04
3.298287510947960072e+03 1.814443813851983334e-01 8.595952000806146185e-04
3.301585798458909267e+03 1.844389340966894053e-01 8.379036353641186076e-04
3.304887384257369376e+03 1.880677350187713870e-01 9.872633760314784672e-04
3.308192271641627485e+03 1.920358004167617982e-01 1.073421321531892224e-03
3.311500463913270323e+03 1.959243213707931863e-01 1.114967105111608564e-03
3.314811964377184722e+03 1.999244810246185444e-01 1.117736441525085840e-03
3.318126776341563072e+03 2.038320288528109592e-01 1.115744496282223761e-03
3.321444903117905596e+03 2.078335907142252470e-01 1.101792942056302634e-03
3.324766348021024896e+03 2.117024702117455970e-01 1.072980514814554339e-03
3.328091114369046863e+03 2.152470652100325343e-01 1.071896863990488662e-03
3.331419205483417045e+03 2.183876970471941015e-01 1.124307279066078793e-03
3.334750624688901553e+03 2.216228109211711428e-01 1.189546501756104640e-03
3.338085375313591612e+03 2.254020026568018531e-01 1.213870095772907973e-03
3.341423460688906289e+03 2.288316933223131788e-01 1.274737016900543644e-03
3.344764884149596128e+03 2.322788932453960231e-01 1.352684908403154179e-03
3.348109649033746791e+03 2.356896571738388291e-01 1.384579817864197305e-03
3.351457758682781787e+03 2.394132988812499030e-01 1.421316016899403260e-03
3.354809216441465651e+03 2.434247821987989002e-01 1.424811733370107483e-03
3.358164025657908041e+03 2.477894058977958558e-01 1.385505013128100586e-03
3.361522189683567376e+03 2.520564922846682543e-01 1.317632341189635577e-03
3.364883711873251741e+03 2.572073659821811908e-01 1.342850768702025244e-03
3.368248595585126168e+03 2.622147769283742491e-01 1.319267179231445276e-03
3.371616844180712633e+03 2.675747251940756022e-01 1.326960891782183981e-03
3.374988461024894150e+03 2.733906328043793077e-01 1.375087086265748548e-03
3.378363449485920228e+03 2.790292900105332818e-01 1.384653565605886791e-03
3.381741812935407324e+03 2.851066052263458439e-01 1.420916443870712687e-03
3.385123554748343849e+03 2.914930130124348540e-01 1.382436536299618771e-03
3.388508678303093347e+03 2.979521932908981152e-01 1.289570395091244092e-03
3.391897186981397681e+03 3.043241566513067431e-01 1.075011131043816272e-03
3.395289084168380214e+03 3.104058069539430975e-01 8.211949128080144218e-04
3.398684373252549449e+03 3.158411585016169254e-01 7.977587769632252853e-04
3.402083057625803121e+03 3.208618343931628480e-01 7.950571104242603942e-04
3.405485140683430018e+03 3.253217871981328169e-01 7.891966640046959918e-04
3.408890625824114522e+03 3.292833709948331244e-01 7.909403032115050166e-04
3.412299516449939802e+03 3.323803928404371888e-01 7.067055419784200061e-04
3.415711815966390986e+03 3.351566112709521428e-01 7.130557423079559708e-04
3.419127527782358356e+03 3.375323125946350644e-01 7.100595519228227381e-04
3.422546655310141887e+03 3.390772730228480136e-01 7.655546420182739349e-04
3.425969201965453522e+03 3.402085901599221640e-01 8.027227369287871610e-04
3.429395171167419903e+03 3.410540534547560343e-01 8.700039456492981776e-04
3.432824566338588284e+03 3.419520677158178201e-01 8.775337702704131019e-04
3.436257390904928343e+03 3.427119772733295822e-01 9.032632378984927499e-04
3.439693648295834464e+03 3.433587807635553046e-01 9.189509422361888955e-04
3.443133341944131189e+03 3.440687398677524378e-01 9.158112761168744724e-04
3.446576475286076402e+03 3.446186763881601278e-01 8.914254630408768518e-04
3.450023051761363604e+03 3.449903625149792208e-01 9.124173783639161553e-04
3.453473074813126004e+03 3.453732136407394182e-01 9.045482772250989156e-04
3.456926547887940615e+03 3.456412684216971787e-01 8.782650317189216868e-04
3.460383474435829612e+03 3.460755037401009870e-01 8.692909913723615833e-04
3.463843857910266706e+03 3.466159031663476053e-01 8.771679919377626004e-04
3.467307701768178049e+03 3.477741421548541934e-01 8.963697297149715495e-04
3.470775009469947236e+03 3.488545465531129319e-01 8.172040666747737523e-04
3.474245784479418489e+03 3.496986894372619559e-01 8.063987496090236707e-04
3.477720030263898934e+03 3.505365577743729255e-01 8.028766772268153187e-04
3.481197750294164052e+03 3.513663110753761920e-01 8.092383283754956249e-04
3.484678948044459503e+03 3.524483580102973357e-01 7.897233934840601011e-04
3.488163626992504760e+03 3.533436936291483588e-01 7.900857526238521788e-04
3.491651790619498570e+03 3.542875333231073065e-01 7.899279311325657464e-04
3.495143442410119405e+03 3.550287384741976915e-01 8.060019104532365483e-04
3.498638585852530468e+03 3.557132506697930352e-01 7.775067461653043140e-04
3.502137224438384237e+03 3.563309151583781142e-01 5.952679015829667221e-04
3.505639361662823831e+03 3.570301432817189480e-01 5.516039457719358217e-04
3.509145001024487556e+03 3.581080981282661613e-01 5.536005889063396130e-04
3.512654146025513455e+03 3.595064182119204199e-01 5.633932686865454837e-04
3.516166800171540217e+03 3.610168582401062087e-01 5.319865331968501960e-04
3.519682966971712631e+03 3.627111247049067400e-01 5.120997785488732830e-04
3.523202649938685681e+03 3.644413513142958916e-01 4.914605954828985468e-04
3.526725852588625457e+03 3.660126049895749412e-01 4.858612053941121210e-04
3.530252578441215064e+03 3.675719576983152437e-01 4.854749534311217124e-04
3.533782831019657806e+03 3.691140838506343225e-01 4.767688967205597583e-04
3.537316613850678550e+03 3.707822188136274399e-01 4.742850859589540558e-04
3.540853930464530094e+03 3.723753699368705372e-01 4.879679824892890479e-04
3.544394784394995895e+03 3.741363152913730339e-01 5.630573948787096460e-04
3.547939179179392340e+03 3.759884062351724343e-01 5.726280964361076279e-04
3.551487118358572843e+03 3.773566785934562295e-01 5.306478215790115050e-04
3.555038605476932389e+03 3.784551751747340931e-01 5.264035184749041177e-04
3.558593644082410719e+03 3.794890544275673072e-01 5.482438536498285752e-04
3.562152237726494150e+03 3.805710577174825637e-01 5.295626015775005109e-04
3.565714389964221937e+03 3.816451544610205970e-01 5.085959450965290641e-04
3.569280104354187188e+03 3.826895732787448101e-01 5.144419570036329456e-04
3.572849384458542772e+03 3.837730815879826229e-01 5.116683965635224251e-04
3.576422233843002232e+03 3.846131485150459106e-01 6.043741764834788428e-04
3.579998656076846601e+03 3.855826931065736707e-01 7.317188203968692708e-04
3.583578654732924406e+03 3.874962811839187671e-01 7.824854280939862313e-04
3.587162233387658489e+03 3.899316582515057750e-01 7.953152286941302541e-04
3.590749395621047370e+03 3.931164572651618117e-01 7.729955682746264198e-04
3.594340145016669794e+03 3.973190111541339276e-01 6.612323198559221177e-04
3.597934485161687462e+03 4.027202948449587483e-01 6.235200396965025075e-04
3.601532419646850485e+03 4.097966229976467423e-01 6.109877742145919692e-04
3.605133952066498296e+03 4.181636320189719980e-01 6.746438975083906848e-04
3.608739086018566013e+03 4.279909170930004114e-01 8.785058363961983051e-04
3.612347825104585809e+03 4.386915436770558174e-01 1.018366335832322387e-03
3.615960172929691907e+03 4.498378555750087160e-01 9.988003110606804603e-04
3.619576133102622407e+03 4.618966711705324024e-01 1.171662319586308119e-03
3.623195709235726554e+03 4.740717862814083361e-01 1.064255645100074333e-03
3.626818904944963379e+03 4.858231003255557567e-01 9.978086677798838917e-04
3.630445723849909427e+03 4.976952827499050436e-01 9.284207669103356972e-04
3.634076169573760581e+03 5.086391230210957071e-01 8.707634505945523228e-04
3.637710245743335690e+03 5.186873146288968339e-01 8.998607475184646019e-04
3.641347955989080219e+03 5.276696789412700372e-01 9.851570091433626761e-04
3.644989303945070333e+03 5.353525216974730494e-01 9.168885158570819118e-04
3.648634293249016537e+03 5.423072091718098564e-01 8.531261859074493236e-04
3.652282927542266862e+03 5.482811719923483817e-01 7.883159413764824529e-04
3.655935210469810499e+03 5.533285421858086250e-01 8.983940380441364764e-04
3.659591145680281443e+03 5.571289875918986612e-01 1.035099976583880865e-03
3.663250736825963031e+03 5.594862007264017612e-01 9.817784940817689786e-04
3.666913987562790226e+03 5.603078550491346066e-01 1.048862355628506476e-03
3.670580901550354156e+03 5.591913178415128804e-01 1.052220617989472508e-03
3.674251482451905758e+03 5.566098585181755709e-01 8.588729982432085795e-04
3.677925733934358959e+03 5.520686615074856807e-01 7.766561485768398764e-04
3.681603659668294313e+03 5.455680089659007415e-01 7.702770993453867190e-04
3.685285263327964003e+03 5.368017297388161246e-01 7.348439444959839169e-04
3.688970548591293209e+03 5.266454575323179510e-01 7.316487994166649168e-04
3.692659519139885560e+03 5.148634638940616792e-01 7.154568802391254607e-04
3.696352178659026777e+03 5.017982041054427356e-01 7.110401825465038688e-04
3.700048530837686940e+03 4.876337326477998002e-01 7.242127577455242157e-04
3.703748579368525952e+03 4.728477611239156331e-01 8.560486573050431723e-04
3.707452327947895355e+03 4.575216384967352723e-01 1.000831717979469918e-03
3.711159780275844696e+03 4.426457791396752328e-01 1.072588551452271837e-03
3.714870940056121526e+03 4.287836940630585514e-01 1.259143715755407528e-03
3.718585810996179134e+03 4.163866636396364451e-01 1.251167212253590216e-03
3.722304396807176545e+03 4.057221987204433500e-01 1.138974121538407656e-03
3.726026701203984885e+03 3.968700975659176788e-01 1.052679778343210354e-03
3.729752727905190113e+03 3.902361980472948133e-01 9.294965007180662183e-04
3.733482480633096657e+03 3.861978224145428684e-01 1.018282365545334365e-03
3.737215963113731050e+03 3.847522520895698683e-01 1.208964650231491352e-03
3.740953179076846027e+03 3.863105513147550019e-01 1.122805472259850307e-03
3.744694132255923705e+03 3.887291355572760621e-01 1.002844716867950332e-03
3.748438826388181042e+03 3.927698239553946702e-01 4.401215245747386513e-04
3.752187265214570289e+03 3.969219562551404845e-01 3.594479685145245368e-04
3.755939452479786269e+03 4.017393809554585249e-01 3.211003643929764579e-04
3.759695391932267285e+03 4.066584118912323631e-01 3.352459372555308017e-04
3.763455087324201031e+03 4.117617382695590855e-01 3.596736212929969455e-04
3.767218542411526414e+03 4.172738496153127197e-01 4.884153263032044731e-04
3.770985760953939007e+03 4.234610737017832638e-01 5.543674704918001963e-04
3.774756746714894234e+03 4.307643897198576988e-01 6.026734467444715701e-04
3.778531503461610555e+03 4.394155897776587660e-01 6.376221432606876162e-04
3.782310034965073100e+03 4.498906336228166714e-01 5.788373049750702775e-04
3.786092345000039586e+03 4.622793092716079300e-01 5.116742944928810840e-04
3.789878437345040766e+03 4.770699145027189614e-01 6.079121477540761756e-04
3.793668315782387253e+03 4.938531288071330572e-01 6.561753088322925826e-04
3.797461984098170888e+03 5.130558646122105326e-01 6.270175597112388408e-04
3.801259446082270188e+03 5.347450470011586576e-01 6.025646410898591364e-04
3.805060705528353537e+03 5.587330376883832272e-01 7.329384696299869528e-04
3.808865766233883278e+03 5.855108983837560288e-01 8.220091936610826773e-04
3.812674632000118436e+03 6.152615884143088909e-01 8.193546389894509809e-04
3.816487306632119726e+03 6.478361953727538314e-01 8.192178861016747964e-04
3.820303793938753188e+03 6.827350344337203003e-01 7.695684922341004732e-04
3.824124097732693372e+03 7.202240459199265032e-01 7.827016371987151376e-04
3.827948221830427428e+03 7.599056364115908124e-01 8.294511181251011016e-04
3.831776170052258749e+03 8.018407986849983571e-01 8.283159489693515997e-04
3.835607946222312421e+03 8.450788267979008062e-01 7.445100098931819619e-04
3.839443554168536139e+03 8.895218650863014886e-01 6.278454257444509006e-04
3.843282997722705659e+03 9.343142663546830651e-01 5.641588897088773607e-04
3.847126280720429804e+03 9.793295223698776919e-01 5.775791691502367257e-04
3.850973407001151372e+03 1.023731248506407177e+00 5.817917770699024705e-04
3.854824380408153957e+03 1.067502829935420783e+00 7.283984109215453813e-04
3.858679204788563311e+03 1.110498415830112773e+00 9.389644464297865071e-04
3.862537883993353262e+03 1.151984613316513251e+00 8.472945858168596037e-04
3.866400421877347981e+03 1.191698334782211655e+00 1.346268484585585708e-03
3.870266822299226533e+03 1.230225745825205275e+00 1.836129378939335569e-03
3.874137089121526969e+03 1.268469195363650215e+00 1.911119450838919334e-03
3.878011226210649966e+03 1.306159019885946737e+00 1.701277191790886078e-03
3.881889237436861549e+03 1.343774115220103260e+00 1.628940212361809723e-03
3.885771126674299921e+03 1.381235912618485884e+00 2.009505342276728199e-03
3.889656897800975457e+03 1.417741870536668447e+00 2.291275212116330312e-03
3.893546554698777527e+03 1.452386485371933933e+00 2.298379493217604045e-03
3.897440101253477678e+03 1.484936757244383232e+00 2.124452593175613861e-03
3.901337541354732366e+03 1.515195320175809490e+00 2.012913262682539204e-03
3.905238878896088409e+03 1.543047092011920363e+00 2.134185121055664873e-03
3.909144117774985716e+03 1.568383351388738634e+00 2.290327362522810804e-03
3.913053261892762293e+03 1.591589703300444025e+00 2.305566567763550796e-03
3.916966315154656058e+03 1.612945190423489494e+00 1.985849319699588885e-03
3.920883281469812118e+03 1.632975881835657006e+00 1.812249701831864044e-03
3.924804164751283224e+03 1.651549266709000818e+00 1.826609657397711660e-03
3.928728968916035683e+03 1.669467945984779877e+00 1.912665575797816353e-03
3.932657697884953450e+03 1.686148229862839409e+00 1.492541283492637792e-03
3.936590355582839493e+03 1.700521241293090569e+00 1.607299922691093853e-03
3.940526945938423523e+03 1.712767693164912286e+00 1.974741236194186948e-03
3.944467472884363360e+03 1.723537998153518824e+00 1.939805117814554945e-03
3.948411940357249023e+03 1.732847422257556058e+00 1.860671740394727889e-03
3.952360352297607733e+03 1.740066956014624910e+00 1.947251389914682242e-03
3.956312712649906643e+03 1.745170849305785810e+00 2.301880544362133567e-03
3.960269025362557841e+03 1.747738224773918381e+00 2.501544159723830159e-03
3.964229294387921527e+03 1.746756526775203211e+00 2.311830313112252233e-03
3.968193523682310570e+03 1.741651569251690956e+00 1.984283505027840174e-03
3.972161717205994591e+03 1.732111157337352436e+00 1.877619993071370222e-03
3.976133878923201792e+03 1.718061481645728250e+00 2.084035077959448500e-03
3.980110012802126221e+03 1.699772085256123999e+00 2.295958120165961670e-03
3.984090122814929600e+03 1.678054500454441600e+00 2.129239161908577042e-03
3.988074212937745870e+03 1.653319603811354233e+00 1.609177638479510628e-03
3.992062287150684824e+03 1.627149323555832527e+00 1.341666187522226952e-03
3.996054349437837118e+03 1.599772481750557862e+00 1.417634356065117143e-03
4.000050403787276082e+03 1.571720463752013019e+00 1.496343356432482726e-03
4.004050454191064546e+03 1.542834019138339618e+00 1.078661646590596459e-03
4.008054504645257111e+03 1.512688491791103651e+00 7.879318763878856175e-04
4.012062559149903791e+03 1.481214773722576261e+00 9.237748544172457582e-04
4.016074621709055009e+03 1.449253678489028863e+00 8.761620280467662895e-04
4.020090696330765240e+03 1.417227672229449231e+00 8.129506699627548705e-04
4.024110787027097558e+03 1.385382639860422094e+00 7.316424314996457061e-04
4.028134897814125907e+03 1.354108503650032214e+00 6.651855862710317167e-04
4.032163032711941469e+03 1.324194236930964053e+00 6.664323220847668486e-04
4.036195195744654484e+03 1.296135373141721114e+00 6.762135221518916555e-04
4.040231390940400615e+03 1.270002335787893788e+00 6.754004761848416034e-04
4.044271622331342314e+03 1.245803962326206493e+00 6.743208024181449045e-04
4.048315893953675186e+03 1.223546001304453679e+00 6.991620151613924580e-04
4.052364209847629809e+03 1.202933899318273880e+00 7.276598882820581185e-04
4.056416574057479011e+03 1.183721274338110696e+00 7.611256554593711070e-04
4.060472990631537868e+03 1.166132429593414566e+00 8.977587359918420351e-04
4.064533463622170530e+03 1.149181036063920747e+00 9.115154837690170363e-04
4.068597997085794304e+03 1.133340348763998584e+00 7.931247102332180266e-04
4.072666595082881486e+03 1.117985342582530794e+00 6.770754080980981391e-04
4.076739261677965715e+03 1.102821751413618045e+00 4.827601837723862442e-04
4.080816000939644709e+03 1.087267508964566476e+00 5.710430924346747428e-04
4.084896816940585722e+03 1.071774419645800114e+00 4.739734484157986710e-04
4.088981713757527814e+03 1.056434842600402213e+00 3.595097464384074386e-04
4.093070695471286854e+03 1.041782003059372741e+00 3.628012840329322090e-04
4.097163766166759160e+03 1.027481857078550442e+00 5.827574110886787678e-04
4.101260929932927866e+03 1.014123723870524296e+00 7.764536278216388346e-04
4.105362190862862008e+03 1.002012149273287633e+00 8.143133154615087976e-04
4.109467553053726078e+03 9.915624701331405833e-01 7.652886507851248271e-04
4.113577020606780934e+03 9.831660124777545917e-01 6.784063606046228725e-04
4.117690597627389252e+03 9.770554159302307085e-01 6.280821465942258751e-04
4.121808288225018259e+03 9.732004806216709714e-01 6.763575906405010696e-04
4.125930096513244280e+03 9.715687237151465760e-01 8.593946145210829782e-04
4.130056026609759101e+03 9.715237231510990279e-01 9.310912552028433346e-04
4.134186082636369974e+03 9.728763358347453094e-01 9.274683206947582697e-04
4.138320268719007800e+03 9.753151900995999934e-01 6.837545459686317001e-04
4.142458588987728035e+03 9.780059835933495593e-01 6.122745439095544397e-04
4.146601047576717065e+03 9.810336279238243140e-01 5.415125450110825581e-04
4.150747648624294925e+03 9.839965688324213700e-01 5.240017078895987859e-04
4.154898396272920763e+03 9.863554511042090800e-01 5.655350290789173734e-04
4.159053294669195566e+03 9.885251488374166007e-01 3.590660372377663719e-04
4.163212347963865795e+03 9.908605282112534773e-01 4.490015546828113801e-04
4.167375560311830668e+03 9.927799739072195040e-01 4.658308632956844274e-04
4.171542935872143971e+03 9.944412126084219983e-01 3.949818758024971257e-04
4.175714478808017702e+03 9.953468396340040547e-01 4.020717966826772329e-04
4.179890193286827525e+03 9.960937420655586738e-01 3.995169852735177629e-04
4.184070083480115500e+03 9.962968489613007739e-01 4.164845071185302255e-04
4.188254153563597356e+03 9.961469570196563872e-01 4.568395477056857719e-04
4.192442407717161586e+03 9.957757226564323272e-01 4.752177443841182564e-04
4.196634850124880359e+03 9.954436388699218208e-01 4.397154292440814960e-04
4.200831484975006788e+03 9.956205040502027481e-01 4.091509230731370760e-04
4.205032316459983122e+03 9.966493346156434230e-01 3.887179495480108161e-04
4.209237348776444378e+03 9.983592909786244141e-01 3.582323170710311551e-04
4.213446586125221984e+03 1.001152694735980120e+00 3.555422574172890145e-04
4.217660032711349231e+03 1.005027369184115393e+00 3.438721269925979190e-04
4.221877692744061278e+03 1.010202734237402256e+00 3.704776166611761941e-04
4.226099570436806971e+03 1.016531022598764045e+00 3.663474981743240527e-04
4.230325670007245208e+03 1.023711977868313250e+00 3.543988910411995010e-04
4.234555995677254032e+03 1.031483212583281794e+00 3.301565867241530554e-04
4.238790551672932452e+03 1.040305240324996383e+00 3.242997966014101677e-04
4.243029342224606808e+03 1.049688172713311607e+00 2.772931154071416504e-04
4.247272371566832589e+03 1.059330006899682930e+00 2.798023666257224589e-04
4.251519643938400804e+03 1.069026111020590974e+00 2.770700366456523619e-04
4.255771163582340705e+03 1.078639565292597524e+00 3.084626425399072556e-04
4.260026934745924336e+03 1.088008440318724457e+00 2.636466646815092984e-04
4.264286961680671993e+03 1.096383863668058734e+00 2.637350165829303633e-04
4.268551248642354039e+03 1.104055743336570528e+00 3.666580559679443211e-04
4.272819799890998183e+03 1.110245151019805254e+00 3.775242826472024224e-04
4.277092619690890388e+03 1.114635716075230487e+00 3.621619715599230663e-04
4.281369712310583054e+03 1.117221198873292298e+00 3.751127849668179281e-04
4.285651082022895025e+03 1.117741930262124317e+00 3.667683815421974225e-04
4.289936733104918858e+03 1.115571586753818067e+00 3.912223613476158808e-04
4.294226669838025373e+03 1.110656523107874438e+00 3.835500934547375184e-04
4.298520896507864563e+03 1.103032198929366103e+00 3.747331331587927809e-04
4.302819417404373780e+03 1.093013932858405646e+00 3.332940620190367543e-04
4.307122236821779552e+03 1.080503221212179232e+00 3.400828018144062262e-04
4.311429359058603040e+03 1.065709899013357109e+00 5.422741698384741550e-04
4.315740788417662770e+03 1.049195853427198566e+00 8.639829488482533414e-04
4.320056529206081905e+03 1.032000315315301009e+00 1.054098901025641959e-03
4.324376585735290064e+03 1.014869290806624802e+00 9.223076260329044753e-04
4.328700962321026054e+03 9.984471940865439210e-01 8.026670937274298610e-04
4.333029663283348782e+03 9.834157689180500483e-01 6.462778899404435012e-04
4.337362692946633615e+03 9.703082614299255448e-01 7.593380082229095763e-04
4.341700055639581478e+03 9.589433429030649325e-01 8.627994691884689239e-04
4.346041755695222491e+03 9.493933089034694017e-01 8.943245149393106450e-04
4.350387797450919606e+03 9.421316988505834544e-01 7.589446627084319710e-04
4.354738185248371337e+03 9.363854169136163197e-01 6.274564775275094826e-04
4.359092923433621763e+03 9.321059456801006338e-01 5.914047474832955474e-04
4.363452016357056891e+03 9.296787861201842862e-01 5.529024821343097706e-04
4.367815468373414660e+03 9.289493746059993562e-01 5.458813380121340297e-04
4.372183283841789489e+03 9.298176411955411114e-01 5.301977423810057830e-04
4.376555467125633186e+03 9.324104759627257488e-01 4.455608747714476171e-04
4.380932022592760404e+03 9.372070481894064775e-01 3.613926214420895046e-04
4.385312954615354101e+03 9.444556152548065908e-01 3.646689668848765377e-04
4.389698267569970994e+03 9.542352918532511774e-01 3.506887754195244758e-04
4.394087965837542470e+03 9.664798075594676074e-01 3.502520088988006486e-04
4.398482053803381859e+03 9.809934333502885462e-01 4.067365573743969521e-04
4.402880535857186260e+03 9.982475853779909647e-01 3.780472529328982121e-04
4.407283416393044718e+03 1.018255367316924120e+00 3.770643428141929742e-04
4.411690699809440048e+03 1.040695002692324733e+00 3.540314806961962664e-04
4.416102390509250654e+03 1.065885837574383377e+00 5.262103881390294263e-04
4.420518492899761441e+03 1.093431358148632571e+00 5.311833482611787519e-04
4.424939011392662906e+03 1.122890234367707185e+00 5.023438387951937147e-04
4.429363950404056595e+03 1.154068371696332695e+00 4.523823277243598905e-04
4.433793314354462382e+03 1.187022851546704061e+00 3.906515270122854259e-04
4.438227107668818462e+03 1.221463294936580457e+00 4.510424133843109629e-04
4.442665334776488635e+03 1.257401704459795821e+00 4.476207514797707451e-04
4.447108000111265937e+03 1.295216877875991157e+00 4.269186384705013840e-04
4.451555108111379013e+03 1.334571402652253269e+00 4.101216940071990389e-04
4.456006663219492111e+03 1.375697197034054131e+00 3.845914299327847855e-04
4.460462669882713271e+03 1.418419380592220724e+00 3.576580638011972457e-04
4.464923132552597053e+03 1.462968700961654545e+00 3.767258133460531146e-04
4.469388055685150903e+03 1.509243529937546180e+00 4.039968074562223267e-04
4.473857443740837880e+03 1.557355846107917774e+00 4.234353984881901998e-04
4.478331301184580298e+03 1.607212150983746923e+00 4.202515754362766572e-04
4.482809632485766087e+03 1.658320718380374537e+00 3.893592539719114101e-04
4.487292442118253348e+03 1.710757370551014178e+00 3.812544193945401798e-04
4.491779734560373072e+03 1.764104463637141906e+00 3.505270744215315459e-04
4.496271514294934605e+03 1.818416321444192185e+00 3.359031020825886649e-04
4.500767785809231100e+03 1.873393632458902003e+00 3.245929013016189083e-04
4.505268553595042249e+03 1.928635532396091978e+00 3.738285315693568229e-04
4.509773822148638828e+03 1.983610460557303279e+00 4.551125759628366443e-04
4.514283595970789065e+03 2.037339135360731301e+00 4.188970111759504622e-04
4.518797879566761367e+03 2.089415332797315283e+00 4.067465739282282236e-04
4.523316677446328868e+03 2.139476526975043313e+00 4.489715051184107976e-04
4.527839994123776705e+03 2.186868043027601072e+00 4.804308671372040616e-04
4.532367834117902021e+03 2.231274186524198733e+00 4.821233482301784628e-04
4.536900201952022144e+03 2.271769767830798425e+00 4.780378299212225692e-04
4.541437102153975502e+03 2.308303691558724502e+00 3.704855672418650662e-04
4.545978539256130716e+03 2.339983121050840609e+00 3.819050393602252402e-04
4.550524517795388419e+03 2.366866886926707103e+00 4.471040020922398273e-04
4.555075042313184895e+03 2.388877239707250855e+00 5.160118161629406470e-04
4.559630117355500261e+03 2.406298861138689738e+00 4.786026619267512135e-04
4.564189747472856652e+03 2.419319312688285262e+00 4.645634179359411486e-04
4.568753937220330954e+03 2.427832421848135525e+00 4.662191167963077357e-04
4.573322691157552981e+03 2.431842163692785164e+00 4.624800971241849732e-04
4.577896013848711846e+03 2.431397056707591098e+00 4.635165743260980984e-04
4.582473909862562323e+03 2.426939280358265894e+00 5.073819447402362365e-04
4.587056383772426670e+03 2.418729342319102749e+00 5.052631122318502685e-04
4.591643440156200086e+03 2.407441350000905977e+00 5.045678852456642440e-04
4.596235083596357981e+03 2.392919849080592520e+00 4.903768120745908904e-04
4.600831318679955984e+03 2.375047826112579141e+00 4.932450289363163537e-04
4.605432149998637215e+03 2.354420534752115657e+00 4.503102016757043382e-04
4.610037582148637739e+03 2.331371396919208028e+00 4.277507129272479602e-04
4.614647619730787483e+03 2.306025181140179736e+00 3.891937650186509928e-04
4.619262267350520233e+03 2.278905657341969704e+00 3.898403577002825557e-04
4.623881529617872729e+03 2.249943440860536104e+00 3.936576702103611694e-04
4.628505411147491941e+03 2.219311161863766202e+00 3.415696528145307402e-04
4.633133916558640522e+03 2.186538013693448690e+00 3.606792360760581505e-04
4.637767050475200449e+03 2.152205136472431057e+00 4.857039486232693818e-04
4.642404817525677572e+03 2.115691851783892741e+00 5.432963115932912864e-04
4.647047222343205249e+03 2.077268023109042794e+00 6.229257872267427538e-04
4.651694269565549803e+03 2.036856256723921454e+00 6.813260667584263713e-04
4.656345963835116891e+03 1.994243647259657415e+00 6.549520276998608377e-04
4.661002309798953320e+03 1.949056319395777059e+00 5.199304144564166055e-04
4.665663312108753416e+03 1.901099313672980795e+00 4.391486547722757774e-04
4.670328975420864481e+03 1.850809576828793324e+00 4.635789829668790344e-04
4.674999304396286789e+03 1.798679323408014286e+00 5.349798218106030642e-04
4.679674303700684504e+03 1.745485180214799481e+00 6.166026635365183224e-04
4.684353978004386590e+03 1.691616952033093257e+00 7.130922059635771623e-04
4.689038331982392265e+03 1.638052739813308900e+00 7.214100794128670358e-04
4.693727370314376458e+03 1.585760484640170498e+00 8.310771334574253936e-04
4.698421097684692540e+03 1.535928786045984484e+00 7.600074215764572724e-04
4.703119518782378691e+03 1.489273376345207289e+00 8.154207304370703893e-04
4.707822638301162442e+03 1.447193069081388783e+00 8.342598592194260324e-04
4.712530460939465229e+03 1.410329144779206567e+00 7.627951719615019268e-04
4.717242991400406027e+03 1.379183602970487144e+00 6.464329673896145479e-04
4.721960234391808626e+03 1.353902907792698951e+00 6.922732475662572932e-04
4.726682194626201635e+03 1.334610340242733173e+00 9.541185312030304577e-04
4.731408876820829391e+03 1.320192225574414291e+00 1.192100814817392352e-03
4.736140285697651962e+03 1.310272242881276306e+00 1.390542767680945325e-03
4.740876425983350600e+03 1.303952270766417287e+00 1.459026448455455482e-03
4.745617302409335934e+03 1.300016797497240084e+00 1.212798128236451363e-03
4.750362919711747054e+03 1.297264743631541650e+00 8.334747547466932671e-04
4.755113282631459697e+03 1.294630091071340194e+00 5.545521143112231788e-04
4.759868395914093526e+03 1.291739389685315098e+00 4.307352202487189094e-04
4.764628264310008490e+03 1.288223796152155431e+00 5.587488798833652485e-04
4.769392892574320285e+03 1.284188180502805254e+00 6.801701069948173179e-04
4.774162285466896719e+03 1.279871373321719963e+00 6.598714075089851319e-04
4.778936447752364984e+03 1.275735868723309796e+00 6.268585467423551600e-04
4.783715384200118933e+03 1.272156934874272727e+00 5.357940023731941163e-04
4.788499099584319993e+03 1.269947361205972625e+00 5.690712065601923313e-04
4.793287598683906253e+03 1.269060653117078497e+00 4.916039196218057513e-04
4.798080886282591564e+03 1.270418097548610570e+00 3.935743859297133676e-04
4.802878967168876443e+03 1.274283412978866270e+00 2.884821217783972692e-04
4.807681846136046261e+03 1.280776884799277537e+00 2.721777879587281251e-04
4.812489527982183972e+03 1.290331530663568094e+00 4.873737540759170354e-04
4.817302017510168298e+03 1.302216683243736517e+00 4.713409018758837584e-04
4.822119319527679181e+03 1.316605950350568932e+00 4.798795134965841793e-04
4.826941438847208701e+03 1.333465455779691000e+00 4.510537955259041908e-04
4.831768380286057436e+03 1.352708334493751385e+00 3.914241048608100020e-04
4.836600148666345376e+03 1.373931376119309489e+00 5.222716507087241415e-04
4.841436748815013743e+03 1.397288460807407873e+00 7.140196450027991998e-04
4.846278185563829538e+03 1.422714286937781791e+00 8.267564307915411083e-04
4.851124463749395545e+03 1.450347593538593882e+00 7.424508493241306325e-04
4.855975588213146693e+03 1.479830881848137603e+00 6.007878064016655825e-04
4.860831563801360971e+03 1.511112932041765777e+00 4.451465357311856471e-04
4.865692395365163975e+03 1.543884284436863652e+00 7.479811913427467616e-04
4.870558087760530725e+03 1.577021425890648088e+00 1.095345331446453789e-03
4.875428645848292945e+03 1.609320468422711592e+00 1.290593587552421031e-03
4.880304074494142696e+03 1.639551928957517557e+00 1.387820908532642243e-03
4.885184378568638749e+03 1.665957364442513855e+00 1.284552411981517697e-03
4.890069562947209306e+03 1.687782861437458370e+00 1.234373921548413515e-03
4.894959632510157462e+03 1.703271865273991992e+00 9.020937967487987433e-04
4.899854592142669389e+03 1.711871609931750138e+00 6.974217703482894336e-04
4.904754446734813428e+03 1.713176240216894852e+00 4.506540317364432112e-04
4.909659201181550088e+03 1.706524156429443773e+00 6.855814863289464009e-04
4.914568860382732964e+03 1.693015248004905660e+00 8.125807040057190936e-04
4.919483429243117826e+03 1.673204695079610227e+00 9.028254824451860177e-04
4.924402912672362618e+03 1.648072684762379225e+00 1.087454962411001222e-03
4.929327315585036558e+03 1.618764387573004893e+00 1.239554872724611461e-03
4.934256642900622865e+03 1.587069401618653508e+00 1.219158733358179005e-03
4.939190899543525120e+03 1.554395203976855155e+00 1.156918414959600804e-03
4.944130090443070912e+03 1.522217545841101805e+00 1.110323824718939274e-03
4.949074220533515472e+03 1.491576563041003611e+00 8.182503993686009820e-04
4.954023294754050767e+03 1.463841955162836772e+00 5.285737228085008333e-04
4.958977318048806410e+03 1.439808735093511372e+00 5.153971992184070827e-04
4.963936295366856939e+03 1.419770843869123000e+00 6.887185013987624088e-04
4.968900231662225451e+03 1.403638798525167264e+00 7.950650992103602691e-04
4.973869131893889062e+03 1.391486952777571506e+00 8.778331535977042807e-04
4.978843001025784361e+03 1.382607894881058952e+00 9.239153306299306397e-04
4.983821844026811959e+03 1.377039558335304559e+00 6.729686410813138196e-04
4.988805665870840130e+03 1.373412920352672595e+00 6.050563181137546057e-04
4.993794471536712990e+03 1.371826620281854980e+00 3.724036050753686531e-04
4.998788266008251412e+03 1.371340941104528977e+00 2.446184231864329938e-04
5.003787054274261209e+03 1.371534229475150024e+00 2.468821885881015412e-04
5.008790841328536771e+03 1.372506794327440716e+00 2.401005892984740136e-04
5.013799632169867436e+03 1.373863649316259927e+00 2.823522587547215709e-04
5.018813431802038394e+03 1.375349432387579007e+00 2.994498680590712103e-04
5.023832245233842514e+03 1.376944638496016671e+00 2.187631547959942389e-04
5.028856077479077612e+03 1.378746681368524518e+00 2.736544089467124507e-04
5.033884933556558281e+03 1.380262446932952747e+00 3.097414783677723024e-04
5.038918818490116792e+03 1.381365948317563985e+00 3.370748997072540434e-04
5.043957737308608557e+03 1.382104450597387846e+00 4.163680713352521808e-04
5.049001695045918495e+03 1.382152825096181425e+00 3.573865152500444635e-04
5.054050696740966487e+03 1.381427565799663304e+00 3.492567792076053858e-04
5.059104747437709193e+03 1.380240547416125896e+00 3.350144861671562439e-04
5.064163852185148244e+03 1.378428159362770078e+00 3.929394075992901215e-04
5.069228016037335692e+03 1.376446950703804850e+00 4.735997582235716599e-04
5.074297244053374015e+03 1.374598182067314323e+00 4.287571727462612938e-04
5.079371541297429758e+03 1.373347666213023066e+00 3.572437115694343242e-04
5.084450912838728073e+03 1.372929035028331635e+00 2.340163360022671374e-04
5.089535363751569093e+03 1.373963322266337217e+00 2.049260174857144240e-04
5.094624899115322478e+03 1.376609110651003887e+00 2.097570832698971669e-04
5.099719524014439230e+03 1.381150084893523422e+00 3.209095559675480139e-04
5.104819243538455339e+03 1.387946353115582232e+00 4.931670781577778603e-04
5.109924062781995417e+03 1.397470524237685474e+00 4.742129039355267510e-04
5.115033986844779065e+03 1.409772644076727088e+00 4.289089076527380514e-04
5.120149020831625421e+03 1.425133464699751551e+00 5.720373471426346912e-04
5.125269169852458617e+03 1.443307511507052388e+00 7.012450546611763815e-04
5.130394439022313236e+03 1.464018314459553327e+00 7.789332860217812286e-04
5.135524833461337039e+03 1.487103847058088624e+00 7.452247331404986738e-04
5.140660358294800062e+03 1.512630067567657832e+00 6.220223366128821690e-04
5.145801018653096435e+03 1.540198223599331229e+00 6.392931692830597715e-04
5.150946819671751655e+03 1.569778169496678588e+00 7.972980372084172238e-04
5.156097766491425318e+03 1.601643414441275226e+00 8.703499114177228393e-04
5.161253864257918394e+03 1.635572779378493324e+00 8.443054693145057160e-04
5.166415118122177773e+03 1.671650369490240040e+00 6.722547123081617322e-04
5.171581533240301724e+03 1.710096784474754994e+00 6.662369808131672925e-04
5.176753114773543530e+03 1.750388117916553465e+00 7.841281459324144117e-04
5.181929867888318768e+03 1.792092835593019684e+00 8.526772032855055436e-04
5.187111797756208944e+03 1.834901024507577194e+00 7.843682935812204462e-04
5.192298909553966951e+03 1.877892152234478473e+00 5.328052741684096739e-04
5.197491208463522526e+03 1.920217663248323214e+00 3.716625724590679760e-04
5.202688699671987706e+03 1.961449719886810605e+00 3.585127988420219497e-04
5.207891388371661378e+03 2.001376589089567393e+00 4.241398613898796446e-04
5.213099279760034733e+03 2.039115082136437884e+00 4.555728195757835497e-04
5.218312379039796724e+03 2.074651479673366605e+00 5.231079153467928060e-04
5.223530691418837705e+03 2.107408610405457683e+00 5.606539702396567786e-04
5.228754222110258524e+03 2.137147095894835314e+00 5.288428322414675435e-04
5.233982976332370527e+03 2.163544540287430262e+00 5.722783847816106115e-04
5.239216959308704645e+03 2.186942786711981501e+00 6.116165999435863943e-04
5.244456176268015042e+03 2.207310506558926022e+00 6.717850429549017269e-04
5.249700632444284565e+03 2.224577735252871058e+00 7.589868890421607589e-04
5.254950333076731113e+03 2.239376093180506455e+00 7.699758965400603982e-04
5.260205283409809454e+03 2.251910615069979915e+00 6.101983186205878684e-04
5.265465488693221232e+03 2.262755285060073174e+00 3.698533975943867872e-04
5.270730954181915877e+03 2.272502089087453214e+00 3.318692610720104627e-04
5.276001685136099695e+03 2.281101863783795203e+00 3.357759566724926518e-04
5.281277686821237694e+03 2.288724332814967344e+00 3.475795264151429627e-04
5.286558964508059944e+03 2.295549981723809196e+00 2.726596734022786205e-04
5.291845523472569766e+03 2.301264276439263234e+00 2.302169587173428654e-04
5.297137368996044643e+03 2.305744207479286434e+00 2.326872868449294043e-04
5.302434506365042580e+03 2.309333809294492390e+00 2.959032359005689655e-04
5.307736940871409388e+03 2.312037962448413531e+00 4.372440987152682087e-04
5.313044677812282316e+03 2.313278683111813727e+00 4.655585023499912256e-04
5.318357722490096421e+03 2.313394798684195397e+00 4.075282263035065250e-04
5.323676080212588204e+03 2.312242539435619193e+00 3.786394906562018706e-04
5.328999756292802886e+03 2.310101279052133805e+00 4.030631367593205563e-04
5.334328756049097137e+03 2.307094963713640645e+00 3.974269909818692499e-04
5.339663084805148173e+03 2.303816837307128385e+00 4.045342384870064694e-04
5.345002747889954662e+03 2.300461209039077470e+00 4.091298279437983651e-04
5.350347750637846730e+03 2.297110638908129943e+00 5.114088971000690150e-04
5.355698098388485960e+03 2.294592951613563248e+00 6.570745403997359235e-04
5.361053796486876308e+03 2.293520522684187934e+00 7.078770871697642308e-04
5.366414850283365013e+03 2.294482049783360011e+00 6.574890171564193309e-04
5.371781265133649867e+03 2.297808120790181263e+00 6.076813799123018112e-04
5.377153046398785591e+03 2.303778222075946847e+00 5.460528442132675389e-04
5.382530199445186554e+03 2.312501308201693639e+00 5.286967499470667355e-04
5.387912729644633146e+03 2.323855946551149909e+00 6.777496569496414477e-04
5.393300642374279960e+03 2.337291996749313761e+00 9.157942615881657818e-04
5.398693943016655794e+03 2.352035576515735027e+00 1.033086020468251126e-03
5.404092636959673655e+03 2.367770051381399288e+00 1.037199721619055893e-03
5.409496729596635305e+03 2.383662697299031130e+00 7.832543483189451311e-04
5.414906226326233991e+03 2.398548102368830648e+00 5.149084755168235189e-04
5.420321132552561721e+03 2.411929426110074992e+00 3.072044482441099018e-04
5.425741453685116539e+03 2.423045062589088250e+00 3.136920449835389930e-04
5.431167195138803436e+03 2.431878661217103499e+00 3.733447426073001514e-04
5.436598362333943442e+03 2.437922712688177285e+00 4.738542746495333748e-04
5.442034960696279086e+03 2.440880741976629409e+00 4.944906686297826075e-04
5.447476995656978033e+03 2.440569306548035833e+00 4.571705889545275240e-04
5.452924472652636723e+03 2.436731028379080843e+00 5.620071346924256171e-04
5.458377397125291282e+03 2.429833444536094955e+00 6.419856530751868930e-04
5.463835774522417523e+03 2.420116255833589136e+00 7.229570771640410906e-04
5.469299610296941864e+03 2.407912896842904438e+00 7.725977241883950995e-04
5.474768909907241323e+03 2.393445784044591296e+00 7.206419547764517488e-04
5.480243678817149885e+03 2.377205385434473683e+00 5.960509805452280079e-04
5.485723922495968509e+03 2.359607512057971590e+00 5.375186990375435203e-04
5.491209646418466946e+03 2.341040290199868146e+00 5.417016506044315585e-04
5.496700856064887375e+03 2.321847652685499419e+00 5.338662127686601405e-04
5.502197556920953502e+03 2.302227004389694631e+00 5.778896103318022920e-04
5.507699754477876013e+03 2.282764281508154358e+00 6.725741351574489281e-04
5.513207454232356213e+03 2.263707263350546839e+00 7.807940726223121545e-04
5.518720661686590574e+03 2.245276457460662733e+00 7.833604109037003689e-04
5.524239382348278923e+03 2.227838381991570138e+00 6.742571585656315916e-04
5.529763621730628984e+03 2.211866695807892302e+00 3.963210085717662782e-04
5.535293385352360929e+03 2.197788330139684998e+00 4.587342975297085284e-04
5.540828678737715563e+03 2.185287964837499430e+00 5.439441362726517813e-04
5.546369507416455235e+03 2.174086468141917194e+00 5.457935894239316840e-04
5.551915876923872929e+03 2.163791765051703564e+00 4.934156461584324020e-04
5.557467792800798634e+03 2.153841044967351959e+00 4.101982449609009747e-04
5.563025260593602070e+03 2.143958083988860341e+00 3.175123857247582238e-04
5.568588285854197238e+03 2.133363275649316382e+00 4.032465537261628033e-04
5.574156874140053333e+03 2.121419360377959418e+00 5.449339487011705145e-04
5.579731031014194741e+03 2.107504332890243859e+00 5.797901591125829762e-04
5.585310762045211050e+03 2.091257845507501933e+00 5.235458865935875431e-04
5.590896072807257951e+03 2.072372385455011568e+00 5.074193251799273118e-04
5.596486968880067252e+03 2.050807035013863633e+00 4.968981763373379185e-04
5.602083455848949598e+03 2.026409892381606515e+00 4.963417843204912276e-04
5.607685539304799931e+03 1.998981318180576006e+00 5.170242345159171450e-04
5.613293224844106589e+03 1.968374267386418630e+00 5.183770660598719694e-04
5.618906518068952209e+03 1.935028271623616458e+00 5.159664484526901027e-04
5.624525424587023736e+03 1.899168728968852582e+00 5.234963313948328301e-04
5.630149950011612418e+03 1.860985307275851319e+00 5.160073476681625642e-04
5.635780099961625638e+03 1.821266205251988568e+00 5.121608173056851551e-04
5.641415880061589633e+03 1.780443413247302376e+00 4.635889704738206294e-04
5.647057295941652228e+03 1.738810000955979485e+00 6.497564483744220406e-04
5.652704353237596479e+03 1.697383268435140646e+00 9.108123607685573823e-04
5.658357057590835211e+03 1.657222300014958627e+00 1.074727003271458989e-03
5.664015414648428305e+03 1.619332214665969216e+00 1.104896304695596621e-03
5.669679430063079053e+03 1.585390795508378137e+00 9.663559190635445748e-04
5.675349109493143260e+03 1.556559735039965364e+00 7.746475062080195647e-04
5.681024458602638333e+03 1.533527072137228275e+00 7.425824903833605321e-04
5.686705483061243285e+03 1.517005885784279418e+00 6.906187310357148664e-04
5.692392188544306009e+03 1.507463964536681189e+00 5.451683665131086629e-04
5.698084580732852373e+03 1.505106561134424092e+00 5.564727749721630696e-04
5.703782665313587131e+03 1.509827125401908443e+00 8.100687206455110898e-04
5.709486447978903016e+03 1.520979166424249795e+00 9.927186833061331026e-04
5.715195934426883468e+03 1.537410538650040071e+00 1.019246004867245623e-03
5.720911130361312644e+03 1.557691946652927317e+00 1.075491864969798294e-03
5.726632041491675409e+03 1.580900372182117541e+00 1.070957809254872084e-03
5.732358673533169167e+03 1.605571560315024016e+00 9.760107522377241794e-04
5.738091032206703858e+03 1.630478285979973574e+00 9.082489931396002438e-04
5.743829123238912871e+03 1.654567747009014766e+00 6.773693755445038458e-04
5.749572952362153046e+03 1.676821322495122280e+00 3.802926004360815079e-04
5.755322525314517407e+03 1.696191840126240136e+00 3.663981050198891450e-04
5.761077847839834249e+03 1.712527771098926177e+00 5.279204989617042841e-04
5.766838925687675328e+03 1.725816587465067498e+00 6.090982515758305632e-04
5.772605764613364954e+03 1.735980379222119341e+00 6.147720630865753265e-04
5.778378370377980900e+03 1.743830630290813088e+00 5.619704321358730530e-04
5.784156748748360769e+03 1.749253518512340566e+00 7.140989519098919812e-04
5.789940905497111089e+03 1.752657344789371408e+00 6.588723291567343291e-04
5.795730846402610041e+03 1.754657113837496674e+00 5.224863773093704452e-04
5.801526577249013826e+03 1.755908458139173955e+00 3.542255410698768410e-04
5.807328103826264851e+03 1.756756227415182448e+00 3.166333467611041268e-04
5.813135431930093546e+03 1.757473031884450698e+00 3.454138749489499153e-04
5.818948567362025642e+03 1.758481468950896520e+00 3.705023388760177259e-04
5.824767515929389447e+03 1.759948754669725890e+00 3.588925763980779001e-04
5.830592283445320390e+03 1.761953373449044236e+00 3.392560398038909969e-04
5.836422875728768304e+03 1.764563999081616208e+00 3.333497976789166089e-04
5.842259298604498326e+03 1.767769059558021771e+00 3.539174977275071922e-04
5.848101557903105459e+03 1.771604726815439124e+00 4.812331945912635858e-04
5.853949659461010015e+03 1.775702042195233421e+00 6.895249516985637673e-04
5.859803609120473084e+03 1.779287164269648391e+00 5.885699430787919755e-04
5.865663412729595620e+03 1.782227024855261854e+00 5.447530446750202277e-04
5.871529076142326630e+03 1.784200646424521253e+00 5.252355725299888943e-04
5.877400605218471355e+03 1.785089901015638914e+00 5.349956881863042989e-04
5.883278005823691274e+03 1.784338587096998996e+00 5.892664144175370359e-04
5.889161283829516833e+03 1.781817447997983361e+00 5.215335411199800101e-04
5.895050445113348360e+03 1.776705956606435155e+00 5.297736804932470225e-04
5.900945495558464245e+03 1.769467319831368624e+00 5.495472562193384454e-04
5.906846441054024581e+03 1.759673625123275853e+00 5.844292846159382642e-04
5.912753287495080258e+03 1.747917891207691143e+00 5.979058591883500530e-04
5.918666040782577511e+03 1.734034154943042472e+00 6.996468067920570471e-04
5.924584706823361557e+03 1.718501990647363309e+00 7.447898547675430286e-04
5.930509291530187511e+03 1.701838340721144593e+00 7.417836601417373719e-04
5.936439800821719473e+03 1.684478639926741295e+00 7.164293263239443011e-04
5.942376240622543264e+03 1.666795402281341154e+00 6.380414102974322045e-04
5.948318616863167335e+03 1.649223948712839949e+00 4.797790113618678287e-04
5.954266935480032771e+03 1.632387344352260961e+00 4.257844550224746836e-04
5.960221202415515108e+03 1.616739407348322333e+00 4.164146174932436997e-04
5.966181423617932523e+03 1.602388708230587877e+00 3.062712689607267869e-04
5.972147605041552197e+03 1.588829638421366264e+00 5.035139003564138025e-04
5.978119752646595771e+03 1.577188728459722356e+00 4.859873058760811985e-04
5.984097872399243897e+03 1.567077567459762566e+00 4.391784490123449669e-04
5.990081970271645332e+03 1.558700556730331144e+00 4.535515696771146260e-04
5.996072052241918755e+03 1.551904540037696734e+00 5.198295360950307533e-04
6.002068124294162772e+03 1.546420787913983297e+00 5.926567680219970184e-04
6.008070192418459555e+03 1.542022890351756770e+00 6.652171612504786382e-04
6.014078262610879392e+03 1.538291479110164950e+00 5.208471783027365711e-04
6.020092340873492503e+03 1.534566855584156064e+00 4.978559238994240436e-04
6.026112433214368139e+03 1.530776259858898314e+00 3.695197627367116915e-04
6.032138545647584579e+03 1.526359175794869127e+00 3.489584771003969113e-04
6.038170684193233683e+03 1.521011843057089585e+00 3.647831082901764480e-04
6.044208854877429076e+03 1.514603193725272634e+00 3.985096319479260792e-04
6.050253063732308874e+03 1.507053122664109290e+00 3.732766165501480351e-04
6.056303316796042964e+03 1.498268289448326351e+00 3.250122008572871942e-04
6.062359620112841185e+03 1.488341357244610919e+00 3.203260963251038269e-04
6.068421979732956061e+03 1.477076563408834531e+00 3.330943070849184538e-04
6.074490401712690982e+03 1.464348559449458520e+00 3.327865624049381127e-04
6.080564892114405666e+03 1.449759072791796832e+00 3.542084289275380265e-04
6.086645457006521610e+03 1.433103693513838595e+00 4.045173478200169998e-04
6.092732102463530282e+03 1.414699280852387941e+00 2.889640571835895219e-04
6.098824834565995843e+03 1.394129208811028198e+00 2.523114991982498660e-04
6.104923659400564247e+03 1.371473973664797397e+00 2.265460320517022168e-04
6.111028583059966877e+03 1.346859340304147112e+00 2.087643065108039432e-04
6.117139611643028729e+03 1.320488374236818974e+00 2.063598916512584776e-04
6.123256751254673873e+03 1.292625038851275221e+00 1.996396518190235512e-04
6.129380008005929994e+03 1.263383446407388089e+00 1.916477996685998959e-04
6.135509388013938405e+03 1.233504957432425053e+00 3.065498265817783200e-04
6.141644897401954040e+03 1.203470494296984272e+00 5.463867892913906515e-04
6.147786542299358189e+03 1.174186078442027936e+00 8.232095017701385534e-04
6.153934328841659408e+03 1.146435894798037980e+00 7.907458840600971881e-04
6.160088263170503524e+03 1.120752312255716809e+00 7.694012288795033100e-04
6.166248351433675452e+03 1.097897082740398877e+00 7.272532287638135270e-04
6.172414599785111022e+03 1.078444707244222700e+00 5.733746948401966404e-04
6.178587014384898794e+03 1.063102765352897050e+00 4.897805296144947191e-04
6.184765601399285515e+03 1.051808951783030022e+00 6.834298926095271369e-04
6.190950367000687038e+03 1.044350036809607696e+00 8.739451884596488151e-04
6.197141317367689226e+03 1.040294813203785251e+00 9.335685882601781624e-04
6.203338458685059777e+03 1.039201340746175983e+00 8.967508688402605656e-04
6.209541797143746408e+03 1.040094395154659512e+00 7.677964004785162947e-04
6.215751338940892310e+03 1.042567081602731704e+00 6.146700431033505279e-04
6.221967090279835247e+03 1.045761963788942595e+00 4.742907769856470330e-04
6.228189057370116643e+03 1.049330939862025414e+00 4.165689232220821979e-04
6.234417246427488863e+03 1.053054725644978928e+00 3.970385977038294123e-04
6.240651663673918847e+03 1.056727391242770819e+00 4.570961352817473275e-04
6.246892315337594482e+03 1.060398626130125255e+00 5.100946526443117480e-04
6.253139207652934601e+03 1.064184684579533968e+00 5.090375113781595972e-04
6.259392346860589896e+03 1.068070201303343403e+00 4.560062626316172029e-04
6.265651739207452010e+03 1.072454735700267614e+00 4.487938515485421945e-04
6.271917390946661726e+03 1.078094617991600446e+00 5.223038328017960610e-04
6.278189308337610782e+03 1.084419010783037152e+00 7.691309082543792888e-04
6.284467497645950061e+03 1.092195346185464100e+00 6.944659967515088173e-04
6.290751965143597772e+03 1.101553419205280715e+00 4.887498508026320333e-04
6.297042717108744000e+03 1.112746749603669150e+00 5.885055996835429669e-04
6.303339759825854344e+03 1.125317636269529409e+00 7.966826467596442671e-04
6.309643099585682648e+03 1.138533185446787943e+00 8.996049137202284142e-04
6.315952742685270096e+03 1.151992271123174705e+00 9.600011273783130156e-04
6.322268695427957937e+03 1.165204776553547594e+00 9.075545222725949412e-04
6.328590964123387494e+03 1.177265852595490658e+00 8.064132340805522155e-04
6.334919555087512890e+03 1.187844713626714732e+00 5.858153790390348064e-04
6.341254474642602872e+03 1.196215922416740129e+00 4.873282212311186366e-04
6.347595729117247174e+03 1.202201721353009622e+00 5.046203353858385709e-04
6.353943324846366522e+03 1.205625166702085860e+00 5.806807188316701627e-04
6.360297268171215364e+03 1.206633062871042217e+00 5.100091808369118128e-04
6.366657565439388236e+03 1.205593878597418955e+00 3.879324839854204920e-04
6.373024223004829764e+03 1.202801885488039346e+00 3.356236116316101137e-04
6.379397247227837397e+03 1.198403419053858165e+00 3.140704873844049226e-04
6.385776644475066860e+03 1.192634337628814434e+00 3.320176749315731303e-04
6.392162421119543978e+03 1.185838628494545466e+00 3.390789141235439315e-04
6.398554583540665590e+03 1.177707334661742378e+00 2.300865272374570138e-04
6.404953138124208635e+03 1.169171053480912548e+00 1.990412333119954090e-04
6.411358091262334710e+03 1.160235502766000293e+00 1.778245173165398491e-04
6.417769449353599157e+03 1.151357360417177400e+00 1.813013985644778940e-04
6.424187218802954703e+03 1.142509679687055080e+00 1.803784971221324943e-04
6.430611406021760558e+03 1.133699891215428579e+00 1.752000202377791476e-04
6.437042017427784231e+03 1.125466238602091940e+00 1.862553545273612152e-04
6.443479059445214261e+03 1.117753723918867292e+00 1.936969842182655727e-04
6.449922538504661134e+03 1.110731852296835687e+00 2.000209557747112193e-04
6.456372461043168187e+03 1.104623850845957156e+00 1.987242079716569621e-04
6.462828833504213435e+03 1.099279002497875135e+00 2.118217170290939808e-04
6.469291662337719572e+03 1.094760505717837784e+00 2.389932727065878146e-04
6.475760954000059428e+03 1.091115048585481695e+00 2.235593462457454729e-04
6.482236714954061426e+03 1.088521074398957733e+00 1.995799701741364160e-04
6.488718951669017770e+03 1.086921083117126319e+00 2.452762682631152275e-04
6.495207670620688987e+03 1.086126878295883502e+00 3.614090894185815160e-04
6.501702878291312118e+03 1.085796610694754527e+00 3.965453861847234064e-04
6.508204581169605262e+03 1.085669613127322464e+00 4.261798628456657935e-04
6.514712785750777584e+03 1.085437951984442373e+00 3.800735225122354424e-04
6.521227498536530220e+03 1.084797127496557101e+00 3.453189767044521278e-04
6.527748726035069012e+03 1.083635387715083498e+00 2.871243168286634405e-04
6.534276474761106329e+03 1.081614620148080741e+00 2.803471857008440972e-04
6.540810751235869247e+03 1.078770643957357889e+00 2.755995374198361874e-04
6.547351561987107743e+03 1.074891319120294453e+00 2.939314509452051563e-04
6.553898913549096505e+03 1.070032171512034447e+00 2.425906315885188909e-04
6.560452812462647671e+03 1.064390775759212815e+00 2.483688207034217849e-04
6.567013265275112644e+03 1.057577204760226097e+00 2.649441792237110975e-04
6.573580278540390282e+03 1.050251673372445849e+00 2.569664874853226362e-04
6.580153858818932349e+03 1.042372361457572616e+00 2.590826849302742783e-04
6.586734012677753526e+03 1.033845380290199234e+00 3.103607975073327183e-04
6.593320746690433225e+03 1.024950896770168152e+00 3.056890918522919874e-04
6.599914067437126505e+03 1.015694275412345693e+00 2.727502889473793586e-04
6.606513981504565891e+03 1.006281588771218205e+00 2.496145427287964737e-04
6.613120495486072286e+03 9.968209137785126739e-01 2.511453122344535515e-04
6.619733615981560433e+03 9.873253032862409073e-01 2.675951474305801429e-04
6.626353349597544366e+03 9.779405532616585184e-01 2.671527933835896127e-04
6.632979702947143778e+03 9.687925756223896290e-01 2.673069746528245719e-04
6.639612682650093120e+03 9.597235097955334471e-01 2.733410658877081286e-04
6.646252295332745234e+03 9.508038357978559896e-01 2.832288080037147237e-04
6.652898547628080451e+03 9.420212481838030616e-01 3.066607974524077594e-04
6.659551446175711135e+03 9.331614955221735341e-01 3.031981589034509102e-04
6.666210997621888964e+03 9.243607976521067693e-01 3.032841313085812146e-04
6.672877208619513112e+03 9.156554611362648366e-01 3.035608123455472485e-04
6.679550085828134797e+03 9.072528405882630542e-01 2.814345637887645914e-04
6.686229635913964557e+03 8.989116813947714002e-01 3.509504099368395118e-04
6.692915865549881346e+03 8.906865073485003004e-01 3.572466988135202079e-04
6.699608781415433441e+03 8.831047554579860570e-01 3.805339914055566185e-04
6.706308390196851178e+03 8.758709438747317444e-01 3.587540182257104656e-04
6.713014698587049679e+03 8.692649335913787967e-01 2.432585225020092369e-04
6.719727713285638856e+03 8.634701402190031461e-01 2.856987625705273144e-04
6.726447440998927050e+03 8.582369853868202503e-01 3.426752371001711155e-04
6.733173888439928305e+03 8.534785662697563779e-01 3.344869544401091362e-04
6.739907062328370557e+03 8.489420797151846498e-01 2.921272538883919623e-04
6.746646969390701088e+03 8.442659003457849698e-01 2.932730707040207452e-04
6.753393616360093802e+03 8.395302397383678228e-01 3.079313872870902049e-04
6.760147009976456502e+03 8.342945900525282621e-01 2.717879413412452468e-04
6.766907156986434529e+03 8.284259317910146470e-01 2.868692046896785443e-04
6.773674064143423493e+03 8.217348236891970359e-01 2.607393764581563810e-04
6.780447738207569273e+03 8.141767111092769182e-01 2.209693774814704300e-04
6.787228185945778932e+03 8.055556055668766646e-01 2.620864303375715376e-04
6.794015414131727084e+03 7.963067411110943405e-01 2.954634619465906125e-04
6.800809429545861349e+03 7.865715247180680159e-01 3.362821439840848309e-04
6.807610238975408720e+03 7.766649518294164167e-01 3.552721487049089106e-04
6.814417849214386479e+03 7.664939549592786339e-01 3.869645073772928529e-04
6.821232267063603103e+03 7.566823390252983561e-01 4.347526554572603004e-04
6.828053499330669183e+03 7.475394999233002657e-01 4.608800030584252498e-04
6.834881552830001965e+03 7.393743700825462506e-01 3.321073345235541993e-04
6.841716434382834450e+03 7.327166908064791651e-01 2.524071635737967713e-04
6.848558150817219939e+03 7.276812634352820552e-01 3.080127597264749047e-04
6.855406708968039311e+03 7.240790313469521733e-01 3.481424633769997635e-04
6.862262115677009206e+03 7.218301664623911762e-01 3.664148613978116063e-04
6.869124377792688392e+03 7.208166699903498786e-01 3.628266099449504079e-04
6.875993502170483225e+03 7.209274793517762570e-01 3.984594093957279180e-04
6.882869495672656740e+03 7.220027933264292486e-01 3.965048330881298911e-04
6.889752365168331380e+03 7.234777305835113914e-01 3.805708832637572157e-04
6.896642117533501732e+03 7.253858599801067397e-01 3.219044659798703310e-04
6.903538759651037253e+03 7.272286068921868241e-01 2.837270765835512437e-04
6.910442298410691365e+03 7.287155238078427688e-01 2.721722561512195343e-04
6.917352740709104182e+03 7.297121135905665357e-01 2.959907069321238322e-04
6.924270093449815249e+03 7.304098434512752425e-01 2.972023264963007984e-04
6.931194363543267173e+03 7.308091777714580406e-01 2.947943883287473289e-04
6.938125557906812901e+03 7.308922543516381820e-01 2.980122846092202573e-04
6.945063683464722089e+03 7.301998295908357361e-01 3.044838529821050654e-04
6.952008747148189286e+03 7.289707551823095821e-01 3.039006004113519442e-04
6.958960755895339389e+03 7.271679621392431736e-01 2.852903165380282118e-04
6.965919716651237650e+03 7.249276954322713129e-01 2.777153068003383827e-04
6.972885636367890584e+03 7.223275338905801313e-01 2.791272776102590530e-04
6.979858522004260521e+03 7.195158725273409495e-01 2.602103381614060806e-04
6.986838380526267429e+03 7.163767363381863262e-01 2.695509734287249615e-04
6.993825218906796181e+03 7.130123223325813830e-01 2.844082710194734023e-04
7.000819044125705659e+03 7.095569665908958434e-01 2.637045379550006629e-04
7.007819863169833297e+03 7.064039997452439268e-01 2.448055084400825284e-04
7.014827683033005087e+03 7.035510097677780683e-01 2.355995080004005804e-04
7.021842510716041033e+03 7.009679531719639201e-01 2.429324575248735215e-04
7.028864353226758794e+03 6.991635650581874417e-01 2.416730485405314593e-04
7.035893217579988232e+03 6.979775087127914057e-01 2.590109108399351072e-04
7.042929110797570502e+03 6.973588696382462260e-01 2.795974937847782839e-04
7.049972039908370789e+03 6.974924182901405256e-01 2.305409570983545347e-04
7.057022011948281033e+03 6.984973094103711366e-01 2.520480632627314756e-04
7.064079033960231754e+03 7.003211879874011725e-01 3.391396069536377605e-04
7.071143112994193871e+03 7.026176658595851832e-01 3.096450519313214333e-04
7.078214256107190522e+03 7.051733600775965671e-01 3.164354167675624660e-04
7.085292470363300708e+03 7.080986224952718899e-01 3.529517017450120911e-04
7.092377762833665656e+03 7.110431931706779896e-01 3.634872235271930773e-04
7.099470140596501551e+03 7.137303000363933725e-01 3.165780879297684235e-04
7.106569610737100447e+03 7.158675576989871336e-01 3.069463934450287796e-04
7.113676180347840273e+03 7.175864362516409800e-01 3.024461734171045670e-04
7.120789856528190285e+03 7.187218291231209921e-01 3.136165441515071251e-04
7.127910646384721076e+03 7.191996293637760163e-01 3.346604619544642353e-04
7.135038557031108212e+03 7.191923934797721518e-01 3.122772215757135795e-04
7.142173595588141325e+03 7.190518628791845446e-01 3.140558232135932546e-04
7.149315769183732300e+03 7.185377311399541167e-01 3.164308771788930299e-04
7.156465084952918005e+03 7.175220356252940412e-01 3.220413995594516754e-04
7.163621550037873021e+03 7.164871081170138822e-01 3.264827201795764112e-04
7.170785171587913283e+03 7.152369495605218619e-01 3.445440862744895733e-04
7.177955956759504261e+03 7.137251890072046079e-01 3.869719539132849564e-04
7.185133912716265513e+03 7.119198907101179641e-01 3.844638923648455186e-04
7.192319046628984324e+03 7.099803052589643837e-01 3.450819201344243405e-04
7.199511365675615707e+03 7.078251497808427661e-01 3.161791486954061768e-04
7.206710877041294225e+03 7.050639996113882146e-01 3.144120634372690802e-04
7.213917587918337631e+03 7.020546447198972029e-01 3.197855633092346549e-04
7.221131505506257781e+03 6.989328646982299054e-01 3.071896151502766128e-04
7.228352637011767001e+03 6.957534519460243372e-01 2.909255472714585488e-04
7.235580989648780815e+03 6.924172698764190503e-01 3.806462492818357885e-04
7.242816570638432495e+03 6.891323244084008870e-01 5.692093772573878635e-04
7.250059387209073066e+03 6.866333520169527471e-01 6.155142554180453862e-04
7.257309446596284033e+03 6.850924277444349064e-01 5.814942030122069797e-04
7.264566756042882844e+03 6.845996580347460947e-01 4.785747589006397610e-04
7.271831322798928340e+03 6.853506606075719931e-01 4.190308434336604561e-04
7.279103154121729858e+03 6.877553810162039261e-01 4.561041446532342514e-04
7.286382257275853590e+03 6.913670843169331670e-01 4.813174732539682809e-04
7.293668639533132591e+03 6.959124810616448276e-01 4.790479260854844717e-04
7.300962308172667690e+03 7.016317908961152705e-01 4.698352472002018674e-04
7.308263270480842948e+03 7.084665205367004504e-01 4.193983075583297953e-04
7.315571533751325660e+03 7.160150262135780430e-01 3.858499480572663847e-04
7.322887105285079997e+03 7.237357370191008776e-01 3.880643913967480501e-04
7.330209992390367006e+03 7.315784982027557781e-01 4.096008663080889941e-04
7.337540202382760071e+03 7.392685183978555674e-01 4.479244584407826666e-04
7.344877742585144915e+03 7.463616572234617053e-01 5.166491382539803055e-04
7.352222620327733239e+03 7.525525211954042781e-01 5.047833392725263818e-04
7.359574842948062724e+03 7.575795485126969320e-01 4.573483146114668690e-04
7.366934417791013402e+03 7.613666275679287221e-01 3.244083541949459846e-04
7.374301352208806748e+03 7.631789934906925144e-01 3.037749225483887382e-04
7.381675653561018407e+03 7.627925474188914645e-01 3.031239104095771308e-04
7.389057329214581841e+03 7.602716685106697403e-01 3.253101191686530685e-04
7.396446386543798326e+03 7.554594472506080960e-01 3.658969252110331615e-04
7.403842832930345139e+03 7.482216307183374715e-01 3.821687448790237005e-04
7.411246675763277381e+03 7.384225108064060850e-01 3.842847992270717128e-04
7.418657922439043432e+03 7.266028059585025733e-01 3.272838445797595264e-04
7.426076580361484957e+03 7.126015799171925291e-01 3.156578357882510572e-04
7.433502656941848727e+03 6.965000345825234085e-01 4.347766704717760796e-04
7.440936159598792983e+03 6.788774658611647084e-01 5.171589851113575975e-04
7.448377095758394717e+03 6.603955500294916847e-01 5.227993240394661649e-04
7.455825472854155123e+03 6.416123673930408389e-01 4.451864217870507914e-04
7.463281298327012337e+03 6.228979466166223444e-01 3.132225344436796776e-04
7.470744579625341430e+03 6.048430006236655831e-01 2.771408656104463780e-04
7.478215324204968965e+03 5.881254133977684706e-01 2.822799718219141463e-04
7.485693539529176633e+03 5.732118780946823255e-01 2.934789638459747783e-04
7.493179233068708527e+03 5.600862567938259540e-01 3.484126740509345724e-04
7.500672412301779332e+03 5.492786427053490961e-01 3.400285778655698257e-04
7.508173084714083416e+03 5.412882119357107502e-01 3.360874168191382827e-04
7.515681257798800289e+03 5.359807739427689954e-01 3.829042878013385253e-04
7.523196939056601877e+03 5.333141685206063132e-01 4.419615394997887482e-04
7.530720135995660712e+03 5.331349325855064825e-01 4.468663035440228982e-04
7.538250856131659020e+03 5.354809302101706248e-01 4.487338986475378276e-04
7.545789106987793275e+03 5.399786198561663531e-01 4.635946989657514414e-04
7.553334896094783289e+03 5.461373380154816992e-01 4.630489060958753347e-04
7.560888230990880402e+03 5.540650728528755398e-01 4.656667692352614769e-04
7.568449119221873843e+03 5.628657365555229664e-01 4.177274337781469813e-04
7.576017568341098013e+03 5.721496978587838900e-01 5.065676940036389301e-04
7.583593585909441572e+03 5.815927901122153187e-01 7.378967763079439645e-04
7.591177179495353812e+03 5.907204174412346021e-01 7.498111246520178415e-04
7.598768356674851930e+03 5.995880068168144561e-01 8.410945577320811349e-04
7.606367125031529213e+03 6.080524460093779116e-01 9.327437888050310426e-04
7.613973492156563225e+03 6.161373733633891403e-01 9.302937722564447783e-04
7.621587465648722173e+03 6.239679145151540984e-01 9.288329614153951986e-04
7.629209053114373091e+03 6.312251189174716837e-01 9.134324474156312827e-04
7.636838262167490029e+03 6.377480261082477675e-01 8.389019537581706093e-04
7.644475100429660415e+03 6.442204040913114271e-01 7.440741857237731169e-04
7.652119575530092334e+03 6.509223020380464630e-01 7.134254616133331233e-04
7.659771695105625440e+03 6.575559298756540327e-01 7.700341111291818729e-04
7.667431466800733688e+03 6.647097404413510047e-01 7.654591019983572608e-04
7.675098898267536242e+03 6.723929538819100049e-01 7.350997079386873984e-04
7.682773997165806577e+03 6.804741744842216500e-01 7.193761971754802399e-04
7.690456771162975201e+03 6.889817605866130901e-01 7.083867845856044697e-04
7.698147227934140574e+03 6.979643852712990038e-01 6.343407212808817568e-04
7.705845375162077289e+03 7.078578066945974134e-01 6.664128278930652079e-04
7.713551220537241534e+03 7.179405795412366897e-01 6.501011048511672876e-04
7.721264771757782000e+03 7.287660415061741892e-01 6.109737459550339689e-04
7.728986036529541707e+03 7.400359851514889398e-01 4.122589577565926580e-04
7.736715022566074367e+03 7.507482557265734435e-01 4.155208403371507824e-04
7.744451737588642573e+03 7.610263970579028703e-01 3.890546506915443258e-04
7.752196189326234162e+03 7.708793933347043437e-01 4.249472572955620355e-04
7.759948385515562222e+03 7.802168724678257838e-01 5.678526595932055585e-04
7.767708333901080550e+03 7.883818053775040191e-01 5.826722965648680483e-04
7.775476042234984561e+03 7.948882941874795272e-01 5.492366751038405990e-04
7.783251518277222203e+03 7.997558584087192113e-01 5.264917288610003335e-04
7.791034769795502143e+03 8.030475664183964746e-01 4.699139147638065040e-04
7.798825804565300132e+03 8.044144227025510352e-01 4.811320292955983914e-04
7.806624630369868100e+03 8.035444961010973497e-01 5.733899582912864879e-04
7.814431255000240526e+03 8.014812906799344550e-01 5.639131235548298666e-04
7.822245686255242617e+03 7.982093575139526109e-01 5.672339385966533023e-04
7.830067931941501229e+03 7.934692810515274752e-01 5.522026307552239943e-04
7.837897999873444860e+03 7.878457105044560649e-01 4.566100972035472749e-04
7.845735897873320937e+03 7.818188211641496910e-01 3.986227460922454999e-04
7.853581633771196721e+03 7.755152466391014299e-01 4.223365572436790869e-04
7.861435215404970222e+03 7.684952675213526652e-01 4.205394352406888604e-04
7.869296650620378387e+03 7.611165248876812228e-01 4.028350622838552529e-04
7.877165947271001642e+03 7.532847709113856816e-01 3.736733019801581493e-04
7.885043113218274812e+03 7.446656398425276491e-01 4.180638958718753124e-04
7.892928156331495302e+03 7.351147396664481359e-01 4.203698449215010637e-04
7.900821084487829467e+03 7.247072062634543066e-01 4.220348234578460240e-04
7.908721905572319884e+03 7.135262765153775888e-01 4.371747646816566716e-04
7.916630627477895359e+03 7.009402208450815630e-01 4.762599194993249693e-04
7.924547258105375477e+03 6.866487560673544266e-01 5.028218166540470964e-04
7.932471805363483327e+03 6.707467616581748171e-01 4.816344022182083282e-04
7.940404277168850058e+03 6.532312647629748836e-01 4.077189921755869709e-04
7.948344681446021241e+03 6.338758447778699567e-01 4.040681458190237339e-04
7.956293026127469602e+03 6.126730760949988808e-01 4.318731692183503681e-04
7.964249319153599572e+03 5.903420924424205296e-01 5.114211755450884158e-04
7.972213568472756378e+03 5.669298419506274556e-01 5.515183581090040126e-04
7.980185782041231505e+03 5.425424842247379420e-01 4.460254680409798467e-04
7.988165967823275423e+03 5.177555893564926848e-01 3.232590308797471130e-04
7.996154133791101231e+03 4.930765891867140982e-01 3.035612941499904330e-04
8.004150287924895565e+03 4.688116841465997942e-01 2.986164782985649001e-04
8.012154438212822242e+03 4.450459275630559430e-01 2.782334809577938456e-04
8.020166592651037718e+03 4.221529428956088958e-01 2.639714849586980881e-04
8.028186759243691995e+03 4.005067906974478231e-01 2.662540559861799414e-04
8.036214946002938632e+03 3.801779173154783975e-01 2.987916851521237494e-04
8.044251160948943834e+03 3.606797501260842198e-01 3.117221464699844241e-04
8.052295412109895551e+03 3.422478522475981833e-01 3.171641261497986026e-04
8.060347707522008022e+03 3.253371151723207233e-01 3.133050997406060701e-04
8.068408055229532692e+03 3.096581584099765694e-01 3.375620828251411866e-04
8.076476463284764577e+03 2.949526389845096297e-01 3.277046651287884231e-04
8.084552939748052268e+03 2.813101238893794265e-01 3.305708686754450266e-04
8.092637492687803388e+03 2.687663032476319547e-01 3.344736611883638872e-04
8.100730130180493688e+03 2.573396183635839884e-01 3.500227977001996410e-04
8.108830860310677053e+03 2.466923693190410105e-01 3.630705461291332411e-04
8.116939691170990045e+03 2.368726081620221302e-01 3.911743227626400120e-04
8.125056630862163729e+03 2.279417305273455929e-01 4.117580440415186116e-04
8.133181687493028221e+03 2.196256861293859330e-01 4.380587841580993610e-04
8.141314869180524511e+03 2.121475515034477455e-01 4.442529849463417867e-04
8.149456184049707190e+03 2.054032134956326472e-01 4.564537675233906028e-04
8.157605640233759914e+03 1.994809362119993046e-01 4.591833689341091721e-04
8.165763245873996311e+03 1.942256336928929183e-01 4.425362495001732271e-04
8.173929009119872717e+03 1.897644646486546238e-01 4.248455067432717770e-04
8.182102938128995447e+03 1.862613874859676277e-01 4.465149756868478986e-04
8.190285041067127167e+03 1.836398815766580594e-01 4.235215596008745902e-04
8.198475326108196896e+03 1.817371494990500380e-01 4.156328218154560538e-04
8.206673801434308189e+03 1.806497553329796391e-01 4.418296486038059460e-04
8.214880475235744598e+03 1.809107386480178215e-01 4.620325106981892200e-04
8.223095355710984222e+03 1.826456515373603984e-01 4.765527047084160118e-04
8.231318451066697889e+03 1.852580721872439939e-01 4.616780473543024253e-04
8.239549769517767345e+03 1.890491710591549746e-01 4.384678038460363943e-04
8.247789319287287071e+03 1.938366524771938382e-01 4.239133324497807494e-04
8.256037108606577021e+03 1.998957515087572412e-01 4.385340415253750164e-04
8.264293145715186256e+03 2.069361415220542788e-01 4.231711397987798838e-04
8.272557438860903858e+03 2.148857264328708772e-01 4.014629181906736121e-04
8.280829996299768027e+03 2.238483199575586335e-01 3.626441841051826162e-04
8.289110826296069718e+03 2.336611183054126961e-01 3.710394604448399533e-04
8.297399937122369010e+03 2.443387239232835961e-01 3.674936984300560721e-04
8.305697337059495112e+03 2.557377273814337992e-01 3.369075131078892987e-04
8.314003034396557268e+03 2.679321173992371130e-01 3.213756638454641598e-04
8.322317037430955679e+03 2.809326407605333698e-01 2.763290322549778939e-04
8.330639354468388774e+03 2.946257453011211780e-01 2.434032742774689827e-04
8.338969993822860488e+03 3.088915007430940163e-01 2.542307606848936388e-04
8.347308963816685718e+03 3.239337033160609725e-01 2.492641002323333016e-04
8.355656272780506697e+03 3.395804749955770308e-01 2.579059333014097392e-04
8.364011929053289350e+03 3.557044008434155913e-01 3.015334994776859784e-04
8.372375940982345128e+03 3.722085536102557879e-01 4.239810616377123276e-04
8.380748316923331004e+03 3.886112573255609548e-01 5.346838638633377326e-04
8.389129065240256750e+03 4.046727748371314881e-01 5.818562106480302219e-04
8.397518194305499492e+03 4.199774037349324196e-01 6.149814928404354671e-04
8.405915712499807341e+03 4.342176255819491515e-01 6.167981373390152679e-04
8.414321628212310316e+03 4.477161791432032745e-01 6.234289522870275352e-04
8.422735949840525791e+03 4.599827356753384833e-01 4.851563538360585855e-04
8.431158685790369418e+03 4.703776260895995431e-01 4.362900275574212823e-04
8.439589844476162398e+03 4.792290315060496741e-01 4.043339803935141943e-04
8.448029434320640576e+03 4.862999077860414854e-01 4.109556408070530486e-04
8.456477463754963537e+03 4.914838260620195132e-01 4.618805830368581211e-04
8.464933941218721884e+03 4.949334680583181156e-01 5.555142066544152676e-04
8.473398875159942691e+03 4.965138625983561704e-01 6.396782997979906559e-04
8.481872274035105875e+03 4.962568428425821465e-01 6.577793129305996647e-04
8.490354146309144198e+03 4.947056289609312318e-01 5.682133240178831920e-04
8.498844500455456000e+03 4.916243218132966275e-01 4.700566969004471270e-04
8.507343344955914290e+03 4.870557751131152080e-01 3.672286658826187807e-04
8.515850688300872207e+03 4.813419746151080814e-01 3.556014519051056070e-04
8.524366538989177570e+03 4.741327973441323840e-01 3.133382685924156977e-04
8.532890905528169242e+03 4.658594741942032047e-01 2.978751196682606151e-04
8.541423796433698953e+03 4.564827551300930097e-01 3.350541362134389057e-04
8.549965220230136765e+03 4.463298311106032035e-01 3.669578067208767360e-04
8.558515185450369245e+03 4.354868551646477459e-01 3.930415683616641630e-04
8.567073700635823116e+03 4.240043825111412534e-01 4.045652420240602033e-04
8.575640774336461618e+03 4.118971202305666823e-01 4.153457439988938668e-04
8.584216415110800881e+03 3.992730435799923261e-01 3.932130149099741928e-04
8.592800631525913559e+03 3.863321165119643630e-01 3.720157498032679311e-04
8.601393432157443385e+03 3.730587942331559659e-01 3.776741683947419876e-04
8.609994825589603352e+03 3.594926448414093589e-01 3.816983946286820308e-04
8.618604820415195718e+03 3.458455785292317564e-01 3.968700929918671499e-04
8.627223425235613831e+03 3.319255073103092868e-01 4.011371804550852601e-04
8.635850648660851220e+03 3.180204396415965418e-01 4.324299520108598640e-04
8.644486499309516148e+03 3.041179509814085358e-01 4.800381308921005579e-04
8.653130985808827973e+03 2.902053344539666790e-01 5.346996227687015419e-04
8.661784116794638976e+03 2.763536869747429403e-01 5.992856651992975198e-04
8.670445900911438002e+03 2.625751221974266802e-01 7.322461509269558109e-04
8.679116346812352276e+03 2.488431852381064457e-01 8.770389721034722776e-04
8.687795463159167412e+03 2.349314475116937029e-01 1.076132793671904500e-03
8.696483258622329231e+03 2.209541407895466714e-01 1.374549773858634591e-03
8.705179741880954680e+03 2.066329198088514008e-01 1.746743810023533528e-03
8.713884921622837282e+03 1.921263071472142925e-01 2.296946491083633191e-03
8.722598806544463514e+03 1.772255092986027847e-01 2.364348257429008723e-03
8.731321405351010981e+03 1.628411236671013784e-01 3.170247087927476667e-03
8.740052726756364791e+03 1.495624303588487247e-01 2.960245192063174196e-03
