# starting wavelength: 3464.040
# ending wavelength: 7345.560
# wav flux eflux
3.467307701768178049e+03 4.830987117927207919e-01 1.685319575129645350e-02
3.470775009469947236e+03 4.657274722087882401e-01 1.265359159808810731e-02
3.474245784479418489e+03 4.565217936636038476e-01 1.010070664284658769e-02
3.477720030263898934e+03 4.531070864815953669e-01 9.627566242853286688e-03
3.481197750294164052e+03 4.503549247474545325e-01 8.029202446447362626e-03
3.484678948044459503e+03 4.483664221636362024e-01 6.524425733186029613e-03
3.488163626992504760e+03 4.482645558826255372e-01 5.333039062749559377e-03
3.491651790619498570e+03 4.490818711166895683e-01 4.662656658391653094e-03
3.495143442410119405e+03 4.503215662883385817e-01 4.096474038566704640e-03
3.498638585852530468e+03 4.513846546917887892e-01 3.804925888163871242e-03
3.502137224438384237e+03 4.525045371202211508e-01 3.555350587871818589e-03
3.505639361662823831e+03 4.536195798912884269e-01 3.375950719716267878e-03
3.509145001024487556e+03 4.546775742177374124e-01 3.269299124836905386e-03
3.512654146025513455e+03 4.561782683798396021e-01 3.134152665191719273e-03
3.516166800171540217e+03 4.591708329487076412e-01 3.049802775042970236e-03
3.519682966971712631e+03 4.619284289054390036e-01 2.970328362083686762e-03
3.523202649938685681e+03 4.636006129125274655e-01 2.916479509116691113e-03
3.526725852588625457e+03 4.650851723011740213e-01 2.976851620736852520e-03
3.530252578441215064e+03 4.664387399534011269e-01 2.939954306819193147e-03
3.533782831019657806e+03 4.675092080782448645e-01 2.949429600501762838e-03
3.537316613850678550e+03 4.676895524496919587e-01 2.926437918310542240e-03
3.540853930464530094e+03 4.669493466166104723e-01 2.916395128680637338e-03
3.544394784394995895e+03 4.656359876969681233e-01 2.933743610624987147e-03
3.547939179179392340e+03 4.655829289449337494e-01 2.937949297851611026e-03
3.551487118358572843e+03 4.657613518845116762e-01 2.863678832263660042e-03
3.555038605476932389e+03 4.649847892349203149e-01 2.848851869847834287e-03
3.558593644082410719e+03 4.643045365713747707e-01 2.882311401157633401e-03
3.562152237726494150e+03 4.631303760169835915e-01 3.202701196026292059e-03
3.565714389964221937e+03 4.618861076632210794e-01 3.413300837631958341e-03
3.569280104354187188e+03 4.615119976738119578e-01 3.351968897623214781e-03
3.572849384458542772e+03 4.603986591225159852e-01 3.179827528386254109e-03
3.576422233843002232e+03 4.596669230379334392e-01 2.960149710246074654e-03
3.579998656076846601e+03 4.604076981096851817e-01 2.626187388915619640e-03
3.583578654732924406e+03 4.614413864010915578e-01 2.292858262297037004e-03
3.587162233387658489e+03 4.665445494547826866e-01 2.842341853902741449e-03
3.590749395621047370e+03 4.722187420836906346e-01 3.345993862779686901e-03
3.594340145016669794e+03 4.779568985495185052e-01 3.475623230560584680e-03
3.597934485161687462e+03 4.832399453761569985e-01 3.535600125499566756e-03
3.601532419646850485e+03 4.886165199325184227e-01 3.609983187754466690e-03
3.605133952066498296e+03 4.955835652463599361e-01 3.596331332967130350e-03
3.608739086018566013e+03 5.013398400856967640e-01 3.119702079683735543e-03
3.612347825104585809e+03 5.060309602898127590e-01 2.888263445095217916e-03
3.615960172929691907e+03 5.098092258503419405e-01 2.524209469559945095e-03
3.619576133102622407e+03 5.113775976517648258e-01 2.489571413449888360e-03
3.623195709235726554e+03 5.117384410763065050e-01 2.531120572345545074e-03
3.626818904944963379e+03 5.101561315208524849e-01 2.510072580785501200e-03
3.630445723849909427e+03 5.068130959571889305e-01 2.532186004993131848e-03
3.634076169573760581e+03 5.026281789859247118e-01 2.504001006242190849e-03
3.637710245743335690e+03 4.954091449975172590e-01 2.808941283211795290e-03
3.641347955989080219e+03 4.877004513790145768e-01 2.649906818563600632e-03
3.644989303945070333e+03 4.797477883404361321e-01 2.633011362516193051e-03
3.648634293249016537e+03 4.713373478880438783e-01 2.637681161931328816e-03
3.652282927542266862e+03 4.612863556674942078e-01 2.523499188707203737e-03
3.655935210469810499e+03 4.522793166737158477e-01 2.241135320187937364e-03
3.659591145680281443e+03 4.447426702122064812e-01 2.311004729441256712e-03
3.663250736825963031e+03 4.387445131144355748e-01 2.310561166859585649e-03
3.666913987562790226e+03 4.328253457746432109e-01 2.343518006268478088e-03
3.670580901550354156e+03 4.291386433257092237e-01 2.319907325109560325e-03
3.674251482451905758e+03 4.267409118004621971e-01 2.279418646100739385e-03
3.677925733934358959e+03 4.254635508586557813e-01 2.291584333012564294e-03
3.681603659668294313e+03 4.253074297417677174e-01 2.307645673926243465e-03
3.685285263327964003e+03 4.267749879172684779e-01 2.189505711696326882e-03
3.688970548591293209e+03 4.313811527530639900e-01 2.674128148253288127e-03
3.692659519139885560e+03 4.374548824383023282e-01 3.389102150958261690e-03
3.696352178659026777e+03 4.459205313003554161e-01 3.908206349952035238e-03
3.700048530837686940e+03 4.529624384012991833e-01 3.721819487194479113e-03
3.703748579368525952e+03 4.575419302325064441e-01 3.614590982984156303e-03
3.707452327947895355e+03 4.614508915270284506e-01 3.447203045022972142e-03
3.711159780275844696e+03 4.640630318803499743e-01 3.446866829536994470e-03
3.714870940056121526e+03 4.647725551768103203e-01 3.581371663271327044e-03
3.718585810996179134e+03 4.645834351436013976e-01 3.637911821536793204e-03
3.722304396807176545e+03 4.635748176805213894e-01 3.547365249446297625e-03
3.726026701203984885e+03 4.622165018650313262e-01 3.697774032981624836e-03
3.729752727905190113e+03 4.601775730023528466e-01 3.689472525849129929e-03
3.733482480633096657e+03 4.564527670113054381e-01 3.604137397573258048e-03
3.737215963113731050e+03 4.513093447492373955e-01 3.414178357725700975e-03
3.740953179076846027e+03 4.484523517423085748e-01 3.422644999769951148e-03
3.744694132255923705e+03 4.454504129743159790e-01 3.422450641380114008e-03
3.748438826388181042e+03 4.421742580364563246e-01 3.393878930132901168e-03
3.752187265214570289e+03 4.410668050272104623e-01 3.325632864129948827e-03
3.755939452479786269e+03 4.392256505611923934e-01 3.382401288917801299e-03
3.759695391932267285e+03 4.386310178603856080e-01 3.409111028820664864e-03
3.763455087324201031e+03 4.392297098893814811e-01 3.579803350939879478e-03
3.767218542411526414e+03 4.403877296379623552e-01 3.687862097814966714e-03
3.770985760953939007e+03 4.414632014447837927e-01 3.679996689053347415e-03
3.774756746714894234e+03 4.416535740022212719e-01 2.758912682721359564e-03
3.778531503461610555e+03 4.468344502663619822e-01 3.467131330087697659e-03
3.782310034965073100e+03 4.536967199242478710e-01 4.203872866100111759e-03
3.786092345000039586e+03 4.600761972811500677e-01 3.409217391665306067e-03
3.789878437345040766e+03 4.627598664139445095e-01 3.309381848129303461e-03
3.793668315782387253e+03 4.639604550693354756e-01 3.640041005164434962e-03
3.797461984098170888e+03 4.640398208020332094e-01 4.209969340578770952e-03
3.801259446082270188e+03 4.643918348133002083e-01 4.121291772240187612e-03
3.805060705528353537e+03 4.647688782371788840e-01 4.276645691958411502e-03
3.808865766233883278e+03 4.644841885922525448e-01 4.171258986978039832e-03
3.812674632000118436e+03 4.651175023513630102e-01 4.262472910038963246e-03
3.816487306632119726e+03 4.661321440563747642e-01 3.984079010412229852e-03
3.820303793938753188e+03 4.690694048336598310e-01 3.862146572660696969e-03
3.824124097732693372e+03 4.750270080781245907e-01 3.854879903378767483e-03
3.827948221830427428e+03 4.845167446942427736e-01 3.883306823739511929e-03
3.831776170052258749e+03 4.974556485084784541e-01 3.941308295985692690e-03
3.835607946222312421e+03 5.130624656745215173e-01 3.422947356871918270e-03
3.839443554168536139e+03 5.284103274448860299e-01 3.335759203952353910e-03
3.843282997722705659e+03 5.437456144003748326e-01 3.515070426099795985e-03
3.847126280720429804e+03 5.578276257560071949e-01 3.438007756548721108e-03
3.850973407001151372e+03 5.713263700077260143e-01 3.204150494357548180e-03
3.854824380408153957e+03 5.857597222658237346e-01 3.188071604580988358e-03
3.858679204788563311e+03 6.000822225435563650e-01 3.158508124178996488e-03
3.862537883993353262e+03 6.154120254783989052e-01 2.489186974793957795e-03
3.866400421877347981e+03 6.286981608934548715e-01 2.353806519059848008e-03
3.870266822299226533e+03 6.387927376519789702e-01 3.046704202071793665e-03
3.874137089121526969e+03 6.480737906324789410e-01 3.270115006555940340e-03
3.878011226210649966e+03 6.600009940745814596e-01 2.454560882386048071e-03
3.881889237436861549e+03 6.751453337809749655e-01 2.668985226055550601e-03
3.885771126674299921e+03 6.907017684349664455e-01 2.762452201543960217e-03
3.889656897800975457e+03 7.082201593803341133e-01 2.635632107509358352e-03
3.893546554698777527e+03 7.247827074464101571e-01 2.602785013839887390e-03
3.897440101253477678e+03 7.400289427567539047e-01 2.614178892948600032e-03
3.901337541354732366e+03 7.546301560490088489e-01 2.614168530506933569e-03
3.905238878896088409e+03 7.679167508380609908e-01 2.576646413196730882e-03
3.909144117774985716e+03 7.791544151640014126e-01 2.462992185135971877e-03
3.913053261892762293e+03 7.878736166246720352e-01 3.054507846709887241e-03
3.916966315154656058e+03 7.913558604593561308e-01 3.292760995375892865e-03
3.920883281469812118e+03 7.884617018622027684e-01 3.249863993885939665e-03
3.924804164751283224e+03 7.800228858055076042e-01 3.323641953583026786e-03
3.928728968916035683e+03 7.666837183717831739e-01 3.596627267087688581e-03
3.932657697884953450e+03 7.507489160814488915e-01 3.803936473724370878e-03
3.936590355582839493e+03 7.327754079763931783e-01 4.324503392996517648e-03
3.940526945938423523e+03 7.139769842481126227e-01 4.639675048563737456e-03
3.944467472884363360e+03 6.945802542421479764e-01 3.971407201613100062e-03
3.948411940357249023e+03 6.785251965038285871e-01 3.082467785481506854e-03
3.952360352297607733e+03 6.677714894949178248e-01 4.362797604906088617e-03
3.956312712649906643e+03 6.590091257637047395e-01 4.475501830977200897e-03
3.960269025362557841e+03 6.528478309959224735e-01 4.250982422421729044e-03
3.964229294387921527e+03 6.505166196368264986e-01 4.023067218059530464e-03
3.968193523682310570e+03 6.515613516633924629e-01 4.368542350857496266e-03
3.972161717205994591e+03 6.560191488446621699e-01 4.762010283741642709e-03
3.976133878923201792e+03 6.660533948684840277e-01 4.617406226971174608e-03
3.980110012802126221e+03 6.796101423637164185e-01 4.048050310812454852e-03
3.984090122814929600e+03 6.982199474961769958e-01 3.575099682792193430e-03
3.988074212937745870e+03 7.241316570810744091e-01 5.016860445968484954e-03
3.992062287150684824e+03 7.521616258899566088e-01 5.544174651584726950e-03
3.996054349437837118e+03 7.799969121503506075e-01 5.226618568207277819e-03
4.000050403787276082e+03 8.073821693514808828e-01 4.662969997136027708e-03
4.004050454191064546e+03 8.328371463862402901e-01 3.989038795949640705e-03
4.008054504645257111e+03 8.541547153112822865e-01 4.133719120879844437e-03
4.012062559149903791e+03 8.699187121866859274e-01 5.136239292755911436e-03
4.016074621709055009e+03 8.830649352872392832e-01 4.513305026268612727e-03
4.020090696330765240e+03 8.932512919673177842e-01 3.413973269897725531e-03
4.024110787027097558e+03 9.023538501119726662e-01 3.815309837569547807e-03
4.028134897814125907e+03 9.092688504940307226e-01 4.038064008903678205e-03
4.032163032711941469e+03 9.111251917112858090e-01 3.914158696510605315e-03
4.036195195744654484e+03 9.088228756879618286e-01 3.888635029811855770e-03
4.040231390940400615e+03 9.032846749456606705e-01 3.897374135905763530e-03
4.044271622331342314e+03 8.939165534809214719e-01 4.023729173610485557e-03
4.048315893953675186e+03 8.813176492900911541e-01 3.993553943552986991e-03
4.052364209847629809e+03 8.662386121948310036e-01 3.991601926554179738e-03
4.056416574057479011e+03 8.466927657567244747e-01 3.683651661508904537e-03
4.060472990631537868e+03 8.248153192165547098e-01 3.659843717803906889e-03
4.064533463622170530e+03 8.029062009339140715e-01 3.753495467553478494e-03
4.068597997085794304e+03 7.776513576386284710e-01 3.604855792905848743e-03
4.072666595082881486e+03 7.505609433811089026e-01 3.653630862646892012e-03
4.076739261677965715e+03 7.236979129539150568e-01 3.758949430178045240e-03
4.080816000939644709e+03 6.973855556163016667e-01 4.032335947818389485e-03
4.084896816940585722e+03 6.703995597338734402e-01 4.385732797990767907e-03
4.088981713757527814e+03 6.457896723651114224e-01 3.034786345890432870e-03
4.093070695471286854e+03 6.285575562429509544e-01 2.300959010362973924e-03
4.097163766166759160e+03 6.173772049891927960e-01 2.298798852714245902e-03
4.101260929932927866e+03 6.128846947287497349e-01 2.644448478869275160e-03
4.105362190862862008e+03 6.148601002330635890e-01 2.762461733957107674e-03
4.109467553053726078e+03 6.200798180248999758e-01 2.385573660018144079e-03
4.113577020606780934e+03 6.281237026208562613e-01 2.088218319296794058e-03
4.117690597627389252e+03 6.387632347146233736e-01 1.862107904618775936e-03
4.121808288225018259e+03 6.507689859560077394e-01 1.844575183015503134e-03
4.125930096513244280e+03 6.636732557874568394e-01 2.108030664095650753e-03
4.130056026609759101e+03 6.758807691670389861e-01 2.363291376339636974e-03
4.134186082636369974e+03 6.855940865586986899e-01 2.408590606105200267e-03
4.138320268719007800e+03 6.931159399820800981e-01 2.381650539637153886e-03
4.142458588987728035e+03 6.987950886802084538e-01 2.162627903765668939e-03
4.146601047576717065e+03 7.006835518605325497e-01 2.198391504313190227e-03
4.150747648624294925e+03 6.999849555165069681e-01 2.309633232066671173e-03
4.154898396272920763e+03 6.971134628642602360e-01 2.410607261700256024e-03
4.159053294669195566e+03 6.919240639230376244e-01 2.750952912800553110e-03
4.163212347963865795e+03 6.843801307452871407e-01 2.501123580238710439e-03
4.167375560311830668e+03 6.773943829891567736e-01 1.712610896918565937e-03
4.171542935872143971e+03 6.728582476725684103e-01 1.789387301684832203e-03
4.175714478808017702e+03 6.686497311984298531e-01 1.685254858636264048e-03
4.179890193286827525e+03 6.669398070869160255e-01 1.943891667863709757e-03
4.184070083480115500e+03 6.671980984813083992e-01 1.670034446447078236e-03
4.188254153563597356e+03 6.668959161799790092e-01 1.434627677020987833e-03
4.192442407717161586e+03 6.663022962759506118e-01 1.365726060660099822e-03
4.196634850124880359e+03 6.653847482829331472e-01 1.510289352721696197e-03
4.200831484975006788e+03 6.651604735379216260e-01 1.527840728666366756e-03
4.205032316459983122e+03 6.656853522029182457e-01 1.554838728569869159e-03
4.209237348776444378e+03 6.665900473964938566e-01 1.582873338844021250e-03
4.213446586125221984e+03 6.678330883265246598e-01 1.409362072956681870e-03
4.217660032711349231e+03 6.703375723837213807e-01 1.375837351349169357e-03
4.221877692744061278e+03 6.735944424717887902e-01 1.366442540975786350e-03
4.226099570436806971e+03 6.775386191286325577e-01 1.371929346507603240e-03
4.230325670007245208e+03 6.826501423157474990e-01 1.354753681419976425e-03
4.234555995677254032e+03 6.889532486119316346e-01 1.209659638604400995e-03
4.238790551672932452e+03 6.947480623218067475e-01 1.234362387190816434e-03
4.243029342224606808e+03 7.008989198453632330e-01 1.535291336348280650e-03
4.247272371566832589e+03 7.067789767513216193e-01 2.157685160577610568e-03
4.251519643938400804e+03 7.109121267033283731e-01 2.197883014705986730e-03
4.255771163582340705e+03 7.113148791055421416e-01 2.205291030087713419e-03
4.260026934745924336e+03 7.106402060200320836e-01 2.059309276688299495e-03
4.264286961680671993e+03 7.078027301415666939e-01 1.913902658608949807e-03
4.268551248642354039e+03 7.021844318975795085e-01 2.101207751355567508e-03
4.272819799890998183e+03 6.943338556037874643e-01 2.594352445577760742e-03
4.277092619690890388e+03 6.851938969926817391e-01 2.826619617057624014e-03
4.281369712310583054e+03 6.771598850692551741e-01 2.559967002512355573e-03
4.285651082022895025e+03 6.703420381552754881e-01 2.231049092791313401e-03
4.289936733104918858e+03 6.652115209500849558e-01 2.561360605599257746e-03
4.294226669838025373e+03 6.611773753228006312e-01 2.728361112337891053e-03
4.298520896507864563e+03 6.589961276168633253e-01 2.506358600597040180e-03
4.302819417404373780e+03 6.567851761180499848e-01 2.237972656515803925e-03
4.307122236821779552e+03 6.549666354488523634e-01 2.187934071204968023e-03
4.311429359058603040e+03 6.537058672148081673e-01 2.193672015594651248e-03
4.315740788417662770e+03 6.526048749411385019e-01 2.182765766654506511e-03
4.320056529206081905e+03 6.510683535791431664e-01 1.901653403253324723e-03
4.324376585735290064e+03 6.513678369559581238e-01 1.934580737302602415e-03
4.328700962321026054e+03 6.525878046508791774e-01 2.044084064850416969e-03
4.333029663283348782e+03 6.535906735581510363e-01 2.041241773817860112e-03
4.337362692946633615e+03 6.545655809376693668e-01 1.996512913034514513e-03
4.341700055639581478e+03 6.568076366399429045e-01 1.875262038130573071e-03
4.346041755695222491e+03 6.598740410283387980e-01 1.674270385966567356e-03
4.350387797450919606e+03 6.628330955579837536e-01 1.786080427423068512e-03
4.354738185248371337e+03 6.656808804907717869e-01 1.756401750779561666e-03
4.359092923433621763e+03 6.683407168015705890e-01 1.298250584678767566e-03
4.363452016357056891e+03 6.722515209416167759e-01 1.126465579433754555e-03
4.367815468373414660e+03 6.776359800384045284e-01 1.902906218864314257e-03
4.372183283841789489e+03 6.833264334468979184e-01 2.038333334267056120e-03
4.376555467125633186e+03 6.876391930055307800e-01 1.851405374928029573e-03
4.380932022592760404e+03 6.918660324257430716e-01 1.467682593287581057e-03
4.385312954615354101e+03 6.938793284901291214e-01 1.924751936896720080e-03
4.389698267569970994e+03 6.953668434108358776e-01 2.325833243315542868e-03
4.394087965837542470e+03 6.969028246425509332e-01 2.589389326509321416e-03
4.398482053803381859e+03 6.992649680569299475e-01 2.348708603078867793e-03
4.402880535857186260e+03 7.021046397692850549e-01 1.847554831786828600e-03
4.407283416393044718e+03 7.070894469871504828e-01 2.174733849091191763e-03
4.411690699809440048e+03 7.130744733361805698e-01 2.705727835477583602e-03
4.416102390509250654e+03 7.187178836474128474e-01 2.836215404954235512e-03
4.420518492899761441e+03 7.239108316238842544e-01 2.569581395757691844e-03
4.424939011392662906e+03 7.280280268447476555e-01 2.194647502587867682e-03
4.429363950404056595e+03 7.307535951471419988e-01 1.868920979555119787e-03
4.433793314354462382e+03 7.313217757969963095e-01 2.026120495546684160e-03
4.438227107668818462e+03 7.307421995443569296e-01 2.024466691354065082e-03
4.442665334776488635e+03 7.280837236451970229e-01 1.855749412470582716e-03
4.447108000111265937e+03 7.257247225606714425e-01 1.480742056071574636e-03
4.451555108111379013e+03 7.256234304458932804e-01 1.350351157998767784e-03
4.456006663219492111e+03 7.267648926877346982e-01 1.283161052840504218e-03
4.460462669882713271e+03 7.302602138602307669e-01 1.197982705751513867e-03
4.464923132552597053e+03 7.372563652169057402e-01 1.203126636049841594e-03
4.469388055685150903e+03 7.467276517955888648e-01 1.194989418284133492e-03
4.473857443740837880e+03 7.599129379878546420e-01 1.454703512758641652e-03
4.478331301184580298e+03 7.750336317988056889e-01 1.618518885960250472e-03
4.482809632485766087e+03 7.924279025860186954e-01 1.888737989985314353e-03
4.487292442118253348e+03 8.104662813552264700e-01 1.984761803278122221e-03
4.491779734560373072e+03 8.301216894389692458e-01 2.027941678858239272e-03
4.496271514294934605e+03 8.491293328133848739e-01 1.586653100784671776e-03
4.500767785809231100e+03 8.665942529329494493e-01 1.596538816139157985e-03
4.505268553595042249e+03 8.828058201839905639e-01 1.994517239781339654e-03
4.509773822148638828e+03 8.985779124085948588e-01 2.081813743266890376e-03
4.514283595970789065e+03 9.138388315860656030e-01 1.944329537711906534e-03
4.518797879566761367e+03 9.291397775332682629e-01 1.710554789834585086e-03
4.523316677446328868e+03 9.450144418700660021e-01 1.672187057872751188e-03
4.527839994123776705e+03 9.604520914044483160e-01 1.444240577038069301e-03
4.532367834117902021e+03 9.768232675945519583e-01 1.429474931489786368e-03
4.536900201952022144e+03 9.944772538248848326e-01 1.226462377547486542e-03
4.541437102153975502e+03 1.012223007026694876e+00 1.193640936031252443e-03
4.545978539256130716e+03 1.029589222759291101e+00 1.083745338637888021e-03
4.550524517795388419e+03 1.045888682711826778e+00 1.135710765430193031e-03
4.555075042313184895e+03 1.062083829841603100e+00 1.253352294698577936e-03
4.559630117355500261e+03 1.077784312103704289e+00 1.454926415340811272e-03
4.564189747472856652e+03 1.091082997937859345e+00 1.464888451671329805e-03
4.568753937220330954e+03 1.103027364108224218e+00 1.474674325458911594e-03
4.573322691157552981e+03 1.113215882728407990e+00 1.499668448211697366e-03
4.577896013848711846e+03 1.122155235956016295e+00 1.070271142119390067e-03
4.582473909862562323e+03 1.128333652760093564e+00 1.490837194284645728e-03
4.587056383772426670e+03 1.132445805908993242e+00 2.240183125136325972e-03
4.591643440156200086e+03 1.136067572280925919e+00 2.332607113925793708e-03
4.596235083596357981e+03 1.141213852535468476e+00 2.051975988034454752e-03
4.600831318679955984e+03 1.147234133279625423e+00 1.991402342545707700e-03
4.605432149998637215e+03 1.154430413160671076e+00 2.260645796336797648e-03
4.610037582148637739e+03 1.161901313719990059e+00 2.274525911958670803e-03
4.614647619730787483e+03 1.169718422323133833e+00 2.233846284041423463e-03
4.619262267350520233e+03 1.177957536321917020e+00 2.173203824915665577e-03
4.623881529617872729e+03 1.186599665385541513e+00 2.092820465053367354e-03
4.628505411147491941e+03 1.195275743125356449e+00 1.987922945181252316e-03
4.633133916558640522e+03 1.202760065334677275e+00 1.978911811436912752e-03
4.637767050475200449e+03 1.208671362330062671e+00 1.913021816824202670e-03
4.642404817525677572e+03 1.214094190889459357e+00 2.248216183980451463e-03
4.647047222343205249e+03 1.216893349759439413e+00 2.329130610556451320e-03
4.651694269565549803e+03 1.216583039627904261e+00 2.340179706198311158e-03
4.656345963835116891e+03 1.214291388926093340e+00 2.287148597606674348e-03
4.661002309798953320e+03 1.209468763478499520e+00 1.908582391598784679e-03
4.665663312108753416e+03 1.200987168501990165e+00 2.086577850825739339e-03
4.670328975420864481e+03 1.189376338950416168e+00 2.465569082346377901e-03
4.674999304396286789e+03 1.174821002049931007e+00 2.499383555462599080e-03
4.679674303700684504e+03 1.159826249893645356e+00 1.664408324893718299e-03
4.684353978004386590e+03 1.145968681283040969e+00 1.510611578051581239e-03
4.689038331982392265e+03 1.132539760355974812e+00 1.524711199634686161e-03
4.693727370314376458e+03 1.120393975375991058e+00 1.564454228390758190e-03
4.698421097684692540e+03 1.108339537118666840e+00 1.617991566259087627e-03
4.703119518782378691e+03 1.097704279339581035e+00 1.630123497903506868e-03
4.707822638301162442e+03 1.088303269369560011e+00 1.625748732321163990e-03
4.712530460939465229e+03 1.080466332461375911e+00 1.756265577721567977e-03
4.717242991400406027e+03 1.072905755516085469e+00 1.911043785882766055e-03
4.721960234391808626e+03 1.065193701665141379e+00 2.103060630132578841e-03
4.726682194626201635e+03 1.056423826403148247e+00 2.132137811654936932e-03
4.731408876820829391e+03 1.047244470664745464e+00 1.988780136328223772e-03
4.736140285697651962e+03 1.036217924626274822e+00 2.087194329536288129e-03
4.740876425983350600e+03 1.024903994714086775e+00 2.079549824712195651e-03
4.745617302409335934e+03 1.013442842282171297e+00 1.998083491689055680e-03
4.750362919711747054e+03 1.000793167208966050e+00 2.116830378186981398e-03
4.755113282631459697e+03 9.867820563893262564e-01 2.258968918316922158e-03
4.759868395914093526e+03 9.733563602421956285e-01 2.085625854264919893e-03
4.764628264310008490e+03 9.604254920869195189e-01 1.465081121450556882e-03
4.769392892574320285e+03 9.493943199225842733e-01 1.479205311096660948e-03
4.774162285466896719e+03 9.401942814153674277e-01 1.562035894727307681e-03
4.778936447752364984e+03 9.320629897757679583e-01 1.502411819833412900e-03
4.783715384200118933e+03 9.245582897565126634e-01 1.071126254978889934e-03
4.788499099584319993e+03 9.160544039885698542e-01 1.070048438179634380e-03
4.793287598683906253e+03 9.075819520334594825e-01 1.064841125337822334e-03
4.798080886282591564e+03 8.988007216412648992e-01 1.082804556969214817e-03
4.802878967168876443e+03 8.901167755376310220e-01 1.077786088495988814e-03
4.807681846136046261e+03 8.805996891979643859e-01 1.071331960204777471e-03
4.812489527982183972e+03 8.711121785844843091e-01 1.026141057035819372e-03
4.817302017510168298e+03 8.610367151031111943e-01 1.027941183340177339e-03
4.822119319527679181e+03 8.505424752725100346e-01 1.219419664974081023e-03
4.826941438847208701e+03 8.406738785550366133e-01 9.826864433110974427e-04
4.831768380286057436e+03 8.327705125684565779e-01 1.021615294480616998e-03
4.836600148666345376e+03 8.267699291754733171e-01 1.034105255727385021e-03
4.841436748815013743e+03 8.217949526553844919e-01 1.380880989739229287e-03
4.846278185563829538e+03 8.194249401847623071e-01 1.186039143898759288e-03
4.851124463749395545e+03 8.210335601165493769e-01 1.202372355038878017e-03
4.855975588213146693e+03 8.258136880706037353e-01 1.498496091869152029e-03
4.860831563801360971e+03 8.329180049234059524e-01 1.568624596461598228e-03
4.865692395365163975e+03 8.423681196952875760e-01 1.506820092478746743e-03
4.870558087760530725e+03 8.539107630902742496e-01 1.364383802800642198e-03
4.875428645848292945e+03 8.666327627965594305e-01 1.284958639051267089e-03
4.880304074494142696e+03 8.794393254215306932e-01 1.283216039901356091e-03
4.885184378568638749e+03 8.922400554270923934e-01 1.226600302963315242e-03
4.890069562947209306e+03 9.048190758109184717e-01 1.190540712345537723e-03
4.894959632510157462e+03 9.165264050699974963e-01 1.220481269976138924e-03
4.899854592142669389e+03 9.271801880391182804e-01 1.191177669735366202e-03
4.904754446734813428e+03 9.375156068408825316e-01 1.201290985318761951e-03
4.909659201181550088e+03 9.470778262617832732e-01 1.188056498304721756e-03
4.914568860382732964e+03 9.557523697223256898e-01 1.034484579884696913e-03
4.919483429243117826e+03 9.647219489262316428e-01 1.059599927021352521e-03
4.924402912672362618e+03 9.731232267066076691e-01 1.056341971873281643e-03
4.929327315585036558e+03 9.807119403220744269e-01 9.929291428994911021e-04
4.934256642900622865e+03 9.862278976926289742e-01 8.869708812170904550e-04
4.939190899543525120e+03 9.914099219048276845e-01 8.616978043178392466e-04
4.944130090443070912e+03 9.966586995895942991e-01 8.139468851613962906e-04
4.949074220533515472e+03 1.000391177725893588e+00 7.081036000778082647e-04
4.954023294754050767e+03 1.002460316772920024e+00 9.871327809917727122e-04
4.958977318048806410e+03 1.003616631938755388e+00 1.072009617202179842e-03
4.963936295366856939e+03 1.004522574123787093e+00 1.018991036326362615e-03
4.968900231662225451e+03 1.005459703104638169e+00 9.592922778774177345e-04
4.973869131893889062e+03 1.006256858029537682e+00 1.149271743507209245e-03
4.978843001025784361e+03 1.006251140490246554e+00 1.359086266713987069e-03
4.983821844026811959e+03 1.005411458759212451e+00 1.424453303933080313e-03
4.988805665870840130e+03 1.002988424699869263e+00 1.450763400846394801e-03
4.993794471536712990e+03 9.983628481223487672e-01 1.281365031249136329e-03
4.998788266008251412e+03 9.913683088739356775e-01 1.277163707350906143e-03
5.003787054274261209e+03 9.823517883124420758e-01 1.265425509301777544e-03
5.008790841328536771e+03 9.708907818797680722e-01 1.269988999269793971e-03
5.013799632169867436e+03 9.575617851626615495e-01 1.269083829680758618e-03
5.018813431802038394e+03 9.422359098299394331e-01 1.277777856537039985e-03
5.023832245233842514e+03 9.248673618131584284e-01 1.238769826707559855e-03
5.028856077479077612e+03 9.060055750977363820e-01 1.095904645631275631e-03
5.033884933556558281e+03 8.872051819310061704e-01 1.094422925053329136e-03
5.038918818490116792e+03 8.687460326609314221e-01 1.133550135409949842e-03
5.043957737308608557e+03 8.505008953448911502e-01 1.535885672401253454e-03
5.049001695045918495e+03 8.337042044303490940e-01 1.743395379567080688e-03
5.054050696740966487e+03 8.192486777217954375e-01 1.651358486671822756e-03
5.059104747437709193e+03 8.079357710016951133e-01 1.277191227191538155e-03
5.064163852185148244e+03 8.006848235155683557e-01 1.120128232319890504e-03
5.069228016037335692e+03 7.978748135873939828e-01 1.636778632465250068e-03
5.074297244053374015e+03 7.984362991948658062e-01 1.839895110776994594e-03
5.079371541297429758e+03 8.021874291574041527e-01 1.685861024275454780e-03
5.084450912838728073e+03 8.087976202788033087e-01 1.194920979684758154e-03
5.089535363751569093e+03 8.167483587578101556e-01 1.126123182655822032e-03
5.094624899115322478e+03 8.260644327392895336e-01 1.310452724979336040e-03
5.099719524014439230e+03 8.375884855647300897e-01 1.308853646621312714e-03
5.104819243538455339e+03 8.496953655270238492e-01 1.232992526210975430e-03
5.109924062781995417e+03 8.630355584001303537e-01 1.316172122497238700e-03
5.115033986844779065e+03 8.769273684953116099e-01 1.464832850910264671e-03
5.120149020831625421e+03 8.907130996044885229e-01 1.543954252089746373e-03
5.125269169852458617e+03 9.044716143061629632e-01 1.494153168059246441e-03
5.130394439022313236e+03 9.178135009072196926e-01 1.320677311554975964e-03
5.135524833461337039e+03 9.304368486230244484e-01 1.275329812336783303e-03
5.140660358294800062e+03 9.419375751318852519e-01 1.419787361201518177e-03
5.145801018653096435e+03 9.526924770717077884e-01 1.453462627860677278e-03
5.150946819671751655e+03 9.627300848348763207e-01 1.283134597594925378e-03
5.156097766491425318e+03 9.723151589460561350e-01 9.678293736705652133e-04
5.161253864257918394e+03 9.821631940928436943e-01 8.807405950152414785e-04
5.166415118122177773e+03 9.927715480545480364e-01 9.340313670220864312e-04
5.171581533240301724e+03 1.003297196512541234e+00 9.088208676462339016e-04
5.176753114773543530e+03 1.013997661963438990e+00 1.035228836366347289e-03
5.181929867888318768e+03 1.025390761519890503e+00 1.097964035462645508e-03
5.187111797756208944e+03 1.036990838547765303e+00 1.057875302772522553e-03
5.192298909553966951e+03 1.048721798448518649e+00 9.233844145672894270e-04
5.197491208463522526e+03 1.061409255392636197e+00 1.038493070539975478e-03
5.202688699671987706e+03 1.073640098985248592e+00 1.006756830948268020e-03
5.207891388371661378e+03 1.086644815223988259e+00 1.236259697178871460e-03
5.213099279760034733e+03 1.099124591133012085e+00 1.201591979437698597e-03
5.218312379039796724e+03 1.110995825972634687e+00 1.096967974526801394e-03
5.223530691418837705e+03 1.121544444310480060e+00 8.485516273286774092e-04
5.228754222110258524e+03 1.130193328920988893e+00 9.146893872583285916e-04
5.233982976332370527e+03 1.137671232154131129e+00 1.043104466898701335e-03
5.239216959308704645e+03 1.143470877035332567e+00 1.363355371882662374e-03
5.244456176268015042e+03 1.149312950869480376e+00 1.220869511786249525e-03
5.249700632444284565e+03 1.155161731249034540e+00 1.044305655982596948e-03
5.254950333076731113e+03 1.161175097244608656e+00 9.053108805325394510e-04
5.260205283409809454e+03 1.168460244485754362e+00 9.184952685156492439e-04
5.265465488693221232e+03 1.177109618303997740e+00 9.471102204644120566e-04
5.270730954181915877e+03 1.186157749160044128e+00 9.592567787181027154e-04
5.276001685136099695e+03 1.196002647876652780e+00 1.009699249370113504e-03
5.281277686821237694e+03 1.207295779834670846e+00 1.056500891791136527e-03
5.286558964508059944e+03 1.220288762157684781e+00 1.064026324883388672e-03
5.291845523472569766e+03 1.233577865601869661e+00 1.155867147112457725e-03
5.297137368996044643e+03 1.248240587687893033e+00 1.150815037361918158e-03
5.302434506365042580e+03 1.263240971589033146e+00 1.065580972707489424e-03
5.307736940871409388e+03 1.279218155623876196e+00 1.310925974234639687e-03
5.313044677812282316e+03 1.294700754755483407e+00 1.516603480561868993e-03
5.318357722490096421e+03 1.309836846203195515e+00 1.596762268273366030e-03
5.323676080212588204e+03 1.322690821822524176e+00 1.335015930857625299e-03
5.328999756292802886e+03 1.333001757015878752e+00 1.296671483534091130e-03
5.334328756049097137e+03 1.340790371168431916e+00 1.317715556348599253e-03
5.339663084805148173e+03 1.345241069396954758e+00 1.265622906177214530e-03
5.345002747889954662e+03 1.347445187063108119e+00 1.300935916753487385e-03
5.350347750637846730e+03 1.346054384251436975e+00 1.295550900303436316e-03
5.355698098388485960e+03 1.341245133821878044e+00 1.285030902495745177e-03
5.361053796486876308e+03 1.334089235791605432e+00 1.477583496661852248e-03
5.366414850283365013e+03 1.323485873069351282e+00 1.365819612918109599e-03
5.371781265133649867e+03 1.309285578496626412e+00 1.580849053071607278e-03
5.377153046398785591e+03 1.292993000779097068e+00 1.823169618464954298e-03
5.382530199445186554e+03 1.275381149949482040e+00 2.037812794520098107e-03
5.387912729644633146e+03 1.257752506393569725e+00 2.071572278913129395e-03
5.393300642374279960e+03 1.239072126270756025e+00 1.789977705235931173e-03
5.398693943016655794e+03 1.221752544951101527e+00 1.545015490091287925e-03
5.404092636959673655e+03 1.206133921092640726e+00 1.281436530859620965e-03
5.409496729596635305e+03 1.193490634649775783e+00 1.339239858535040684e-03
5.414906226326233991e+03 1.183962972745406406e+00 1.423494799465943941e-03
5.420321132552561721e+03 1.177675122705169830e+00 1.030687381644113196e-03
5.425741453685116539e+03 1.173313874454236849e+00 1.028828745232435084e-03
5.431167195138803436e+03 1.171949297931951683e+00 1.016253248108146823e-03
5.436598362333943442e+03 1.173316298012737846e+00 1.023667781907398877e-03
5.442034960696279086e+03 1.177351568561995965e+00 1.000524632150566950e-03
5.447476995656978033e+03 1.184098423665980393e+00 1.053939739743610382e-03
5.452924472652636723e+03 1.193653735823219098e+00 8.243397028559409792e-04
5.458377397125291282e+03 1.206649728142141775e+00 7.975153569938921811e-04
5.463835774522417523e+03 1.223149570892499538e+00 7.305055904368123977e-04
5.469299610296941864e+03 1.241392407366022743e+00 7.735764630375218396e-04
5.474768909907241323e+03 1.260791452270664026e+00 8.712026425852081998e-04
5.480243678817149885e+03 1.281004303512844666e+00 9.103720470161974715e-04
5.485723922495968509e+03 1.301275894519171583e+00 9.171958032785598692e-04
5.491209646418466946e+03 1.321230839137551571e+00 6.445636606878352940e-04
5.496700856064887375e+03 1.339169303505755915e+00 6.161022663314925495e-04
5.502197556920953502e+03 1.355077688726904483e+00 5.953009850524629883e-04
5.507699754477876013e+03 1.368090541711966424e+00 6.712030078744472871e-04
5.513207454232356213e+03 1.377904190348600677e+00 8.066863506013301210e-04
5.518720661686590574e+03 1.383650654264940938e+00 7.858980124658142318e-04
5.524239382348278923e+03 1.384697208463647522e+00 8.114561546708107774e-04
5.529763621730628984e+03 1.380761396280546727e+00 8.397413477825357029e-04
5.535293385352360929e+03 1.372494055573389771e+00 7.301785323069560560e-04
5.540828678737715563e+03 1.359510876847272787e+00 8.388343619556332164e-04
5.546369507416455235e+03 1.342443791046032286e+00 1.141781483638224220e-03
5.551915876923872929e+03 1.321709259775721623e+00 1.231714192228857471e-03
5.557467792800798634e+03 1.298768654680820811e+00 1.193264138925830562e-03
5.563025260593602070e+03 1.274473696900009445e+00 9.711972183254213593e-04
5.568588285854197238e+03 1.250302049087923972e+00 7.877962664392487062e-04
5.574156874140053333e+03 1.227146662191656690e+00 5.775956944228269416e-04
5.579731031014194741e+03 1.206113020195779706e+00 5.888424171760748378e-04
5.585310762045211050e+03 1.188050961946605533e+00 6.061517507461428554e-04
5.590896072807257951e+03 1.173573226064731578e+00 7.182697733282733836e-04
5.596486968880067252e+03 1.163420801615677957e+00 7.389011224529356279e-04
5.602083455848949598e+03 1.156897706572060480e+00 7.701025673252522540e-04
5.607685539304799931e+03 1.154037026805247335e+00 8.789053905516923610e-04
5.613293224844106589e+03 1.154315752369963199e+00 9.690584659603247589e-04
5.618906518068952209e+03 1.157199636641490947e+00 1.074212548586633972e-03
5.624525424587023736e+03 1.161465923616412654e+00 1.233302868139065549e-03
5.630149950011612418e+03 1.166262173223294063e+00 1.368474111092358569e-03
5.635780099961625638e+03 1.170180612432097256e+00 1.351027579847967688e-03
5.641415880061589633e+03 1.171497199956395230e+00 9.944667840534405015e-04
5.647057295941652228e+03 1.168828733365640860e+00 8.229575681544355282e-04
5.652704353237596479e+03 1.161959723111246179e+00 7.606836339473711144e-04
5.658357057590835211e+03 1.150202682728537873e+00 7.001447197932233807e-04
5.664015414648428305e+03 1.133129485370268696e+00 8.127829468894556906e-04
5.669679430063079053e+03 1.111289813844975605e+00 8.628517068776372445e-04
5.675349109493143260e+03 1.084917596943607565e+00 9.503743284980920416e-04
5.681024458602638333e+03 1.054616300717311272e+00 9.931991746592087021e-04
5.686705483061243285e+03 1.020912606479028373e+00 1.030183691984853803e-03
5.692392188544306009e+03 9.851731685646240022e-01 9.024351925843106291e-04
5.698084580732852373e+03 9.483845195137221573e-01 6.520002934665280071e-04
5.703782665313587131e+03 9.127718512649179994e-01 6.834962272871505972e-04
5.709486447978903016e+03 8.782331507617161526e-01 9.236072590279170713e-04
5.715195934426883468e+03 8.464679808402982841e-01 9.973891843949582881e-04
5.720911130361312644e+03 8.183038702644339635e-01 9.080731244062474746e-04
5.726632041491675409e+03 7.949260402990522278e-01 7.257246640278922079e-04
5.732358673533169167e+03 7.770539997269622079e-01 6.128567800796868833e-04
5.738091032206703858e+03 7.652371109822337925e-01 6.654064264701169303e-04
5.743829123238912871e+03 7.597382603988569461e-01 7.977808267497243401e-04
5.749572952362153046e+03 7.598164008426262495e-01 8.256850742856876747e-04
5.755322525314517407e+03 7.657156837102359059e-01 8.404246119932841635e-04
5.761077847839834249e+03 7.774730586944232913e-01 6.662514589406129178e-04
5.766838925687675328e+03 7.939410495448162575e-01 4.931345814018883288e-04
5.772605764613364954e+03 8.148223774411089693e-01 5.568024852846311778e-04
5.778378370377980900e+03 8.401519719678148812e-01 7.037064059372727430e-04
5.784156748748360769e+03 8.683548200593863564e-01 7.196015988348486219e-04
5.789940905497111089e+03 8.997983987238563630e-01 7.275700737573150088e-04
5.795730846402610041e+03 9.338366133579633077e-01 7.151276918319502069e-04
5.801526577249013826e+03 9.703549126945253400e-01 7.186453507917710259e-04
5.807328103826264851e+03 1.008729638991248123e+00 7.291758477296493741e-04
5.813135431930093546e+03 1.049073932370680584e+00 7.145242439873277559e-04
5.818948567362025642e+03 1.090030755683484287e+00 7.791183825510308684e-04
5.824767515929389447e+03 1.131517155947619813e+00 8.608051875706240405e-04
5.830592283445320390e+03 1.172478496056196473e+00 8.688683098549896105e-04
5.836422875728768304e+03 1.212937441132372118e+00 9.077002566316374902e-04
5.842259298604498326e+03 1.252630888693450295e+00 9.413239059785510638e-04
5.848101557903105459e+03 1.291011922546023483e+00 9.969315312983678765e-04
5.853949659461010015e+03 1.328330870253308316e+00 1.022708646435850372e-03
5.859803609120473084e+03 1.363130633641963074e+00 1.018142062565724395e-03
5.865663412729595620e+03 1.395374202242942951e+00 1.017567140320585484e-03
5.871529076142326630e+03 1.424913592393650452e+00 1.134769339072181672e-03
5.877400605218471355e+03 1.450875805418883058e+00 1.340424992133199596e-03
5.883278005823691274e+03 1.473547262937322966e+00 1.463481967106703948e-03
5.889161283829516833e+03 1.491809217128686749e+00 1.073227165772681338e-03
5.895050445113348360e+03 1.504256084623855294e+00 1.085952099532701796e-03
5.900945495558464245e+03 1.512215645549583432e+00 1.110635553191914159e-03
5.906846441054024581e+03 1.515341764413051795e+00 1.417522121305468761e-03
5.912753287495080258e+03 1.513912787891101619e+00 1.889931870065396759e-03
5.918666040782577511e+03 1.509639449564698088e+00 1.606403185934168407e-03
5.924584706823361557e+03 1.503662781824475214e+00 1.284746479111556440e-03
5.930509291530187511e+03 1.496532311864712028e+00 1.140815117190746792e-03
5.936439800821719473e+03 1.488803340865593405e+00 1.170290021673719505e-03
5.942376240622543264e+03 1.480045765522721712e+00 1.151343221797243750e-03
5.948318616863167335e+03 1.471202229099522585e+00 1.159651079922115625e-03
5.954266935480032771e+03 1.462309269087125996e+00 1.205429606046302818e-03
5.960221202415515108e+03 1.453510442968572791e+00 1.216510407640749572e-03
5.966181423617932523e+03 1.445273339691416803e+00 1.196677782755956564e-03
5.972147605041552197e+03 1.435998600811953407e+00 1.408318298861083000e-03
5.978119752646595771e+03 1.425307983772814202e+00 1.884968259044217821e-03
5.984097872399243897e+03 1.412955170344463163e+00 2.483496839230265978e-03
5.990081970271645332e+03 1.397604645489391118e+00 2.568171400702107948e-03
5.996072052241918755e+03 1.378858850987838114e+00 2.207885962680752965e-03
6.002068124294162772e+03 1.356600878302725688e+00 1.953531548650829733e-03
6.008070192418459555e+03 1.330462803963825769e+00 2.248777400729898030e-03
6.014078262610879392e+03 1.301797989985826076e+00 2.846544783372843487e-03
6.020092340873492503e+03 1.271114366656329375e+00 3.202244921101347029e-03
6.026112433214368139e+03 1.239911356335318127e+00 2.640800069361289720e-03
6.032138545647584579e+03 1.210977409988010844e+00 1.979183292131267338e-03
6.038170684193233683e+03 1.185069505460531358e+00 1.609247446274218382e-03
6.044208854877429076e+03 1.162880598164560242e+00 1.637815997738361262e-03
6.050253063732308874e+03 1.145307936035596885e+00 1.664784140974137627e-03
6.056303316796042964e+03 1.131768054588814687e+00 1.515656298347292609e-03
6.062359620112841185e+03 1.122423607437204263e+00 1.304289764706264600e-03
6.068421979732956061e+03 1.116868654110544146e+00 1.368967634621183743e-03
6.074490401712690982e+03 1.115254267939788990e+00 1.377471291749081395e-03
6.080564892114405666e+03 1.117240333768687144e+00 1.336567044266324207e-03
6.086645457006521610e+03 1.122656525582510278e+00 1.404439968588371999e-03
6.092732102463530282e+03 1.131300039191993845e+00 1.860937330023864581e-03
6.098824834565995843e+03 1.142395996961600435e+00 2.073800612189064408e-03
6.104923659400564247e+03 1.154281594789233756e+00 1.990907617325153763e-03
6.111028583059966877e+03 1.166625986041929908e+00 1.848491289895483770e-03
6.117139611643028729e+03 1.179054777069935334e+00 1.265935445813478298e-03
6.123256751254673873e+03 1.189715591604386891e+00 1.186802469968857706e-03
6.129380008005929994e+03 1.198625954727709386e+00 1.401243417458339965e-03
6.135509388013938405e+03 1.205983268122638119e+00 1.342761886306905079e-03
6.141644897401954040e+03 1.212309972129227198e+00 1.025447528113534752e-03
6.147786542299358189e+03 1.218451254888372581e+00 7.635476103549753823e-04
6.153934328841659408e+03 1.224911666838982560e+00 6.497740982617344592e-04
6.160088263170503524e+03 1.231520883525142551e+00 6.355075009963619083e-04
6.166248351433675452e+03 1.239269572592629043e+00 6.417634859338756589e-04
6.172414599785111022e+03 1.247934845839645313e+00 6.471230455477674798e-04
6.178587014384898794e+03 1.257238227874191150e+00 8.018416797514893316e-04
6.184765601399285515e+03 1.267953985129048222e+00 8.016278524447080977e-04
6.190950367000687038e+03 1.280125917122368229e+00 7.701038890854241615e-04
6.197141317367689226e+03 1.293330637191648869e+00 6.441817591217480644e-04
6.203338458685059777e+03 1.308196430647906361e+00 8.000830391857143963e-04
6.209541797143746408e+03 1.324086755308353958e+00 8.378465894154665762e-04
6.215751338940892310e+03 1.340333503376709201e+00 8.793803453782939169e-04
6.221967090279835247e+03 1.356015698931281488e+00 8.681001613567244360e-04
6.228189057370116643e+03 1.371715665955536068e+00 7.217257107723046121e-04
6.234417246427488863e+03 1.386303897866946855e+00 4.936262912599068652e-04
6.240651663673918847e+03 1.399289544660133222e+00 5.486909669296122314e-04
6.246892315337594482e+03 1.410084690019421494e+00 6.323402334755074891e-04
6.253139207652934601e+03 1.419065085305932339e+00 7.046254115769958566e-04
6.259392346860589896e+03 1.426238988688172560e+00 6.642021108325471546e-04
6.265651739207452010e+03 1.431656514034172378e+00 6.518482145002503633e-04
6.271917390946661726e+03 1.435124969152071550e+00 6.698834128364306462e-04
6.278189308337610782e+03 1.436478453376614173e+00 6.285136553632587018e-04
6.284467497645950061e+03 1.436370444307426109e+00 6.252256824920905979e-04
6.290751965143597772e+03 1.434345786405493595e+00 6.230635302483616923e-04
6.297042717108744000e+03 1.430128215065150421e+00 5.755590100428320272e-04
6.303339759825854344e+03 1.424509901319685801e+00 6.318756606633860358e-04
6.309643099585682648e+03 1.417164642310521971e+00 7.791107349192210327e-04
6.315952742685270096e+03 1.407578020567682220e+00 7.739269663167790657e-04
6.322268695427957937e+03 1.396156009543855214e+00 7.457158495334807648e-04
6.328590964123387494e+03 1.382942404950451731e+00 7.615526617626160351e-04
6.334919555087512890e+03 1.368367080532823410e+00 7.568842187853104921e-04
6.341254474642602872e+03 1.352152653374785629e+00 7.633510060422825632e-04
6.347595729117247174e+03 1.334960708696491860e+00 7.711163380972436369e-04
6.353943324846366522e+03 1.316649178547251386e+00 7.862149001487462631e-04
6.360297268171215364e+03 1.298217671701159981e+00 8.173927928128012048e-04
6.366657565439388236e+03 1.279283840072383160e+00 8.564063388861515485e-04
6.373024223004829764e+03 1.261362551166240520e+00 8.146142187859181649e-04
6.379397247227837397e+03 1.245243494511965698e+00 7.970223331795780975e-04
6.385776644475066860e+03 1.231136369673937470e+00 8.339664051396965348e-04
6.392162421119543978e+03 1.219201453369498811e+00 8.702079782355112703e-04
6.398554583540665590e+03 1.210689474682252298e+00 8.345328325459280567e-04
6.404953138124208635e+03 1.205631583813560059e+00 8.599847383066499184e-04
6.411358091262334710e+03 1.204303436670909333e+00 7.522849629996904977e-04
6.417769449353599157e+03 1.207266656493239942e+00 6.522681859089449327e-04
6.424187218802954703e+03 1.214583162584890630e+00 6.550862457248586828e-04
6.430611406021760558e+03 1.226064754326722239e+00 6.943535050760552907e-04
6.437042017427784231e+03 1.240252889739278164e+00 8.011481383624111628e-04
6.443479059445214261e+03 1.256660701905249367e+00 9.705414765631894137e-04
6.449922538504661134e+03 1.275045031371214499e+00 1.734429868596843328e-03
6.456372461043168187e+03 1.293735391753103148e+00 1.848256555253153296e-03
6.462828833504213435e+03 1.311384102661784956e+00 1.496657400466737007e-03
6.469291662337719572e+03 1.327521045126206944e+00 1.223814412211727144e-03
6.475760954000059428e+03 1.341577913753904117e+00 1.164698482921788314e-03
6.482236714954061426e+03 1.352994058275117872e+00 1.292489787773097370e-03
6.488718951669017770e+03 1.361991868494688340e+00 1.295422878502421266e-03
6.495207670620688987e+03 1.369070473850156677e+00 1.234226352602950470e-03
6.501702878291312118e+03 1.374532269526349992e+00 1.222611336362268951e-03
6.508204581169605262e+03 1.378801345045818527e+00 1.075882232917352950e-03
6.514712785750777584e+03 1.382189812768910286e+00 1.013571339409721685e-03
6.521227498536530220e+03 1.385855945669861811e+00 1.105978038568379042e-03
6.527748726035069012e+03 1.389925550268688914e+00 1.059874676127058784e-03
6.534276474761106329e+03 1.394791649455214166e+00 1.050297890558470016e-03
6.540810751235869247e+03 1.400323306731559025e+00 1.052119205341080308e-03
6.547351561987107743e+03 1.405869068754170170e+00 1.045970686491512090e-03
6.553898913549096505e+03 1.411956824409233313e+00 1.063452946874294354e-03
6.560452812462647671e+03 1.417918931919823766e+00 1.275867310002260597e-03
6.567013265275112644e+03 1.423336851192373187e+00 1.518907185935162996e-03
6.573580278540390282e+03 1.428589545208085898e+00 1.451006131115789577e-03
6.580153858818932349e+03 1.430809563283080177e+00 1.064788676597770972e-03
6.586734012677753526e+03 1.429746715082019559e+00 9.726723810332612045e-04
6.593320746690433225e+03 1.425703120861163020e+00 9.241344721369863660e-04
6.599914067437126505e+03 1.417834162383003749e+00 8.735786582091664958e-04
6.606513981504565891e+03 1.406029967021895866e+00 1.043081160675996986e-03
6.613120495486072286e+03 1.391207582348135796e+00 1.204610317900654641e-03
6.619733615981560433e+03 1.373906287158717321e+00 1.299324491769913124e-03
6.626353349597544366e+03 1.354671254117851609e+00 1.322516991778410842e-03
6.632979702947143778e+03 1.334530358105174397e+00 1.396602523848136570e-03
6.639612682650093120e+03 1.313899117891480506e+00 1.160375398940403664e-03
6.646252295332745234e+03 1.294385963700149356e+00 9.360167201628409464e-04
6.652898547628080451e+03 1.276255387378587569e+00 1.271077496015440107e-03
6.659551446175711135e+03 1.259002771606359872e+00 1.365985160619327416e-03
6.666210997621888964e+03 1.242212790321838511e+00 1.292312090618590861e-03
6.672877208619513112e+03 1.225555616919182578e+00 1.273357556205496292e-03
6.679550085828134797e+03 1.209264598496221366e+00 1.198599107605269375e-03
6.686229635913964557e+03 1.193550663772998899e+00 1.091239534009488246e-03
6.692915865549881346e+03 1.177581830123784146e+00 1.067045490363808776e-03
6.699608781415433441e+03 1.162028644335438177e+00 1.041052289354742200e-03
6.706308390196851178e+03 1.146045028289759848e+00 9.091986540704457588e-04
6.713014698587049679e+03 1.131050839331515068e+00 8.111646866625526250e-04
6.719727713285638856e+03 1.117336635940377132e+00 8.393398233272026743e-04
6.726447440998927050e+03 1.104549976968287162e+00 9.247990645933643148e-04
6.733173888439928305e+03 1.094140500600023769e+00 8.576531040751430310e-04
6.739907062328370557e+03 1.085847515973434874e+00 9.650478614790953267e-04
6.746646969390701088e+03 1.080235097824271406e+00 1.011150524127539269e-03
6.753393616360093802e+03 1.077169046630291005e+00 1.006598955341370290e-03
6.760147009976456502e+03 1.075922987835692402e+00 9.200632705318698449e-04
6.766907156986434529e+03 1.076711633683384184e+00 9.632331223168332825e-04
6.773674064143423493e+03 1.079746498972251390e+00 1.183397174164339295e-03
6.780447738207569273e+03 1.083930825155368316e+00 1.261956362359920774e-03
6.787228185945778932e+03 1.087873776469350240e+00 1.190727310316902097e-03
6.794015414131727084e+03 1.090922633056610414e+00 1.082462941135051149e-03
6.800809429545861349e+03 1.092256489485535997e+00 8.734925438412285796e-04
6.807610238975408720e+03 1.091301158775627611e+00 7.775995487804078553e-04
6.814417849214386479e+03 1.088212387687462979e+00 7.019734014580268112e-04
6.821232267063603103e+03 1.082022159765086755e+00 1.027838466301043236e-03
6.828053499330669183e+03 1.074077725645641745e+00 1.044007985382241956e-03
6.834881552830001965e+03 1.064469522173827176e+00 1.097636127273759381e-03
6.841716434382834450e+03 1.054309375626929279e+00 1.078653975083459669e-03
6.848558150817219939e+03 1.043851727031936294e+00 8.989153822390842652e-04
6.855406708968039311e+03 1.033704843470571344e+00 5.874306331994452474e-04
6.862262115677009206e+03 1.024930705363519934e+00 7.873060749377870822e-04
6.869124377792688392e+03 1.016197756124916918e+00 8.379269460541789120e-04
6.875993502170483225e+03 1.008758353378465422e+00 1.137220391390588760e-03
6.882869495672656740e+03 1.001521036912519591e+00 9.047376912861542636e-04
6.889752365168331380e+03 9.942177382746248959e-01 9.643957698506366340e-04
6.896642117533501732e+03 9.879565990066584424e-01 9.653716653915067831e-04
6.903538759651037253e+03 9.823873090868247004e-01 1.077333394388991714e-03
6.910442298410691365e+03 9.782099267441879409e-01 1.072448535854572671e-03
6.917352740709104182e+03 9.753702867057125747e-01 9.760795539872602847e-04
6.924270093449815249e+03 9.742096133730221430e-01 9.201213605342934820e-04
6.931194363543267173e+03 9.751489067497132179e-01 8.138727029368844710e-04
6.938125557906812901e+03 9.784697184967157124e-01 7.691543314311972404e-04
6.945063683464722089e+03 9.843985294479820070e-01 7.668718735248970797e-04
6.952008747148189286e+03 9.927985916693670143e-01 8.174801941347886345e-04
6.958960755895339389e+03 1.003700465136901476e+00 8.286324805322656077e-04
6.965919716651237650e+03 1.015571225012595447e+00 7.412885324536341294e-04
6.972885636367890584e+03 1.028542929850563503e+00 7.286890281790247897e-04
6.979858522004260521e+03 1.042503212869184903e+00 7.413366746483066125e-04
6.986838380526267429e+03 1.057255821011251928e+00 1.008402995464796354e-03
6.993825218906796181e+03 1.071619101101151106e+00 1.292370437457749863e-03
7.000819044125705659e+03 1.085103844299561082e+00 1.409027166020193665e-03
7.007819863169833297e+03 1.097073126274135113e+00 1.363932459525886518e-03
7.014827683033005087e+03 1.106515035116720114e+00 9.479852298295845473e-04
7.021842510716041033e+03 1.112708831628906658e+00 8.398572066879733287e-04
7.028864353226758794e+03 1.115451817062333095e+00 9.995860380880984379e-04
7.035893217579988232e+03 1.115289496164953098e+00 1.403631733211081496e-03
7.042929110797570502e+03 1.111855645770402523e+00 1.835930748564127291e-03
7.049972039908370789e+03 1.107201060650423008e+00 1.879521670620738945e-03
7.057022011948281033e+03 1.101307394596184874e+00 1.808082090111899631e-03
7.064079033960231754e+03 1.094419505998236231e+00 1.632030272081903908e-03
7.071143112994193871e+03 1.087977874639051157e+00 1.567285420199121667e-03
7.078214256107190522e+03 1.080977833486374884e+00 1.305996401989443926e-03
7.085292470363300708e+03 1.074636099680098988e+00 1.269341602554382477e-03
7.092377762833665656e+03 1.068177476234529300e+00 1.262576980919442090e-03
7.099470140596501551e+03 1.062385353121874099e+00 1.264667464088910015e-03
7.106569610737100447e+03 1.057410647293925976e+00 1.269312725457746264e-03
7.113676180347840273e+03 1.053592939162293352e+00 1.144870929342784458e-03
7.120789856528190285e+03 1.050325411167293943e+00 9.026402138442128631e-04
7.127910646384721076e+03 1.047798842010249754e+00 9.199495308535561924e-04
7.135038557031108212e+03 1.046067084376011147e+00 1.115041227636955935e-03
7.142173595588141325e+03 1.045533063887671865e+00 1.189159452994335798e-03
7.149315769183732300e+03 1.046950950998039920e+00 1.157211551939857103e-03
7.156465084952918005e+03 1.049671008356283686e+00 1.073010650467101949e-03
7.163621550037873021e+03 1.054499577574464553e+00 1.079039246282196413e-03
7.170785171587913283e+03 1.060465453241131950e+00 1.165420793520832504e-03
7.177955956759504261e+03 1.067675563485364298e+00 1.279064018886530256e-03
7.185133912716265513e+03 1.075921846343264709e+00 1.336969123026765559e-03
7.192319046628984324e+03 1.085137424792339766e+00 1.423903300342335655e-03
7.199511365675615707e+03 1.095530660653253330e+00 1.420864475293412464e-03
7.206710877041294225e+03 1.106114393469150192e+00 1.287496824423876559e-03
7.213917587918337631e+03 1.117054101572632296e+00 1.128550040399106886e-03
7.221131505506257781e+03 1.127694015230078062e+00 1.100660804507878118e-03
7.228352637011767001e+03 1.138905888907614017e+00 1.013272691646202074e-03
7.235580989648780815e+03 1.150134604037810426e+00 9.789164944837276498e-04
7.242816570638432495e+03 1.161176476187292250e+00 9.258052490237093446e-04
7.250059387209073066e+03 1.171427665161616449e+00 9.755673639487110046e-04
7.257309446596284033e+03 1.180974390183308298e+00 1.055236746977565284e-03
7.264566756042882844e+03 1.189727489933938509e+00 1.180406043042313583e-03
7.271831322798928340e+03 1.197616252865070674e+00 1.340335545110312799e-03
7.279103154121729858e+03 1.204643002248698913e+00 1.501494818097341959e-03
7.286382257275853590e+03 1.210959959335601077e+00 1.742506676475014680e-03
7.293668639533132591e+03 1.216440725252719179e+00 2.118837177652847011e-03
7.300962308172667690e+03 1.220829630651550479e+00 2.702464112404222990e-03
7.308263270480842948e+03 1.224442957284187727e+00 3.313954469471323393e-03
7.315571533751325660e+03 1.227484942994848005e+00 3.382930659263194521e-03
7.322887105285079997e+03 1.228762953141705250e+00 3.252136500185639958e-03
7.330209992390367006e+03 1.227121532669911419e+00 2.203829871365496282e-03
7.337540202382760071e+03 1.221060989995664148e+00 2.957118559407572681e-03
7.344877742585144915e+03 1.210040666175891344e+00 3.338405351302361785e-03
