# starting wavelength: 3509.350
# ending wavelength: 7345.560
# wav flux eflux
3.512654146025513455e+03 5.056135475691179160e-01 1.029002996092101552e-02
3.516166800171540217e+03 5.057815406773852329e-01 8.822017874165163573e-03
3.519682966971712631e+03 5.058647608318016520e-01 7.034468323163111173e-03
3.523202649938685681e+03 5.047520155616207482e-01 5.382730595190904008e-03
3.526725852588625457e+03 5.030555935297984504e-01 4.272863130264177925e-03
3.530252578441215064e+03 5.014709791254510218e-01 3.420017364495974658e-03
3.533782831019657806e+03 5.000475864299380735e-01 3.040508650476085682e-03
3.537316613850678550e+03 4.985420279531018739e-01 2.529984419530147913e-03
3.540853930464530094e+03 4.974325687539957741e-01 2.114461783323043787e-03
3.544394784394995895e+03 4.975780686515906548e-01 2.109329865735610002e-03
3.547939179179392340e+03 4.987085627400599241e-01 2.128732829007892648e-03
3.551487118358572843e+03 5.002815987663835617e-01 2.016731406869921774e-03
3.555038605476932389e+03 5.023838836789848994e-01 1.927310951019571041e-03
3.558593644082410719e+03 5.043842068105174326e-01 1.803837546428510488e-03
3.562152237726494150e+03 5.068139242131838307e-01 1.707232604499129289e-03
3.565714389964221937e+03 5.092354918368293681e-01 1.666185452217846434e-03
3.569280104354187188e+03 5.124996837900723801e-01 1.602883914390073467e-03
3.572849384458542772e+03 5.166716187336864996e-01 1.683565488018416842e-03
3.576422233843002232e+03 5.218940529099862502e-01 2.236960384243028531e-03
3.579998656076846601e+03 5.256358978619245503e-01 2.287102335530239502e-03
3.583578654732924406e+03 5.302995587478021022e-01 2.342486162896772854e-03
3.587162233387658489e+03 5.341356396556531383e-01 2.320803623559329794e-03
3.590749395621047370e+03 5.377548927931693479e-01 2.193273481357114682e-03
3.594340145016669794e+03 5.408807356132105948e-01 2.085132763456684548e-03
3.597934485161687462e+03 5.438071789183269722e-01 2.076589052446068968e-03
3.601532419646850485e+03 5.452513073184181991e-01 2.141950483118292871e-03
3.605133952066498296e+03 5.464282107769371510e-01 2.121974258967042684e-03
3.608739086018566013e+03 5.470983615355208274e-01 2.155062488380503263e-03
3.612347825104585809e+03 5.472246288533686442e-01 2.134002849720728102e-03
3.615960172929691907e+03 5.472239905629552315e-01 2.128654963621660120e-03
3.619576133102622407e+03 5.465044155174796359e-01 2.114673546896437498e-03
3.623195709235726554e+03 5.457617799126867064e-01 2.093077329364303237e-03
3.626818904944963379e+03 5.446320956567828331e-01 2.065627103380723254e-03
3.630445723849909427e+03 5.438761071387098189e-01 2.045662909825291236e-03
3.634076169573760581e+03 5.424376154421853835e-01 2.120820347262832462e-03
3.637710245743335690e+03 5.411820238145044204e-01 2.116823469937429130e-03
3.641347955989080219e+03 5.396320879336109488e-01 2.082928464625620913e-03
3.644989303945070333e+03 5.383809534389646378e-01 2.078816023206827776e-03
3.648634293249016537e+03 5.374913056353242125e-01 2.070590083443701358e-03
3.652282927542266862e+03 5.366072040185676517e-01 2.066678460428789024e-03
3.655935210469810499e+03 5.355492995767934250e-01 2.122417244266623561e-03
3.659591145680281443e+03 5.343816758271282552e-01 2.046878285988650535e-03
3.663250736825963031e+03 5.341074495302376990e-01 2.030237649561350294e-03
3.666913987562790226e+03 5.345769958145176748e-01 1.903709057452462232e-03
3.670580901550354156e+03 5.351562728982520722e-01 1.951220011058299496e-03
3.674251482451905758e+03 5.355089381416302530e-01 1.972206892105210236e-03
3.677925733934358959e+03 5.358779789938330484e-01 1.832645357542893663e-03
3.681603659668294313e+03 5.366826995286094748e-01 1.747917609377333623e-03
3.685285263327964003e+03 5.371847056011704868e-01 1.533474401651791635e-03
3.688970548591293209e+03 5.387601501345465893e-01 1.599110107573164076e-03
3.692659519139885560e+03 5.413693363941771697e-01 1.478083339107445294e-03
3.696352178659026777e+03 5.442276407410048256e-01 8.754029395961314278e-04
3.700048530837686940e+03 5.465790320236316724e-01 9.465784974302347008e-04
3.703748579368525952e+03 5.488383059453459945e-01 1.088134069859763306e-03
3.707452327947895355e+03 5.499777536055567850e-01 1.119173771861507218e-03
3.711159780275844696e+03 5.510780432046722410e-01 1.181464724967489378e-03
3.714870940056121526e+03 5.513874456372808153e-01 1.331584648460224776e-03
3.718585810996179134e+03 5.520571128696555308e-01 1.377564729767226208e-03
3.722304396807176545e+03 5.520765888945523558e-01 1.401759745908976547e-03
3.726026701203984885e+03 5.528295532584373007e-01 1.392894551628268878e-03
3.729752727905190113e+03 5.539088054323346721e-01 1.459837391614679340e-03
3.733482480633096657e+03 5.553518177042687798e-01 1.684279610878398978e-03
3.737215963113731050e+03 5.557506060769025202e-01 1.751554752594759734e-03
3.740953179076846027e+03 5.563374027343304107e-01 1.765431796412826560e-03
3.744694132255923705e+03 5.566736610272929875e-01 1.750379039256257790e-03
3.748438826388181042e+03 5.571308746174175042e-01 1.963400723511713776e-03
3.752187265214570289e+03 5.575809792659958131e-01 2.376950330881999821e-03
3.755939452479786269e+03 5.590095196546301937e-01 2.709999384083369971e-03
3.759695391932267285e+03 5.620869999122283245e-01 2.766965680784426798e-03
3.763455087324201031e+03 5.667063675004330170e-01 2.749166111626552556e-03
3.767218542411526414e+03 5.725055985206114473e-01 2.725072818127003468e-03
3.770985760953939007e+03 5.798548510546539525e-01 2.978513212347740861e-03
3.774756746714894234e+03 5.865746360135817294e-01 3.087882967852864820e-03
3.778531503461610555e+03 5.956652306421306164e-01 3.819984641892667718e-03
3.782310034965073100e+03 6.050567560624118268e-01 4.354567491433366383e-03
3.786092345000039586e+03 6.142653365670618371e-01 4.474970310542418159e-03
3.789878437345040766e+03 6.212801108059076149e-01 4.288126557740412625e-03
3.793668315782387253e+03 6.275364557647761243e-01 4.140625030521676540e-03
3.797461984098170888e+03 6.336301599665877804e-01 3.992089392987356947e-03
3.801259446082270188e+03 6.385587133926692305e-01 4.274311545823957469e-03
3.805060705528353537e+03 6.421411370939187346e-01 4.606798879591389798e-03
3.808865766233883278e+03 6.458694479824733659e-01 4.741689497165366488e-03
3.812674632000118436e+03 6.508662156646298769e-01 4.517138968467363132e-03
3.816487306632119726e+03 6.563610013868391713e-01 3.892196920938820973e-03
3.820303793938753188e+03 6.633939959762467087e-01 2.881108517167613268e-03
3.824124097732693372e+03 6.732049489298496114e-01 2.298088230077668069e-03
3.827948221830427428e+03 6.899857572948123741e-01 2.297096435504789556e-03
3.831776170052258749e+03 7.108142174735638807e-01 2.266900971466654594e-03
3.835607946222312421e+03 7.370852566066394829e-01 2.501113014918648035e-03
3.839443554168536139e+03 7.656914655144175796e-01 2.790819947074890239e-03
3.843282997722705659e+03 7.961561269425065923e-01 3.552470904132443239e-03
3.847126280720429804e+03 8.264623094214037513e-01 4.012714323515768552e-03
3.850973407001151372e+03 8.536971524565170055e-01 3.942729456482441108e-03
3.854824380408153957e+03 8.796154454020340685e-01 4.021314364702049601e-03
3.858679204788563311e+03 9.020089312577300733e-01 4.035629726165078368e-03
3.862537883993353262e+03 9.210703464199712087e-01 3.770720928551596265e-03
3.866400421877347981e+03 9.335599746517659892e-01 5.157239407572303258e-03
3.870266822299226533e+03 9.426272047281120114e-01 6.124192598835470451e-03
3.874137089121526969e+03 9.499772256433856032e-01 5.953026684960242322e-03
3.878011226210649966e+03 9.575580371572069982e-01 5.161826479442657017e-03
3.881889237436861549e+03 9.673102610217775288e-01 4.558269836247750943e-03
3.885771126674299921e+03 9.793720866444289852e-01 4.614528061720726305e-03
3.889656897800975457e+03 9.916222786506323494e-01 4.843731458563269379e-03
3.893546554698777527e+03 1.008820420971543452e+00 5.245119582906238379e-03
3.897440101253477678e+03 1.027931546892740577e+00 4.439903756875858247e-03
3.901337541354732366e+03 1.046418171990783241e+00 3.976827169542456950e-03
3.905238878896088409e+03 1.064368591674482722e+00 4.018777525272474241e-03
3.909144117774985716e+03 1.082194270614653231e+00 3.969378876555676970e-03
3.913053261892762293e+03 1.097804270263739834e+00 3.959390987361669119e-03
3.916966315154656058e+03 1.111758725770723544e+00 4.397413457016244483e-03
3.920883281469812118e+03 1.121105424159011266e+00 4.657484087537424287e-03
3.924804164751283224e+03 1.126703707305386715e+00 4.737760042885770170e-03
3.928728968916035683e+03 1.128840677165882100e+00 4.760132933335534111e-03
3.932657697884953450e+03 1.126897760808053928e+00 4.389669137435004906e-03
3.936590355582839493e+03 1.121348284408460350e+00 4.432566167351116235e-03
3.940526945938423523e+03 1.110865847764441527e+00 6.075886897917880634e-03
3.944467472884363360e+03 1.099338052895814988e+00 6.441381884758509875e-03
3.948411940357249023e+03 1.089905028552082600e+00 5.647823128079494659e-03
3.952360352297607733e+03 1.083772571838092169e+00 4.682691666191319234e-03
3.956312712649906643e+03 1.081813470802186483e+00 4.388029473425225126e-03
3.960269025362557841e+03 1.085900985227070681e+00 5.213138187704067540e-03
3.964229294387921527e+03 1.094477730980977448e+00 4.818736080874053661e-03
3.968193523682310570e+03 1.106530446666795564e+00 4.139103202961520733e-03
3.972161717205994591e+03 1.121065817104446083e+00 4.357661487303518370e-03
3.976133878923201792e+03 1.138226332148443598e+00 4.562999726848806711e-03
3.980110012802126221e+03 1.158002603879727976e+00 4.439125067297954030e-03
3.984090122814929600e+03 1.179748519176514243e+00 4.627574578948548574e-03
3.988074212937745870e+03 1.201625034062993258e+00 5.176656155112341340e-03
3.992062287150684824e+03 1.222295112525617400e+00 5.665015906684858077e-03
3.996054349437837118e+03 1.239511947009527493e+00 5.884255733074127137e-03
4.000050403787276082e+03 1.252263015176301897e+00 5.681426504618331333e-03
4.004050454191064546e+03 1.260936470659268061e+00 4.589245162642073897e-03
4.008054504645257111e+03 1.261488217850052163e+00 4.255428503185674886e-03
4.012062559149903791e+03 1.254133842549376876e+00 4.860440397596994117e-03
4.016074621709055009e+03 1.239102911301699139e+00 4.788940462719330077e-03
4.020090696330765240e+03 1.218956880684063826e+00 3.923614042099020198e-03
4.024110787027097558e+03 1.195584442325800412e+00 2.922309070953201318e-03
4.028134897814125907e+03 1.170465417816297871e+00 2.126546949006907338e-03
4.032163032711941469e+03 1.145876335809827617e+00 1.979099811696708767e-03
4.036195195744654484e+03 1.123595190608694949e+00 1.892888417971754335e-03
4.040231390940400615e+03 1.102627347541778047e+00 1.867531489069479975e-03
4.044271622331342314e+03 1.083437793501168755e+00 2.015051151301265261e-03
4.048315893953675186e+03 1.064764252441796621e+00 2.424107581298722263e-03
4.052364209847629809e+03 1.046887995498592572e+00 3.012881662202774192e-03
4.056416574057479011e+03 1.028693170170747795e+00 3.145853553962485363e-03
4.060472990631537868e+03 1.009897869915763691e+00 2.972839196448368113e-03
4.064533463622170530e+03 9.895196703376727410e-01 2.652183227687224341e-03
4.068597997085794304e+03 9.675049204148569171e-01 2.549978219337225085e-03
4.072666595082881486e+03 9.440930617352997212e-01 2.762316366732522292e-03
4.076739261677965715e+03 9.200616216259626112e-01 3.006200967497356207e-03
4.080816000939644709e+03 8.964011609148337945e-01 3.261229767161958129e-03
4.084896816940585722e+03 8.725274816572511360e-01 2.720362914777788282e-03
4.088981713757527814e+03 8.525955341140311061e-01 1.751423466493148579e-03
4.093070695471286854e+03 8.372018984642665140e-01 1.589260989129946894e-03
4.097163766166759160e+03 8.266193363180751597e-01 1.723941628019335422e-03
4.101260929932927866e+03 8.203163849763777105e-01 1.544736236151914759e-03
4.105362190862862008e+03 8.181351208450171608e-01 1.645445013442139266e-03
4.109467553053726078e+03 8.205195824754455414e-01 1.634731110569286093e-03
4.113577020606780934e+03 8.263728135828344312e-01 1.604512363899620068e-03
4.117690597627389252e+03 8.361676742863505263e-01 2.411932997460116551e-03
4.121808288225018259e+03 8.476844751964784930e-01 2.717206382671474157e-03
4.125930096513244280e+03 8.598211771316778274e-01 2.754668396359157782e-03
4.130056026609759101e+03 8.717383525489796892e-01 2.563617038818477318e-03
4.134186082636369974e+03 8.825760227818744141e-01 2.452573654526095642e-03
4.138320268719007800e+03 8.915971635022040820e-01 2.243987759584559986e-03
4.142458588987728035e+03 8.980345189586271815e-01 2.148162233756664100e-03
4.146601047576717065e+03 9.012533283175592214e-01 2.251127134174790972e-03
4.150747648624294925e+03 9.013935543741948830e-01 2.657923519704894107e-03
4.154898396272920763e+03 8.997669049715656397e-01 2.808526536580025195e-03
4.159053294669195566e+03 8.968436221324460611e-01 2.458725732743823663e-03
4.163212347963865795e+03 8.936123187590419015e-01 1.505075541715362487e-03
4.167375560311830668e+03 8.927724274062320831e-01 1.594805997616710732e-03
4.171542935872143971e+03 8.933122578382042267e-01 1.610440197249242422e-03
4.175714478808017702e+03 8.946447342087373578e-01 1.451039711741023211e-03
4.179890193286827525e+03 8.963125857381464279e-01 1.475983530312667850e-03
4.184070083480115500e+03 8.986624839858249336e-01 1.423108313804024184e-03
4.188254153563597356e+03 9.025123943927053638e-01 1.570840712446305723e-03
4.192442407717161586e+03 9.071090862110893216e-01 1.923231180668958816e-03
4.196634850124880359e+03 9.121242133645343086e-01 1.499830871559639086e-03
4.200831484975006788e+03 9.156994708046629627e-01 1.394296634283512379e-03
4.205032316459983122e+03 9.179748491669951216e-01 1.451556843124722929e-03
4.209237348776444378e+03 9.194727719193614979e-01 1.411912063273052138e-03
4.213446586125221984e+03 9.204818441455631106e-01 1.405078272591349159e-03
4.217660032711349231e+03 9.205483849172366728e-01 1.591438281003369152e-03
4.221877692744061278e+03 9.212742748687310357e-01 1.575543773493486488e-03
4.226099570436806971e+03 9.212254098937505686e-01 1.649289587786640721e-03
4.230325670007245208e+03 9.210751890161411604e-01 1.528152598570653832e-03
4.234555995677254032e+03 9.218331628474559780e-01 1.344847198406978273e-03
4.238790551672932452e+03 9.236902585566977297e-01 1.273883788818414194e-03
4.243029342224606808e+03 9.267289388006907380e-01 1.440393095853720242e-03
4.247272371566832589e+03 9.311388111542964197e-01 1.378204489589442399e-03
4.251519643938400804e+03 9.352354432558482866e-01 1.113614917501970633e-03
4.255771163582340705e+03 9.385912291838504062e-01 1.019380134542777813e-03
4.260026934745924336e+03 9.407839356070498704e-01 1.033933013272681899e-03
4.264286961680671993e+03 9.421492984818152783e-01 1.053354589008191882e-03
4.268551248642354039e+03 9.432532266105678742e-01 1.061598855193203765e-03
4.272819799890998183e+03 9.436480167168511679e-01 1.233323822767769858e-03
4.277092619690890388e+03 9.429883625359439803e-01 1.427753818226054757e-03
4.281369712310583054e+03 9.423402195851009466e-01 1.217487791985812388e-03
4.285651082022895025e+03 9.417803894489338301e-01 9.579368265078694669e-04
4.289936733104918858e+03 9.421153328592211107e-01 1.642571930238022684e-03
4.294226669838025373e+03 9.414234839979345182e-01 1.819699937425462051e-03
4.298520896507864563e+03 9.393007176233219013e-01 1.942403343933879305e-03
4.302819417404373780e+03 9.365586215193424380e-01 1.695415594877242764e-03
4.307122236821779552e+03 9.304174631483761448e-01 1.399884804667521311e-03
4.311429359058603040e+03 9.214004411795437832e-01 1.628425812117412132e-03
4.315740788417662770e+03 9.102187088125039960e-01 2.166615178665899123e-03
4.320056529206081905e+03 8.980543479638996018e-01 2.378691630591216882e-03
4.324376585735290064e+03 8.857228930706414483e-01 2.289188760187965688e-03
4.328700962321026054e+03 8.742779093263114421e-01 2.018220693869773961e-03
4.333029663283348782e+03 8.641779296928525644e-01 1.610916460935186718e-03
4.337362692946633615e+03 8.566592811715615374e-01 1.534511004234604976e-03
4.341700055639581478e+03 8.515985156058555328e-01 1.536676586278607317e-03
4.346041755695222491e+03 8.497386976262913949e-01 1.494948960805889343e-03
4.350387797450919606e+03 8.506673018840094080e-01 1.202758606223977003e-03
4.354738185248371337e+03 8.535568036386549373e-01 1.187439265893144510e-03
4.359092923433621763e+03 8.585213457607494547e-01 1.180938489933439821e-03
4.363452016357056891e+03 8.654565154560059925e-01 1.277041339498594628e-03
4.367815468373414660e+03 8.736779650170412026e-01 1.591204506313769699e-03
4.372183283841789489e+03 8.827112535782540848e-01 1.818729261845398060e-03
4.376555467125633186e+03 8.909123380313832552e-01 1.942973875039302051e-03
4.380932022592760404e+03 8.988029245109868670e-01 1.908308864283654030e-03
4.385312954615354101e+03 9.060132148990475143e-01 1.317048758810986401e-03
4.389698267569970994e+03 9.111667445039005608e-01 1.382965226100058486e-03
4.394087965837542470e+03 9.144616039621057402e-01 1.917372050305266550e-03
4.398482053803381859e+03 9.169616309428386680e-01 1.956317270464772058e-03
4.402880535857186260e+03 9.196243464074240759e-01 1.732211630494337072e-03
4.407283416393044718e+03 9.221677719174401489e-01 1.455683471590984296e-03
4.411690699809440048e+03 9.253560927028808836e-01 1.272663699044410080e-03
4.416102390509250654e+03 9.299903716109799712e-01 1.267005065060539072e-03
4.420518492899761441e+03 9.363033577375189376e-01 1.240155958486779258e-03
4.424939011392662906e+03 9.444363454101571964e-01 1.204777808655643941e-03
4.429363950404056595e+03 9.540794429404706456e-01 9.574873157146409838e-04
4.433793314354462382e+03 9.647460674398486979e-01 1.074788514530215658e-03
4.438227107668818462e+03 9.766144804413268155e-01 1.285391735745329339e-03
4.442665334776488635e+03 9.908377640445639178e-01 1.207273638793763572e-03
4.447108000111265937e+03 1.007455351731773030e+00 1.034200953879134627e-03
4.451555108111379013e+03 1.026412051489684618e+00 9.305664962507742728e-04
4.456006663219492111e+03 1.048140795467142450e+00 8.852247552860602504e-04
4.460462669882713271e+03 1.072579493562812347e+00 1.275425425736653349e-03
4.464923132552597053e+03 1.098958699978067388e+00 1.534708355279649963e-03
4.469388055685150903e+03 1.125729249379042951e+00 1.510595316328008485e-03
4.473857443740837880e+03 1.151692570411142036e+00 1.309347898307691455e-03
4.478331301184580298e+03 1.176290948387985535e+00 1.289600296225720290e-03
4.482809632485766087e+03 1.200157677311220583e+00 1.235766006044507898e-03
4.487292442118253348e+03 1.222428378345313593e+00 1.030146882270674500e-03
4.491779734560373072e+03 1.241367669079582070e+00 1.296980944293830941e-03
4.496271514294934605e+03 1.258111452878056813e+00 1.310856531941673869e-03
4.500767785809231100e+03 1.273091868929333348e+00 1.225943025577208708e-03
4.505268553595042249e+03 1.286316450149268764e+00 1.056915000750266237e-03
4.509773822148638828e+03 1.298427859007339036e+00 1.049001800235028125e-03
4.514283595970789065e+03 1.309080091534914114e+00 1.051876388644773898e-03
4.518797879566761367e+03 1.318531156052570541e+00 1.136358323484808240e-03
4.523316677446328868e+03 1.327257071507152997e+00 1.257802975831927338e-03
4.527839994123776705e+03 1.336228537274207540e+00 1.277684798684863106e-03
4.532367834117902021e+03 1.344890582854353589e+00 1.269426264682948450e-03
4.536900201952022144e+03 1.353180260044240191e+00 1.178502031695246796e-03
4.541437102153975502e+03 1.361387862644478641e+00 1.383280221529689094e-03
4.545978539256130716e+03 1.369508079398175093e+00 1.683642934790288963e-03
4.550524517795388419e+03 1.376554714263931167e+00 1.706554585185203997e-03
4.555075042313184895e+03 1.381660310289962945e+00 1.519961683753663292e-03
4.559630117355500261e+03 1.383614389171593517e+00 1.568004401971739977e-03
4.564189747472856652e+03 1.383622055158076458e+00 1.730414740432154388e-03
4.568753937220330954e+03 1.382480830225569113e+00 1.834090281840200292e-03
4.573322691157552981e+03 1.379814116111105493e+00 1.949678218300605068e-03
4.577896013848711846e+03 1.375255472272767454e+00 1.676798851140737278e-03
4.582473909862562323e+03 1.371025315063477468e+00 1.312281927949152192e-03
4.587056383772426670e+03 1.366995766889298691e+00 1.036109173756100338e-03
4.591643440156200086e+03 1.364104936955815361e+00 1.047736877755096755e-03
4.596235083596357981e+03 1.362089219371694915e+00 1.039327271513955245e-03
4.600831318679955984e+03 1.361314880528609272e+00 9.867451791110495862e-04
4.605432149998637215e+03 1.361272379137141941e+00 1.014685661740717323e-03
4.610037582148637739e+03 1.360945524404764573e+00 9.082267125465482826e-04
4.614647619730787483e+03 1.360607454140298600e+00 8.126119243999780891e-04
4.619262267350520233e+03 1.359533749097643796e+00 8.112310893130541710e-04
4.623881529617872729e+03 1.358087366707425137e+00 7.992000557469671742e-04
4.628505411147491941e+03 1.355951174749731036e+00 7.628605668704528924e-04
4.633133916558640522e+03 1.353548217017953803e+00 7.741824169806897724e-04
4.637767050475200449e+03 1.350815666389047376e+00 8.333689846550156391e-04
4.642404817525677572e+03 1.346952934530156298e+00 7.071046562770002576e-04
4.647047222343205249e+03 1.341087381842491544e+00 7.316822493750385148e-04
4.651694269565549803e+03 1.334064304815784530e+00 9.953523003494591914e-04
4.656345963835116891e+03 1.326742863020615726e+00 1.000129189225243756e-03
4.661002309798953320e+03 1.318826780572852408e+00 9.841734856669657073e-04
4.665663312108753416e+03 1.310136504060004592e+00 9.437820554733726379e-04
4.670328975420864481e+03 1.301262388754336863e+00 9.315113718629466780e-04
4.674999304396286789e+03 1.291408583337473770e+00 9.477129302866768709e-04
4.679674303700684504e+03 1.281529836574353265e+00 9.423620353925315444e-04
4.684353978004386590e+03 1.271163967586010690e+00 8.710177050028165141e-04
4.689038331982392265e+03 1.261273679238783085e+00 9.588600311753360398e-04
4.693727370314376458e+03 1.251363311726576111e+00 8.946703313528624364e-04
4.698421097684692540e+03 1.240510939300061288e+00 8.785101171867356739e-04
4.703119518782378691e+03 1.229045083019585816e+00 9.865778055912093926e-04
4.707822638301162442e+03 1.217164815489302665e+00 1.113532125856521796e-03
4.712530460939465229e+03 1.205297467217099294e+00 1.096301329775603572e-03
4.717242991400406027e+03 1.193437545125195287e+00 9.766455724433632715e-04
4.721960234391808626e+03 1.182015607926719447e+00 1.127178183537486372e-03
4.726682194626201635e+03 1.171155141549400813e+00 1.518426496647163086e-03
4.731408876820829391e+03 1.159221770760224368e+00 1.468242829766120859e-03
4.736140285697651962e+03 1.145990426318520106e+00 1.405430192758478280e-03
4.740876425983350600e+03 1.131372826185237601e+00 1.481122638639724085e-03
4.745617302409335934e+03 1.116898806606531513e+00 1.470297643158234536e-03
4.750362919711747054e+03 1.102187855526131299e+00 1.507550788323925531e-03
4.755113282631459697e+03 1.087459233306658168e+00 1.624761333028536996e-03
4.759868395914093526e+03 1.073141321572479656e+00 1.728451404485428864e-03
4.764628264310008490e+03 1.059712847449825412e+00 1.525057386306748761e-03
4.769392892574320285e+03 1.048082539047684447e+00 1.331811829508037582e-03
4.774162285466896719e+03 1.039354333048658763e+00 8.870350004043762874e-04
4.778936447752364984e+03 1.034459406591958563e+00 9.228993353688567372e-04
4.783715384200118933e+03 1.032834252907467221e+00 1.030771103752023453e-03
4.788499099584319993e+03 1.033583925834308692e+00 9.268045217632483145e-04
4.793287598683906253e+03 1.036191136283620695e+00 9.723798893133285938e-04
4.798080886282591564e+03 1.040033450042211260e+00 1.159926304603634993e-03
4.802878967168876443e+03 1.044388868520878644e+00 1.742342359029208513e-03
4.807681846136046261e+03 1.047584646399955410e+00 1.972563555515736370e-03
4.812489527982183972e+03 1.049102791153241565e+00 1.940845706759393484e-03
4.817302017510168298e+03 1.047999490467283135e+00 1.299318716403233221e-03
4.822119319527679181e+03 1.042777692687616220e+00 1.118566191990588666e-03
4.826941438847208701e+03 1.033792899498912066e+00 1.459618072706925966e-03
4.831768380286057436e+03 1.021424114151096463e+00 1.818353500165060394e-03
4.836600148666345376e+03 1.007446783589404538e+00 1.966429456189193199e-03
4.841436748815013743e+03 9.925518825061836470e-01 1.875194062882332103e-03
4.846278185563829538e+03 9.777667733792820837e-01 1.688389303153321882e-03
4.851124463749395545e+03 9.646280587146535135e-01 1.369019201481570976e-03
4.855975588213146693e+03 9.540191298077658200e-01 1.106888405306516963e-03
4.860831563801360971e+03 9.462365308559556043e-01 7.642958187035096222e-04
4.865692395365163975e+03 9.427967907897101263e-01 7.925645892510830908e-04
4.870558087760530725e+03 9.436755343787820438e-01 8.332939504487282172e-04
4.875428645848292945e+03 9.480179965703456890e-01 7.769780167843046322e-04
4.880304074494142696e+03 9.545772644177414890e-01 7.613741746421345130e-04
4.885184378568638749e+03 9.636881708686920733e-01 9.805742314190546080e-04
4.890069562947209306e+03 9.742759994072995866e-01 1.104245803697295790e-03
4.894959632510157462e+03 9.862378393229469520e-01 1.092281418023997646e-03
4.899854592142669389e+03 9.978966365426246155e-01 9.807743389491649713e-04
4.904754446734813428e+03 1.009392248123297087e+00 8.500558874959309721e-04
4.909659201181550088e+03 1.020422959581539057e+00 8.083424792649509475e-04
4.914568860382732964e+03 1.030119895653241802e+00 1.004660830727499262e-03
4.919483429243117826e+03 1.038874260856629705e+00 1.107201232626563560e-03
4.924402912672362618e+03 1.046902032619868361e+00 9.341759274938254282e-04
4.929327315585036558e+03 1.054607863767873077e+00 7.855092897158265147e-04
4.934256642900622865e+03 1.061897021172581779e+00 7.775049300871828776e-04
4.939190899543525120e+03 1.068369234865148121e+00 9.177526595725515011e-04
4.944130090443070912e+03 1.074016435006158510e+00 1.077805822445826976e-03
4.949074220533515472e+03 1.077877877897623904e+00 1.032905839851635046e-03
4.954023294754050767e+03 1.079543200346791965e+00 1.080181043969205383e-03
4.958977318048806410e+03 1.078802894910179333e+00 9.050987114758503619e-04
4.963936295366856939e+03 1.075236394335469248e+00 6.229919714939548747e-04
4.968900231662225451e+03 1.068578072013495639e+00 6.093280675815132118e-04
4.973869131893889062e+03 1.058683353687428053e+00 8.725926039255640140e-04
4.978843001025784361e+03 1.047465799502971029e+00 8.429499240210284843e-04
4.983821844026811959e+03 1.034336812690163088e+00 8.744402048017093200e-04
4.988805665870840130e+03 1.020731999875283735e+00 1.003834546616567654e-03
4.993794471536712990e+03 1.007041453602669279e+00 9.637676970821460517e-04
4.998788266008251412e+03 9.944463522751261220e-01 1.159386294700385719e-03
5.003787054274261209e+03 9.848571486002934972e-01 1.149433094051738238e-03
5.008790841328536771e+03 9.778980951024101032e-01 9.847417424371162579e-04
5.013799632169867436e+03 9.744133996843401535e-01 9.020726169522536812e-04
5.018813431802038394e+03 9.744628637482771749e-01 9.791139323646184424e-04
5.023832245233842514e+03 9.779556714340582602e-01 1.199239594315722451e-03
5.028856077479077612e+03 9.844652612486789467e-01 1.382018262686406313e-03
5.033884933556558281e+03 9.930987994806534935e-01 1.334498300412555009e-03
5.038918818490116792e+03 1.003321765217019435e+00 1.172023842785645210e-03
5.043957737308608557e+03 1.014166155471377007e+00 1.033226942255106775e-03
5.049001695045918495e+03 1.025495794917027359e+00 8.164558999003908605e-04
5.054050696740966487e+03 1.036161595851876172e+00 7.208461617590580014e-04
5.059104747437709193e+03 1.045945107696098386e+00 7.216573480992803094e-04
5.064163852185148244e+03 1.054469077163814994e+00 7.073999780456484247e-04
5.069228016037335692e+03 1.062117425046284147e+00 5.970452713595579119e-04
5.074297244053374015e+03 1.069443265715889213e+00 6.439958699410104669e-04
5.079371541297429758e+03 1.074869561542022511e+00 8.321814795748650427e-04
5.084450912838728073e+03 1.079709718995958356e+00 1.064643518762181749e-03
5.089535363751569093e+03 1.084084414933049301e+00 1.267800799265689357e-03
5.094624899115322478e+03 1.088093116618355838e+00 1.256072982693403868e-03
5.099719524014439230e+03 1.093327576625411357e+00 1.191537123272150408e-03
5.104819243538455339e+03 1.098994270651929117e+00 1.094281127149520630e-03
5.109924062781995417e+03 1.105665426732034939e+00 1.188543410704793113e-03
5.115033986844779065e+03 1.112964865198029951e+00 1.291876292078459037e-03
5.120149020831625421e+03 1.121040973464971557e+00 1.335474363522997417e-03
5.125269169852458617e+03 1.129470407283009958e+00 1.218748189002188866e-03
5.130394439022313236e+03 1.137793677946138615e+00 1.128450945832527559e-03
5.135524833461337039e+03 1.146267130915314514e+00 1.047311481807678161e-03
5.140660358294800062e+03 1.154340127266720639e+00 1.133272192243972316e-03
5.145801018653096435e+03 1.162430946282798638e+00 1.245101767868461934e-03
5.150946819671751655e+03 1.170468252354781802e+00 1.142496693629226978e-03
5.156097766491425318e+03 1.178986727841888627e+00 9.461719642076968579e-04
5.161253864257918394e+03 1.187910102381140032e+00 7.740514377270525138e-04
5.166415118122177773e+03 1.198284277167137146e+00 9.810508104963000867e-04
5.171581533240301724e+03 1.208997106007196898e+00 7.319262647525753710e-04
5.176753114773543530e+03 1.219227856722173264e+00 9.388062951482427972e-04
5.181929867888318768e+03 1.230029998742953046e+00 1.139282309107976119e-03
5.187111797756208944e+03 1.241250239255660803e+00 1.214296094592557003e-03
5.192298909553966951e+03 1.253006105252161939e+00 1.099621910900717547e-03
5.197491208463522526e+03 1.265501109475212438e+00 1.199227371065126734e-03
5.202688699671987706e+03 1.277728953685117741e+00 1.339381915586621875e-03
5.207891388371661378e+03 1.289972279277378453e+00 1.698875367629412237e-03
5.213099279760034733e+03 1.301040626919141019e+00 1.825171338143054571e-03
5.218312379039796724e+03 1.310431736931845670e+00 1.646893897626227872e-03
5.223530691418837705e+03 1.317767507614516109e+00 1.509596206233351778e-03
5.228754222110258524e+03 1.323278646969391126e+00 1.461395216461198457e-03
5.233982976332370527e+03 1.326801345952865807e+00 1.625875442110823578e-03
5.239216959308704645e+03 1.328091053774208330e+00 1.922432028885458872e-03
5.244456176268015042e+03 1.328359636626868401e+00 1.805347277844808473e-03
5.249700632444284565e+03 1.328662744082170333e+00 1.333437462405296812e-03
5.254950333076731113e+03 1.329498990643377843e+00 9.777008188855168709e-04
5.260205283409809454e+03 1.331287586074811902e+00 9.002065931664460490e-04
5.265465488693221232e+03 1.334895572088721227e+00 1.001151605394341466e-03
5.270730954181915877e+03 1.338938105819794888e+00 8.713816558406152794e-04
5.276001685136099695e+03 1.342994282682515639e+00 8.077827865194041291e-04
5.281277686821237694e+03 1.347491640896557374e+00 7.425338952436221548e-04
5.286558964508059944e+03 1.352072050073034770e+00 7.868593338779673700e-04
5.291845523472569766e+03 1.356381814962090981e+00 8.861673370960713135e-04
5.297137368996044643e+03 1.359480849566620408e+00 8.850779459269637753e-04
5.302434506365042580e+03 1.361571700417321340e+00 8.866759185335937668e-04
5.307736940871409388e+03 1.363372320733869492e+00 8.754217747349006149e-04
5.313044677812282316e+03 1.363958005823430186e+00 8.658175648364833119e-04
5.318357722490096421e+03 1.363204303560260788e+00 8.657082628144893276e-04
5.323676080212588204e+03 1.361462612821748408e+00 9.867716571655940801e-04
5.328999756292802886e+03 1.358484605987435145e+00 8.650636859158985234e-04
5.334328756049097137e+03 1.353398604135477523e+00 1.023181355188791317e-03
5.339663084805148173e+03 1.346912403748790510e+00 1.102518438929057411e-03
5.345002747889954662e+03 1.339830357218779078e+00 1.079341332577751300e-03
5.350347750637846730e+03 1.332603640594563155e+00 1.069571060883009635e-03
5.355698098388485960e+03 1.324970539830393923e+00 1.055743145216036074e-03
5.361053796486876308e+03 1.317506125725459221e+00 1.055525870443734101e-03
5.366414850283365013e+03 1.311031026444527958e+00 1.055775019185641039e-03
5.371781265133649867e+03 1.304954535972831620e+00 1.024109383854550619e-03
5.377153046398785591e+03 1.299269795576977415e+00 9.605168389691830970e-04
5.382530199445186554e+03 1.294629148896413895e+00 1.130679346812608031e-03
5.387912729644633146e+03 1.290839745142557282e+00 1.203598878791446248e-03
5.393300642374279960e+03 1.286847049659859188e+00 8.510154409095652562e-04
5.398693943016655794e+03 1.281772000645659437e+00 8.752345150421688693e-04
5.404092636959673655e+03 1.276399919128213156e+00 8.729412285943448585e-04
5.409496729596635305e+03 1.270591264056353031e+00 8.697100784348263348e-04
5.414906226326233991e+03 1.264027194112443908e+00 8.324904131051948748e-04
5.420321132552561721e+03 1.256968951830885084e+00 8.112597339108333031e-04
5.425741453685116539e+03 1.250250829210186820e+00 7.901617676236569665e-04
5.431167195138803436e+03 1.242818010995446087e+00 8.571730693879373725e-04
5.436598362333943442e+03 1.235089443554850952e+00 7.707127452456524102e-04
5.442034960696279086e+03 1.228170314079934267e+00 7.343862748492498713e-04
5.447476995656978033e+03 1.221663303467480199e+00 1.003155522675614527e-03
5.452924472652636723e+03 1.216490730660210851e+00 1.136485626643325133e-03
5.458377397125291282e+03 1.212569469236108866e+00 1.108467579555872176e-03
5.463835774522417523e+03 1.210037476338713169e+00 1.018038480961207899e-03
5.469299610296941864e+03 1.209048737927204797e+00 1.105061531994490842e-03
5.474768909907241323e+03 1.209185618890994629e+00 1.324935419403585387e-03
5.480243678817149885e+03 1.209905233155964543e+00 1.423308081255774109e-03
5.485723922495968509e+03 1.211274495598663847e+00 1.365468749863254280e-03
5.491209646418466946e+03 1.212702111096699786e+00 1.038393636270443102e-03
5.496700856064887375e+03 1.212695720620515338e+00 8.237327996322141559e-04
5.502197556920953502e+03 1.211080936003798625e+00 8.260456883669057638e-04
5.507699754477876013e+03 1.208298660659718804e+00 8.922570739757686858e-04
5.513207454232356213e+03 1.204032970135736402e+00 1.044926069302647012e-03
5.518720661686590574e+03 1.198835967776834766e+00 1.100302948533010867e-03
5.524239382348278923e+03 1.193034081884837949e+00 9.389423467041696156e-04
5.529763621730628984e+03 1.187803453371090612e+00 8.527935598178212418e-04
5.535293385352360929e+03 1.182495195569258861e+00 6.715696649762058342e-04
5.540828678737715563e+03 1.178043324907072753e+00 7.208886335820436416e-04
5.546369507416455235e+03 1.174373271771597560e+00 5.524263891553546010e-04
5.551915876923872929e+03 1.170307479031097664e+00 6.156270126786963018e-04
5.557467792800798634e+03 1.167361952045487650e+00 6.568805054335402757e-04
5.563025260593602070e+03 1.164904209478712094e+00 7.052241194206255786e-04
5.568588285854197238e+03 1.162536896243509643e+00 6.802387010903051699e-04
5.574156874140053333e+03 1.160371633558615168e+00 6.922874252594398391e-04
5.579731031014194741e+03 1.158386352428629085e+00 7.316483708474694854e-04
5.585310762045211050e+03 1.156352240001273346e+00 6.710191196748466593e-04
5.590896072807257951e+03 1.154910075857638940e+00 6.496147869232896241e-04
5.596486968880067252e+03 1.153916912587233057e+00 7.148968578473906916e-04
5.602083455848949598e+03 1.152840167613401690e+00 8.005728166756948894e-04
5.607685539304799931e+03 1.151538950427017038e+00 7.841574970695192872e-04
5.613293224844106589e+03 1.149654037523316852e+00 7.249908520214625070e-04
5.618906518068952209e+03 1.146984179745926147e+00 7.238067816243546650e-04
5.624525424587023736e+03 1.143486019619780247e+00 7.407998440223535199e-04
5.630149950011612418e+03 1.139368262774442142e+00 7.567122420247968930e-04
5.635780099961625638e+03 1.134675427467475295e+00 7.444392739665208619e-04
5.641415880061589633e+03 1.128958635365574059e+00 7.593145948433308165e-04
5.647057295941652228e+03 1.122224740482232530e+00 7.435593926776103450e-04
5.652704353237596479e+03 1.114333533921832986e+00 7.659690972108781524e-04
5.658357057590835211e+03 1.105533221212146477e+00 6.626312544116404147e-04
5.664015414648428305e+03 1.096939235032291071e+00 8.343886702761148114e-04
5.669679430063079053e+03 1.088580255739287628e+00 1.024259870430904891e-03
5.675349109493143260e+03 1.080657507331964418e+00 1.065920590683155965e-03
5.681024458602638333e+03 1.073744014208545039e+00 9.800873502887475896e-04
5.686705483061243285e+03 1.067795164168983124e+00 9.269102701708314268e-04
5.692392188544306009e+03 1.062719814086739989e+00 8.926596805132182245e-04
5.698084580732852373e+03 1.058982710183711262e+00 9.760676422787176827e-04
5.703782665313587131e+03 1.056308555393064230e+00 1.004841601138649950e-03
5.709486447978903016e+03 1.054478997154974174e+00 8.811295910961155489e-04
5.715195934426883468e+03 1.052712818996877742e+00 6.143755811146070760e-04
5.720911130361312644e+03 1.050651470526295261e+00 4.794382890455764815e-04
5.726632041491675409e+03 1.048067431335528266e+00 5.087907243616909218e-04
5.732358673533169167e+03 1.045195053954331765e+00 5.341325232364615245e-04
5.738091032206703858e+03 1.041992310279758360e+00 5.881746214551536239e-04
5.743829123238912871e+03 1.038127566264346102e+00 5.797392198097139557e-04
5.749572952362153046e+03 1.034063684756528323e+00 6.354326893444487215e-04
5.755322525314517407e+03 1.029958756359133920e+00 8.600197692689577319e-04
5.761077847839834249e+03 1.026492787459681422e+00 9.734406783799895565e-04
5.766838925687675328e+03 1.023898231076083354e+00 1.086282084558016885e-03
5.772605764613364954e+03 1.022163929050866393e+00 1.073659300473170245e-03
5.778378370377980900e+03 1.022182753169478042e+00 8.861772878802933167e-04
5.784156748748360769e+03 1.023858464699925364e+00 7.944530393563026998e-04
5.789940905497111089e+03 1.027675004265033998e+00 1.016164255466915590e-03
5.795730846402610041e+03 1.032768761277687686e+00 1.037211855950339809e-03
5.801526577249013826e+03 1.038668749766903376e+00 1.027021382806510806e-03
5.807328103826264851e+03 1.045818861070639372e+00 9.753530495764331119e-04
5.813135431930093546e+03 1.053659711052246095e+00 9.095703829198107217e-04
5.818948567362025642e+03 1.061625742651625792e+00 8.359286346599237869e-04
5.824767515929389447e+03 1.068817857546092709e+00 8.822476769777265471e-04
5.830592283445320390e+03 1.074877080486022818e+00 9.739747906813852295e-04
5.836422875728768304e+03 1.079441679679168820e+00 1.056342917217558894e-03
5.842259298604498326e+03 1.082809111333820962e+00 1.066732477949235234e-03
5.848101557903105459e+03 1.084218666044677759e+00 9.457035349135367456e-04
5.853949659461010015e+03 1.083427100057829939e+00 9.199465059324443130e-04
5.859803609120473084e+03 1.080469817170304436e+00 1.254925368412942999e-03
5.865663412729595620e+03 1.075910582631316892e+00 1.483042715227032935e-03
5.871529076142326630e+03 1.070601987617760376e+00 1.515454104815402731e-03
5.877400605218471355e+03 1.064502443739773652e+00 1.358211973129300242e-03
5.883278005823691274e+03 1.058553043658803317e+00 8.698650090880768017e-04
5.889161283829516833e+03 1.053788219246104330e+00 8.356881968572549019e-04
5.895050445113348360e+03 1.049817417227451477e+00 9.113151825725177577e-04
5.900945495558464245e+03 1.047213897576053654e+00 8.367191834883130680e-04
5.906846441054024581e+03 1.044844226631192363e+00 7.016689183356504891e-04
5.912753287495080258e+03 1.042646491859957392e+00 6.836675751820772045e-04
5.918666040782577511e+03 1.040985938516832077e+00 5.934350324550271769e-04
5.924584706823361557e+03 1.039008520449369088e+00 5.208433150308458114e-04
5.930509291530187511e+03 1.036587332608039480e+00 5.134266657751015940e-04
5.936439800821719473e+03 1.033709292384268119e+00 5.426960807131408788e-04
5.942376240622543264e+03 1.030283610385567261e+00 6.584723591870173757e-04
5.948318616863167335e+03 1.026097679478683355e+00 7.281243617350561040e-04
5.954266935480032771e+03 1.021175891543681047e+00 6.663214314065476302e-04
5.960221202415515108e+03 1.015498331534299137e+00 7.330899028798298477e-04
5.966181423617932523e+03 1.009219947072479640e+00 9.273807909231397001e-04
5.972147605041552197e+03 1.002362851022153389e+00 1.133535608903788036e-03
5.978119752646595771e+03 9.959758078623028865e-01 1.108748129951880532e-03
5.984097872399243897e+03 9.902813746644519854e-01 1.012626650886239632e-03
5.990081970271645332e+03 9.851601262356125543e-01 8.731398444378581699e-04
5.996072052241918755e+03 9.810535699713995861e-01 1.047676539651007247e-03
6.002068124294162772e+03 9.776461170024857150e-01 1.097470600123822077e-03
6.008070192418459555e+03 9.747227635922498523e-01 1.116570830819412722e-03
6.014078262610879392e+03 9.719882213479688060e-01 9.432815850522508101e-04
6.020092340873492503e+03 9.688722794471344990e-01 8.475234237175398788e-04
6.026112433214368139e+03 9.653131810716826244e-01 7.195700158099217281e-04
6.032138545647584579e+03 9.610746729883327122e-01 8.733270207816340317e-04
6.038170684193233683e+03 9.562274175396378029e-01 9.008266247030575916e-04
6.044208854877429076e+03 9.511772514575055348e-01 6.943529282372003968e-04
6.050253063732308874e+03 9.465130239454128125e-01 5.239320344813626004e-04
6.056303316796042964e+03 9.423196999602178048e-01 4.894494429256455786e-04
6.062359620112841185e+03 9.387812387802806358e-01 5.328501428625261396e-04
6.068421979732956061e+03 9.359660433917097455e-01 6.633614316145491213e-04
6.074490401712690982e+03 9.343698615758421200e-01 6.882254013704561767e-04
6.080564892114405666e+03 9.338915087045491781e-01 6.864092457070676686e-04
6.086645457006521610e+03 9.341054673525795993e-01 6.371460976683510557e-04
6.092732102463530282e+03 9.353804475357679893e-01 7.466873049336479953e-04
6.098824834565995843e+03 9.373656886448945569e-01 1.030985531758892015e-03
6.104923659400564247e+03 9.394280560327487040e-01 1.079158079296867884e-03
6.111028583059966877e+03 9.410030878932340581e-01 9.728877980619866916e-04
6.117139611643028729e+03 9.417328889215804688e-01 9.381147336987147225e-04
6.123256751254673873e+03 9.420303089036323740e-01 8.882369360158499363e-04
6.129380008005929994e+03 9.411014797457116776e-01 8.221385875744473574e-04
6.135509388013938405e+03 9.388204377912613419e-01 8.650709453199643528e-04
6.141644897401954040e+03 9.351794073877679470e-01 1.036168671667756424e-03
6.147786542299358189e+03 9.304946280432231376e-01 9.442501425531037553e-04
6.153934328841659408e+03 9.259814844272836742e-01 7.444594292192005958e-04
6.160088263170503524e+03 9.217748172388884331e-01 6.383625500936962460e-04
6.166248351433675452e+03 9.183728197892934153e-01 6.412007287038221917e-04
6.172414599785111022e+03 9.154517798880097423e-01 6.977423286821412933e-04
6.178587014384898794e+03 9.135025437795715186e-01 7.384379456605277402e-04
6.184765601399285515e+03 9.126404528781100201e-01 7.265518738815605155e-04
6.190950367000687038e+03 9.134084782361275856e-01 7.451606611775406968e-04
6.197141317367689226e+03 9.155974236372672603e-01 9.602520413648793843e-04
6.203338458685059777e+03 9.185221075402034696e-01 1.056275637730180262e-03
6.209541797143746408e+03 9.223183589015329087e-01 1.035082992410081950e-03
6.215751338940892310e+03 9.268584038397781333e-01 8.822128888453649887e-04
6.221967090279835247e+03 9.315900914845808289e-01 8.697336753323888902e-04
6.228189057370116643e+03 9.362580163186471349e-01 9.356152372185036221e-04
6.234417246427488863e+03 9.415359268324466901e-01 9.099360711996829464e-04
6.240651663673918847e+03 9.476831137802426142e-01 9.007158263682744394e-04
6.246892315337594482e+03 9.538635590968573830e-01 8.965813534151479769e-04
6.253139207652934601e+03 9.598243220470796810e-01 8.705510720752204735e-04
6.259392346860589896e+03 9.658416125224655868e-01 8.162616724039315624e-04
6.265651739207452010e+03 9.721334484803303422e-01 8.281055556661288735e-04
6.271917390946661726e+03 9.788703116061161502e-01 8.040069602722180924e-04
6.278189308337610782e+03 9.854048866822322505e-01 7.856953659482060828e-04
6.284467497645950061e+03 9.920648169094884450e-01 7.635845871956534149e-04
6.290751965143597772e+03 9.982263883030042528e-01 8.359313498635687154e-04
6.297042717108744000e+03 1.004218507974210084e+00 7.920994491671563701e-04
6.303339759825854344e+03 1.010282685276413961e+00 6.518293704472802015e-04
6.309643099585682648e+03 1.016518973864545039e+00 8.273865647321005431e-04
6.315952742685270096e+03 1.022798205162944285e+00 9.355603176972444824e-04
6.322268695427957937e+03 1.028121198429302163e+00 8.699764426656762025e-04
6.328590964123387494e+03 1.032842531885594273e+00 7.904550862863253275e-04
6.334919555087512890e+03 1.036749390062668752e+00 7.360697868148876602e-04
6.341254474642602872e+03 1.039572729452457933e+00 7.207692632813667705e-04
6.347595729117247174e+03 1.040949320012392487e+00 8.021962410744937298e-04
6.353943324846366522e+03 1.041838499748030555e+00 8.264365309505062717e-04
6.360297268171215364e+03 1.042233211295227724e+00 8.178483679953502637e-04
6.366657565439388236e+03 1.041780185390658309e+00 7.645745963101006513e-04
6.373024223004829764e+03 1.040970978530253221e+00 7.003771368867707644e-04
6.379397247227837397e+03 1.040026208332579971e+00 6.902353815106210353e-04
6.385776644475066860e+03 1.039279727027204281e+00 6.661947003790942914e-04
6.392162421119543978e+03 1.038644920044516917e+00 6.552323424759945621e-04
6.398554583540665590e+03 1.037922432437181186e+00 6.758334689847945000e-04
6.404953138124208635e+03 1.037524367819475435e+00 7.045938458032079566e-04
6.411358091262334710e+03 1.037138848892790843e+00 6.312867324803311635e-04
6.417769449353599157e+03 1.037210038915757693e+00 5.471726014244410229e-04
6.424187218802954703e+03 1.038044991593291666e+00 7.606798870600229830e-04
6.430611406021760558e+03 1.038833185406568660e+00 7.251091082404477863e-04
6.437042017427784231e+03 1.039765766292908955e+00 6.864623082951024340e-04
6.443479059445214261e+03 1.039954708039612319e+00 7.036460954299063189e-04
6.449922538504661134e+03 1.039740738575887447e+00 6.476535166739516569e-04
6.456372461043168187e+03 1.039232791954331159e+00 5.406028951097848487e-04
6.462828833504213435e+03 1.037712688166622765e+00 5.093844093397823262e-04
6.469291662337719572e+03 1.034939385515154742e+00 5.031332230127522629e-04
6.475760954000059428e+03 1.031682593194692465e+00 4.867724184737296346e-04
6.482236714954061426e+03 1.028063072026377922e+00 4.998277982150898342e-04
6.488718951669017770e+03 1.023893728994721419e+00 5.039967197471620884e-04
6.495207670620688987e+03 1.019987791219322704e+00 5.288861656239731996e-04
6.501702878291312118e+03 1.016417449585836685e+00 5.171656203873981235e-04
6.508204581169605262e+03 1.013056300974760848e+00 5.077811751569912425e-04
6.514712785750777584e+03 1.010314837102636476e+00 6.083818317701561841e-04
6.521227498536530220e+03 1.007862434820764985e+00 6.349014539160651067e-04
6.527748726035069012e+03 1.005292598797793424e+00 7.146792123172043647e-04
6.534276474761106329e+03 1.003296360725586700e+00 7.288040807272950714e-04
6.540810751235869247e+03 1.002209559541759498e+00 7.218897761968364867e-04
6.547351561987107743e+03 1.001736986973336130e+00 7.082645745586586871e-04
6.553898913549096505e+03 1.001376514775783821e+00 6.856403978826949462e-04
6.560452812462647671e+03 1.001970879631256750e+00 6.881810265954630855e-04
6.567013265275112644e+03 1.002763831560871788e+00 6.669044353763316224e-04
6.573580278540390282e+03 1.004040288711302686e+00 6.440324559242922462e-04
6.580153858818932349e+03 1.006243678297636501e+00 9.496661528926532338e-04
6.586734012677753526e+03 1.008036863774040670e+00 9.697524502612647366e-04
6.593320746690433225e+03 1.009295435616926362e+00 9.038291013620928550e-04
6.599914067437126505e+03 1.010039242262003256e+00 8.028811729707567221e-04
6.606513981504565891e+03 1.009904796184142750e+00 8.652873995213181124e-04
6.613120495486072286e+03 1.008809500998564257e+00 9.005723193137821041e-04
6.619733615981560433e+03 1.007151228614123317e+00 8.458060289118436758e-04
6.626353349597544366e+03 1.005016882200336914e+00 8.877840821749821741e-04
6.632979702947143778e+03 1.001913983007072684e+00 8.743803753246182954e-04
6.639612682650093120e+03 9.985009816944898642e-01 8.425792072018334746e-04
6.646252295332745234e+03 9.943621462903603492e-01 8.591370816793813007e-04
6.652898547628080451e+03 9.895021674949442403e-01 8.329773141118549523e-04
6.659551446175711135e+03 9.846348016033965589e-01 8.603351974542873450e-04
6.666210997621888964e+03 9.797716738585402485e-01 9.181233540726610205e-04
6.672877208619513112e+03 9.749129326983176913e-01 9.579067553464304906e-04
6.679550085828134797e+03 9.702471543496814510e-01 9.093783241574256940e-04
6.686229635913964557e+03 9.660445121434825255e-01 9.743149382147585922e-04
6.692915865549881346e+03 9.616229990799203264e-01 9.927771838892055379e-04
6.699608781415433441e+03 9.575315969188652465e-01 1.054159591661363174e-03
6.706308390196851178e+03 9.538694404449447051e-01 8.300612371762981258e-04
6.713014698587049679e+03 9.498356352014243331e-01 6.924293385696274599e-04
6.719727713285638856e+03 9.454203119879451833e-01 6.346003079880853685e-04
6.726447440998927050e+03 9.405103889482004931e-01 6.663861342961539900e-04
6.733173888439928305e+03 9.349684111968967759e-01 6.345885404451874663e-04
6.739907062328370557e+03 9.290922496906564021e-01 5.017866057206020903e-04
6.746646969390701088e+03 9.234519085856859322e-01 4.491949398761920474e-04
6.753393616360093802e+03 9.179143378275893550e-01 4.481323148361108068e-04
6.760147009976456502e+03 9.123841503976786171e-01 4.344620819360573197e-04
6.766907156986434529e+03 9.071532616009210237e-01 4.920553435987825956e-04
6.773674064143423493e+03 9.020418616584612304e-01 5.697977757912246971e-04
6.780447738207569273e+03 8.969819826347715797e-01 4.645141799804556335e-04
6.787228185945778932e+03 8.913346464617678544e-01 5.033450258411331472e-04
6.794015414131727084e+03 8.854633426948346209e-01 5.290418803868859573e-04
6.800809429545861349e+03 8.793639911188472214e-01 5.011009784572883737e-04
6.807610238975408720e+03 8.734672206132563232e-01 4.781701161212679129e-04
6.814417849214386479e+03 8.679100039386186127e-01 4.846732105219639830e-04
6.821232267063603103e+03 8.623965389700258832e-01 5.795508276512014454e-04
6.828053499330669183e+03 8.574171740210876358e-01 5.741812519075550339e-04
6.834881552830001965e+03 8.531794412807903738e-01 5.552205235401882393e-04
6.841716434382834450e+03 8.496363781180800157e-01 6.031677682926147969e-04
6.848558150817219939e+03 8.466566231130965292e-01 6.410184719513558520e-04
6.855406708968039311e+03 8.441040319651808010e-01 6.107649850413128089e-04
6.862262115677009206e+03 8.421161465227146037e-01 5.816297757001835135e-04
6.869124377792688392e+03 8.403831911594916715e-01 5.672911477472069794e-04
6.875993502170483225e+03 8.390893467986660914e-01 5.375427591994652414e-04
6.882869495672656740e+03 8.377316143860251696e-01 5.321565332698223894e-04
6.889752365168331380e+03 8.365996348233116775e-01 5.058848867403579639e-04
6.896642117533501732e+03 8.361918627090784151e-01 5.537074219961777644e-04
6.903538759651037253e+03 8.360702860993475261e-01 5.835358697666996781e-04
6.910442298410691365e+03 8.359193861289306859e-01 5.763160259590030705e-04
6.917352740709104182e+03 8.353905188204749921e-01 5.468341120744489537e-04
6.924270093449815249e+03 8.351808594732536006e-01 5.325860897588090411e-04
6.931194363543267173e+03 8.348823934716946837e-01 5.042210161336126845e-04
6.938125557906812901e+03 8.345206864975360794e-01 4.804125837249400145e-04
6.945063683464722089e+03 8.339309978947077040e-01 5.549275349221482242e-04
6.952008747148189286e+03 8.331473642600765173e-01 4.774518446096184571e-04
6.958960755895339389e+03 8.325985558897941452e-01 3.743593631736936989e-04
6.965919716651237650e+03 8.325435470543999239e-01 3.741849509500007722e-04
6.972885636367890584e+03 8.329814573459463078e-01 4.381738796632918416e-04
6.979858522004260521e+03 8.331275373031450382e-01 4.651103677594826133e-04
6.986838380526267429e+03 8.335891933279683252e-01 4.624714606082956430e-04
6.993825218906796181e+03 8.344495693795161984e-01 4.416716381112089263e-04
7.000819044125705659e+03 8.355338877486515603e-01 4.181569808321393975e-04
7.007819863169833297e+03 8.370955293118261809e-01 4.616306468192379105e-04
7.014827683033005087e+03 8.384013372894620897e-01 4.432965509609333764e-04
7.021842510716041033e+03 8.395360823629192115e-01 4.438671003852902742e-04
7.028864353226758794e+03 8.403713678473567761e-01 4.371712838735682398e-04
7.035893217579988232e+03 8.410970950649152567e-01 4.216420228730249388e-04
7.042929110797570502e+03 8.418746636010315809e-01 4.031959411411046830e-04
7.049972039908370789e+03 8.425324800781771595e-01 4.207269658987645728e-04
7.057022011948281033e+03 8.426772662467195696e-01 4.273330043327638124e-04
7.064079033960231754e+03 8.425114304172641733e-01 4.623908287547012276e-04
7.071143112994193871e+03 8.423978562672258530e-01 4.423632660914927862e-04
7.078214256107190522e+03 8.421308532609959041e-01 4.378725562381225226e-04
7.085292470363300708e+03 8.414654674273357449e-01 4.442998115106306083e-04
7.092377762833665656e+03 8.406769012964077081e-01 4.588235365438764072e-04
7.099470140596501551e+03 8.399068841735025659e-01 4.280482656248370591e-04
7.106569610737100447e+03 8.393403103611201121e-01 3.969404250764997470e-04
7.113676180347840273e+03 8.389291068207238578e-01 3.810085640233461571e-04
7.120789856528190285e+03 8.386185841529875118e-01 3.825493786152037363e-04
7.127910646384721076e+03 8.383338259366867051e-01 3.733366739936245203e-04
7.135038557031108212e+03 8.383581584961796729e-01 3.686430029764988631e-04
7.142173595588141325e+03 8.385274093340758794e-01 3.765022982212404214e-04
7.149315769183732300e+03 8.389182404693295014e-01 3.746909732030067404e-04
7.156465084952918005e+03 8.394652657080294844e-01 3.365854525998702648e-04
7.163621550037873021e+03 8.405777783424411842e-01 3.842492472032289969e-04
7.170785171587913283e+03 8.416642520694155305e-01 4.136458770654411355e-04
7.177955956759504261e+03 8.429010044466268559e-01 4.346521349934543473e-04
7.185133912716265513e+03 8.441564383457250687e-01 4.744754871787689788e-04
7.192319046628984324e+03 8.455090029691255671e-01 4.623813035994459204e-04
7.199511365675615707e+03 8.466430246848686281e-01 4.491306294435841191e-04
7.206710877041294225e+03 8.476122987133203335e-01 4.060432668066463039e-04
7.213917587918337631e+03 8.482595796712982805e-01 3.785173672960935316e-04
7.221131505506257781e+03 8.485515718531081442e-01 3.746818091523314276e-04
7.228352637011767001e+03 8.484672051466045639e-01 3.659219040384336947e-04
7.235580989648780815e+03 8.481072167350263147e-01 3.766995416071614966e-04
7.242816570638432495e+03 8.474344545669143525e-01 3.742669278664961449e-04
7.250059387209073066e+03 8.463728581034619669e-01 3.536472718756616430e-04
7.257309446596284033e+03 8.446226192508637931e-01 3.837140886052135586e-04
7.264566756042882844e+03 8.424062756923933470e-01 4.290879880745349312e-04
7.271831322798928340e+03 8.396945118600634972e-01 4.888997161808486709e-04
7.279103154121729858e+03 8.365239965530850696e-01 5.660493805564338057e-04
7.286382257275853590e+03 8.329128405130005186e-01 6.618015581162949891e-04
7.293668639533132591e+03 8.288468689861299143e-01 8.128050065143345307e-04
7.300962308172667690e+03 8.243746153126099152e-01 1.035902453623239452e-03
7.308263270480842948e+03 8.197323048481023333e-01 1.249840723693760192e-03
7.315571533751325660e+03 8.148451072147526730e-01 1.512829752011567424e-03
7.322887105285079997e+03 8.097959159519210193e-01 1.399805434108292125e-03
7.330209992390367006e+03 8.038917037919371955e-01 1.359053662796853466e-03
7.337540202382760071e+03 7.968296233597939038e-01 1.823529465402004644e-03
7.344877742585144915e+03 7.885375904916245293e-01 2.440215162469587182e-03
