# starting wavelength: 3663.470
# ending wavelength: 7419.350
# wav flux eflux
3.666913987562790226e+03 1.034775785815634119e+00 1.528720100097588630e-02
3.670580901550354156e+03 1.041126882241665497e+00 1.264216089588947670e-02
3.674251482451905758e+03 1.044183336347087376e+00 1.061594803908334252e-02
3.677925733934358959e+03 1.041248152354184997e+00 8.098639606453867518e-03
3.681603659668294313e+03 1.032989406530641086e+00 6.226245101706616263e-03
3.685285263327964003e+03 1.020526753014280530e+00 4.863520445181120783e-03
3.688970548591293209e+03 1.004490647545804194e+00 4.069864546580978688e-03
3.692659519139885560e+03 9.874129435123728538e-01 3.259360076592566699e-03
3.696352178659026777e+03 9.693541643401730745e-01 3.002822314870375476e-03
3.700048530837686940e+03 9.516844258222877384e-01 2.707141077280178065e-03
3.703748579368525952e+03 9.351206704527398328e-01 2.789271255620058391e-03
3.707452327947895355e+03 9.197418570495006218e-01 2.713440447354069276e-03
3.711159780275844696e+03 9.057821647123611708e-01 2.694590747205051050e-03
3.714870940056121526e+03 8.934461259158538171e-01 2.780971430871045143e-03
3.718585810996179134e+03 8.818560551176508611e-01 2.673899218246376681e-03
3.722304396807176545e+03 8.712634617412542415e-01 2.554090251911528275e-03
3.726026701203984885e+03 8.616187746711645445e-01 2.438627657887441642e-03
3.729752727905190113e+03 8.533075865228161305e-01 2.347776835670464454e-03
3.733482480633096657e+03 8.468578380477700396e-01 2.358410240173301840e-03
3.737215963113731050e+03 8.422372918524005936e-01 2.267198937798697855e-03
3.740953179076846027e+03 8.390340171910755096e-01 2.233482255349404123e-03
3.744694132255923705e+03 8.375496225129205330e-01 2.228800364311660231e-03
3.748438826388181042e+03 8.388937805726580654e-01 2.174984412464771137e-03
3.752187265214570289e+03 8.413506020510319594e-01 2.130735072472012687e-03
3.755939452479786269e+03 8.451468093115204194e-01 2.150859139189033754e-03
3.759695391932267285e+03 8.502804855503114378e-01 2.200620169094808821e-03
3.763455087324201031e+03 8.567893352240653071e-01 2.123111591141783536e-03
3.767218542411526414e+03 8.648625089146082523e-01 2.005265286526110129e-03
3.770985760953939007e+03 8.737268012167045406e-01 1.855684658327262952e-03
3.774756746714894234e+03 8.843228789452999283e-01 1.799745403854393451e-03
3.778531503461610555e+03 8.969329413705956489e-01 2.150407359179343832e-03
3.782310034965073100e+03 9.099181093972736889e-01 2.214362960512499499e-03
3.786092345000039586e+03 9.244831456150399696e-01 2.279863663435675782e-03
3.789878437345040766e+03 9.401469438291043534e-01 2.279342103748342122e-03
3.793668315782387253e+03 9.559843932915553788e-01 2.235961220934055624e-03
3.797461984098170888e+03 9.717248527085393661e-01 1.804137481136188544e-03
3.801259446082270188e+03 9.856761827881665994e-01 1.657730791881234685e-03
3.805060705528353537e+03 9.989963961466888920e-01 1.599936306154622423e-03
3.808865766233883278e+03 1.011919549810423868e+00 1.573235025608942135e-03
3.812674632000118436e+03 1.022639569477646448e+00 1.873413293861807705e-03
3.816487306632119726e+03 1.032380451325817239e+00 1.939626908788565952e-03
3.820303793938753188e+03 1.041389257063179974e+00 1.927493893001580192e-03
3.824124097732693372e+03 1.048858403660129390e+00 1.778534836797694089e-03
3.827948221830427428e+03 1.056272363576929996e+00 1.853576007871052559e-03
3.831776170052258749e+03 1.062097380419675385e+00 1.840883718261028751e-03
3.835607946222312421e+03 1.067168977480378089e+00 1.851629064382249133e-03
3.839443554168536139e+03 1.071406162494576542e+00 1.827330886370451919e-03
3.843282997722705659e+03 1.074126430846046309e+00 1.827376301491772650e-03
3.847126280720429804e+03 1.075930586805090572e+00 1.896161501338504505e-03
3.850973407001151372e+03 1.076322934746843707e+00 1.985699827748764121e-03
3.854824380408153957e+03 1.076650858577156589e+00 1.984975101489461300e-03
3.858679204788563311e+03 1.076849631058876655e+00 2.115591398189625803e-03
3.862537883993353262e+03 1.075977523001955261e+00 2.092917718419718808e-03
3.866400421877347981e+03 1.075087304702026403e+00 1.937130792614646891e-03
3.870266822299226533e+03 1.072226473072274588e+00 2.268963794439260179e-03
3.874137089121526969e+03 1.068584015160946254e+00 2.747350750419307822e-03
3.878011226210649966e+03 1.064981817678429366e+00 3.160948829981924564e-03
3.881889237436861549e+03 1.062801395329256771e+00 3.231401446503346080e-03
3.885771126674299921e+03 1.062824707968268889e+00 3.166379579367177913e-03
3.889656897800975457e+03 1.063962716913304796e+00 2.998335733642679569e-03
3.893546554698777527e+03 1.067348602262889079e+00 2.925114432892344293e-03
3.897440101253477678e+03 1.071409193092753176e+00 2.823594700458296417e-03
3.901337541354732366e+03 1.080306917249571175e+00 3.563946568522346949e-03
3.905238878896088409e+03 1.090493734625444633e+00 4.043774688086060332e-03
3.909144117774985716e+03 1.100234595077091759e+00 4.037692180714325292e-03
3.913053261892762293e+03 1.108537253223395913e+00 3.967964768063683006e-03
3.916966315154656058e+03 1.116515657201299305e+00 3.759930789050621152e-03
3.920883281469812118e+03 1.122889093991946696e+00 3.774094138436606335e-03
3.924804164751283224e+03 1.129439429302660614e+00 3.846032757446470659e-03
3.928728968916035683e+03 1.134300344388057047e+00 3.923593771032551566e-03
3.932657697884953450e+03 1.139065865411696077e+00 4.034930341165620868e-03
3.936590355582839493e+03 1.140820583870472804e+00 4.097869368918359914e-03
3.940526945938423523e+03 1.141190276297880946e+00 4.098861833750667115e-03
3.944467472884363360e+03 1.141264287619687456e+00 3.845083874259122136e-03
3.948411940357249023e+03 1.140492909288531420e+00 3.424455191186735140e-03
3.952360352297607733e+03 1.139527755563281008e+00 3.043053296523566976e-03
3.956312712649906643e+03 1.140570158068617612e+00 3.452302358630727087e-03
3.960269025362557841e+03 1.141526000777711713e+00 3.420733274337659380e-03
3.964229294387921527e+03 1.143694160809020310e+00 3.129425767625304382e-03
3.968193523682310570e+03 1.146174800336416055e+00 2.533968820628741767e-03
3.972161717205994591e+03 1.147504184717255127e+00 3.362413627315902643e-03
3.976133878923201792e+03 1.147712547962493002e+00 4.134680051070350158e-03
3.980110012802126221e+03 1.150673515815807901e+00 3.893786821767977226e-03
3.984090122814929600e+03 1.155297081623716693e+00 3.522638736090943218e-03
3.988074212937745870e+03 1.162564917528711605e+00 3.559719880472296451e-03
3.992062287150684824e+03 1.170726805069014276e+00 3.533447281809208671e-03
3.996054349437837118e+03 1.182311085385475691e+00 3.746563272297673188e-03
4.000050403787276082e+03 1.194200080886738791e+00 3.717942308408357568e-03
4.004050454191064546e+03 1.207338552825687472e+00 3.687971882048985024e-03
4.008054504645257111e+03 1.220637774219301530e+00 3.399562268736057349e-03
4.012062559149903791e+03 1.230915550639146705e+00 3.407290214849847867e-03
4.016074621709055009e+03 1.239668418501529645e+00 3.459415071585232940e-03
4.020090696330765240e+03 1.247728635480150450e+00 3.419162589058017104e-03
4.024110787027097558e+03 1.251344577354903009e+00 3.360590617002553321e-03
4.028134897814125907e+03 1.251541222051635760e+00 3.113310634930194134e-03
4.032163032711941469e+03 1.249461435144727517e+00 3.092567860990075735e-03
4.036195195744654484e+03 1.243952667626883724e+00 3.204270288662476249e-03
4.040231390940400615e+03 1.237659101678826756e+00 3.328418058543090603e-03
4.044271622331342314e+03 1.230404361229636034e+00 2.743944952605505659e-03
4.048315893953675186e+03 1.219338411348809936e+00 2.574527746825735867e-03
4.052364209847629809e+03 1.205548442602660364e+00 3.185752510413824082e-03
4.056416574057479011e+03 1.189551562374698168e+00 3.658777692422528378e-03
4.060472990631537868e+03 1.173332562350063446e+00 3.222186243816493618e-03
4.064533463622170530e+03 1.161073856308302288e+00 2.898685490271313368e-03
4.068597997085794304e+03 1.152092455119615666e+00 2.459049002069257136e-03
4.072666595082881486e+03 1.147957338065109134e+00 3.141533967494025172e-03
4.076739261677965715e+03 1.145230050989971327e+00 3.261296819401148829e-03
4.080816000939644709e+03 1.146600051273528376e+00 3.268326906739066427e-03
4.084896816940585722e+03 1.149646062663601143e+00 2.730966283197066961e-03
4.088981713757527814e+03 1.152624691725329331e+00 2.420993945689193377e-03
4.093070695471286854e+03 1.155142025868469258e+00 2.341924407560997540e-03
4.097163766166759160e+03 1.157499736721258943e+00 2.291581940118028998e-03
4.101260929932927866e+03 1.158982399568399213e+00 2.076835394775876018e-03
4.105362190862862008e+03 1.157203962769418615e+00 2.181434054684262651e-03
4.109467553053726078e+03 1.154856165482794239e+00 1.953135908299478540e-03
4.113577020606780934e+03 1.150998856209210830e+00 1.793543758062210534e-03
4.117690597627389252e+03 1.147590954948338071e+00 1.809142873163891579e-03
4.121808288225018259e+03 1.144659238950932245e+00 2.011022778066953644e-03
4.125930096513244280e+03 1.141709221432730237e+00 2.245208565786505159e-03
4.130056026609759101e+03 1.140402267358480382e+00 2.220725246156039345e-03
4.134186082636369974e+03 1.139612813207649289e+00 2.289654233419498482e-03
4.138320268719007800e+03 1.138627651150221576e+00 2.400217182671624417e-03
4.142458588987728035e+03 1.138242675619562938e+00 2.901094350299556618e-03
4.146601047576717065e+03 1.137420824133160036e+00 2.838733846400936286e-03
4.150747648624294925e+03 1.135746920993154552e+00 2.262748257832839470e-03
4.154898396272920763e+03 1.130942199424029404e+00 2.177346083733362834e-03
4.159053294669195566e+03 1.124388947937386085e+00 2.461804628211571033e-03
4.163212347963865795e+03 1.115539527734423775e+00 3.190411681095484467e-03
4.167375560311830668e+03 1.106207954387968595e+00 3.088218583246700715e-03
4.171542935872143971e+03 1.097336885322778732e+00 2.662913380099808658e-03
4.175714478808017702e+03 1.089858979213790269e+00 2.627130941819596794e-03
4.179890193286827525e+03 1.082510709607772181e+00 2.524791022189329555e-03
4.184070083480115500e+03 1.076089912699817797e+00 2.519176581881314974e-03
4.188254153563597356e+03 1.072391487087907214e+00 2.285441169215206552e-03
4.192442407717161586e+03 1.068349358272302929e+00 2.078783472243801202e-03
4.196634850124880359e+03 1.065180685229607516e+00 1.627564051266825818e-03
4.200831484975006788e+03 1.060822564477919894e+00 1.562368857845610696e-03
4.205032316459983122e+03 1.054987674506715489e+00 1.558432196014708374e-03
4.209237348776444378e+03 1.048694690908987148e+00 1.553919335131157377e-03
4.213446586125221984e+03 1.041268612443456920e+00 1.514291353143844970e-03
4.217660032711349231e+03 1.033012365198674010e+00 1.428803395308046037e-03
4.221877692744061278e+03 1.025032079126236395e+00 1.522856528398967759e-03
4.226099570436806971e+03 1.016382134473573950e+00 1.498938027363547632e-03
4.230325670007245208e+03 1.007387487845343932e+00 1.913385046008425888e-03
4.234555995677254032e+03 9.988175843564180978e-01 2.446900115510819342e-03
4.238790551672932452e+03 9.906624716506637895e-01 2.880133409897038619e-03
4.243029342224606808e+03 9.854630047660771774e-01 2.371141931701661355e-03
4.247272371566832589e+03 9.829271701395942973e-01 2.404263094623182787e-03
4.251519643938400804e+03 9.831506461474984748e-01 2.876834562531631941e-03
4.255771163582340705e+03 9.853585778118264527e-01 2.962732707981744883e-03
4.260026934745924336e+03 9.877771866800101330e-01 2.874906128268989603e-03
4.264286961680671993e+03 9.910419604885245537e-01 2.723342273599457016e-03
4.268551248642354039e+03 9.954315073655367607e-01 2.523616765771959525e-03
4.272819799890998183e+03 9.987743612782875591e-01 2.537138867268642732e-03
4.277092619690890388e+03 1.002420529034734109e+00 2.524501851937579686e-03
4.281369712310583054e+03 1.005253071462985925e+00 2.659979319812889528e-03
4.285651082022895025e+03 1.007768042177279666e+00 2.527569266734492909e-03
4.289936733104918858e+03 1.011445973766792239e+00 2.355228981584891502e-03
4.294226669838025373e+03 1.015128164724864668e+00 2.147535762064386317e-03
4.298520896507864563e+03 1.020564229560563474e+00 2.135473890539747992e-03
4.302819417404373780e+03 1.027847696163243230e+00 1.967186770065733076e-03
4.307122236821779552e+03 1.036245232156811857e+00 1.752476917409835589e-03
4.311429359058603040e+03 1.044661374163994294e+00 1.787718295621720669e-03
4.315740788417662770e+03 1.052710043520766581e+00 1.827046171588785854e-03
4.320056529206081905e+03 1.059754976513179958e+00 1.887656675878987686e-03
4.324376585735290064e+03 1.067456194149734472e+00 2.050739835550845734e-03
4.328700962321026054e+03 1.072942627067501764e+00 1.935603382022006410e-03
4.333029663283348782e+03 1.077122959100875077e+00 1.644478777615351233e-03
4.337362692946633615e+03 1.079438604010259928e+00 1.629502107468101379e-03
4.341700055639581478e+03 1.079228532282439090e+00 2.054161670318326981e-03
4.346041755695222491e+03 1.078476592495569708e+00 2.064846787835293053e-03
4.350387797450919606e+03 1.078363073130640837e+00 2.065978771065650563e-03
4.354738185248371337e+03 1.077982035666607885e+00 1.830970815265606667e-03
4.359092923433621763e+03 1.079240133530755985e+00 1.766215038488887223e-03
4.363452016357056891e+03 1.081178394763420147e+00 1.611395571865007880e-03
4.367815468373414660e+03 1.085509970942645008e+00 1.914756591385701357e-03
4.372183283841789489e+03 1.091667944128932755e+00 1.455231517788769515e-03
4.376555467125633186e+03 1.098470319831760689e+00 1.481003740087699291e-03
4.380932022592760404e+03 1.107201860171632024e+00 1.430228426862942531e-03
4.385312954615354101e+03 1.116783988138582817e+00 1.504621514461013760e-03
4.389698267569970994e+03 1.128008358105143216e+00 1.420286908021416942e-03
4.394087965837542470e+03 1.140832853093521670e+00 1.373719301775700808e-03
4.398482053803381859e+03 1.154669027149096028e+00 1.225876784388189042e-03
4.402880535857186260e+03 1.170067808719428504e+00 1.220516814373371738e-03
4.407283416393044718e+03 1.187293749896188411e+00 1.186688471852454657e-03
4.411690699809440048e+03 1.205133882915249366e+00 1.206239695336740669e-03
4.416102390509250654e+03 1.223673039057989742e+00 1.250720491065156290e-03
4.420518492899761441e+03 1.242251352229389205e+00 1.461921493989471214e-03
4.424939011392662906e+03 1.258458778951469625e+00 1.601511956758277979e-03
4.429363950404056595e+03 1.272594837525383271e+00 1.531518751273459400e-03
4.433793314354462382e+03 1.283336811887384465e+00 1.551949516904776744e-03
4.438227107668818462e+03 1.291229712715028288e+00 1.554373868749733345e-03
4.442665334776488635e+03 1.296696239683817309e+00 1.532302277075647508e-03
4.447108000111265937e+03 1.298670836485734670e+00 1.753903843089424461e-03
4.451555108111379013e+03 1.299581616909251114e+00 1.743650203128084683e-03
4.456006663219492111e+03 1.296769424421552408e+00 1.684331569221772214e-03
4.460462669882713271e+03 1.292562555582935646e+00 1.543038901340127150e-03
4.464923132552597053e+03 1.286831512768706220e+00 1.533165716743663297e-03
4.469388055685150903e+03 1.280513218591710745e+00 1.572784508794103234e-03
4.473857443740837880e+03 1.275003208214652517e+00 1.833286542229331907e-03
4.478331301184580298e+03 1.271094907588196543e+00 1.897246711945918454e-03
4.482809632485766087e+03 1.268790557709917222e+00 1.877578874653730058e-03
4.487292442118253348e+03 1.267691775874811411e+00 1.781848669298744187e-03
4.491779734560373072e+03 1.268202874262469804e+00 1.719479614492406714e-03
4.496271514294934605e+03 1.270702421592976306e+00 2.093657049805284533e-03
4.500767785809231100e+03 1.274700211512447057e+00 2.741205383267518014e-03
4.505268553595042249e+03 1.279308674022736181e+00 2.746129113113628204e-03
4.509773822148638828e+03 1.282594487425993579e+00 2.289180826848693281e-03
4.514283595970789065e+03 1.283818215253808237e+00 2.275175968124918281e-03
4.518797879566761367e+03 1.283148495916039522e+00 2.707677358128518508e-03
4.523316677446328868e+03 1.282080165888891177e+00 2.853132570108073574e-03
4.527839994123776705e+03 1.279561850573821769e+00 2.870009284105656724e-03
4.532367834117902021e+03 1.276354273419093355e+00 2.184296681689102803e-03
4.536900201952022144e+03 1.275231610788701619e+00 2.374163106984045202e-03
4.541437102153975502e+03 1.273217387587799232e+00 2.345212141534514742e-03
4.545978539256130716e+03 1.272198813402817263e+00 2.355752797026777930e-03
4.550524517795388419e+03 1.270379729788686962e+00 2.309540971701627265e-03
4.555075042313184895e+03 1.268111764570225564e+00 2.240073554982943693e-03
4.559630117355500261e+03 1.263721865296804081e+00 2.065199897823306787e-03
4.564189747472856652e+03 1.257523650379367419e+00 1.803494149133703971e-03
4.568753937220330954e+03 1.248908542131890398e+00 1.690568850801176188e-03
4.573322691157552981e+03 1.236712847400167181e+00 1.692059937246525279e-03
4.577896013848711846e+03 1.221618152953173553e+00 1.353165298420544926e-03
4.582473909862562323e+03 1.206003839302838720e+00 1.428092597275312271e-03
4.587056383772426670e+03 1.189122172223564311e+00 1.421290588247995203e-03
4.591643440156200086e+03 1.171500244961422244e+00 1.780264874436839496e-03
4.596235083596357981e+03 1.153871647433351466e+00 2.386142987993444819e-03
4.600831318679955984e+03 1.137093896453159170e+00 2.518608756891841174e-03
4.605432149998637215e+03 1.123535933680894772e+00 2.299432202726111631e-03
4.610037582148637739e+03 1.113162212204546808e+00 2.151053663288076800e-03
4.614647619730787483e+03 1.106241568203763626e+00 2.007894103508359521e-03
4.619262267350520233e+03 1.102961917036734851e+00 2.251758801743412083e-03
4.623881529617872729e+03 1.103602988081863856e+00 2.191842929480410443e-03
4.628505411147491941e+03 1.106057057950314615e+00 2.375009885466300950e-03
4.633133916558640522e+03 1.109545248445505283e+00 2.179116787179208141e-03
4.637767050475200449e+03 1.113284646949763035e+00 1.955907402850970249e-03
4.642404817525677572e+03 1.116314948171755583e+00 1.401130693418275053e-03
4.647047222343205249e+03 1.116934800116445636e+00 1.451274491317001850e-03
4.651694269565549803e+03 1.115694774361744912e+00 1.508669647465535639e-03
4.656345963835116891e+03 1.112871579798359045e+00 1.502568321288834646e-03
4.661002309798953320e+03 1.107171843948604018e+00 1.243978348941388338e-03
4.665663312108753416e+03 1.100147700087305225e+00 1.210184791912051342e-03
4.670328975420864481e+03 1.092467992069027671e+00 9.646360854440114022e-04
4.674999304396286789e+03 1.082564748105545815e+00 1.423573808154098138e-03
4.679674303700684504e+03 1.071729341799668500e+00 1.884807731487808755e-03
4.684353978004386590e+03 1.060960284176785562e+00 2.017564291310957464e-03
4.689038331982392265e+03 1.051184387577271950e+00 1.861706817324544063e-03
4.693727370314376458e+03 1.043643904428580571e+00 1.777644068066027306e-03
4.698421097684692540e+03 1.037564898110733491e+00 1.818343985249332466e-03
4.703119518782378691e+03 1.033847038339341884e+00 2.193791455309901817e-03
4.707822638301162442e+03 1.030546337317943317e+00 2.177514919506464211e-03
4.712530460939465229e+03 1.028403023658224447e+00 2.139187373410616957e-03
4.717242991400406027e+03 1.028241098918142971e+00 2.005348437784075163e-03
4.721960234391808626e+03 1.027907172111874656e+00 1.913281391933429687e-03
4.726682194626201635e+03 1.027956430003527322e+00 1.884877469301716492e-03
4.731408876820829391e+03 1.027593112355296601e+00 1.972804405299066755e-03
4.736140285697651962e+03 1.027044436620917045e+00 1.782851976776201816e-03
4.740876425983350600e+03 1.026673090697650892e+00 1.765562402545576550e-03
4.745617302409335934e+03 1.026817366865673709e+00 2.297482482638485597e-03
4.750362919711747054e+03 1.025401286300522408e+00 2.324551528878230928e-03
4.755113282631459697e+03 1.023896126763685910e+00 2.022221714751875135e-03
4.759868395914093526e+03 1.021176907115739940e+00 1.934150588736286650e-03
4.764628264310008490e+03 1.016985851149415643e+00 2.253377720796168396e-03
4.769392892574320285e+03 1.012389257391952402e+00 2.346403805631255227e-03
4.774162285466896719e+03 1.007282758274838042e+00 2.228682112355181641e-03
4.778936447752364984e+03 1.002660395320554843e+00 1.855979053980775801e-03
4.783715384200118933e+03 9.993149365543648743e-01 1.932997514164604006e-03
4.788499099584319993e+03 9.969242909697972888e-01 2.136097945360293515e-03
4.793287598683906253e+03 9.951016695422429947e-01 2.050802529160838852e-03
4.798080886282591564e+03 9.928699846049661160e-01 2.040370476842196489e-03
4.802878967168876443e+03 9.914120546300034809e-01 1.963946530879206315e-03
4.807681846136046261e+03 9.910203354289739419e-01 1.520969108644067321e-03
4.812489527982183972e+03 9.896895996878554147e-01 1.555920308315572207e-03
4.817302017510168298e+03 9.875346630984043195e-01 1.830282282163203959e-03
4.822119319527679181e+03 9.858904426643020358e-01 1.474268963096395969e-03
4.826941438847208701e+03 9.851229816273272544e-01 1.168610510166691275e-03
4.831768380286057436e+03 9.855661322780290279e-01 1.161595050936225365e-03
4.836600148666345376e+03 9.877659886622723873e-01 1.124447777392985478e-03
4.841436748815013743e+03 9.898054693637914347e-01 1.125573472568693317e-03
4.846278185563829538e+03 9.928226175215421057e-01 1.047794323344269224e-03
4.851124463749395545e+03 9.963861068297127366e-01 1.091605533252018763e-03
4.855975588213146693e+03 9.994802797574879882e-01 1.102595972808343913e-03
4.860831563801360971e+03 1.002633113475986049e+00 1.104043322876051498e-03
4.865692395365163975e+03 1.004995890382151646e+00 1.045780054620585242e-03
4.870558087760530725e+03 1.007473855261492135e+00 1.288337939624161757e-03
4.875428645848292945e+03 1.008987908548608869e+00 1.230622022073437488e-03
4.880304074494142696e+03 1.009334030015230699e+00 1.136602837805704164e-03
4.885184378568638749e+03 1.007763851119435561e+00 1.135779788008773423e-03
4.890069562947209306e+03 1.004793848197087280e+00 1.141768041680296403e-03
4.894959632510157462e+03 1.000769723646868670e+00 1.135332139079059431e-03
4.899854592142669389e+03 9.958275135364226260e-01 1.112523720424243292e-03
4.904754446734813428e+03 9.895039747337655012e-01 1.173486335838945255e-03
4.909659201181550088e+03 9.819244284394434974e-01 1.030658721215099195e-03
4.914568860382732964e+03 9.758281655236694663e-01 9.793348666781184850e-04
4.919483429243117826e+03 9.704340086023958145e-01 9.499134787153008363e-04
4.924402912672362618e+03 9.661967664570206837e-01 9.403397098690642435e-04
4.929327315585036558e+03 9.637999048917490486e-01 9.217464558584510109e-04
4.934256642900622865e+03 9.626342307864870218e-01 8.797921764955469190e-04
4.939190899543525120e+03 9.635408298117738024e-01 9.813079601097938077e-04
4.944130090443070912e+03 9.677969593540517446e-01 9.238817465853363994e-04
4.949074220533515472e+03 9.732144686213488605e-01 1.297711814171967045e-03
4.954023294754050767e+03 9.823327489074723529e-01 1.245949974751748386e-03
4.958977318048806410e+03 9.942895969730626282e-01 1.146367884210538471e-03
4.963936295366856939e+03 1.009895700084163073e+00 1.182524694419086805e-03
4.968900231662225451e+03 1.027698108529938148e+00 1.232151165990844023e-03
4.973869131893889062e+03 1.048059064936780693e+00 1.660063890124231518e-03
4.978843001025784361e+03 1.068897240201640564e+00 1.724384226387412535e-03
4.983821844026811959e+03 1.090337569364265624e+00 1.710172276756599880e-03
4.988805665870840130e+03 1.111428187812160129e+00 1.615700232423857149e-03
4.993794471536712990e+03 1.130743809186091964e+00 1.251281156353381985e-03
4.998788266008251412e+03 1.146758818126197621e+00 1.147018951609865426e-03
5.003787054274261209e+03 1.159300846876450519e+00 1.217933542602096320e-03
5.008790841328536771e+03 1.169546199477367487e+00 1.205885518061282965e-03
5.013799632169867436e+03 1.176015135903366815e+00 1.181560038539695642e-03
5.018813431802038394e+03 1.178958554123932689e+00 1.199679237330069813e-03
5.023832245233842514e+03 1.179538854348250343e+00 1.184502625145276511e-03
5.028856077479077612e+03 1.177705625272206236e+00 1.247614245256844102e-03
5.033884933556558281e+03 1.174066472774933256e+00 1.418105896424513195e-03
5.038918818490116792e+03 1.170378933504234720e+00 1.566437955506894044e-03
5.043957737308608557e+03 1.165392219737216184e+00 1.437678181900069402e-03
5.049001695045918495e+03 1.162169600624861188e+00 1.394171459242806365e-03
5.054050696740966487e+03 1.159677012081215208e+00 1.174964197393201090e-03
5.059104747437709193e+03 1.159493486859180633e+00 1.541819030968350109e-03
5.064163852185148244e+03 1.160443317988607781e+00 1.871201101722569675e-03
5.069228016037335692e+03 1.162373425450096587e+00 1.724946990455462643e-03
5.074297244053374015e+03 1.164402311310337890e+00 1.707418614764607970e-03
5.079371541297429758e+03 1.167070615371504694e+00 1.574214860652346044e-03
5.084450912838728073e+03 1.170114532029330690e+00 1.306444633330454842e-03
5.089535363751569093e+03 1.172073822343374427e+00 1.237581789393504741e-03
5.094624899115322478e+03 1.172576474580253603e+00 1.236259697434071185e-03
5.099719524014439230e+03 1.172376904204265768e+00 1.151189298419470720e-03
5.104819243538455339e+03 1.171596234535148051e+00 1.161841099786941126e-03
5.109924062781995417e+03 1.169538927148601637e+00 1.146108444489668012e-03
5.115033986844779065e+03 1.166481883313248202e+00 1.133573123118888698e-03
5.120149020831625421e+03 1.163230215733155548e+00 1.160959080744228397e-03
5.125269169852458617e+03 1.158422422816979047e+00 1.094595294149796824e-03
5.130394439022313236e+03 1.152590289199337370e+00 1.071160910999621914e-03
5.135524833461337039e+03 1.145762537249164437e+00 1.153646691268274968e-03
5.140660358294800062e+03 1.137540524668058994e+00 1.336269688149660474e-03
5.145801018653096435e+03 1.129598752923978378e+00 1.284479372901543674e-03
5.150946819671751655e+03 1.122075950542252620e+00 8.888700012300573350e-04
5.156097766491425318e+03 1.116399893795581022e+00 9.164757522578303919e-04
5.161253864257918394e+03 1.111126039730576887e+00 9.673402301131363550e-04
5.166415118122177773e+03 1.106762339602067380e+00 8.693935482031325086e-04
5.171581533240301724e+03 1.103919036905473439e+00 1.032478719855228462e-03
5.176753114773543530e+03 1.102132195586457142e+00 1.358401325684729802e-03
5.181929867888318768e+03 1.100912624634796000e+00 1.415843852938386766e-03
5.187111797756208944e+03 1.098629058141972425e+00 1.302772214824924777e-03
5.192298909553966951e+03 1.095672248312278274e+00 1.193691670686050296e-03
5.197491208463522526e+03 1.092160744699561370e+00 1.036192439437469068e-03
5.202688699671987706e+03 1.087126839492100094e+00 1.258912487089304706e-03
5.207891388371661378e+03 1.081366884892531299e+00 1.249982574205793550e-03
5.213099279760034733e+03 1.075584924830965017e+00 1.163110924907439017e-03
5.218312379039796724e+03 1.070028591658048533e+00 1.152706479277648254e-03
5.223530691418837705e+03 1.064013932738584689e+00 1.192363591477631300e-03
5.228754222110258524e+03 1.059692913365270828e+00 1.176060967913798196e-03
5.233982976332370527e+03 1.056091473437547279e+00 1.190727903551626245e-03
5.239216959308704645e+03 1.053801440535832468e+00 1.101634759677131955e-03
5.244456176268015042e+03 1.053693344635537432e+00 1.097411218228971528e-03
5.249700632444284565e+03 1.055544215772569183e+00 1.066202927791599442e-03
5.254950333076731113e+03 1.058918581286891536e+00 1.043353322663460305e-03
5.260205283409809454e+03 1.062949938885359824e+00 9.244949853439954042e-04
5.265465488693221232e+03 1.068420206388761118e+00 1.145021640539627605e-03
5.270730954181915877e+03 1.074714262810097409e+00 1.599237883893532899e-03
5.276001685136099695e+03 1.080989363769051081e+00 1.768014776548402448e-03
5.281277686821237694e+03 1.086158085973432996e+00 1.583928402628282132e-03
5.286558964508059944e+03 1.088446943935687194e+00 1.431408327607549928e-03
5.291845523472569766e+03 1.088641176321170745e+00 1.455836383368609493e-03
5.297137368996044643e+03 1.086763736757225596e+00 1.548169057035150972e-03
5.302434506365042580e+03 1.081984356828876503e+00 1.760611069180941391e-03
5.307736940871409388e+03 1.076353865299629398e+00 1.680169996522627891e-03
5.313044677812282316e+03 1.069944765587725000e+00 1.622519374075338632e-03
5.318357722490096421e+03 1.063158342252717770e+00 1.459478905361797198e-03
5.323676080212588204e+03 1.056118389857132689e+00 1.214824210169281916e-03
5.328999756292802886e+03 1.050471736605965267e+00 1.579495972944525931e-03
5.334328756049097137e+03 1.044549373664876102e+00 1.721134899957389025e-03
5.339663084805148173e+03 1.038734734930772508e+00 1.529974776560174155e-03
5.345002747889954662e+03 1.032802415442877431e+00 1.769873167956562002e-03
5.350347750637846730e+03 1.027396104220128281e+00 2.250692610726589410e-03
5.355698098388485960e+03 1.023163198955837183e+00 2.311241289871697729e-03
5.361053796486876308e+03 1.020130121219825048e+00 2.080697159937680563e-03
5.366414850283365013e+03 1.019836879102160365e+00 1.816197299239087366e-03
5.371781265133649867e+03 1.022065255328871380e+00 2.024938765038886840e-03
5.377153046398785591e+03 1.026277032995533078e+00 2.289583770641524969e-03
5.382530199445186554e+03 1.032295329031535758e+00 2.575732924479919115e-03
5.387912729644633146e+03 1.037599305720829923e+00 2.478498107803556866e-03
5.393300642374279960e+03 1.042799787476992757e+00 2.193966253547165353e-03
5.398693943016655794e+03 1.047651174455040524e+00 1.816206947073789298e-03
5.404092636959673655e+03 1.049866485188141629e+00 2.038798824261840292e-03
5.409496729596635305e+03 1.050988618562385124e+00 2.084944616144198196e-03
5.414906226326233991e+03 1.049757816856443426e+00 1.915577411068098953e-03
5.420321132552561721e+03 1.047240085805614784e+00 1.690356077886014975e-03
5.425741453685116539e+03 1.043437707292217187e+00 1.771975079835616919e-03
5.431167195138803436e+03 1.039041323685838680e+00 1.931837162761917276e-03
5.436598362333943442e+03 1.033066648017190392e+00 1.679510202539142303e-03
5.442034960696279086e+03 1.025251890303990887e+00 1.733158128779978052e-03
5.447476995656978033e+03 1.015989555151864066e+00 2.049963092956080899e-03
5.452924472652636723e+03 1.006477648018145654e+00 2.213069198824027355e-03
5.458377397125291282e+03 9.972086931725934189e-01 2.264577504310313384e-03
5.463835774522417523e+03 9.882389358077744435e-01 1.868851990877889004e-03
5.469299610296941864e+03 9.815948595696343260e-01 1.602664161722361369e-03
5.474768909907241323e+03 9.771609300958612465e-01 1.463619445648013271e-03
5.480243678817149885e+03 9.752161869450640674e-01 1.490972176395163797e-03
5.485723922495968509e+03 9.765998385490993750e-01 1.553888895264483655e-03
5.491209646418466946e+03 9.791149424596966577e-01 1.655387633840445108e-03
5.496700856064887375e+03 9.830211342506498529e-01 1.574555160376112182e-03
5.502197556920953502e+03 9.873791937626031912e-01 8.264586384469315740e-04
5.507699754477876013e+03 9.900800078280530547e-01 1.013531556441761832e-03
5.513207454232356213e+03 9.927122252517711631e-01 1.059704131846042402e-03
5.518720661686590574e+03 9.942891428269946541e-01 9.155967417707820254e-04
5.524239382348278923e+03 9.957346770076785925e-01 9.032606592185042421e-04
5.529763621730628984e+03 9.965905777682414479e-01 9.466822663339067656e-04
5.535293385352360929e+03 9.970157701548418849e-01 1.016140091713846382e-03
5.540828678737715563e+03 9.957992434660951631e-01 1.002320740230310545e-03
5.546369507416455235e+03 9.929204635438039217e-01 1.132544800331221086e-03
5.551915876923872929e+03 9.898178587741960355e-01 1.175641879620626827e-03
5.557467792800798634e+03 9.864051573312870858e-01 1.259393273136820380e-03
5.563025260593602070e+03 9.830494787719304961e-01 1.254045365051948812e-03
5.568588285854197238e+03 9.796153655397400462e-01 1.264626983826657759e-03
5.574156874140053333e+03 9.760615553217933948e-01 1.270270414901298424e-03
5.579731031014194741e+03 9.724520372023456316e-01 1.239570490825238260e-03
5.585310762045211050e+03 9.693979572432621650e-01 1.130825864580404030e-03
5.590896072807257951e+03 9.678386025094050105e-01 1.205909837023345834e-03
5.596486968880067252e+03 9.672274805190008706e-01 1.244346297524245382e-03
5.602083455848949598e+03 9.674908894984454166e-01 1.039181396136773039e-03
5.607685539304799931e+03 9.680299532071720003e-01 1.190898211807361927e-03
5.613293224844106589e+03 9.688882754229968253e-01 1.377998734307312075e-03
5.618906518068952209e+03 9.713825876261925618e-01 1.337194134587579896e-03
5.624525424587023736e+03 9.752763308831839950e-01 1.163749184696326539e-03
5.630149950011612418e+03 9.808542405870255276e-01 1.339194145226447552e-03
5.635780099961625638e+03 9.875647593754742770e-01 1.555921625000592336e-03
5.641415880061589633e+03 9.949827168993825577e-01 1.389753248077439099e-03
5.647057295941652228e+03 1.002222845425680076e+00 1.332371687101137651e-03
5.652704353237596479e+03 1.008550160350647484e+00 1.334828811411441002e-03
5.658357057590835211e+03 1.014122229328206393e+00 1.275827087396051111e-03
5.664015414648428305e+03 1.018020981524312418e+00 1.254101334329928196e-03
5.669679430063079053e+03 1.020593894083632991e+00 1.104978503563466049e-03
5.675349109493143260e+03 1.020978631630315103e+00 1.610268050404832854e-03
5.681024458602638333e+03 1.019750794201948141e+00 1.847943581010889902e-03
5.686705483061243285e+03 1.018008027652400616e+00 1.552387597912818556e-03
5.692392188544306009e+03 1.016685175313146505e+00 1.183204441979077235e-03
5.698084580732852373e+03 1.016179390388114889e+00 1.157175492735224021e-03
5.703782665313587131e+03 1.016422144670127148e+00 1.153035444380287296e-03
5.709486447978903016e+03 1.017273060580777599e+00 1.146173109679301996e-03
5.715195934426883468e+03 1.018523479693061340e+00 1.146681091256205156e-03
5.720911130361312644e+03 1.020335916713030810e+00 1.197568971551877994e-03
5.726632041491675409e+03 1.022675990121181266e+00 1.322396089304006886e-03
5.732358673533169167e+03 1.025120783095913479e+00 1.462560420046149024e-03
5.738091032206703858e+03 1.026552179281557509e+00 1.222116241253956787e-03
5.743829123238912871e+03 1.026627430528703977e+00 1.158739027907130376e-03
5.749572952362153046e+03 1.025049866538894294e+00 1.165855553053673534e-03
5.755322525314517407e+03 1.022649182747354724e+00 1.205556369605809272e-03
5.761077847839834249e+03 1.018741986710089087e+00 1.202567194967245345e-03
5.766838925687675328e+03 1.013640921778758752e+00 1.302361731989358593e-03
5.772605764613364954e+03 1.007995743928207677e+00 1.411392279485920980e-03
5.778378370377980900e+03 1.001743753140821314e+00 1.606908735528793895e-03
5.784156748748360769e+03 9.946643683955721515e-01 1.375762368175242672e-03
5.789940905497111089e+03 9.887805492432527599e-01 1.302321885902132199e-03
5.795730846402610041e+03 9.834182576715226887e-01 1.355831460282800206e-03
5.801526577249013826e+03 9.788257632162101762e-01 1.317956725202351631e-03
5.807328103826264851e+03 9.745382173663783565e-01 1.316806951374746787e-03
5.813135431930093546e+03 9.710513950558010698e-01 1.333067888144060095e-03
5.818948567362025642e+03 9.678902906698464426e-01 1.426213960949629725e-03
5.824767515929389447e+03 9.643408842192129349e-01 1.473135098825724063e-03
5.830592283445320390e+03 9.607847680256210721e-01 1.464562342755954894e-03
5.836422875728768304e+03 9.567223283955793578e-01 1.392157926370346304e-03
5.842259298604498326e+03 9.522365066231853747e-01 1.419103739963341803e-03
5.848101557903105459e+03 9.466846492953617798e-01 1.504720622929786068e-03
5.853949659461010015e+03 9.412532313307858667e-01 1.366851450043159296e-03
5.859803609120473084e+03 9.363553295844720958e-01 1.262005479604920953e-03
5.865663412729595620e+03 9.325449870207263015e-01 1.277647892407779212e-03
5.871529076142326630e+03 9.289037790186170929e-01 1.276416752356268483e-03
5.877400605218471355e+03 9.251537772188760389e-01 1.269747369121828695e-03
5.883278005823691274e+03 9.219305381025085788e-01 1.280048158597395843e-03
5.889161283829516833e+03 9.186752446874069111e-01 1.273966139153981597e-03
5.895050445113348360e+03 9.157794610131266833e-01 1.286142788079279236e-03
5.900945495558464245e+03 9.139641440719855625e-01 8.596151406481350541e-04
5.906846441054024581e+03 9.112196719102322318e-01 9.645247355057186365e-04
5.912753287495080258e+03 9.080611767231164810e-01 1.049590499704361208e-03
5.918666040782577511e+03 9.047069930231144141e-01 6.820992628579184043e-04
5.924584706823361557e+03 9.022507555053984607e-01 8.830220218492572295e-04
5.930509291530187511e+03 8.994403834397037834e-01 8.917715664474828562e-04
5.936439800821719473e+03 8.969489788779891892e-01 9.057077752008210227e-04
5.942376240622543264e+03 8.946311461062158576e-01 8.248931821402578912e-04
5.948318616863167335e+03 8.918269218198286996e-01 7.920477877943637481e-04
5.954266935480032771e+03 8.883488419594087748e-01 7.899433342784863837e-04
5.960221202415515108e+03 8.843307897180744392e-01 8.711233177263342977e-04
5.966181423617932523e+03 8.795335925359865081e-01 8.697804371583940219e-04
5.972147605041552197e+03 8.739436270612289670e-01 8.410432085985998507e-04
5.978119752646595771e+03 8.673317839909925331e-01 8.656123712410977375e-04
5.984097872399243897e+03 8.597744185463636057e-01 9.664592062355447256e-04
5.990081970271645332e+03 8.517989982956893913e-01 9.138346039304165057e-04
5.996072052241918755e+03 8.436682926784498937e-01 9.124779865799315451e-04
6.002068124294162772e+03 8.355411141067521363e-01 9.057948941503714962e-04
6.008070192418459555e+03 8.281628250777119948e-01 9.935653482690618831e-04
6.014078262610879392e+03 8.207739080520560782e-01 1.003839584042320876e-03
6.020092340873492503e+03 8.132860613210902700e-01 9.991670810360700223e-04
6.026112433214368139e+03 8.069876771273736260e-01 9.480834615328139836e-04
6.032138545647584579e+03 8.021317625047807987e-01 9.547056483386388804e-04
6.038170684193233683e+03 7.986188331341572688e-01 8.363979628317139972e-04
6.044208854877429076e+03 7.952933701335459515e-01 7.820895749123918080e-04
6.050253063732308874e+03 7.937115660483736734e-01 1.063782641469976625e-03
6.056303316796042964e+03 7.923585254597164118e-01 1.143383203802364727e-03
6.062359620112841185e+03 7.913315004512412321e-01 1.212389153693360904e-03
6.068421979732956061e+03 7.902938242947479264e-01 1.195126081899054943e-03
6.074490401712690982e+03 7.895370547791886739e-01 1.429801334151923004e-03
6.080564892114405666e+03 7.892509828795838400e-01 1.776993499334768561e-03
6.086645457006521610e+03 7.902853293814917635e-01 1.838651827680652705e-03
6.092732102463530282e+03 7.924085290895996891e-01 1.726604285425849044e-03
6.098824834565995843e+03 7.955468799722472673e-01 1.653791046096382946e-03
6.104923659400564247e+03 8.000249081645823823e-01 1.798406727011562503e-03
6.111028583059966877e+03 8.049113579901951976e-01 1.830362756935939150e-03
6.117139611643028729e+03 8.108157324415534717e-01 1.877006078383259375e-03
6.123256751254673873e+03 8.177270526434995412e-01 1.550985578172946319e-03
6.129380008005929994e+03 8.236169650278046817e-01 1.525357656838325455e-03
6.135509388013938405e+03 8.291521875314070700e-01 1.587117457445343625e-03
6.141644897401954040e+03 8.344618521860238669e-01 1.631444491690084387e-03
6.147786542299358189e+03 8.391384848416056919e-01 1.616067279319888727e-03
6.153934328841659408e+03 8.427684660984388065e-01 1.407202909365592785e-03
6.160088263170503524e+03 8.459807383201172204e-01 1.210602002478243164e-03
6.166248351433675452e+03 8.495972668784166348e-01 1.449677346625875699e-03
6.172414599785111022e+03 8.524334638229735805e-01 1.522025461718197513e-03
6.178587014384898794e+03 8.545352080706113407e-01 1.127054953710462113e-03
6.184765601399285515e+03 8.548693274526103503e-01 1.530385822398507793e-03
6.190950367000687038e+03 8.539431314123013816e-01 1.787451877313392086e-03
6.197141317367689226e+03 8.526138608446817146e-01 1.629990615836389694e-03
6.203338458685059777e+03 8.510248729224118014e-01 1.615022757570363241e-03
6.209541797143746408e+03 8.489340613022089421e-01 1.719204481730728443e-03
6.215751338940892310e+03 8.459715710682935708e-01 1.784324556731278809e-03
6.221967090279835247e+03 8.425090945042543744e-01 1.836523805097997229e-03
6.228189057370116643e+03 8.380427086456161412e-01 1.930140291021830877e-03
6.234417246427488863e+03 8.325486982941314729e-01 1.713315294518442163e-03
6.240651663673918847e+03 8.258394452778922146e-01 1.763765875456253318e-03
6.246892315337594482e+03 8.180513222009364593e-01 1.961500137834554236e-03
6.253139207652934601e+03 8.100226457131699531e-01 2.126985125340663269e-03
6.259392346860589896e+03 8.023112338814170075e-01 2.078635337246583642e-03
6.265651739207452010e+03 7.958787018748646469e-01 1.761725975240135186e-03
6.271917390946661726e+03 7.908785541918751383e-01 1.280478738725111939e-03
6.278189308337610782e+03 7.886919716623453924e-01 1.294249183557670069e-03
6.284467497645950061e+03 7.894656309771713731e-01 1.433539831311906850e-03
6.290751965143597772e+03 7.924123421341422446e-01 1.136740520961092857e-03
6.297042717108744000e+03 7.963787873010227392e-01 7.938998237336611797e-04
6.303339759825854344e+03 8.007051195450874959e-01 7.933798303948394600e-04
6.309643099585682648e+03 8.059745832249779474e-01 8.073936884561199118e-04
6.315952742685270096e+03 8.117445732227032140e-01 7.269050681563811673e-04
6.322268695427957937e+03 8.174184730701162804e-01 7.239294421360297199e-04
6.328590964123387494e+03 8.229287455308739174e-01 7.953115483446854565e-04
6.334919555087512890e+03 8.276940544240484199e-01 8.585441656061284588e-04
6.341254474642602872e+03 8.320866985298850382e-01 9.835327259863212591e-04
6.347595729117247174e+03 8.357303670697830977e-01 7.259052283357319375e-04
6.353943324846366522e+03 8.371998663414117470e-01 1.377372683692280496e-03
6.360297268171215364e+03 8.381529573700441382e-01 1.504610272552400979e-03
6.366657565439388236e+03 8.392024679967077239e-01 1.499241487319078001e-03
6.373024223004829764e+03 8.393714863194712272e-01 1.454629722351513058e-03
6.379397247227837397e+03 8.388689420542171371e-01 1.409722221132573595e-03
6.385776644475066860e+03 8.385976889885166097e-01 1.405099229965870713e-03
6.392162421119543978e+03 8.379991021842582155e-01 1.405660141932051597e-03
6.398554583540665590e+03 8.375787255535162013e-01 1.448704656377210057e-03
6.404953138124208635e+03 8.372862078440954647e-01 1.447834807641067145e-03
6.411358091262334710e+03 8.363064436363230048e-01 1.345814434338563027e-03
6.417769449353599157e+03 8.345000848325743181e-01 1.338062632383793657e-03
6.424187218802954703e+03 8.321552138186827374e-01 1.484965960594376811e-03
6.430611406021760558e+03 8.296527983084561741e-01 1.600861026436244767e-03
6.437042017427784231e+03 8.269521973844277118e-01 1.474360254380836788e-03
6.443479059445214261e+03 8.244885647557148589e-01 1.192668650354123446e-03
6.449922538504661134e+03 8.231230897453795103e-01 1.186760405216056267e-03
6.456372461043168187e+03 8.224236314376296431e-01 1.185646412806657399e-03
6.462828833504213435e+03 8.230725208413212091e-01 1.099145066745765321e-03
6.469291662337719572e+03 8.240428770974737027e-01 1.044898125113935539e-03
6.475760954000059428e+03 8.242567059090468717e-01 8.804729497727129331e-04
6.482236714954061426e+03 8.258655154260119424e-01 1.025177296781230613e-03
6.488718951669017770e+03 8.278796099319573054e-01 9.615377758562313045e-04
6.495207670620688987e+03 8.287597549386206408e-01 9.261496892725635307e-04
6.501702878291312118e+03 8.279813238551202437e-01 9.469220250764795194e-04
6.508204581169605262e+03 8.267074909605145461e-01 9.720442286427321676e-04
6.514712785750777584e+03 8.241055336573785972e-01 9.863523561938942769e-04
6.521227498536530220e+03 8.201276368767251856e-01 1.001479404378262644e-03
6.527748726035069012e+03 8.153298940416560114e-01 1.078528754683506265e-03
6.534276474761106329e+03 8.094314268484195107e-01 1.413425235746197358e-03
6.540810751235869247e+03 8.032477329166682889e-01 1.563804058588053698e-03
6.547351561987107743e+03 7.971047505287525148e-01 1.350750193194884307e-03
6.553898913549096505e+03 7.924400892072837044e-01 1.299750110566087660e-03
6.560452812462647671e+03 7.886659496657372204e-01 1.432506434415854041e-03
6.567013265275112644e+03 7.858834418102156327e-01 1.573952673494184891e-03
6.573580278540390282e+03 7.835852990272084151e-01 1.486114574380263155e-03
6.580153858818932349e+03 7.816165906447686273e-01 1.436139304957740172e-03
6.586734012677753526e+03 7.803956005603710500e-01 1.305277938768904930e-03
6.593320746690433225e+03 7.789087652573760678e-01 1.395927225374206208e-03
6.599914067437126505e+03 7.773475987849350899e-01 1.391619582450531354e-03
6.606513981504565891e+03 7.767924813846914800e-01 1.391085024907204792e-03
6.613120495486072286e+03 7.764522387008208071e-01 1.383286889054468130e-03
6.619733615981560433e+03 7.761487587434361402e-01 1.434502207436856363e-03
6.626353349597544366e+03 7.754019459160703676e-01 1.475140322017857259e-03
6.632979702947143778e+03 7.753113078464126673e-01 1.645962506344936845e-03
6.639612682650093120e+03 7.745432289191037656e-01 1.450703386219057405e-03
6.646252295332745234e+03 7.724105664280085382e-01 1.256225665243008820e-03
6.652898547628080451e+03 7.692228941849084123e-01 1.336708570265335424e-03
6.659551446175711135e+03 7.647003647371317658e-01 1.526597983719053895e-03
6.666210997621888964e+03 7.591907358402500972e-01 1.575921157357027891e-03
6.672877208619513112e+03 7.537022524037144677e-01 1.120768557781649929e-03
6.679550085828134797e+03 7.497618684769968844e-01 1.247445706807831902e-03
6.686229635913964557e+03 7.458904747500191279e-01 1.316646354959191039e-03
6.692915865549881346e+03 7.428235241125535904e-01 1.453662969589566718e-03
6.699608781415433441e+03 7.397713904701507248e-01 1.447355228414426691e-03
6.706308390196851178e+03 7.372702234665712284e-01 1.369681170264001446e-03
6.713014698587049679e+03 7.353274906304835268e-01 1.364037658451503626e-03
6.719727713285638856e+03 7.335665849965242735e-01 1.472767144051844498e-03
6.726447440998927050e+03 7.322719043007225315e-01 1.514963897467474715e-03
6.733173888439928305e+03 7.315216993395873279e-01 1.459391385777198584e-03
6.739907062328370557e+03 7.314686986522077605e-01 1.348586583905461017e-03
6.746646969390701088e+03 7.323286264554224045e-01 1.691036471661547204e-03
6.753393616360093802e+03 7.333341570016738142e-01 1.991377387509693508e-03
6.760147009976456502e+03 7.346507561413881948e-01 1.880095843469810303e-03
6.766907156986434529e+03 7.350887723593242384e-01 1.539064427658139080e-03
6.773674064143423493e+03 7.338354771869823878e-01 1.659668667399392256e-03
6.780447738207569273e+03 7.319511896982525689e-01 1.714049613648917529e-03
6.787228185945778932e+03 7.284125194962275396e-01 2.046846979258479596e-03
6.794015414131727084e+03 7.239548070055045192e-01 1.719565423328897700e-03
6.800809429545861349e+03 7.196676555491764438e-01 1.355649080898097686e-03
6.807610238975408720e+03 7.159060909449523891e-01 1.463114858022488730e-03
6.814417849214386479e+03 7.118488979249786297e-01 1.555034520134052209e-03
6.821232267063603103e+03 7.080816996321971368e-01 1.527347441968302964e-03
6.828053499330669183e+03 7.039068661670271343e-01 1.404291536675894049e-03
6.834881552830001965e+03 6.991187578458781804e-01 1.200380509914371167e-03
6.841716434382834450e+03 6.936440559360851354e-01 1.065374268799215750e-03
6.848558150817219939e+03 6.869998143485417375e-01 1.337642308105055355e-03
6.855406708968039311e+03 6.795181643209998734e-01 1.693549365168671699e-03
6.862262115677009206e+03 6.722991653784499144e-01 1.394911814313887352e-03
6.869124377792688392e+03 6.664525580846094588e-01 1.191215349341686680e-03
6.875993502170483225e+03 6.618287886628071437e-01 1.339684524021206909e-03
6.882869495672656740e+03 6.581758567089162071e-01 1.471580353242919401e-03
6.889752365168331380e+03 6.554015031444268002e-01 1.396675289650340171e-03
6.896642117533501732e+03 6.533922628046751058e-01 1.285000339527353399e-03
6.903538759651037253e+03 6.518841272799712483e-01 1.281370469130194319e-03
6.910442298410691365e+03 6.514443187321173889e-01 1.240789634138195902e-03
6.917352740709104182e+03 6.508321159505539022e-01 1.338067582171311885e-03
6.924270093449815249e+03 6.518625206491011070e-01 1.303047592123787821e-03
6.931194363543267173e+03 6.537335732964204560e-01 1.280869983921560781e-03
6.938125557906812901e+03 6.565416345084738037e-01 1.294926946896362598e-03
6.945063683464722089e+03 6.599583754922485612e-01 1.338098066932868341e-03
6.952008747148189286e+03 6.639854845963607533e-01 1.375527679225162312e-03
6.958960755895339389e+03 6.686243665364015598e-01 1.346925634440522372e-03
6.965919716651237650e+03 6.735439203409950837e-01 1.159714439660472366e-03
6.972885636367890584e+03 6.780753300981504639e-01 8.969257319993698867e-04
6.979858522004260521e+03 6.814299043693952118e-01 1.039655287755973352e-03
6.986838380526267429e+03 6.839059709665102904e-01 8.386052442459271655e-04
6.993825218906796181e+03 6.863062903522360036e-01 6.982780793459322614e-04
7.000819044125705659e+03 6.889381296369347929e-01 1.173124456299270719e-03
7.007819863169833297e+03 6.905698557980697316e-01 1.283434986401337744e-03
7.014827683033005087e+03 6.909694189209618642e-01 1.248896874255006270e-03
7.021842510716041033e+03 6.903525485651870186e-01 1.475295906484256096e-03
7.028864353226758794e+03 6.895063096992812834e-01 1.707921635438584612e-03
7.035893217579988232e+03 6.889777401428756054e-01 1.737002498106686617e-03
7.042929110797570502e+03 6.885824418026283977e-01 1.704706756261348093e-03
7.049972039908370789e+03 6.877967168621520466e-01 1.483095734131343853e-03
7.057022011948281033e+03 6.884799245660422340e-01 1.511189934910817404e-03
7.064079033960231754e+03 6.895078204442006697e-01 1.529423708210045103e-03
7.071143112994193871e+03 6.912680042162016036e-01 1.559648164103259477e-03
7.078214256107190522e+03 6.931414817611409873e-01 1.491531601817288428e-03
7.085292470363300708e+03 6.956942886024238826e-01 1.466538042117420315e-03
7.092377762833665656e+03 6.983136056412698744e-01 1.299950708292447500e-03
7.099470140596501551e+03 7.009258969157555752e-01 1.158151228588439685e-03
7.106569610737100447e+03 7.030903328774683603e-01 1.080513384687583830e-03
7.113676180347840273e+03 7.045482847407688043e-01 1.048210510688949836e-03
7.120789856528190285e+03 7.051873736668951009e-01 1.076615625005563313e-03
7.127910646384721076e+03 7.055230376504630918e-01 9.085908366490135510e-04
7.135038557031108212e+03 7.058338943962395584e-01 9.415242086927017983e-04
7.142173595588141325e+03 7.056683514002762836e-01 9.993529236165049016e-04
7.149315769183732300e+03 7.051917938298268851e-01 8.233334784543088185e-04
7.156465084952918005e+03 7.031549814420270383e-01 8.338352731224747249e-04
7.163621550037873021e+03 7.001270263020616946e-01 1.007238975696092857e-03
7.170785171587913283e+03 6.972160496465734658e-01 9.845032831846285953e-04
7.177955956759504261e+03 6.934117856931556467e-01 9.413379979616534089e-04
7.185133912716265513e+03 6.892576229018382294e-01 8.791042254558076871e-04
7.192319046628984324e+03 6.851152913126432598e-01 8.550605763113409237e-04
7.199511365675615707e+03 6.804471609170386071e-01 8.521114143558791579e-04
7.206710877041294225e+03 6.755903384758004115e-01 8.410044803170295446e-04
7.213917587918337631e+03 6.699253953798690597e-01 8.427436387443431893e-04
7.221131505506257781e+03 6.636436177209368292e-01 8.366178667660874009e-04
7.228352637011767001e+03 6.570000011333819723e-01 8.518091030884499155e-04
7.235580989648780815e+03 6.499663228804479775e-01 8.412487396285406576e-04
7.242816570638432495e+03 6.420216307050995441e-01 7.771951571252890727e-04
7.250059387209073066e+03 6.334465514274877362e-01 7.667225638058141647e-04
7.257309446596284033e+03 6.243761179646289960e-01 7.628852721670751572e-04
7.264566756042882844e+03 6.147510295708997763e-01 7.517942276977439796e-04
7.271831322798928340e+03 6.048788811962246825e-01 7.472414277034449773e-04
7.279103154121729858e+03 5.944543091242201482e-01 7.411731145647262224e-04
7.286382257275853590e+03 5.838316083044514659e-01 7.517301951958045483e-04
7.293668639533132591e+03 5.729768180490710794e-01 7.589391685278203126e-04
7.300962308172667690e+03 5.620915456994710624e-01 7.396534127461664018e-04
7.308263270480842948e+03 5.509102853028063906e-01 7.401887237795417478e-04
7.315571533751325660e+03 5.395890619284788858e-01 7.031740735726400458e-04
7.322887105285079997e+03 5.282517317152346514e-01 5.644974295791931398e-04
7.330209992390367006e+03 5.174000383967025662e-01 5.072929018852165815e-04
7.337540202382760071e+03 5.072628499022516779e-01 5.670542975514198053e-04
7.344877742585144915e+03 4.975133945527964174e-01 6.366644817534514774e-04
7.352222620327733239e+03 4.883417445503701604e-01 7.029220187087324018e-04
7.359574842948062724e+03 4.795510044720434628e-01 7.947782618630734337e-04
7.366934417791013402e+03 4.711138829176603204e-01 8.482707674465708465e-04
7.374301352208806748e+03 4.632896101711215242e-01 1.080426397575550389e-03
7.381675653561018407e+03 4.561930128656587202e-01 1.371739272132163666e-03
7.389057329214581841e+03 4.499144395023600973e-01 1.750464594918640145e-03
7.396446386543798326e+03 4.440968182808048281e-01 2.280165394102086265e-03
7.403842832930345139e+03 4.390088904995449459e-01 2.419715494292073651e-03
7.411246675763277381e+03 4.355906462085685771e-01 3.245883560999771565e-03
7.418657922439043432e+03 4.333143167014522623e-01 4.529295985004433076e-03
