# starting wavelength: 3641.570
# ending wavelength: 7164.280
# wav flux eflux
3.644989303945070333e+03 2.313475944645506654e-01 3.713855851823164717e-02
3.648634293249016537e+03 2.163194601535399775e-01 3.057258150990723941e-02
3.652282927542266862e+03 2.116062271926691940e-01 2.348096910711022084e-02
3.655935210469810499e+03 2.202169556522331484e-01 1.829583619351576873e-02
3.659591145680281443e+03 2.359288217458161696e-01 1.493617583344018264e-02
3.663250736825963031e+03 2.571096152312435934e-01 1.462796315102869033e-02
3.666913987562790226e+03 2.755427669064916540e-01 1.171197728349812964e-02
3.670580901550354156e+03 2.957293101015096570e-01 9.910800846366913178e-03
3.674251482451905758e+03 3.158612709818665043e-01 8.469595209384462794e-03
3.677925733934358959e+03 3.368948192015986942e-01 7.446165064425102655e-03
3.681603659668294313e+03 3.572969682207033926e-01 6.590846022074573970e-03
3.685285263327964003e+03 3.741443018950422750e-01 6.696960802443720044e-03
3.688970548591293209e+03 3.892578938526092269e-01 6.720931753925068509e-03
3.692659519139885560e+03 4.023908795463559396e-01 6.936569913187721689e-03
3.696352178659026777e+03 4.173062536354599228e-01 6.567644330453059967e-03
3.700048530837686940e+03 4.314481605873793368e-01 6.281170080632117285e-03
3.703748579368525952e+03 4.451742977906174015e-01 6.263246915544418147e-03
3.707452327947895355e+03 4.587772209650896604e-01 6.285950912030526840e-03
3.711159780275844696e+03 4.701619045110364548e-01 6.250804082942353936e-03
3.714870940056121526e+03 4.808210477689472406e-01 6.501548644859191442e-03
3.718585810996179134e+03 4.892429183947692439e-01 7.209701595764822675e-03
3.722304396807176545e+03 4.950137998321672561e-01 7.508696255538700910e-03
3.726026701203984885e+03 4.976224469335064904e-01 7.590906948213591542e-03
3.729752727905190113e+03 4.987782926954532625e-01 7.504167632919931698e-03
3.733482480633096657e+03 4.960104660826031298e-01 7.401010298910569440e-03
3.737215963113731050e+03 4.928223036254318901e-01 7.282707373673516851e-03
3.740953179076846027e+03 4.844969428788173937e-01 8.030830300443034253e-03
3.744694132255923705e+03 4.759078302470497457e-01 8.516659737483412221e-03
3.748438826388181042e+03 4.664587298198386578e-01 9.034818845864133960e-03
3.752187265214570289e+03 4.556677042651032794e-01 9.543402066697726643e-03
3.755939452479786269e+03 4.432766060652137408e-01 9.326494387921458254e-03
3.759695391932267285e+03 4.313491548749125437e-01 8.758697415596542607e-03
3.763455087324201031e+03 4.211186607915795022e-01 8.243484242591622713e-03
3.767218542411526414e+03 4.135486932557352335e-01 8.117741778836451427e-03
3.770985760953939007e+03 4.059052060474853674e-01 7.833055519834115216e-03
3.774756746714894234e+03 4.003927832903604322e-01 8.007425608129010997e-03
3.778531503461610555e+03 3.986690530158127355e-01 7.995787460469973643e-03
3.782310034965073100e+03 3.986394347104285085e-01 8.069785459001442215e-03
3.786092345000039586e+03 4.001960267086375200e-01 8.352490723586127389e-03
3.789878437345040766e+03 4.065521425031275449e-01 8.267128598345083873e-03
3.793668315782387253e+03 4.206457109101332525e-01 8.187948178833925547e-03
3.797461984098170888e+03 4.395931167886111268e-01 8.074642541367547943e-03
3.801259446082270188e+03 4.625745520114748488e-01 7.379215849834541881e-03
3.805060705528353537e+03 4.844534350838440862e-01 7.219038963713410827e-03
3.808865766233883278e+03 5.035975138618686842e-01 7.492514300566442860e-03
3.812674632000118436e+03 5.241647267288932488e-01 7.746767570953021730e-03
3.816487306632119726e+03 5.425803837708678135e-01 7.872381764885154690e-03
3.820303793938753188e+03 5.608706560388079243e-01 7.966877263763052011e-03
3.824124097732693372e+03 5.765925685066326523e-01 8.258099067958666120e-03
3.827948221830427428e+03 5.908776446074237576e-01 8.380492941017064421e-03
3.831776170052258749e+03 6.053155007369708240e-01 8.032201558671349731e-03
3.835607946222312421e+03 6.145815343443240542e-01 7.585790369523881353e-03
3.839443554168536139e+03 6.191138489027275815e-01 8.459090214691279350e-03
3.843282997722705659e+03 6.204549501976600601e-01 1.025825457053201710e-02
3.847126280720429804e+03 6.261963238631388373e-01 1.068338041443167227e-02
3.850973407001151372e+03 6.237551698823270430e-01 1.178716361054629388e-02
3.854824380408153957e+03 6.202525597807494462e-01 1.080436510969519717e-02
3.858679204788563311e+03 6.183297022145683997e-01 8.567927750024394509e-03
3.862537883993353262e+03 6.263101797091052969e-01 8.939631102731784851e-03
3.866400421877347981e+03 6.374196397842716300e-01 1.008388354423225310e-02
3.870266822299226533e+03 6.518619311912970948e-01 1.098964969182523489e-02
3.874137089121526969e+03 6.702472483797667913e-01 1.112087923883950391e-02
3.878011226210649966e+03 6.892724882359071437e-01 9.723750432311439873e-03
3.881889237436861549e+03 7.076214965137941348e-01 9.282526299632632219e-03
3.885771126674299921e+03 7.231752924711786212e-01 9.568883019011594632e-03
3.889656897800975457e+03 7.372399562497905512e-01 1.045376730853269688e-02
3.893546554698777527e+03 7.511378921164370004e-01 1.107320545864865814e-02
3.897440101253477678e+03 7.664793879963341938e-01 1.110423178354947790e-02
3.901337541354732366e+03 7.820173683552271715e-01 1.106026236195960244e-02
3.905238878896088409e+03 7.968117886574559439e-01 1.104359421211708811e-02
3.909144117774985716e+03 8.116109263329446266e-01 1.181007209146990936e-02
3.913053261892762293e+03 8.220949586914673146e-01 1.195262296040321484e-02
3.916966315154656058e+03 8.280964342343787310e-01 1.250221743164716716e-02
3.920883281469812118e+03 8.358424847037091432e-01 1.298001065800596758e-02
3.924804164751283224e+03 8.410051797935055307e-01 1.276617752218851820e-02
3.928728968916035683e+03 8.542096856178906794e-01 9.423784577417606070e-03
3.932657697884953450e+03 8.507888786150099580e-01 1.151610251044964638e-02
3.936590355582839493e+03 8.410872156431051794e-01 1.544547267802615781e-02
3.940526945938423523e+03 8.308854548233900461e-01 1.598028249090040209e-02
3.944467472884363360e+03 8.255773544112520179e-01 1.369466078554412714e-02
3.948411940357249023e+03 8.239622542909674774e-01 1.145979273155217464e-02
3.952360352297607733e+03 8.248275290392104164e-01 1.129313958303053422e-02
3.956312712649906643e+03 8.371760004954920120e-01 1.400931429030016252e-02
3.960269025362557841e+03 8.594946252897056604e-01 1.664828194694473532e-02
3.964229294387921527e+03 8.811742932048636234e-01 1.480593306555002923e-02
3.968193523682310570e+03 8.922795198792121685e-01 1.270357489901260614e-02
3.972161717205994591e+03 8.921584022072392983e-01 1.460667746026896724e-02
3.976133878923201792e+03 8.876185368611788640e-01 1.667360274291079109e-02
3.980110012802126221e+03 8.814957201263341480e-01 1.752282100294888165e-02
3.984090122814929600e+03 8.746761571737701191e-01 1.666524372742567150e-02
3.988074212937745870e+03 8.650944531854261044e-01 1.616734728417550462e-02
3.992062287150684824e+03 8.567508952424610635e-01 1.479338675245542301e-02
3.996054349437837118e+03 8.562000839501590077e-01 1.597683706060860215e-02
4.000050403787276082e+03 8.564345236074343282e-01 1.751037759573438601e-02
4.004050454191064546e+03 8.596705318339500357e-01 1.672270978428030616e-02
4.008054504645257111e+03 8.659562323081521074e-01 1.511327192812983271e-02
4.012062559149903791e+03 8.745449144842659672e-01 1.215461944899658489e-02
4.016074621709055009e+03 8.762939930605636585e-01 1.318300241918781562e-02
4.020090696330765240e+03 8.725500836609886290e-01 1.434865715903417722e-02
4.024110787027097558e+03 8.733625768255077748e-01 1.285077779207028162e-02
4.028134897814125907e+03 8.841048077397339888e-01 1.193829577076724845e-02
4.032163032711941469e+03 8.968195288966176459e-01 1.063410098991895980e-02
4.036195195744654484e+03 9.198276640038960394e-01 1.193619607450097098e-02
4.040231390940400615e+03 9.505542448235289044e-01 1.195739500481353586e-02
4.044271622331342314e+03 9.806581165987557913e-01 8.612221279336891924e-03
4.048315893953675186e+03 1.004253862205272352e+00 7.181166085907461812e-03
4.052364209847629809e+03 1.019278825789630805e+00 7.576949219221355836e-03
4.056416574057479011e+03 1.028149899694988489e+00 7.531639823280520708e-03
4.060472990631537868e+03 1.028924255031595347e+00 7.488048396413332468e-03
4.064533463622170530e+03 1.021504222965273989e+00 7.999747500457378424e-03
4.068597997085794304e+03 1.001285047341497592e+00 7.734522001296343860e-03
4.072666595082881486e+03 9.758867776178574704e-01 7.588092412774848430e-03
4.076739261677965715e+03 9.425656556039785361e-01 7.318968947502092759e-03
4.080816000939644709e+03 8.994249801239210251e-01 8.409377840004119212e-03
4.084896816940585722e+03 8.558044819098528100e-01 9.900816683956429470e-03
4.088981713757527814e+03 8.124965112368884856e-01 1.073035445861981498e-02
4.093070695471286854e+03 7.735090815961770394e-01 1.059791734975899964e-02
4.097163766166759160e+03 7.389305343665022452e-01 7.891903477472480416e-03
4.101260929932927866e+03 7.163497711848700877e-01 7.738938653763559675e-03
4.105362190862862008e+03 7.066280650814151798e-01 8.791349246212191645e-03
4.109467553053726078e+03 7.011353992289318660e-01 8.762559562302006666e-03
4.113577020606780934e+03 7.086617814261874093e-01 7.969445516194668955e-03
4.117690597627389252e+03 7.241840205204311820e-01 5.889773066122548466e-03
4.121808288225018259e+03 7.424356056281047334e-01 5.253885791645638605e-03
4.125930096513244280e+03 7.640953948395031725e-01 5.636823109184427132e-03
4.130056026609759101e+03 7.811348644879380076e-01 5.501487967295925000e-03
4.134186082636369974e+03 7.981237310541559049e-01 5.490568127985762971e-03
4.138320268719007800e+03 8.149871395754767489e-01 5.399244779466144499e-03
4.142458588987728035e+03 8.319194357360203407e-01 5.413716863427666878e-03
4.146601047576717065e+03 8.474077312116468086e-01 5.332382778749940495e-03
4.150747648624294925e+03 8.641699733894609992e-01 5.172629689665006296e-03
4.154898396272920763e+03 8.790700165043812131e-01 5.103367042133505165e-03
4.159053294669195566e+03 8.907296625044522909e-01 5.081061530758160076e-03
4.163212347963865795e+03 8.999268838303512430e-01 5.001342583615791745e-03
4.167375560311830668e+03 9.053120450604125180e-01 4.877937030755507240e-03
4.171542935872143971e+03 9.086769974446071707e-01 5.668751105608667296e-03
4.175714478808017702e+03 9.081796178012783161e-01 5.751633979161692618e-03
4.179890193286827525e+03 9.051843463974309500e-01 4.663458155289493604e-03
4.184070083480115500e+03 8.932260647151967214e-01 3.934238787991433881e-03
4.188254153563597356e+03 8.721186984202031756e-01 5.140976668555339787e-03
4.192442407717161586e+03 8.487255725118466598e-01 5.519531401753749456e-03
4.196634850124880359e+03 8.218089830301043008e-01 5.190425050185716073e-03
4.200831484975006788e+03 7.961502908133336609e-01 4.766127664604924256e-03
4.205032316459983122e+03 7.769822881795898084e-01 4.714180262737761341e-03
4.209237348776444378e+03 7.593257695226512949e-01 3.792229967069742688e-03
4.213446586125221984e+03 7.486243407000799932e-01 3.823627351921039634e-03
4.217660032711349231e+03 7.449757402025036779e-01 4.814039988900661003e-03
4.221877692744061278e+03 7.454606882104886090e-01 4.999878678787928778e-03
4.226099570436806971e+03 7.502347253923595805e-01 4.622282554582856327e-03
4.230325670007245208e+03 7.553212301116060123e-01 4.565423534933872249e-03
4.234555995677254032e+03 7.635607565062251245e-01 4.452836502713230366e-03
4.238790551672932452e+03 7.713656211298454135e-01 4.958860417385365683e-03
4.243029342224606808e+03 7.818687051367084750e-01 4.817426141974818707e-03
4.247272371566832589e+03 7.932030673704166812e-01 5.381393980692836775e-03
4.251519643938400804e+03 8.038036067842088128e-01 5.462407857024354982e-03
4.255771163582340705e+03 8.130068046931838710e-01 5.491395016702840109e-03
4.260026934745924336e+03 8.239552828759637570e-01 5.590426189163911867e-03
4.264286961680671993e+03 8.276567968690196064e-01 5.481518150423336441e-03
4.268551248642354039e+03 8.277108010416527328e-01 5.597367687309775727e-03
4.272819799890998183e+03 8.257530714327961929e-01 5.758951240047813225e-03
4.277092619690890388e+03 8.196320287270734140e-01 6.488974698792450771e-03
4.281369712310583054e+03 8.124015131817305946e-01 6.310198465437746006e-03
4.285651082022895025e+03 8.063443662262383960e-01 5.854657034126932273e-03
4.289936733104918858e+03 8.010702542767511591e-01 5.194885502791320511e-03
4.294226669838025373e+03 7.985509883451095137e-01 5.393245343094658223e-03
4.298520896507864563e+03 7.987151828893350736e-01 5.279013237734392870e-03
4.302819417404373780e+03 8.008732606855417657e-01 5.210451452656399834e-03
4.307122236821779552e+03 8.076447137624627182e-01 4.693249155936283015e-03
4.311429359058603040e+03 8.118022067664029118e-01 5.591281627942474089e-03
4.315740788417662770e+03 8.225719869796622730e-01 5.666713935412339906e-03
4.320056529206081905e+03 8.323021012054373502e-01 5.481836134362903963e-03
4.324376585735290064e+03 8.447867066888747889e-01 6.242712770028093459e-03
4.328700962321026054e+03 8.568598957770581226e-01 6.478372018102625772e-03
4.333029663283348782e+03 8.626797741358301908e-01 6.445610507844013425e-03
4.337362692946633615e+03 8.675956277364285096e-01 6.411668931554324706e-03
4.341700055639581478e+03 8.709647135860116851e-01 5.163796391999811095e-03
4.346041755695222491e+03 8.669628543651344277e-01 5.844262383149199241e-03
4.350387797450919606e+03 8.596233704833362577e-01 6.423878613096172842e-03
4.354738185248371337e+03 8.499857132413548566e-01 6.431294066028281527e-03
4.359092923433621763e+03 8.374345326214585050e-01 5.401001985932765009e-03
4.363452016357056891e+03 8.262552563054720300e-01 5.153546647191429089e-03
4.367815468373414660e+03 8.143973234695387475e-01 4.976930615951277899e-03
4.372183283841789489e+03 8.064129873741784360e-01 5.133647807934946239e-03
4.376555467125633186e+03 7.987961562447439823e-01 4.764393676557602056e-03
4.380932022592760404e+03 7.928758633475812001e-01 4.463400769791459055e-03
4.385312954615354101e+03 7.855929349785174542e-01 4.849009833723143086e-03
4.389698267569970994e+03 7.812950265215228285e-01 4.790124101123316956e-03
4.394087965837542470e+03 7.735561386191183164e-01 4.083540782291412291e-03
4.398482053803381859e+03 7.726687661497604331e-01 4.122311331007232939e-03
4.402880535857186260e+03 7.737927063471523592e-01 4.655110254338316531e-03
4.407283416393044718e+03 7.767796731870888483e-01 4.775502230580725566e-03
4.411690699809440048e+03 7.818420364028267899e-01 5.153200506072619716e-03
4.416102390509250654e+03 7.850092922624268832e-01 5.082834496018475041e-03
4.420518492899761441e+03 7.899541384233488284e-01 4.585109661233362742e-03
4.424939011392662906e+03 7.946721038180393215e-01 4.845045221199184050e-03
4.429363950404056595e+03 7.987726849527932993e-01 4.937261274344944412e-03
4.433793314354462382e+03 8.045701450120076315e-01 4.687132510457373523e-03
4.438227107668818462e+03 8.110396567059264816e-01 4.543187462553132695e-03
4.442665334776488635e+03 8.215588588087791022e-01 4.122896333228533335e-03
4.447108000111265937e+03 8.384607434062621989e-01 5.531889237467537725e-03
4.451555108111379013e+03 8.531991446848112837e-01 5.494027503147159638e-03
4.456006663219492111e+03 8.720939464627073257e-01 5.200182690207093110e-03
4.460462669882713271e+03 8.906371217671698037e-01 5.127753437427685738e-03
4.464923132552597053e+03 9.122637565726459119e-01 4.489576954870115599e-03
4.469388055685150903e+03 9.295299274656818600e-01 5.855355265417867827e-03
4.473857443740837880e+03 9.499012315238524184e-01 5.910617932665611363e-03
4.478331301184580298e+03 9.685805330390525603e-01 4.887190363017656324e-03
4.482809632485766087e+03 9.897900337443057417e-01 5.430451260762018950e-03
4.487292442118253348e+03 1.011417784817736587e+00 7.276645378023746842e-03
4.491779734560373072e+03 1.027937342489721129e+00 7.732534372239254286e-03
4.496271514294934605e+03 1.040642875981641957e+00 6.705228415793760242e-03
4.500767785809231100e+03 1.045867805329898648e+00 6.455655435880931423e-03
4.505268553595042249e+03 1.045209325915327891e+00 6.786290504785855854e-03
4.509773822148638828e+03 1.039332650953946668e+00 7.578277062453315539e-03
4.514283595970789065e+03 1.030781703079613143e+00 7.818886637255797328e-03
4.518797879566761367e+03 1.020126455353864481e+00 7.498247521832224552e-03
4.523316677446328868e+03 1.007144391334189537e+00 5.615536846738495257e-03
4.527839994123776705e+03 9.991003560847029341e-01 5.007086423103122852e-03
4.532367834117902021e+03 9.968775078523836042e-01 5.227863839584942496e-03
4.536900201952022144e+03 9.963088660228737181e-01 5.336565589236188199e-03
4.541437102153975502e+03 1.001120747435453540e+00 4.879068322156343562e-03
4.545978539256130716e+03 1.008767142281100648e+00 4.306276321219026579e-03
4.550524517795388419e+03 1.020425684260641397e+00 3.180568304970808093e-03
4.555075042313184895e+03 1.029568565340856612e+00 2.901289197906351935e-03
4.559630117355500261e+03 1.041753602642803367e+00 2.868710443069020285e-03
4.564189747472856652e+03 1.053590849780862371e+00 2.321118160202923029e-03
4.568753937220330954e+03 1.067429830894096821e+00 2.241827068367549525e-03
4.573322691157552981e+03 1.084547437745342124e+00 2.011758983504232691e-03
4.577896013848711846e+03 1.100468170698526205e+00 1.835103614811483229e-03
4.582473909862562323e+03 1.115253818562103705e+00 1.879688495662927387e-03
4.587056383772426670e+03 1.129353367697160104e+00 1.864627979874302786e-03
4.591643440156200086e+03 1.141811408543649264e+00 1.863323901159786179e-03
4.596235083596357981e+03 1.151887692366274418e+00 1.776640233262426205e-03
4.600831318679955984e+03 1.160374914532038115e+00 1.946133605120940833e-03
4.605432149998637215e+03 1.164845956483153699e+00 1.946081243539262871e-03
4.610037582148637739e+03 1.165979665610074933e+00 1.894965919194253889e-03
4.614647619730787483e+03 1.165413470189867073e+00 2.113367172005012774e-03
4.619262267350520233e+03 1.160027333899632307e+00 1.867591590784967431e-03
4.623881529617872729e+03 1.150148482694891339e+00 1.641773085679198779e-03
4.628505411147491941e+03 1.134565930718919535e+00 1.754270924375886430e-03
4.633133916558640522e+03 1.115206278703084086e+00 1.801654497212826439e-03
4.637767050475200449e+03 1.091758688982077619e+00 2.012582019189614914e-03
4.642404817525677572e+03 1.064734433970912830e+00 2.634490812182875823e-03
4.647047222343205249e+03 1.037143301765403480e+00 3.661166283743797108e-03
4.651694269565549803e+03 1.010650670538032703e+00 3.499397971108363439e-03
4.656345963835116891e+03 9.881046905464082597e-01 3.023397513677462695e-03
4.661002309798953320e+03 9.707249786423652882e-01 2.933222940420076967e-03
4.665663312108753416e+03 9.579085395654675095e-01 3.044837856585818226e-03
4.670328975420864481e+03 9.496780968278509816e-01 3.369747990792447412e-03
4.674999304396286789e+03 9.463128263261937345e-01 3.440778313492334328e-03
4.679674303700684504e+03 9.469737550749554034e-01 3.318981641881944659e-03
4.684353978004386590e+03 9.502490255209586900e-01 2.919095987191155234e-03
4.689038331982392265e+03 9.561544857125120478e-01 2.630001374129602599e-03
4.693727370314376458e+03 9.623022780993466530e-01 2.765182200407487190e-03
4.698421097684692540e+03 9.706635640304531742e-01 2.785776253458716479e-03
4.703119518782378691e+03 9.801577147121709466e-01 3.335115210729539328e-03
4.707822638301162442e+03 9.874985142016509121e-01 3.667732087243144937e-03
4.712530460939465229e+03 9.928524467244385088e-01 3.741133893192715321e-03
4.717242991400406027e+03 9.959194281916372571e-01 3.827625150117070114e-03
4.721960234391808626e+03 9.975147889656945654e-01 2.981792256822777491e-03
4.726682194626201635e+03 9.942553085009970815e-01 3.890911531261333038e-03
4.731408876820829391e+03 9.892303346183224377e-01 4.162927755910476001e-03
4.736140285697651962e+03 9.816224928735860500e-01 3.967501447135904705e-03
4.740876425983350600e+03 9.729542961993823402e-01 3.602239280901513990e-03
4.745617302409335934e+03 9.641879228729273166e-01 3.182777170761842082e-03
4.750362919711747054e+03 9.559767623852964968e-01 2.892813168162615932e-03
4.755113282631459697e+03 9.491273443825603007e-01 2.857567738141891887e-03
4.759868395914093526e+03 9.446779751624307941e-01 2.915330076692152460e-03
4.764628264310008490e+03 9.420572064763806930e-01 2.878182409730982178e-03
4.769392892574320285e+03 9.402195203977392612e-01 2.210178205407399999e-03
4.774162285466896719e+03 9.360614574281937994e-01 2.631337028254287017e-03
4.778936447752364984e+03 9.324747776657918985e-01 2.656405488832020139e-03
4.783715384200118933e+03 9.278163399140937351e-01 2.343079425199334157e-03
4.788499099584319993e+03 9.243446339184077098e-01 2.206867973130720046e-03
4.793287598683906253e+03 9.221311110015056878e-01 2.295179079454193714e-03
4.798080886282591564e+03 9.193284289434519030e-01 2.291498953407843445e-03
4.802878967168876443e+03 9.178238108369856096e-01 2.648726711590115510e-03
4.807681846136046261e+03 9.166239177900036283e-01 2.523075119677878776e-03
4.812489527982183972e+03 9.130294445622920696e-01 2.378200970499482880e-03
4.817302017510168298e+03 9.070085857368777038e-01 2.384264500233501411e-03
4.822119319527679181e+03 9.001128641737609071e-01 2.356876165769660088e-03
4.826941438847208701e+03 8.918880723271737088e-01 2.823169462520664502e-03
4.831768380286057436e+03 8.842197363197236148e-01 2.838265480967242568e-03
4.836600148666345376e+03 8.761083225672783303e-01 3.208945699596768477e-03
4.841436748815013743e+03 8.698926405326727895e-01 2.972440033457442350e-03
4.846278185563829538e+03 8.654852978441625044e-01 2.280088710624857563e-03
4.851124463749395545e+03 8.660145736497742996e-01 2.328160408305666746e-03
4.855975588213146693e+03 8.702170034232346030e-01 2.305775901401009315e-03
4.860831563801360971e+03 8.781821340373922036e-01 2.317606018741539403e-03
4.865692395365163975e+03 8.889828934180359354e-01 2.209009475224568090e-03
4.870558087760530725e+03 9.060827783434461935e-01 2.723025766461048720e-03
4.875428645848292945e+03 9.238935534335673827e-01 2.658632576795416300e-03
4.880304074494142696e+03 9.437260437393228951e-01 2.570441158999599643e-03
4.885184378568638749e+03 9.634128106758986787e-01 2.580909975826540387e-03
4.890069562947209306e+03 9.821313178882828954e-01 2.416018501841267138e-03
4.894959632510157462e+03 1.002520469300861583e+00 3.235686502701725937e-03
4.899854592142669389e+03 1.019298153889884873e+00 3.313932897872296814e-03
4.904754446734813428e+03 1.031874837703919079e+00 3.289396080841980232e-03
4.909659201181550088e+03 1.039710126894107356e+00 2.902616742580646503e-03
4.914568860382732964e+03 1.041086798758790399e+00 2.860737756899912020e-03
4.919483429243117826e+03 1.036266668480746667e+00 2.891264652111654766e-03
4.924402912672362618e+03 1.025955453537483075e+00 2.715999965520564732e-03
4.929327315585036558e+03 1.006463107450859873e+00 3.234761167336004054e-03
4.934256642900622865e+03 9.833108043618783434e-01 3.568880716645678533e-03
4.939190899543525120e+03 9.560847538526204836e-01 4.343102162654927448e-03
4.944130090443070912e+03 9.290038810058245389e-01 4.889697186722785811e-03
4.949074220533515472e+03 9.025268035218955154e-01 4.326470373830169740e-03
4.954023294754050767e+03 8.799666623541940735e-01 3.616234737394717191e-03
4.958977318048806410e+03 8.618756332942077991e-01 3.509140927976949192e-03
4.963936295366856939e+03 8.501800968206391085e-01 3.341985964163911044e-03
4.968900231662225451e+03 8.418896708635733583e-01 3.471589824270761640e-03
4.973869131893889062e+03 8.410018164486665615e-01 3.468167685601944873e-03
4.978843001025784361e+03 8.439332777705442767e-01 3.457303745989850734e-03
4.983821844026811959e+03 8.516589491584735105e-01 3.450917157844833084e-03
4.988805665870840130e+03 8.655928906770571363e-01 3.511681418005054185e-03
4.993794471536712990e+03 8.794390661618753935e-01 3.822845766973708998e-03
4.998788266008251412e+03 8.921076796282028099e-01 3.815730176130476339e-03
5.003787054274261209e+03 9.031480067183647042e-01 3.998796049406829964e-03
5.008790841328536771e+03 9.121096634370011724e-01 4.105619516001864089e-03
5.013799632169867436e+03 9.183903398591692913e-01 3.811456517392806075e-03
5.018813431802038394e+03 9.208038761145866946e-01 2.946596160508553174e-03
5.023832245233842514e+03 9.154789953035458172e-01 3.687388231728673787e-03
5.028856077479077612e+03 9.066362301843711169e-01 4.562020290978237996e-03
5.033884933556558281e+03 8.933917018276882338e-01 4.814080745871246805e-03
5.038918818490116792e+03 8.800327015337279235e-01 3.829604220095132565e-03
5.043957737308608557e+03 8.680409016831244218e-01 2.972049645654772747e-03
5.049001695045918495e+03 8.612034777480254144e-01 2.768250944551688044e-03
5.054050696740966487e+03 8.585454542074456574e-01 2.776158717935586773e-03
5.059104747437709193e+03 8.599651392065353894e-01 3.124254322483685509e-03
5.064163852185148244e+03 8.645158126832475087e-01 3.588441890651381146e-03
5.069228016037335692e+03 8.732598583808780512e-01 3.501875003204772598e-03
5.074297244053374015e+03 8.817393289948911583e-01 3.378201664900471000e-03
5.079371541297429758e+03 8.904414360635314329e-01 3.201029711609268240e-03
5.084450912838728073e+03 8.993733627159730126e-01 1.933505133930253899e-03
5.089535363751569093e+03 9.045273850295075801e-01 2.235524027711396130e-03
5.094624899115322478e+03 9.066909819061963471e-01 2.492200257414674183e-03
5.099719524014439230e+03 9.085450344382870469e-01 2.224341885223516356e-03
5.104819243538455339e+03 9.089979084698520673e-01 1.977892211950349824e-03
5.109924062781995417e+03 9.110824218305637601e-01 2.056537506626559490e-03
5.115033986844779065e+03 9.137315853711774905e-01 2.074786668455439777e-03
5.120149020831625421e+03 9.146909708102438641e-01 2.360093435632768747e-03
5.125269169852458617e+03 9.180666624090489947e-01 2.526490079653716508e-03
5.130394439022313236e+03 9.237552283491753391e-01 2.555672615173195088e-03
5.135524833461337039e+03 9.331162526459745310e-01 2.554293668978681493e-03
5.140660358294800062e+03 9.432786384235994914e-01 2.475447611470704776e-03
5.145801018653096435e+03 9.565007702428198755e-01 2.859736524936171229e-03
5.150946819671751655e+03 9.701664432573330332e-01 2.988190966478482691e-03
5.156097766491425318e+03 9.849021736553069672e-01 3.128312623237317069e-03
5.161253864257918394e+03 9.987261207317003064e-01 3.065081941930792794e-03
5.166415118122177773e+03 1.012683774604259623e+00 2.960334133517521921e-03
5.171581533240301724e+03 1.025741130099938836e+00 2.940415778240752266e-03
5.176753114773543530e+03 1.038550474526295897e+00 2.814608697032244117e-03
5.181929867888318768e+03 1.049189333009443947e+00 2.897700354766153102e-03
5.187111797756208944e+03 1.057044516940323753e+00 2.689489769280916081e-03
5.192298909553966951e+03 1.064325353073849678e+00 2.404609193357944499e-03
5.197491208463522526e+03 1.070939205802737826e+00 2.354067183464453317e-03
5.202688699671987706e+03 1.076549199835433290e+00 2.130836550089145777e-03
5.207891388371661378e+03 1.084947616136358928e+00 2.535085722816129723e-03
5.213099279760034733e+03 1.091264219737239749e+00 2.143115504532308851e-03
5.218312379039796724e+03 1.094169653824131672e+00 2.149637276021663674e-03
5.223530691418837705e+03 1.095888493517271023e+00 2.189458020133410159e-03
5.228754222110258524e+03 1.096420042868765821e+00 2.243586402968507625e-03
5.233982976332370527e+03 1.096586904736602586e+00 2.358071221424135749e-03
5.239216959308704645e+03 1.095571271700536142e+00 2.966701430792255574e-03
5.244456176268015042e+03 1.097905711711669730e+00 3.119514113623552288e-03
5.249700632444284565e+03 1.102503141702433576e+00 2.904404010295056661e-03
5.254950333076731113e+03 1.110611592351618659e+00 2.818364565631137700e-03
5.260205283409809454e+03 1.120697460830974324e+00 2.361504246869575944e-03
5.265465488693221232e+03 1.135751793104447627e+00 3.064806533736242917e-03
5.270730954181915877e+03 1.153571231270627884e+00 3.573718876131064433e-03
5.276001685136099695e+03 1.172333460379169301e+00 3.128055138568136377e-03
5.281277686821237694e+03 1.190820942514524194e+00 2.859710465493012742e-03
5.286558964508059944e+03 1.208678471725782355e+00 2.518849988394088451e-03
5.291845523472569766e+03 1.224670059663184984e+00 2.234414606691303637e-03
5.297137368996044643e+03 1.235114286591316501e+00 2.387038576791647611e-03
5.302434506365042580e+03 1.242626445788028944e+00 2.299195442246916576e-03
5.307736940871409388e+03 1.248469085093105724e+00 2.205707768919885122e-03
5.313044677812282316e+03 1.249714389818747051e+00 2.156541064145592150e-03
5.318357722490096421e+03 1.247215545552993410e+00 2.114672757738840590e-03
5.323676080212588204e+03 1.242510379624018668e+00 2.256818199268327378e-03
5.328999756292802886e+03 1.236895433973943303e+00 2.372755347793594535e-03
5.334328756049097137e+03 1.230284966542335878e+00 2.465474412025710476e-03
5.339663084805148173e+03 1.222163557272885503e+00 2.116127825761887887e-03
5.345002747889954662e+03 1.215516095975875288e+00 2.112876861284232379e-03
5.350347750637846730e+03 1.209349715427784799e+00 2.118408840979285786e-03
5.355698098388485960e+03 1.203873916808021249e+00 2.147691217770426441e-03
5.361053796486876308e+03 1.199151666521514503e+00 2.179796288121967161e-03
5.366414850283365013e+03 1.198068352968220340e+00 2.404170523890208303e-03
5.371781265133649867e+03 1.196015472020506287e+00 2.032537570237824033e-03
5.377153046398785591e+03 1.193041440566307676e+00 2.730743917692246732e-03
5.382530199445186554e+03 1.193003814221937020e+00 2.743809836599581109e-03
5.387912729644633146e+03 1.194834065991559946e+00 2.853549444044083550e-03
5.393300642374279960e+03 1.199367890648216139e+00 2.918594251912638368e-03
5.398693943016655794e+03 1.205076115569693407e+00 2.371016095229952492e-03
5.404092636959673655e+03 1.215884842066091931e+00 2.127392875511908282e-03
5.409496729596635305e+03 1.231261454949938328e+00 2.122088692166844513e-03
5.414906226326233991e+03 1.250964603828253141e+00 2.302681428515976174e-03
5.420321132552561721e+03 1.273478439367417892e+00 2.447826629544485287e-03
5.425741453685116539e+03 1.298229426865985303e+00 2.569779819000163161e-03
5.431167195138803436e+03 1.323948834737311397e+00 2.398896708850742614e-03
5.436598362333943442e+03 1.349525485934546687e+00 2.235739679842213383e-03
5.442034960696279086e+03 1.373710180783839441e+00 2.148064726381332997e-03
5.447476995656978033e+03 1.395168604558329140e+00 2.029827785629792665e-03
5.452924472652636723e+03 1.413453695692321155e+00 2.140261870870112642e-03
5.458377397125291282e+03 1.427364379342364931e+00 2.137746890171779435e-03
5.463835774522417523e+03 1.437634600867314649e+00 2.149023228095918361e-03
5.469299610296941864e+03 1.444908513944841211e+00 1.656631741192301534e-03
5.474768909907241323e+03 1.445786075853693564e+00 1.968448806694157900e-03
5.480243678817149885e+03 1.442849314493594770e+00 1.702713955185743665e-03
5.485723922495968509e+03 1.439614867601520354e+00 1.705511112029506164e-03
5.491209646418466946e+03 1.433506673904339168e+00 1.688470419405637031e-03
5.496700856064887375e+03 1.426287001371072449e+00 1.696712289565031418e-03
5.502197556920953502e+03 1.417893457306760974e+00 1.362328085708189133e-03
5.507699754477876013e+03 1.410252202691009149e+00 1.350743750186621760e-03
5.513207454232356213e+03 1.402992752497930873e+00 1.622006636464841606e-03
5.518720661686590574e+03 1.396599723577692576e+00 2.002940642677614614e-03
5.524239382348278923e+03 1.389414907956344036e+00 1.830263206437902088e-03
5.529763621730628984e+03 1.382115868512291401e+00 1.576545609253950184e-03
5.535293385352360929e+03 1.373837070053312015e+00 1.913499544635898593e-03
5.540828678737715563e+03 1.366198395306451152e+00 2.056163911427325280e-03
5.546369507416455235e+03 1.359336857012071187e+00 2.020765780066729415e-03
5.551915876923872929e+03 1.352864976982527834e+00 1.723244161341524420e-03
5.557467792800798634e+03 1.348572240610238060e+00 1.742944040898545795e-03
5.563025260593602070e+03 1.344197238234412284e+00 2.116195546090847857e-03
5.568588285854197238e+03 1.343661418615440306e+00 2.129322644078716908e-03
5.574156874140053333e+03 1.345011974214047612e+00 2.206950911339927626e-03
5.579731031014194741e+03 1.347173950442035251e+00 2.206189377353497301e-03
5.585310762045211050e+03 1.350998608669062850e+00 2.294839553220098978e-03
5.590896072807257951e+03 1.356465187165641462e+00 2.315770033228644210e-03
5.596486968880067252e+03 1.359075627211354664e+00 2.520972117121635971e-03
5.602083455848949598e+03 1.361014965676447419e+00 2.548241448405277453e-03
5.607685539304799931e+03 1.361631132585417125e+00 2.622531995822230660e-03
5.613293224844106589e+03 1.360174043717240266e+00 2.815160804778700423e-03
5.618906518068952209e+03 1.355953768556028338e+00 2.878371960489730947e-03
5.624525424587023736e+03 1.348076129765516606e+00 2.637667787941176938e-03
5.630149950011612418e+03 1.335691624307576264e+00 2.627714998051103746e-03
5.635780099961625638e+03 1.318102288302663405e+00 2.718394094617090483e-03
5.641415880061589633e+03 1.295623419931555276e+00 2.691466936962523624e-03
5.647057295941652228e+03 1.269844172865339127e+00 2.693499405470735353e-03
5.652704353237596479e+03 1.241572665066433601e+00 2.714379991089327197e-03
5.658357057590835211e+03 1.209866930383928230e+00 2.760324263252407050e-03
5.664015414648428305e+03 1.175980052051822211e+00 2.762248047211728584e-03
5.669679430063079053e+03 1.138536308776635586e+00 2.225343142401494962e-03
5.675349109493143260e+03 1.102356274319265195e+00 2.310546887117093887e-03
5.681024458602638333e+03 1.065169642161313934e+00 2.472241014154626278e-03
5.686705483061243285e+03 1.028745936334208411e+00 2.879541182977734745e-03
5.692392188544306009e+03 9.962102802923581413e-01 2.953434903689502577e-03
5.698084580732852373e+03 9.671331457797939235e-01 3.170084145568280616e-03
5.703782665313587131e+03 9.401998885740818768e-01 2.241379924967951132e-03
5.709486447978903016e+03 9.196541236999953295e-01 2.366105707332941208e-03
5.715195934426883468e+03 9.039392563112245149e-01 2.409403198664630819e-03
5.720911130361312644e+03 8.936687132591868421e-01 2.539390961602812011e-03
5.726632041491675409e+03 8.879968979913649418e-01 2.505941813412077088e-03
5.732358673533169167e+03 8.866090463472671157e-01 2.629079788926620958e-03
5.738091032206703858e+03 8.887838512676411451e-01 2.063394261298746608e-03
5.743829123238912871e+03 8.914504650015308007e-01 2.066291173492579292e-03
5.749572952362153046e+03 8.962442299478475816e-01 2.065179785700707940e-03
5.755322525314517407e+03 9.023766260899238612e-01 2.092566504677092782e-03
5.761077847839834249e+03 9.102273853466656961e-01 2.096472170230069890e-03
5.766838925687675328e+03 9.181737851661052607e-01 1.781764517209581721e-03
5.772605764613364954e+03 9.293291287056879568e-01 2.144864010388442942e-03
5.778378370377980900e+03 9.415394654370891070e-01 2.238676912805194919e-03
5.784156748748360769e+03 9.553474328971768292e-01 1.972943749840518676e-03
5.789940905497111089e+03 9.690898617133817394e-01 2.435707357941274340e-03
5.795730846402610041e+03 9.843390791027394338e-01 2.946578927757071299e-03
5.801526577249013826e+03 1.003663677102662133e+00 2.929642283661916102e-03
5.807328103826264851e+03 1.024859894852695463e+00 2.615296524832491296e-03
5.813135431930093546e+03 1.049891022345190716e+00 2.852383358243952300e-03
5.818948567362025642e+03 1.076946210377332402e+00 2.816422615846767528e-03
5.824767515929389447e+03 1.104743104022932965e+00 2.750198061296666666e-03
5.830592283445320390e+03 1.135455992784929036e+00 3.291189721476241951e-03
5.836422875728768304e+03 1.166574787696697424e+00 3.955677497125316064e-03
5.842259298604498326e+03 1.196896878856084978e+00 3.499957170413476020e-03
5.848101557903105459e+03 1.223069176548479575e+00 3.523590027001983604e-03
5.853949659461010015e+03 1.246015379131272471e+00 4.195561501038919984e-03
5.859803609120473084e+03 1.267148336921234408e+00 4.640929303151598677e-03
5.865663412729595620e+03 1.286976074914360169e+00 4.393698144334793818e-03
5.871529076142326630e+03 1.305111250057822359e+00 4.029629326794199190e-03
5.877400605218471355e+03 1.321827301404024269e+00 3.909491657278735960e-03
5.883278005823691274e+03 1.339095411291857829e+00 4.259019110728143841e-03
5.889161283829516833e+03 1.353767974286434361e+00 4.223213121259492865e-03
5.895050445113348360e+03 1.364580795319902506e+00 4.087086075955710662e-03
5.900945495558464245e+03 1.372162505783084407e+00 4.118751911536685899e-03
5.906846441054024581e+03 1.376412827451640508e+00 4.290592216737830131e-03
5.912753287495080258e+03 1.379674713907388384e+00 4.282541070364113793e-03
5.918666040782577511e+03 1.380028591227701273e+00 4.349606209372272776e-03
5.924584706823361557e+03 1.377930560900779478e+00 4.585122799712292550e-03
5.930509291530187511e+03 1.373691747691353271e+00 3.774248915405539143e-03
5.936439800821719473e+03 1.369217599231084881e+00 3.959995543699674700e-03
5.942376240622543264e+03 1.365983443868185043e+00 4.917762130074507590e-03
5.948318616863167335e+03 1.361575519031377191e+00 4.136076580650105937e-03
5.954266935480032771e+03 1.354206314899562003e+00 3.454316463232214984e-03
5.960221202415515108e+03 1.342272698661627350e+00 5.635511023452255061e-03
5.966181423617932523e+03 1.330865904044355341e+00 6.484207550534761520e-03
5.972147605041552197e+03 1.321576254209426482e+00 5.995060359355098602e-03
5.978119752646595771e+03 1.315546993533958542e+00 6.111889455564634317e-03
5.984097872399243897e+03 1.310017591208735510e+00 6.289333887620977837e-03
5.990081970271645332e+03 1.306080572438618859e+00 6.685794376893269310e-03
5.996072052241918755e+03 1.303597828191084940e+00 6.821026490199128683e-03
6.002068124294162772e+03 1.300559059575308707e+00 6.476294881578115691e-03
6.008070192418459555e+03 1.295504653143517260e+00 6.157409844722029277e-03
6.014078262610879392e+03 1.288897617986184629e+00 5.891847269998009597e-03
6.020092340873492503e+03 1.279607248479055936e+00 6.075936308796436869e-03
6.026112433214368139e+03 1.268256029788406014e+00 6.581464754248579803e-03
6.032138545647584579e+03 1.255180537192257084e+00 6.259872128413035940e-03
6.038170684193233683e+03 1.240562580951986016e+00 4.585692022526332082e-03
6.044208854877429076e+03 1.229713494459470313e+00 4.617940151942697205e-03
6.050253063732308874e+03 1.222068383986147477e+00 5.100605608101894603e-03
6.056303316796042964e+03 1.217256538152530876e+00 4.350552494496015034e-03
6.062359620112841185e+03 1.214361331628217133e+00 3.909228748132745693e-03
6.068421979732956061e+03 1.212781983658900442e+00 4.489218706732090065e-03
6.074490401712690982e+03 1.211253598050173741e+00 4.855556921781309723e-03
6.080564892114405666e+03 1.214802181585440399e+00 4.031908687432314044e-03
6.086645457006521610e+03 1.224354539855206037e+00 4.318912200733915005e-03
6.092732102463530282e+03 1.237987244521644437e+00 4.996007361525730585e-03
6.098824834565995843e+03 1.252701341352466136e+00 5.578796122145721938e-03
6.104923659400564247e+03 1.268766972200737309e+00 6.031344436695332788e-03
6.111028583059966877e+03 1.283803415223621069e+00 5.568893761592533069e-03
6.117139611643028729e+03 1.296023329715339623e+00 4.967041329795541735e-03
6.123256751254673873e+03 1.305039073648358583e+00 4.790778911770732576e-03
6.129380008005929994e+03 1.311047164241538443e+00 4.814988828813017430e-03
6.135509388013938405e+03 1.312168629115181062e+00 5.039567628267466702e-03
6.141644897401954040e+03 1.308801467517704431e+00 4.658121946510165694e-03
6.147786542299358189e+03 1.305930235258601302e+00 3.620379544685658948e-03
6.153934328841659408e+03 1.303467805133266655e+00 2.639555245992318121e-03
6.160088263170503524e+03 1.304521889096336373e+00 2.753190929829302507e-03
6.166248351433675452e+03 1.307614613716589824e+00 2.510290786173304499e-03
6.172414599785111022e+03 1.311980004671015942e+00 2.501311117549226849e-03
6.178587014384898794e+03 1.319173738552328556e+00 2.373743221603955445e-03
6.184765601399285515e+03 1.327098104526698963e+00 2.414636214774114678e-03
6.190950367000687038e+03 1.334990629873548995e+00 1.980464659102318652e-03
6.197141317367689226e+03 1.346011983240513965e+00 2.053945950210163754e-03
6.203338458685059777e+03 1.358795224367079335e+00 2.232358133867853259e-03
6.209541797143746408e+03 1.372314425692074513e+00 2.696717597836090913e-03
6.215751338940892310e+03 1.386225509581783699e+00 3.171748706489996121e-03
6.221967090279835247e+03 1.399077280703170612e+00 2.543282910856113199e-03
6.228189057370116643e+03 1.408852180949761834e+00 2.805794031746847682e-03
6.234417246427488863e+03 1.416971044675356728e+00 3.218203361633649451e-03
6.240651663673918847e+03 1.424431329662230183e+00 3.370300729346360769e-03
6.246892315337594482e+03 1.432313027318391718e+00 3.387329263440363395e-03
6.253139207652934601e+03 1.438967425942757172e+00 3.178503048817999613e-03
6.259392346860589896e+03 1.444796437476451034e+00 2.313649186613535476e-03
6.265651739207452010e+03 1.454097528418285767e+00 2.407244704147056425e-03
6.271917390946661726e+03 1.464192309603057796e+00 2.496184973149788867e-03
6.278189308337610782e+03 1.474988742002653730e+00 2.524546225802148155e-03
6.284467497645950061e+03 1.486249727642094287e+00 2.997637369908311925e-03
6.290751965143597772e+03 1.495310524030851074e+00 2.845549085192629162e-03
6.297042717108744000e+03 1.503794284014966953e+00 2.105078157231711402e-03
6.303339759825854344e+03 1.507417024882436118e+00 2.074107771786502710e-03
6.309643099585682648e+03 1.507653730470985831e+00 2.112208771465045459e-03
6.315952742685270096e+03 1.503882443076237641e+00 2.132874985081302001e-03
6.322268695427957937e+03 1.495884765524467364e+00 2.119974863469614983e-03
6.328590964123387494e+03 1.484919767801377688e+00 2.079845448305807712e-03
6.334919555087512890e+03 1.470876304183312389e+00 2.147786587263225081e-03
6.341254474642602872e+03 1.453309767562029897e+00 2.820245685935184824e-03
6.347595729117247174e+03 1.433950401515447171e+00 2.694487264720480096e-03
6.353943324846366522e+03 1.414956866507014022e+00 2.650250908327155940e-03
6.360297268171215364e+03 1.398418601161462771e+00 2.404423868438222527e-03
6.366657565439388236e+03 1.385440935740724022e+00 2.495095823946870059e-03
6.373024223004829764e+03 1.374741966030877505e+00 2.700189868786490206e-03
6.379397247227837397e+03 1.366372625160666709e+00 3.001366315936330586e-03
6.385776644475066860e+03 1.361179628652965157e+00 2.884511942066934637e-03
6.392162421119543978e+03 1.356968525869451936e+00 2.882679831636650574e-03
6.398554583540665590e+03 1.355727162430985011e+00 2.782684156503265754e-03
6.404953138124208635e+03 1.357267558522465611e+00 2.281577906335005654e-03
6.411358091262334710e+03 1.357690818909933039e+00 2.525151050484220321e-03
6.417769449353599157e+03 1.360425841622278087e+00 2.518463617423856698e-03
6.424187218802954703e+03 1.362184747608385926e+00 2.192219411923435491e-03
6.430611406021760558e+03 1.366677498145070224e+00 2.145105136076557589e-03
6.437042017427784231e+03 1.372219640750310443e+00 2.372582852573334230e-03
6.443479059445214261e+03 1.378663080780210715e+00 2.577751183674536605e-03
6.449922538504661134e+03 1.384658050052399059e+00 2.260135438637911505e-03
6.456372461043168187e+03 1.389839913579548947e+00 2.326565141934377936e-03
6.462828833504213435e+03 1.391875300712537067e+00 2.082295758776253267e-03
6.469291662337719572e+03 1.390878466557538662e+00 2.019893284304604200e-03
6.475760954000059428e+03 1.385670309873182848e+00 2.396350094970125730e-03
6.482236714954061426e+03 1.379241417071490394e+00 2.280839379627909620e-03
6.488718951669017770e+03 1.371356129894819142e+00 2.263889997465755657e-03
6.495207670620688987e+03 1.362113238670046744e+00 2.292512375543708566e-03
6.501702878291312118e+03 1.351558072700949742e+00 2.293351272803421676e-03
6.508204581169605262e+03 1.339645302197912891e+00 2.478763813156955546e-03
6.514712785750777584e+03 1.327013769221845108e+00 2.803564672440259434e-03
6.521227498536530220e+03 1.318280787039691315e+00 2.852827825152262110e-03
6.527748726035069012e+03 1.311880345110320034e+00 3.059433993919634387e-03
6.534276474761106329e+03 1.308494931113726167e+00 2.809408525232516118e-03
6.540810751235869247e+03 1.309656196722800425e+00 2.917901488915099466e-03
6.547351561987107743e+03 1.311883355945871799e+00 2.691673782763661076e-03
6.553898913549096505e+03 1.318405900819251020e+00 3.217641786022552419e-03
6.560452812462647671e+03 1.326466775531077946e+00 3.756810015643680979e-03
6.567013265275112644e+03 1.333977005624356504e+00 3.835324941169847551e-03
6.573580278540390282e+03 1.339553888531445969e+00 3.731658756638939548e-03
6.580153858818932349e+03 1.343318385373760471e+00 2.388997391553075462e-03
6.586734012677753526e+03 1.340060075167933240e+00 2.786242802899349842e-03
6.593320746690433225e+03 1.332107164125316157e+00 3.328785223855685194e-03
6.599914067437126505e+03 1.319896975084990043e+00 2.874346395507952189e-03
6.606513981504565891e+03 1.304469152880569416e+00 2.862776635237844567e-03
6.613120495486072286e+03 1.287209372647427408e+00 2.488996431221069099e-03
6.619733615981560433e+03 1.269837312806834095e+00 2.400241120738746698e-03
6.626353349597544366e+03 1.251686293687317875e+00 2.368281070770855180e-03
6.632979702947143778e+03 1.233502527429388484e+00 2.359948411534906147e-03
6.639612682650093120e+03 1.216211702357993252e+00 2.274003486186657909e-03
6.646252295332745234e+03 1.201313941594351675e+00 2.220687592631064283e-03
6.652898547628080451e+03 1.186424243559472957e+00 2.214880008628057270e-03
6.659551446175711135e+03 1.173970402754734632e+00 2.357527455047210736e-03
6.666210997621888964e+03 1.161146853374300791e+00 2.235685484514403701e-03
6.672877208619513112e+03 1.146936076965549889e+00 2.341072032082461719e-03
6.679550085828134797e+03 1.134961269800979444e+00 2.337875040958807635e-03
6.686229635913964557e+03 1.123669319097799102e+00 2.338715913603008241e-03
6.692915865549881346e+03 1.113116503286471159e+00 2.359687331095600658e-03
6.699608781415433441e+03 1.104568898714562541e+00 2.337288053041661640e-03
6.706308390196851178e+03 1.097098612042353150e+00 2.325775274719089902e-03
6.713014698587049679e+03 1.088665527237591135e+00 1.814207826513516020e-03
6.719727713285638856e+03 1.083280505695352280e+00 2.281900275383077787e-03
6.726447440998927050e+03 1.079131780253538064e+00 2.524486994137759791e-03
6.733173888439928305e+03 1.072869195858835001e+00 2.581957981367887737e-03
6.739907062328370557e+03 1.068030725986363949e+00 2.519111114996312479e-03
6.746646969390701088e+03 1.063376111556713521e+00 2.424559534897491927e-03
6.753393616360093802e+03 1.055670493858145154e+00 2.424617621821976293e-03
6.760147009976456502e+03 1.045865731315803959e+00 2.701783739833891768e-03
6.766907156986434529e+03 1.035520386329315645e+00 2.815565407327621627e-03
6.773674064143423493e+03 1.024746574312399350e+00 2.755276283586900136e-03
6.780447738207569273e+03 1.013926791867306498e+00 2.546287483635626282e-03
6.787228185945778932e+03 1.004455933640446386e+00 2.564615913627541800e-03
6.794015414131727084e+03 9.953642807253465508e-01 2.465896246197425701e-03
6.800809429545861349e+03 9.871289321708514031e-01 2.249187670294733495e-03
6.807610238975408720e+03 9.815958511945804821e-01 2.201088636683334876e-03
6.814417849214386479e+03 9.775226196529129830e-01 2.184746727390495056e-03
6.821232267063603103e+03 9.741862984451027385e-01 2.016144956188878172e-03
6.828053499330669183e+03 9.728074900909097211e-01 1.945727045646147629e-03
6.834881552830001965e+03 9.725588365119361978e-01 2.009070353929463815e-03
6.841716434382834450e+03 9.736584962604457605e-01 2.326800447794244355e-03
6.848558150817219939e+03 9.736349861323753130e-01 2.293498499004547036e-03
6.855406708968039311e+03 9.741131027155638389e-01 2.118166597491531831e-03
6.862262115677009206e+03 9.750058232171613382e-01 2.374601523468567160e-03
6.869124377792688392e+03 9.764497447183955181e-01 2.050687827805263829e-03
6.875993502170483225e+03 9.804930955063065889e-01 2.014362300930595557e-03
6.882869495672656740e+03 9.861389486829481577e-01 1.955015802167241537e-03
6.889752365168331380e+03 9.932654690045210621e-01 1.901035005513592759e-03
6.896642117533501732e+03 9.993702618408876193e-01 1.922566842997421119e-03
6.903538759651037253e+03 1.006965715777766723e+00 1.837220083966894504e-03
6.910442298410691365e+03 1.015949949954534581e+00 1.839514758985195215e-03
6.917352740709104182e+03 1.025605362589586012e+00 1.791091633326814250e-03
6.924270093449815249e+03 1.036746625978843150e+00 1.923049089132861707e-03
6.931194363543267173e+03 1.047588275764303134e+00 2.038145478228491417e-03
6.938125557906812901e+03 1.057080039770635915e+00 1.972058623326087418e-03
6.945063683464722089e+03 1.066111196117952575e+00 1.829278221034929663e-03
6.952008747148189286e+03 1.073108177127683138e+00 1.747725645112734819e-03
6.958960755895339389e+03 1.079332119708534155e+00 1.613160879402395940e-03
6.965919716651237650e+03 1.083679433682232629e+00 1.465658437141803983e-03
6.972885636367890584e+03 1.085615024202235324e+00 1.501266605425170516e-03
6.979858522004260521e+03 1.085245676773969992e+00 1.530357178291531697e-03
6.986838380526267429e+03 1.083678720955431274e+00 1.512265074566753213e-03
6.993825218906796181e+03 1.080276087682106256e+00 1.476239910268842574e-03
7.000819044125705659e+03 1.075032272540550338e+00 1.451339099187326596e-03
7.007819863169833297e+03 1.069138598407679330e+00 1.500098851212716255e-03
7.014827683033005087e+03 1.062342580629367150e+00 1.591608626419288618e-03
7.021842510716041033e+03 1.054750066230280447e+00 1.715172954070905663e-03
7.028864353226758794e+03 1.046211984967352793e+00 1.631106460010501484e-03
7.035893217579988232e+03 1.037664761488207965e+00 1.432506884682365183e-03
7.042929110797570502e+03 1.029639028096209108e+00 1.287517336721706249e-03
7.049972039908370789e+03 1.021706357514958086e+00 1.006740429557629810e-03
7.057022011948281033e+03 1.014952609289984098e+00 1.016618996987936818e-03
7.064079033960231754e+03 1.008510436539225008e+00 9.689542180377065488e-04
7.071143112994193871e+03 1.003530547037759568e+00 1.032620161243038822e-03
7.078214256107190522e+03 9.999546908419058022e-01 1.081252695747916305e-03
7.085292470363300708e+03 9.972937463089677212e-01 1.205555572669001277e-03
7.092377762833665656e+03 9.961340315964086756e-01 1.251921575305640607e-03
7.099470140596501551e+03 9.959350411027467764e-01 1.459413164643769655e-03
7.106569610737100447e+03 9.972015032349496044e-01 1.665537062421100544e-03
7.113676180347840273e+03 9.999787876303044554e-01 2.033259587352727587e-03
7.120789856528190285e+03 1.004214175543128640e+00 2.585612805951280260e-03
7.127910646384721076e+03 1.009825385759347327e+00 3.288327177095988225e-03
7.135038557031108212e+03 1.016867223759761130e+00 4.271936224747607293e-03
7.142173595588141325e+03 1.024759851511996667e+00 5.261788808514858244e-03
7.149315769183732300e+03 1.035057068848652229e+00 7.137665525758623772e-03
7.156465084952918005e+03 1.046843664763835502e+00 9.566570527520752709e-03
7.163621550037873021e+03 1.062535916196284180e+00 1.109900572915788891e-02
