# starting wavelength: 3464.040
# ending wavelength: 7345.560
# wav flux eflux
3.467307701768178049e+03 5.342317098835013267e-01 1.155087925438524205e-02
3.470775009469947236e+03 5.264920566299812199e-01 9.391732278341030637e-03
3.474245784479418489e+03 5.195866057779519043e-01 7.328306407224028513e-03
3.477720030263898934e+03 5.157119217593950644e-01 5.789239078354991609e-03
3.481197750294164052e+03 5.151749795071419724e-01 4.783805079278989104e-03
3.484678948044459503e+03 5.157714478052910501e-01 3.922729106796894044e-03
3.488163626992504760e+03 5.174845592576829967e-01 3.206261663648746381e-03
3.491651790619498570e+03 5.204003525335355596e-01 2.748633280067945290e-03
3.495143442410119405e+03 5.240773900740279823e-01 2.383929171402560457e-03
3.498638585852530468e+03 5.285389134148993362e-01 2.153782594048499113e-03
3.502137224438384237e+03 5.335388284185744734e-01 2.043846670676390063e-03
3.505639361662823831e+03 5.383952643304235064e-01 1.931170126264399826e-03
3.509145001024487556e+03 5.425763997968806596e-01 1.811484606738698487e-03
3.512654146025513455e+03 5.458605717880420372e-01 1.711383409696918666e-03
3.516166800171540217e+03 5.481898732954914033e-01 1.633834349534554970e-03
3.519682966971712631e+03 5.493506056634260837e-01 1.580729557991875046e-03
3.523202649938685681e+03 5.484857069563274790e-01 1.800365186391893841e-03
3.526725852588625457e+03 5.478437946536167669e-01 1.837229860845955402e-03
3.530252578441215064e+03 5.448112956629546089e-01 2.240143826040832519e-03
3.533782831019657806e+03 5.410064089937746123e-01 2.460880063137737151e-03
3.537316613850678550e+03 5.366186324711954558e-01 2.456829859527040038e-03
3.540853930464530094e+03 5.319734799078139620e-01 2.350405675089578279e-03
3.544394784394995895e+03 5.265972441663795411e-01 2.384427063625016441e-03
3.547939179179392340e+03 5.210206421899603590e-01 2.412061005425037222e-03
3.551487118358572843e+03 5.149668039906319938e-01 2.455989620464871757e-03
3.555038605476932389e+03 5.082008229273479172e-01 2.213235283071791730e-03
3.558593644082410719e+03 5.020880148000600451e-01 1.999980172335860586e-03
3.562152237726494150e+03 4.965674099263449048e-01 1.958986426597041346e-03
3.565714389964221937e+03 4.913831836204153869e-01 1.897605454184234618e-03
3.569280104354187188e+03 4.865096148503477158e-01 1.898822687890934849e-03
3.572849384458542772e+03 4.829786269056729475e-01 1.960271668295958045e-03
3.576422233843002232e+03 4.795821567613888226e-01 1.959320960974085535e-03
3.579998656076846601e+03 4.773161683109048981e-01 2.055237701676038142e-03
3.583578654732924406e+03 4.767293425616767610e-01 1.751171866314298444e-03
3.587162233387658489e+03 4.751911384998116494e-01 1.808885559069567644e-03
3.590749395621047370e+03 4.741951318815321725e-01 1.868781903944637807e-03
3.594340145016669794e+03 4.746187000226315122e-01 1.880464596024320487e-03
3.597934485161687462e+03 4.759938886271714575e-01 1.754575281684832332e-03
3.601532419646850485e+03 4.774722364209138536e-01 1.813576780498281360e-03
3.605133952066498296e+03 4.787233650929578199e-01 1.862381448506442898e-03
3.608739086018566013e+03 4.796758446953039434e-01 1.923344694539595549e-03
3.612347825104585809e+03 4.811863934281656596e-01 1.963660461620113980e-03
3.615960172929691907e+03 4.822574769555921237e-01 1.954561020650079362e-03
3.619576133102622407e+03 4.839242762610400095e-01 1.949141796599966267e-03
3.623195709235726554e+03 4.856301285959332970e-01 1.963072267080397462e-03
3.626818904944963379e+03 4.868470528820131871e-01 2.036846700750074429e-03
3.630445723849909427e+03 4.880621221617342798e-01 2.205214819343334978e-03
3.634076169573760581e+03 4.891883664578430269e-01 2.525119376514077443e-03
3.637710245743335690e+03 4.905214633270809088e-01 2.678643717640847004e-03
3.641347955989080219e+03 4.920338540893879342e-01 2.402590331114624021e-03
3.644989303945070333e+03 4.941739275751884652e-01 2.147999070942786630e-03
3.648634293249016537e+03 4.966374963936143194e-01 2.138260312331228923e-03
3.652282927542266862e+03 5.002588799790218532e-01 2.230095146128567227e-03
3.655935210469810499e+03 5.041652530956128864e-01 2.293989713375416215e-03
3.659591145680281443e+03 5.078257716969041269e-01 2.559491907575343981e-03
3.663250736825963031e+03 5.117520226420269047e-01 2.906410749058673058e-03
3.666913987562790226e+03 5.156011380053796556e-01 3.293674970655458261e-03
3.670580901550354156e+03 5.185062247927489931e-01 3.258289982720853194e-03
3.674251482451905758e+03 5.202300871440539431e-01 3.210726618904578313e-03
3.677925733934358959e+03 5.205916809627209041e-01 2.905609326367675476e-03
3.681603659668294313e+03 5.183637138166951042e-01 2.377585376944085522e-03
3.685285263327964003e+03 5.148548158857062518e-01 2.085109762722563848e-03
3.688970548591293209e+03 5.084625421222526143e-01 2.304555849924957468e-03
3.692659519139885560e+03 4.992618040920913103e-01 2.767182114522470909e-03
3.696352178659026777e+03 4.888422571938918493e-01 2.621851379512374781e-03
3.700048530837686940e+03 4.765597260218090714e-01 2.388436223644780938e-03
3.703748579368525952e+03 4.644780325129402865e-01 2.223136937559795981e-03
3.707452327947895355e+03 4.528269057592004820e-01 2.473876967150999764e-03
3.711159780275844696e+03 4.424544857047701951e-01 2.846994216189792024e-03
3.714870940056121526e+03 4.342520168984786988e-01 3.125833702600536949e-03
3.718585810996179134e+03 4.308445282791590336e-01 2.844362876084157929e-03
3.722304396807176545e+03 4.323763124117331880e-01 2.730545778852220586e-03
3.726026701203984885e+03 4.369801546379533663e-01 2.673904233892156028e-03
3.729752727905190113e+03 4.466188055592031914e-01 3.016306421425820738e-03
3.733482480633096657e+03 4.598330855353578439e-01 3.626734883090509520e-03
3.737215963113731050e+03 4.771477591009972152e-01 4.609946559408579538e-03
3.740953179076846027e+03 4.964221445221408402e-01 4.932912681067605325e-03
3.744694132255923705e+03 5.163999088630454315e-01 5.197735360993311834e-03
3.748438826388181042e+03 5.342072607676654483e-01 4.777119116623713101e-03
3.752187265214570289e+03 5.487489469238260309e-01 4.360474296150282716e-03
3.755939452479786269e+03 5.597892621952017533e-01 4.174826083908381516e-03
3.759695391932267285e+03 5.671187513456684703e-01 4.564467067360698620e-03
3.763455087324201031e+03 5.732520260032107906e-01 4.765582330007356489e-03
3.767218542411526414e+03 5.737130903665365045e-01 5.252963072113198476e-03
3.770985760953939007e+03 5.716486627760178907e-01 5.641728650130610305e-03
3.774756746714894234e+03 5.650432896461140553e-01 4.416275831911954143e-03
3.778531503461610555e+03 5.599187017653474152e-01 3.323624379481737549e-03
3.782310034965073100e+03 5.564819994964940175e-01 3.786889488891022598e-03
3.786092345000039586e+03 5.546407874866926546e-01 4.382143440142006845e-03
3.789878437345040766e+03 5.523737271309367980e-01 4.131681279459430318e-03
3.793668315782387253e+03 5.504852496506791315e-01 3.583328900322690740e-03
3.797461984098170888e+03 5.478296027789415490e-01 3.813390923230176605e-03
3.801259446082270188e+03 5.456058356663974207e-01 4.479456904570761760e-03
3.805060705528353537e+03 5.463616514662591461e-01 4.672064890658261631e-03
3.808865766233883278e+03 5.482396629230877894e-01 4.871366200506298434e-03
3.812674632000118436e+03 5.506729187008945203e-01 4.454062198190172558e-03
3.816487306632119726e+03 5.576024432701227607e-01 3.790165574701729635e-03
3.820303793938753188e+03 5.686908243606317859e-01 3.562155002694943669e-03
3.824124097732693372e+03 5.851423697520783396e-01 4.134136621192490736e-03
3.827948221830427428e+03 6.059082197190747143e-01 4.043924422574183934e-03
3.831776170052258749e+03 6.288577992034289910e-01 3.711877233757607600e-03
3.835607946222312421e+03 6.524478167958496222e-01 3.438660979784435075e-03
3.839443554168536139e+03 6.777991757148169594e-01 3.217855710166059573e-03
3.843282997722705659e+03 7.026683723987375840e-01 3.384033259572741606e-03
3.847126280720429804e+03 7.254847190692879089e-01 3.372541579288094657e-03
3.850973407001151372e+03 7.454818346626945758e-01 3.554385337010075845e-03
3.854824380408153957e+03 7.624490110350660155e-01 4.275463574906919993e-03
3.858679204788563311e+03 7.750988143961844434e-01 5.264495663082278433e-03
3.862537883993353262e+03 7.825214548523956593e-01 4.860379276439019854e-03
3.866400421877347981e+03 7.826853098687536203e-01 4.351263708107519848e-03
3.870266822299226533e+03 7.763352492264837812e-01 4.888113211819009735e-03
3.874137089121526969e+03 7.651489450841966189e-01 6.011152402482124527e-03
3.878011226210649966e+03 7.500176842544828970e-01 6.505101341162390118e-03
3.881889237436861549e+03 7.351482056798983589e-01 5.973734126807505977e-03
3.885771126674299921e+03 7.228994739951914994e-01 5.161625334676298374e-03
3.889656897800975457e+03 7.155477222879772503e-01 4.162603089441723955e-03
3.893546554698777527e+03 7.146280425169396766e-01 3.774073143847238559e-03
3.897440101253477678e+03 7.208102132643042781e-01 4.195002928819829835e-03
3.901337541354732366e+03 7.343728411903602815e-01 3.859040260990707991e-03
3.905238878896088409e+03 7.523284240865968364e-01 2.967989419749492847e-03
3.909144117774985716e+03 7.738482725605394519e-01 1.979638033642882461e-03
3.913053261892762293e+03 7.962730619048925540e-01 2.410476300897801405e-03
3.916966315154656058e+03 8.190996405651921330e-01 3.522781608117112658e-03
3.920883281469812118e+03 8.376724067818669406e-01 4.346386535369081358e-03
3.924804164751283224e+03 8.518950463583019328e-01 5.115541487528599447e-03
3.928728968916035683e+03 8.582272460753163079e-01 4.795616839285605365e-03
3.932657697884953450e+03 8.581807510627620372e-01 3.947349090444867911e-03
3.936590355582839493e+03 8.486525759826796245e-01 5.257004986465634890e-03
3.940526945938423523e+03 8.322987891311605102e-01 7.063813313919948579e-03
3.944467472884363360e+03 8.136085154356783589e-01 7.493635138412957537e-03
3.948411940357249023e+03 7.949015370590241103e-01 6.709619275583694753e-03
3.952360352297607733e+03 7.771688884322683899e-01 5.786430278407154494e-03
3.956312712649906643e+03 7.628081416995358133e-01 5.254452853965590683e-03
3.960269025362557841e+03 7.528769044285756884e-01 4.974126905376555566e-03
3.964229294387921527e+03 7.493921223161817968e-01 4.950203150791848000e-03
3.968193523682310570e+03 7.540266593981141963e-01 4.708908520026334858e-03
3.972161717205994591e+03 7.652643245856763921e-01 4.090618850335255192e-03
3.976133878923201792e+03 7.808692916029466025e-01 4.097043920777796756e-03
3.980110012802126221e+03 8.009664075272076023e-01 4.065207320146783584e-03
3.984090122814929600e+03 8.244860262903236370e-01 4.251400653154907561e-03
3.988074212937745870e+03 8.506116346881228418e-01 4.965401744779575181e-03
3.992062287150684824e+03 8.772920928141643149e-01 5.486356790787737768e-03
3.996054349437837118e+03 9.026762371652311545e-01 5.611539278524414059e-03
4.000050403787276082e+03 9.269782424609935845e-01 4.890288978254895939e-03
4.004050454191064546e+03 9.453832109329682876e-01 4.052388428212259572e-03
4.008054504645257111e+03 9.581333833455161209e-01 4.030124506657757795e-03
4.012062559149903791e+03 9.631251456251278542e-01 4.915357027697644932e-03
4.016074621709055009e+03 9.631839069378971274e-01 4.313379612223940812e-03
4.020090696330765240e+03 9.607621776213217668e-01 3.269724249092272311e-03
4.024110787027097558e+03 9.575497985876291196e-01 2.877120224342375344e-03
4.028134897814125907e+03 9.525984553322592863e-01 2.553086846445479664e-03
4.032163032711941469e+03 9.484136698844979341e-01 2.477543388723046393e-03
4.036195195744654484e+03 9.447914249974381784e-01 2.478892002946406475e-03
4.040231390940400615e+03 9.423887549595929558e-01 2.468544318282548354e-03
4.044271622331342314e+03 9.415188415094655205e-01 2.242642893009845310e-03
4.048315893953675186e+03 9.396303886149042217e-01 2.415239802999118168e-03
4.052364209847629809e+03 9.350318734623943584e-01 2.631122196210851447e-03
4.056416574057479011e+03 9.289691232166444879e-01 2.716990287344091953e-03
4.060472990631537868e+03 9.197108590709736076e-01 2.607854810456072640e-03
4.064533463622170530e+03 9.076643665362026381e-01 2.508672944270417485e-03
4.068597997085794304e+03 8.919177442299511815e-01 2.457968067407423438e-03
4.072666595082881486e+03 8.733233189698580423e-01 2.412633125166225873e-03
4.076739261677965715e+03 8.526283370570699738e-01 2.444689087977276829e-03
4.080816000939644709e+03 8.291143839266470472e-01 2.731541363669148272e-03
4.084896816940585722e+03 8.037073643165033587e-01 2.779923584305392381e-03
4.088981713757527814e+03 7.800833588406359542e-01 1.859602555499434559e-03
4.093070695471286854e+03 7.599864675016383408e-01 1.283975939118741456e-03
4.097163766166759160e+03 7.446093559808826257e-01 1.243987170904336040e-03
4.101260929932927866e+03 7.348142255566929570e-01 1.302881253538720491e-03
4.105362190862862008e+03 7.302711683064010417e-01 1.132107915990340037e-03
4.109467553053726078e+03 7.322317220769959389e-01 1.633171017802177586e-03
4.113577020606780934e+03 7.383534224444165961e-01 2.163857652018478205e-03
4.117690597627389252e+03 7.483950164453042619e-01 2.614327012919901317e-03
4.121808288225018259e+03 7.606856446093035462e-01 2.563839622191902649e-03
4.125930096513244280e+03 7.741153555728329527e-01 2.338379927190669966e-03
4.130056026609759101e+03 7.861690848980802393e-01 1.941656684595808799e-03
4.134186082636369974e+03 7.949508576860047082e-01 1.403430207345158186e-03
4.138320268719007800e+03 8.001292812270437427e-01 1.318798160888671892e-03
4.142458588987728035e+03 8.016606749960391021e-01 1.232818640154201891e-03
4.146601047576717065e+03 7.985915784650755578e-01 1.381681692340525026e-03
4.150747648624294925e+03 7.917870612266492136e-01 1.792249648519253806e-03
4.154898396272920763e+03 7.817818250052002149e-01 2.370830416686551135e-03
4.159053294669195566e+03 7.715817802838947914e-01 2.185302166451010605e-03
4.163212347963865795e+03 7.604248558949414649e-01 1.974388641528725206e-03
4.167375560311830668e+03 7.519442335429759039e-01 1.977656526562298917e-03
4.171542935872143971e+03 7.459383350897144105e-01 1.840013526472567733e-03
4.175714478808017702e+03 7.432764050195971306e-01 1.697904926658690182e-03
4.179890193286827525e+03 7.439203513919568911e-01 1.920656048860969927e-03
4.184070083480115500e+03 7.475901145642837031e-01 2.324196107241571687e-03
4.188254153563597356e+03 7.540401063209717369e-01 2.368292074291918677e-03
4.192442407717161586e+03 7.613435223063742541e-01 2.149580394190255418e-03
4.196634850124880359e+03 7.686923644938302713e-01 1.765093964276065810e-03
4.200831484975006788e+03 7.752027964771952551e-01 1.569410738761830388e-03
4.205032316459983122e+03 7.809528816419866182e-01 1.309505166695972217e-03
4.209237348776444378e+03 7.839096140195613849e-01 1.233853324995678839e-03
4.213446586125221984e+03 7.830761673337842677e-01 1.727049495642937749e-03
4.217660032711349231e+03 7.815581941364569962e-01 1.883903646317081808e-03
4.221877692744061278e+03 7.795092479063645552e-01 1.823880467428647817e-03
4.226099570436806971e+03 7.768379245945133960e-01 1.719968409880973234e-03
4.230325670007245208e+03 7.733001890070300144e-01 1.637110959127800617e-03
4.234555995677254032e+03 7.698135193617128280e-01 1.499977102958996141e-03
4.238790551672932452e+03 7.679830950618888874e-01 1.456552988796030578e-03
4.243029342224606808e+03 7.648832452874306798e-01 1.479419902097593286e-03
4.247272371566832589e+03 7.628291178841980491e-01 1.484907401274028916e-03
4.251519643938400804e+03 7.610773951285229044e-01 1.578235527247080511e-03
4.255771163582340705e+03 7.598497185081616312e-01 1.734703761480537029e-03
4.260026934745924336e+03 7.574442925625480827e-01 1.744660818372927675e-03
4.264286961680671993e+03 7.552461170989094308e-01 1.705241023917278016e-03
4.268551248642354039e+03 7.526067426218782108e-01 1.693407773614258663e-03
4.272819799890998183e+03 7.493291208152920158e-01 1.681082866431615882e-03
4.277092619690890388e+03 7.451560064869070521e-01 1.647736404992750613e-03
4.281369712310583054e+03 7.417868646646750275e-01 1.674222462883916910e-03
4.285651082022895025e+03 7.387594853549948049e-01 1.554339939280884476e-03
4.289936733104918858e+03 7.352566026487686868e-01 1.793973825800377004e-03
4.294226669838025373e+03 7.315737170559725167e-01 1.619306407543890823e-03
4.298520896507864563e+03 7.297091223575024044e-01 1.489739225546152408e-03
4.302819417404373780e+03 7.301491679186720152e-01 1.683553819043117575e-03
4.307122236821779552e+03 7.316299155766476936e-01 1.751424787365406070e-03
4.311429359058603040e+03 7.333621833476875462e-01 1.750135746026869072e-03
4.315740788417662770e+03 7.362611517311353770e-01 1.730835966541763738e-03
4.320056529206081905e+03 7.395805767408832887e-01 1.665488976263805165e-03
4.324376585735290064e+03 7.425843255617553540e-01 1.621716911697788487e-03
4.328700962321026054e+03 7.469489636205828287e-01 1.762754939148780068e-03
4.333029663283348782e+03 7.511113709002162908e-01 1.737206907993890615e-03
4.337362692946633615e+03 7.544110775655828993e-01 1.570288115048258226e-03
4.341700055639581478e+03 7.550572175052208124e-01 1.619385369153830212e-03
4.346041755695222491e+03 7.562392436673837093e-01 1.633593696712363607e-03
4.350387797450919606e+03 7.562542047786036115e-01 1.627380299613596839e-03
4.354738185248371337e+03 7.557336026422020181e-01 1.643926659013991579e-03
4.359092923433621763e+03 7.544956352136475974e-01 1.669521550549454749e-03
4.363452016357056891e+03 7.541855141949668218e-01 1.615885874832308873e-03
4.367815468373414660e+03 7.532119024267298624e-01 1.661869900468090347e-03
4.372183283841789489e+03 7.523269190534778161e-01 1.513313619410960311e-03
4.376555467125633186e+03 7.518145264097023661e-01 1.425742524808171988e-03
4.380932022592760404e+03 7.519022134590147566e-01 1.439321785216622759e-03
4.385312954615354101e+03 7.535493292058855763e-01 1.390283175312482600e-03
4.389698267569970994e+03 7.547924871424616100e-01 1.289187098515108196e-03
4.394087965837542470e+03 7.560741615663223447e-01 1.426192640212935788e-03
4.398482053803381859e+03 7.578910230284169325e-01 1.565858501980834771e-03
4.402880535857186260e+03 7.597307568467619454e-01 1.406943411862148028e-03
4.407283416393044718e+03 7.629409771454496170e-01 1.361974499742574967e-03
4.411690699809440048e+03 7.675222737122322503e-01 1.651646552065267953e-03
4.416102390509250654e+03 7.719014565004054251e-01 1.711560945070217821e-03
4.420518492899761441e+03 7.760299729113990796e-01 1.750807137620905831e-03
4.424939011392662906e+03 7.791003154669953190e-01 1.742814085420026169e-03
4.429363950404056595e+03 7.827307358744585164e-01 1.456563355791646273e-03
4.433793314354462382e+03 7.852418158823778471e-01 1.613217496937927996e-03
4.438227107668818462e+03 7.877267051347436322e-01 1.658826462066320499e-03
4.442665334776488635e+03 7.897451549440931418e-01 1.683614271488845454e-03
4.447108000111265937e+03 7.923954054752476717e-01 1.618469327231026331e-03
4.451555108111379013e+03 7.948245276841224838e-01 1.345806307947102452e-03
4.456006663219492111e+03 7.985641893894003251e-01 1.321436655446650565e-03
4.460462669882713271e+03 8.032614749765863982e-01 1.313107310108256338e-03
4.464923132552597053e+03 8.095086613058606329e-01 1.317804812327802791e-03
4.469388055685150903e+03 8.172833355747035622e-01 9.893826041415701260e-04
4.473857443740837880e+03 8.255433588955739532e-01 1.212505897958008521e-03
4.478331301184580298e+03 8.348740112206760600e-01 1.410475891128335629e-03
4.482809632485766087e+03 8.458341847572645733e-01 1.250085781228816835e-03
4.487292442118253348e+03 8.581614364730527633e-01 1.169262348898454521e-03
4.491779734560373072e+03 8.722692533778486634e-01 1.565174712111490340e-03
4.496271514294934605e+03 8.870222999795586150e-01 1.680507191083215578e-03
4.500767785809231100e+03 9.016656093000414707e-01 1.612876432156969565e-03
4.505268553595042249e+03 9.165469389653670973e-01 1.363760583148468852e-03
4.509773822148638828e+03 9.304088491806963290e-01 1.254412509566117054e-03
4.514283595970789065e+03 9.433633478177149145e-01 1.337893735171428664e-03
4.518797879566761367e+03 9.552744545821374444e-01 1.355177709219472591e-03
4.523316677446328868e+03 9.666224407397450147e-01 1.348695509825092965e-03
4.527839994123776705e+03 9.766629754099411809e-01 1.316314086756427198e-03
4.532367834117902021e+03 9.874287251992837078e-01 1.229224899317462195e-03
4.536900201952022144e+03 9.979717443665039323e-01 1.179351599279794766e-03
4.541437102153975502e+03 1.008857785493617376e+00 1.332576056797683123e-03
4.545978539256130716e+03 1.019046478047425097e+00 1.328497471741037174e-03
4.550524517795388419e+03 1.029627893461560362e+00 1.175120180691162537e-03
4.555075042313184895e+03 1.039669121026940424e+00 1.208133682411278867e-03
4.559630117355500261e+03 1.049432471262862432e+00 1.250361805166959545e-03
4.564189747472856652e+03 1.058249506386150784e+00 1.324801015372809162e-03
4.568753937220330954e+03 1.066500688326986301e+00 1.521828039997715452e-03
4.573322691157552981e+03 1.073546044308509861e+00 1.571913363252365557e-03
4.577896013848711846e+03 1.079250717701958351e+00 1.445906178568844881e-03
4.582473909862562323e+03 1.083266975961987955e+00 1.514434478748805622e-03
4.587056383772426670e+03 1.085863215389930359e+00 1.973437360039724357e-03
4.591643440156200086e+03 1.088676529894953893e+00 2.165008543014458435e-03
4.596235083596357981e+03 1.091398839651162911e+00 2.208124902277401776e-03
4.600831318679955984e+03 1.095041884361448226e+00 2.011439030984623136e-03
4.605432149998637215e+03 1.100103159247981299e+00 1.892575610385534290e-03
4.610037582148637739e+03 1.106355865752846279e+00 1.843320780397356183e-03
4.614647619730787483e+03 1.113555829064202474e+00 1.972329898959198410e-03
4.619262267350520233e+03 1.122697410544011509e+00 2.339361591798120362e-03
4.623881529617872729e+03 1.131906866058912220e+00 2.040132596249140395e-03
4.628505411147491941e+03 1.140262750223024035e+00 1.215103095784398788e-03
4.633133916558640522e+03 1.146230213301524747e+00 1.422312303116612985e-03
4.637767050475200449e+03 1.151067586374986851e+00 1.445333808287561700e-03
4.642404817525677572e+03 1.153993108483499563e+00 1.355277228353768404e-03
4.647047222343205249e+03 1.155232391798433955e+00 1.306302420576930991e-03
4.651694269565549803e+03 1.154299894597615062e+00 1.226911941359822575e-03
4.656345963835116891e+03 1.152476202439768116e+00 1.181095622812808983e-03
4.661002309798953320e+03 1.150300752163241125e+00 1.332853392447740700e-03
4.665663312108753416e+03 1.146828523394806565e+00 1.303388750902752897e-03
4.670328975420864481e+03 1.141865982420629200e+00 1.412253713944970233e-03
4.674999304396286789e+03 1.135768360077364036e+00 1.648322013366455537e-03
4.679674303700684504e+03 1.129844396423105968e+00 1.737884027862044139e-03
4.684353978004386590e+03 1.123858883377311768e+00 1.665882302399588049e-03
4.689038331982392265e+03 1.118207418357274996e+00 1.800588551334386233e-03
4.693727370314376458e+03 1.111949957877720996e+00 1.911051217095724409e-03
4.698421097684692540e+03 1.105167997775305944e+00 2.013845083588651410e-03
4.703119518782378691e+03 1.098079416910457740e+00 2.000975787293520630e-03
4.707822638301162442e+03 1.090398760663938482e+00 1.678396630898168311e-03
4.712530460939465229e+03 1.081300745769298244e+00 1.669087544504310435e-03
4.717242991400406027e+03 1.071161444814773489e+00 1.696516833488181377e-03
4.721960234391808626e+03 1.059699073066238562e+00 1.587213756702885543e-03
4.726682194626201635e+03 1.048167901337758057e+00 1.588370165049606333e-03
4.731408876820829391e+03 1.036474318092029723e+00 1.576716658954970809e-03
4.736140285697651962e+03 1.024248912209904327e+00 1.530618726798044357e-03
4.740876425983350600e+03 1.012156347411435897e+00 1.208605929278172607e-03
4.745617302409335934e+03 1.001503228047694760e+00 1.269724117548464955e-03
4.750362919711747054e+03 9.926868341607636426e-01 1.147393673001400076e-03
4.755113282631459697e+03 9.838097233930828134e-01 8.628251142683125924e-04
4.759868395914093526e+03 9.746001915906856716e-01 1.150089179706206052e-03
4.764628264310008490e+03 9.659978625341241187e-01 1.153491621591047926e-03
4.769392892574320285e+03 9.581057781193325074e-01 1.049614825371288822e-03
4.774162285466896719e+03 9.514994926599549263e-01 1.039883910793005378e-03
4.778936447752364984e+03 9.462727240886616986e-01 1.326978358648311495e-03
4.783715384200118933e+03 9.408035675281620769e-01 1.315306566012283294e-03
4.788499099584319993e+03 9.358816044483012631e-01 1.286022444691421436e-03
4.793287598683906253e+03 9.315083217876097832e-01 1.242977754156919783e-03
4.798080886282591564e+03 9.269273970903387783e-01 1.245575859002724488e-03
4.802878967168876443e+03 9.220313378909864577e-01 1.257847975608189593e-03
4.807681846136046261e+03 9.172601726207589845e-01 1.222250468656165337e-03
4.812489527982183972e+03 9.118965548116365616e-01 1.179947875585353554e-03
4.817302017510168298e+03 9.059399470207535332e-01 1.174999727939832032e-03
4.822119319527679181e+03 8.995977524303648831e-01 1.181020325606941005e-03
4.826941438847208701e+03 8.925438369086795554e-01 1.099540199160718495e-03
4.831768380286057436e+03 8.857742994539851145e-01 1.137943923603455636e-03
4.836600148666345376e+03 8.803878176043057335e-01 1.162555109313337040e-03
4.841436748815013743e+03 8.765362079444010135e-01 1.149910256546643602e-03
4.846278185563829538e+03 8.734449958253797108e-01 1.173145001628431335e-03
4.851124463749395545e+03 8.716720392934084183e-01 9.181667264778146367e-04
4.855975588213146693e+03 8.720778189023243865e-01 8.351913017390383710e-04
4.860831563801360971e+03 8.745163543187084443e-01 8.626907285225255588e-04
4.865692395365163975e+03 8.793454539199148101e-01 9.263317760821753767e-04
4.870558087760530725e+03 8.862121262483977358e-01 6.803659285380055403e-04
4.875428645848292945e+03 8.929416770727516273e-01 6.733015067764388031e-04
4.880304074494142696e+03 9.007179324513199248e-01 6.435231993863874036e-04
4.885184378568638749e+03 9.089371435968879309e-01 6.603130249235883041e-04
4.890069562947209306e+03 9.174473759274949236e-01 6.949276950684434712e-04
4.894959632510157462e+03 9.263633483666827706e-01 7.093314095037051448e-04
4.899854592142669389e+03 9.351902315505846719e-01 7.346665362581597612e-04
4.904754446734813428e+03 9.436295951218207634e-01 7.665235718872486772e-04
4.909659201181550088e+03 9.516672070606098099e-01 8.277594389617205567e-04
4.914568860382732964e+03 9.588379310145793699e-01 7.963726849409197891e-04
4.919483429243117826e+03 9.651121397955650938e-01 8.087562030099663610e-04
4.924402912672362618e+03 9.704602417531880132e-01 8.033281267962018649e-04
4.929327315585036558e+03 9.752177737188737483e-01 7.829623237039977455e-04
4.934256642900622865e+03 9.788647477010646858e-01 7.772093962610500742e-04
4.939190899543525120e+03 9.811631327661002322e-01 8.002455027756246201e-04
4.944130090443070912e+03 9.828965757766346956e-01 7.796973877281759401e-04
4.949074220533515472e+03 9.834760478921853455e-01 7.354579465192380037e-04
4.954023294754050767e+03 9.835048970520096079e-01 8.391337067777447731e-04
4.958977318048806410e+03 9.837749142773185573e-01 8.300925628185562392e-04
4.963936295366856939e+03 9.842082762490641512e-01 8.015550048290233766e-04
4.968900231662225451e+03 9.838401227216431177e-01 7.726709204287605937e-04
4.973869131893889062e+03 9.835737746760216949e-01 7.687392720106564579e-04
4.978843001025784361e+03 9.826033001907823472e-01 7.745025173581097412e-04
4.983821844026811959e+03 9.813545804110774817e-01 1.026862671923066796e-03
4.988805665870840130e+03 9.796062670685882212e-01 1.256699069114847753e-03
4.993794471536712990e+03 9.758759036847041157e-01 1.223255710028514198e-03
4.998788266008251412e+03 9.710158190132761602e-01 1.326781321335632549e-03
5.003787054274261209e+03 9.652041138039523238e-01 1.459331272485827431e-03
5.008790841328536771e+03 9.582199043108228231e-01 1.419090979283787763e-03
5.013799632169867436e+03 9.507629338460993340e-01 1.461480255376518354e-03
5.018813431802038394e+03 9.424807296018472558e-01 1.665166406680246161e-03
5.023832245233842514e+03 9.329377389849569102e-01 1.708834466440658671e-03
5.028856077479077612e+03 9.222499679877651513e-01 1.711857967013350043e-03
5.033884933556558281e+03 9.106658151415304436e-01 1.700643313516995081e-03
5.038918818490116792e+03 8.990647904864893514e-01 1.615221912970464220e-03
5.043957737308608557e+03 8.866359318544878576e-01 1.874924851152331593e-03
5.049001695045918495e+03 8.745282719149801709e-01 1.995038193633336555e-03
5.054050696740966487e+03 8.639868909083728843e-01 2.001899780143352823e-03
5.059104747437709193e+03 8.547586491989719315e-01 1.927432680055228683e-03
5.064163852185148244e+03 8.477304117343376078e-01 1.654678763951611745e-03
5.069228016037335692e+03 8.433761374839320313e-01 1.657188539237370879e-03
5.074297244053374015e+03 8.419723268579074604e-01 1.962956739740999434e-03
5.079371541297429758e+03 8.433655292579792517e-01 1.767416192592507432e-03
5.084450912838728073e+03 8.469914932547429887e-01 1.139733659801592030e-03
5.089535363751569093e+03 8.514181576121316875e-01 1.542047165870592384e-03
5.094624899115322478e+03 8.579470602545619107e-01 1.624161576414141295e-03
5.099719524014439230e+03 8.661106936857583261e-01 1.485401796441796320e-03
5.104819243538455339e+03 8.761836760267927016e-01 1.624718001485024599e-03
5.109924062781995417e+03 8.876188608915105416e-01 1.915765795626641439e-03
5.115033986844779065e+03 8.994570066096592154e-01 2.004303868931346395e-03
5.120149020831625421e+03 9.110916445061369995e-01 2.010890076434384850e-03
5.125269169852458617e+03 9.224238221861964515e-01 1.869880579216890142e-03
5.130394439022313236e+03 9.325851947399329545e-01 1.762741048662377691e-03
5.135524833461337039e+03 9.417305142063965295e-01 1.797548824773186537e-03
5.140660358294800062e+03 9.493468957011509390e-01 1.984872862606607610e-03
5.145801018653096435e+03 9.561833263370203007e-01 2.005016680929443997e-03
5.150946819671751655e+03 9.622044029490610662e-01 1.909808113318597379e-03
5.156097766491425318e+03 9.680972102966518555e-01 1.362805251124718378e-03
5.161253864257918394e+03 9.747676043107488253e-01 1.378709724620212022e-03
5.166415118122177773e+03 9.821605215827302615e-01 1.591875781482622945e-03
5.171581533240301724e+03 9.901063238744470807e-01 1.316416778287525079e-03
5.176753114773543530e+03 9.975939736539788383e-01 1.006157714936443525e-03
5.181929867888318768e+03 1.004632790413384491e+00 1.004236798112864790e-03
5.187111797756208944e+03 1.011002385224390787e+00 9.943239981143943852e-04
5.192298909553966951e+03 1.017290918877467476e+00 9.606621581090583287e-04
5.197491208463522526e+03 1.023411102313182885e+00 8.816342519416952173e-04
5.202688699671987706e+03 1.029822351230693434e+00 9.032997972678487308e-04
5.207891388371661378e+03 1.035983643944579313e+00 8.987958970893079793e-04
5.213099279760034733e+03 1.042064893619951027e+00 8.883122567057318009e-04
5.218312379039796724e+03 1.048813317701462022e+00 9.322692079064208133e-04
5.223530691418837705e+03 1.055802896277158398e+00 8.409611467289853943e-04
5.228754222110258524e+03 1.062594600694369618e+00 8.353267053846299972e-04
5.233982976332370527e+03 1.069552581533075308e+00 8.919244943023836320e-04
5.239216959308704645e+03 1.076592676518506542e+00 1.082328199700395783e-03
5.244456176268015042e+03 1.084416976617171402e+00 1.056451278587152614e-03
5.249700632444284565e+03 1.092656183462277220e+00 6.765944072092942591e-04
5.254950333076731113e+03 1.102752215131424185e+00 6.429446931622120930e-04
5.260205283409809454e+03 1.114223965265203731e+00 7.603829950162244557e-04
5.265465488693221232e+03 1.126942100842467154e+00 8.860110496387382404e-04
5.270730954181915877e+03 1.139883154671006205e+00 8.383992834318323463e-04
5.276001685136099695e+03 1.152698867066391575e+00 8.537113677301611534e-04
5.281277686821237694e+03 1.165387578436396288e+00 8.081562110647913825e-04
5.286558964508059944e+03 1.177839178910516482e+00 7.537352504296234964e-04
5.291845523472569766e+03 1.189602798765857949e+00 7.919710361329085520e-04
5.297137368996044643e+03 1.200949298494858875e+00 7.830013574153909780e-04
5.302434506365042580e+03 1.211100652375513009e+00 8.150661107903101185e-04
5.307736940871409388e+03 1.220129925238355506e+00 7.149741780233363634e-04
5.313044677812282316e+03 1.228281975426644301e+00 4.885486087509717220e-04
5.318357722490096421e+03 1.236244526419926659e+00 6.842614512946573789e-04
5.323676080212588204e+03 1.242817966529027318e+00 6.682656531835566398e-04
5.328999756292802886e+03 1.248299177879425237e+00 6.233290062817238878e-04
5.334328756049097137e+03 1.252469601928183129e+00 5.518865399389747371e-04
5.339663084805148173e+03 1.254679899046628577e+00 5.678750389040351787e-04
5.345002747889954662e+03 1.255499983384460450e+00 5.634796986377790069e-04
5.350347750637846730e+03 1.253985759238354536e+00 5.328539398466206837e-04
5.355698098388485960e+03 1.251177182777070351e+00 7.012060975953179030e-04
5.361053796486876308e+03 1.246344148912123195e+00 7.878760497226283211e-04
5.366414850283365013e+03 1.239613308327213392e+00 7.196140678400821155e-04
5.371781265133649867e+03 1.230733225489263782e+00 7.241239212450286322e-04
5.377153046398785591e+03 1.220245158994151868e+00 8.130817550317561955e-04
5.382530199445186554e+03 1.208305718180398891e+00 9.809769043945201512e-04
5.387912729644633146e+03 1.195873223044860101e+00 9.869609233537784704e-04
5.393300642374279960e+03 1.183123861453573955e+00 9.109029460380868451e-04
5.398693943016655794e+03 1.171065282571552402e+00 9.320665532495589619e-04
5.404092636959673655e+03 1.158858391043599667e+00 9.236160959332516190e-04
5.409496729596635305e+03 1.147989784596924911e+00 8.821168218749742820e-04
5.414906226326233991e+03 1.139266867184170362e+00 8.574004484009094176e-04
5.420321132552561721e+03 1.133090391553970955e+00 8.453470078389355375e-04
5.425741453685116539e+03 1.128684896547038630e+00 8.418231399901320152e-04
5.431167195138803436e+03 1.126946098854173073e+00 8.279783133970086955e-04
5.436598362333943442e+03 1.127836931173917367e+00 8.402333673032923991e-04
5.442034960696279086e+03 1.130643511744025886e+00 8.509090335106648997e-04
5.447476995656978033e+03 1.135888694918099295e+00 9.829060653340298236e-04
5.452924472652636723e+03 1.143508900494890623e+00 9.399130446976689717e-04
5.458377397125291282e+03 1.154724971784452325e+00 9.490853882068546942e-04
5.463835774522417523e+03 1.168271452036513169e+00 9.520410513800174699e-04
5.469299610296941864e+03 1.183903124854491562e+00 9.684503913951850737e-04
5.474768909907241323e+03 1.201131421632857244e+00 1.053321390758555146e-03
5.480243678817149885e+03 1.219013067613243795e+00 1.117152326306857565e-03
5.485723922495968509e+03 1.237132158218505307e+00 1.330506643279543962e-03
5.491209646418466946e+03 1.254821146022359502e+00 1.395923679520403573e-03
5.496700856064887375e+03 1.271030102715449805e+00 1.262770164497752741e-03
5.502197556920953502e+03 1.284774970392718041e+00 6.774964115042831020e-04
5.507699754477876013e+03 1.294447613018606003e+00 6.697901184612060910e-04
5.513207454232356213e+03 1.300570479504000065e+00 6.646249066539385020e-04
5.518720661686590574e+03 1.302742701786758328e+00 6.617704670728139123e-04
5.524239382348278923e+03 1.300727836645446001e+00 6.586468481691079005e-04
5.529763621730628984e+03 1.294351285497985948e+00 6.109166263226665583e-04
5.535293385352360929e+03 1.284661139011472386e+00 6.050308301931927278e-04
5.540828678737715563e+03 1.271979995798795171e+00 6.911246460752864694e-04
5.546369507416455235e+03 1.256248161441372968e+00 9.249774886753289391e-04
5.551915876923872929e+03 1.238561457798879051e+00 8.521399807623715114e-04
5.557467792800798634e+03 1.219931806351179704e+00 7.007621794898130510e-04
5.563025260593602070e+03 1.201286189088409229e+00 7.455020819548012273e-04
5.568588285854197238e+03 1.182743707677936795e+00 8.231588255445555086e-04
5.574156874140053333e+03 1.165830728674140504e+00 7.071208690837615463e-04
5.579731031014194741e+03 1.150833913851864176e+00 6.459495128729415359e-04
5.585310762045211050e+03 1.138202448793114385e+00 5.336685000839370974e-04
5.590896072807257951e+03 1.128769456188607023e+00 5.338863108637245366e-04
5.596486968880067252e+03 1.122176230361576321e+00 6.879767927721173494e-04
5.602083455848949598e+03 1.119156906633439252e+00 6.994437029620314715e-04
5.607685539304799931e+03 1.118927387791900818e+00 7.600827804467128216e-04
5.613293224844106589e+03 1.121909031503063980e+00 6.419222099337109971e-04
5.618906518068952209e+03 1.127947570292491264e+00 6.469033357103034110e-04
5.624525424587023736e+03 1.136429702762286942e+00 9.069241320547099736e-04
5.630149950011612418e+03 1.146674968993325328e+00 1.666112772052787778e-03
5.635780099961625638e+03 1.156651503615950372e+00 2.024265239890359232e-03
5.641415880061589633e+03 1.165264255623577938e+00 1.928171656189829478e-03
5.647057295941652228e+03 1.170721141233746154e+00 1.683295753060690212e-03
5.652704353237596479e+03 1.172277374005291195e+00 1.495745694667629773e-03
5.658357057590835211e+03 1.169263324451700115e+00 1.187666664398015102e-03
5.664015414648428305e+03 1.160652919363456714e+00 1.025724811361015693e-03
5.669679430063079053e+03 1.145985464800842735e+00 1.227453057377232617e-03
5.675349109493143260e+03 1.125847454983939011e+00 1.111732265000434615e-03
5.681024458602638333e+03 1.101475493482375168e+00 1.024983931605216508e-03
5.686705483061243285e+03 1.072811857231338095e+00 8.695919738642539582e-04
5.692392188544306009e+03 1.041276054026114339e+00 9.847709738026164984e-04
5.698084580732852373e+03 1.007989156646168061e+00 1.496666698675896447e-03
5.703782665313587131e+03 9.744466919699444896e-01 1.713494737473530462e-03
5.709486447978903016e+03 9.427891360256317466e-01 1.806778551981090162e-03
5.715195934426883468e+03 9.130960770246930869e-01 1.717056281019094721e-03
5.720911130361312644e+03 8.873712573001395487e-01 1.542140822481743090e-03
5.726632041491675409e+03 8.655604238533917139e-01 1.308797157226148115e-03
5.732358673533169167e+03 8.489686865429533214e-01 1.406416828794276007e-03
5.738091032206703858e+03 8.382294893384956147e-01 1.508476665496612376e-03
5.743829123238912871e+03 8.321880557707010961e-01 1.397239704572854260e-03
5.749572952362153046e+03 8.308194814224040270e-01 1.239518119980222806e-03
5.755322525314517407e+03 8.340238719527531819e-01 1.165200272284476566e-03
5.761077847839834249e+03 8.416905666648588635e-01 1.036469129854206096e-03
5.766838925687675328e+03 8.532272833763405728e-01 9.939343114150427615e-04
5.772605764613364954e+03 8.679219069024396438e-01 9.973813623905594932e-04
5.778378370377980900e+03 8.856116777199365409e-01 9.830660603448188734e-04
5.784156748748360769e+03 9.063706295138883595e-01 9.855622802356362854e-04
5.789940905497111089e+03 9.305403537428130756e-01 9.329506382753541098e-04
5.795730846402610041e+03 9.568344601734951604e-01 8.693884729299974825e-04
5.801526577249013826e+03 9.849396454416209368e-01 1.272059114353188891e-03
5.807328103826264851e+03 1.014880503876594231e+00 1.459418546422786662e-03
5.813135431930093546e+03 1.047286664408661805e+00 1.368300713166120154e-03
5.818948567362025642e+03 1.081405053796767213e+00 1.301003753918746671e-03
5.824767515929389447e+03 1.116722519545058301e+00 1.362951824724316233e-03
5.830592283445320390e+03 1.153230262386220062e+00 1.665659396126685596e-03
5.836422875728768304e+03 1.189289056504590159e+00 1.822472160599717447e-03
5.842259298604498326e+03 1.224585490155187362e+00 1.726965693613043530e-03
5.848101557903105459e+03 1.258202347647272346e+00 1.320752632191964050e-03
5.853949659461010015e+03 1.288562046714585518e+00 1.148358503400543837e-03
5.859803609120473084e+03 1.315486171647400226e+00 1.229213471655995127e-03
5.865663412729595620e+03 1.338935879982872335e+00 1.335897910945679301e-03
5.871529076142326630e+03 1.358634092054834985e+00 1.269806069296316358e-03
5.877400605218471355e+03 1.375147419952198469e+00 1.087676103206024333e-03
5.883278005823691274e+03 1.388454357443521747e+00 1.005480593919388715e-03
5.889161283829516833e+03 1.398809690487244684e+00 1.014753070331349434e-03
5.895050445113348360e+03 1.406091017012887523e+00 1.021865261854030269e-03
5.900945495558464245e+03 1.411620762656336847e+00 7.635776964731936633e-04
5.906846441054024581e+03 1.413854818388913026e+00 1.196440958761245963e-03
5.912753287495080258e+03 1.413735549243559486e+00 1.378524860771174285e-03
5.918666040782577511e+03 1.412395684681094332e+00 1.247967956083536993e-03
5.924584706823361557e+03 1.410396808628797682e+00 1.323173805331033601e-03
5.930509291530187511e+03 1.406697036052336980e+00 1.268857260106530035e-03
5.936439800821719473e+03 1.402463736251666759e+00 1.394018701976325499e-03
5.942376240622543264e+03 1.397142172815527772e+00 1.376269844421967306e-03
5.948318616863167335e+03 1.390830920813187044e+00 1.380632240758980587e-03
5.954266935480032771e+03 1.383907229853807319e+00 1.432538283836990063e-03
5.960221202415515108e+03 1.376516580016813762e+00 1.473254534268716954e-03
5.966181423617932523e+03 1.368314439253193626e+00 1.464165052584113840e-03
5.972147605041552197e+03 1.359309999176585126e+00 1.455717266380627010e-03
5.978119752646595771e+03 1.349171584207820462e+00 1.463650399392982596e-03
5.984097872399243897e+03 1.338167349527761063e+00 1.793880977928408258e-03
5.990081970271645332e+03 1.326030886701147882e+00 2.045209761452275888e-03
5.996072052241918755e+03 1.311836882321987252e+00 1.985585781234102797e-03
6.002068124294162772e+03 1.295339959898790028e+00 1.689649226055137598e-03
6.008070192418459555e+03 1.276393926169055115e+00 1.504582944147988492e-03
6.014078262610879392e+03 1.255338581109537444e+00 1.535206719966195283e-03
6.020092340873492503e+03 1.231533305737425810e+00 1.608756826091226489e-03
6.026112433214368139e+03 1.206740176230958639e+00 1.335426929151652771e-03
6.032138545647584579e+03 1.182239703005072862e+00 9.971898098116332206e-04
6.038170684193233683e+03 1.158989383256707084e+00 8.838804178086689294e-04
6.044208854877429076e+03 1.137195902258412605e+00 1.155472037533801424e-03
6.050253063732308874e+03 1.119713279268155226e+00 1.269590595538780528e-03
6.056303316796042964e+03 1.106053435036375987e+00 1.467107689316333443e-03
6.062359620112841185e+03 1.097447563536081416e+00 1.428799440048288735e-03
6.068421979732956061e+03 1.094181749641260248e+00 1.317505404523289713e-03
6.074490401712690982e+03 1.096324828977891297e+00 1.528734389730285930e-03
6.080564892114405666e+03 1.103228942653570410e+00 1.984511607038719205e-03
6.086645457006521610e+03 1.113540970889783877e+00 2.303015909858778000e-03
6.092732102463530282e+03 1.126225813254131847e+00 2.488859650321825854e-03
6.098824834565995843e+03 1.140789016988964066e+00 2.353685466069571717e-03
6.104923659400564247e+03 1.155015672039962027e+00 1.786592206853106300e-03
6.111028583059966877e+03 1.167531247815406736e+00 1.196652766210139045e-03
6.117139611643028729e+03 1.177282539891079116e+00 1.040511796919277787e-03
6.123256751254673873e+03 1.183865484175271598e+00 1.271604969703214608e-03
6.129380008005929994e+03 1.187640902590955783e+00 1.165324227734803372e-03
6.135509388013938405e+03 1.188933067898503726e+00 8.903864109756062578e-04
6.141644897401954040e+03 1.188476142426704518e+00 8.815930516554731531e-04
6.147786542299358189e+03 1.187288982225970457e+00 1.186061665435574454e-03
6.153934328841659408e+03 1.186158374147172179e+00 1.266009886473818844e-03
6.160088263170503524e+03 1.185203025873232896e+00 1.012232378804745663e-03
6.166248351433675452e+03 1.186286067542902778e+00 1.024982012992955039e-03
6.172414599785111022e+03 1.188127146932617784e+00 9.133266145722981118e-04
6.178587014384898794e+03 1.191634867514634433e+00 8.955601870362418521e-04
6.184765601399285515e+03 1.196701312774872239e+00 9.479745275939564526e-04
6.190950367000687038e+03 1.204106880650238187e+00 9.406206424156885468e-04
6.197141317367689226e+03 1.213602262557317957e+00 1.155955921042628844e-03
6.203338458685059777e+03 1.223964969048569440e+00 1.363502836302417018e-03
6.209541797143746408e+03 1.234750536166759005e+00 1.435908387243092690e-03
6.215751338940892310e+03 1.245580439903976711e+00 1.261196093042574098e-03
6.221967090279835247e+03 1.255519206951110300e+00 1.232242875940606002e-03
6.228189057370116643e+03 1.264765878965287360e+00 1.232657607890118735e-03
6.234417246427488863e+03 1.273028550920416224e+00 1.232539168972251716e-03
6.240651663673918847e+03 1.279930493142141579e+00 1.239590571037566457e-03
6.246892315337594482e+03 1.286322799542868101e+00 1.241217623882459771e-03
6.253139207652934601e+03 1.291492287081541734e+00 1.298313924661172224e-03
6.259392346860589896e+03 1.295343534179037359e+00 1.262743342103293375e-03
6.265651739207452010e+03 1.298238835722937301e+00 1.100431582949247490e-03
6.271917390946661726e+03 1.300647041577387419e+00 1.251216694499635192e-03
6.278189308337610782e+03 1.302109221951369245e+00 1.401682208629202687e-03
6.284467497645950061e+03 1.302659519934950216e+00 1.144115919787542157e-03
6.290751965143597772e+03 1.301603699374770606e+00 1.118879869802963086e-03
6.297042717108744000e+03 1.299028437232903066e+00 1.370214405220978975e-03
6.303339759825854344e+03 1.294943827768669786e+00 1.233179052439452566e-03
6.309643099585682648e+03 1.290483998674422983e+00 1.082011086274835927e-03
6.315952742685270096e+03 1.285980498338676892e+00 1.267140465267841114e-03
6.322268695427957937e+03 1.280382411896706429e+00 1.312497386342746999e-03
6.328590964123387494e+03 1.273746039588385948e+00 1.302999653407529469e-03
6.334919555087512890e+03 1.266198920249637538e+00 1.315224605734123704e-03
6.341254474642602872e+03 1.257721893889082843e+00 1.346714768332336713e-03
6.347595729117247174e+03 1.248604167210723093e+00 1.299974683760756963e-03
6.353943324846366522e+03 1.238538151379861674e+00 1.117667265021880449e-03
6.360297268171215364e+03 1.227061274639639210e+00 1.132633279240359645e-03
6.366657565439388236e+03 1.214745765682054834e+00 1.229911065651038407e-03
6.373024223004829764e+03 1.201775938747229322e+00 1.159191809835320719e-03
6.379397247227837397e+03 1.188894644122473032e+00 9.020842730797443013e-04
6.385776644475066860e+03 1.177270223730150667e+00 7.393966598402151478e-04
6.392162421119543978e+03 1.167400003449698742e+00 8.454325345833659834e-04
6.398554583540665590e+03 1.159821130416192503e+00 9.591230807032009430e-04
6.404953138124208635e+03 1.154493847408068152e+00 1.123622664287392573e-03
6.411358091262334710e+03 1.152089120448380966e+00 1.043083279574706906e-03
6.417769449353599157e+03 1.152982762725961674e+00 8.545419429651820694e-04
6.424187218802954703e+03 1.157159946530254890e+00 8.035812595178717542e-04
6.430611406021760558e+03 1.164918076475081055e+00 8.957712292239767811e-04
6.437042017427784231e+03 1.175952775821008656e+00 8.573484892682284352e-04
6.443479059445214261e+03 1.188772210977686150e+00 9.340483643345465128e-04
6.449922538504661134e+03 1.202955334924824760e+00 1.167554833313963958e-03
6.456372461043168187e+03 1.217895946616731617e+00 1.241979816198035417e-03
6.462828833504213435e+03 1.232167536995899315e+00 1.035197022195510691e-03
6.469291662337719572e+03 1.245904611654149674e+00 8.701701435223300595e-04
6.475760954000059428e+03 1.258442977177581801e+00 8.379393039935572165e-04
6.482236714954061426e+03 1.269399974475991622e+00 8.358030948364604962e-04
6.488718951669017770e+03 1.278424931809752696e+00 8.256150168611487913e-04
6.495207670620688987e+03 1.286111930822252392e+00 8.100984646051002502e-04
6.501702878291312118e+03 1.292452988616451526e+00 8.751539388659955150e-04
6.508204581169605262e+03 1.298033465146304355e+00 1.010355323889310878e-03
6.514712785750777584e+03 1.302581326340787049e+00 1.153153414405050500e-03
6.521227498536530220e+03 1.307360008538755558e+00 1.081938822344326485e-03
6.527748726035069012e+03 1.311918185213988730e+00 9.459327224642953341e-04
6.534276474761106329e+03 1.317268574880475773e+00 9.623284108457523089e-04
6.540810751235869247e+03 1.323128452263888422e+00 1.100807952312801621e-03
6.547351561987107743e+03 1.328337184887776079e+00 1.149156087930231808e-03
6.553898913549096505e+03 1.333246607847053289e+00 1.210021848518947306e-03
6.560452812462647671e+03 1.337554152059662549e+00 1.271627200651445980e-03
6.567013265275112644e+03 1.340596725724353844e+00 1.207801323126134890e-03
6.573580278540390282e+03 1.342401152210919157e+00 8.940575452207196686e-04
6.580153858818932349e+03 1.341904041742491893e+00 7.485436667690794623e-04
6.586734012677753526e+03 1.338579199454351665e+00 8.128188115610306000e-04
6.593320746690433225e+03 1.333833718941710655e+00 7.482714343218498662e-04
6.599914067437126505e+03 1.327278722159311419e+00 7.062543293126615765e-04
6.606513981504565891e+03 1.319168839382109715e+00 7.057567367229229931e-04
6.613120495486072286e+03 1.309469860929679763e+00 7.430191676029477242e-04
6.619733615981560433e+03 1.299084565900882504e+00 9.204507761489425996e-04
6.626353349597544366e+03 1.288280721618301650e+00 9.992187648347979935e-04
6.632979702947143778e+03 1.277372034049452987e+00 1.028157020293862757e-03
6.639612682650093120e+03 1.266507341098093153e+00 8.975784395679708939e-04
6.646252295332745234e+03 1.256627943055007579e+00 1.035275466521353230e-03
6.652898547628080451e+03 1.246527835332577494e+00 1.106435036228055292e-03
6.659551446175711135e+03 1.237089767160105103e+00 1.342115279308351465e-03
6.666210997621888964e+03 1.227272091159243850e+00 1.322227363997255118e-03
6.672877208619513112e+03 1.216652031709029469e+00 1.341657743119331917e-03
6.679550085828134797e+03 1.205036144265580367e+00 1.190130984441289518e-03
6.686229635913964557e+03 1.192606771632458651e+00 1.007427145891232664e-03
6.692915865549881346e+03 1.178962970117206632e+00 1.069717583707941767e-03
6.699608781415433441e+03 1.164520048406251007e+00 1.222831671007771443e-03
6.706308390196851178e+03 1.149247595339595085e+00 1.052399979801605170e-03
6.713014698587049679e+03 1.134349162749410667e+00 6.248464476581264701e-04
6.719727713285638856e+03 1.120891123164874603e+00 5.723773181005389638e-04
6.726447440998927050e+03 1.109034117319017465e+00 6.112151466134452564e-04
6.733173888439928305e+03 1.099567741529742682e+00 6.689753866944216391e-04
6.739907062328370557e+03 1.092798417686216217e+00 6.557375668378703564e-04
6.746646969390701088e+03 1.088942403817792171e+00 5.959109306227847310e-04
6.753393616360093802e+03 1.088150543933107395e+00 7.571214586293490475e-04
6.760147009976456502e+03 1.089703057926074470e+00 1.158285194830274093e-03
6.766907156986434529e+03 1.092821574434267085e+00 1.395783163544862381e-03
6.773674064143423493e+03 1.097190748691199147e+00 1.392549121944670811e-03
6.780447738207569273e+03 1.101409379071970784e+00 1.390235969500562812e-03
6.787228185945778932e+03 1.105223556285505726e+00 1.081647242541272473e-03
6.794015414131727084e+03 1.107518069007797479e+00 8.902187736640177450e-04
6.800809429545861349e+03 1.108148049869406959e+00 6.792470097960195833e-04
6.807610238975408720e+03 1.106139560635413188e+00 7.660383453656138472e-04
6.814417849214386479e+03 1.102021962581553272e+00 8.291802051035726887e-04
6.821232267063603103e+03 1.095761697400458923e+00 6.960479872412405657e-04
6.828053499330669183e+03 1.087874735210402344e+00 5.252944934046837981e-04
6.834881552830001965e+03 1.079011443077794841e+00 5.544030963759006116e-04
6.841716434382834450e+03 1.069815610429716513e+00 7.265497952660392731e-04
6.848558150817219939e+03 1.061026273637514006e+00 6.928534345330732624e-04
6.855406708968039311e+03 1.052295973780285498e+00 6.723436700145847718e-04
6.862262115677009206e+03 1.043971289220013476e+00 6.961178913220581561e-04
6.869124377792688392e+03 1.036757385867116854e+00 6.577936348762553499e-04
6.875993502170483225e+03 1.030664804605254448e+00 8.661407109190138141e-04
6.882869495672656740e+03 1.025674605632959979e+00 1.013929644809891681e-03
6.889752365168331380e+03 1.021341856121117830e+00 8.773306485792960142e-04
6.896642117533501732e+03 1.017242521412601297e+00 9.264283313412157231e-04
6.903538759651037253e+03 1.014257756588239801e+00 9.015679302995244096e-04
6.910442298410691365e+03 1.012118622325471895e+00 8.931222287820161096e-04
6.917352740709104182e+03 1.010590972508555785e+00 9.022887729626887605e-04
6.924270093449815249e+03 1.009520218355185905e+00 8.999631488552539043e-04
6.931194363543267173e+03 1.009299525664499875e+00 9.158719853242615946e-04
6.938125557906812901e+03 1.009906913814983209e+00 9.621960305199697043e-04
6.945063683464722089e+03 1.012146693429247568e+00 9.565103122817073715e-04
6.952008747148189286e+03 1.016128610005060162e+00 9.473187204795203899e-04
6.958960755895339389e+03 1.021477525277463494e+00 9.361132206889053288e-04
6.965919716651237650e+03 1.027945658222777725e+00 8.650788866453460379e-04
6.972885636367890584e+03 1.036064710096839869e+00 8.526432567903493350e-04
6.979858522004260521e+03 1.045515031753260882e+00 8.296301357514451703e-04
6.986838380526267429e+03 1.056068091393690622e+00 1.183639721120186786e-03
6.993825218906796181e+03 1.066679045321574426e+00 1.616458726736159620e-03
7.000819044125705659e+03 1.076369142638937237e+00 1.797866848986937136e-03
7.007819863169833297e+03 1.085278442595208004e+00 1.605721555413186855e-03
7.014827683033005087e+03 1.091531558603992869e+00 1.290423733770550791e-03
7.021842510716041033e+03 1.095504088057792424e+00 1.278514545358632078e-03
7.028864353226758794e+03 1.097079381719086255e+00 1.446725687624628946e-03
7.035893217579988232e+03 1.096575655840065444e+00 1.747917546318234882e-03
7.042929110797570502e+03 1.094088752625638428e+00 1.573005844342369825e-03
7.049972039908370789e+03 1.091199377769480616e+00 1.458164325195144976e-03
7.057022011948281033e+03 1.086795101007197450e+00 1.380528717373587407e-03
7.064079033960231754e+03 1.080837800132615323e+00 1.351613126418907667e-03
7.071143112994193871e+03 1.074353833156997728e+00 1.316598068115391786e-03
7.078214256107190522e+03 1.067000336124891868e+00 1.274092284012724686e-03
7.085292470363300708e+03 1.059423458847972066e+00 1.230922217788573596e-03
7.092377762833665656e+03 1.052270725675573892e+00 1.231950920466869711e-03
7.099470140596501551e+03 1.046058603893613048e+00 1.228523320876974325e-03
7.106569610737100447e+03 1.040677105378054579e+00 1.178743764977883447e-03
7.113676180347840273e+03 1.036296195911269535e+00 1.170438742330327840e-03
7.120789856528190285e+03 1.033251965282000695e+00 1.127627925471284213e-03
7.127910646384721076e+03 1.031260482115070820e+00 1.141452987601599290e-03
7.135038557031108212e+03 1.029994242577790597e+00 1.115436471202215299e-03
7.142173595588141325e+03 1.029824732654000208e+00 1.070764021262563198e-03
7.149315769183732300e+03 1.031235162083264489e+00 1.031889101566247626e-03
7.156465084952918005e+03 1.033732124464459279e+00 1.008204885415454020e-03
7.163621550037873021e+03 1.038512036692444074e+00 1.164177590794816895e-03
7.170785171587913283e+03 1.044005210841839837e+00 1.172660556040707033e-03
7.177955956759504261e+03 1.050295099103760066e+00 1.108393764410089966e-03
7.185133912716265513e+03 1.056794316080467810e+00 1.082334865514071988e-03
7.192319046628984324e+03 1.064328275947991509e+00 9.024093083815776109e-04
7.199511365675615707e+03 1.072072163389590660e+00 7.291303423773391875e-04
7.206710877041294225e+03 1.080006911546575354e+00 6.858428905149746785e-04
7.213917587918337631e+03 1.087965531070389957e+00 6.852137038906714987e-04
7.221131505506257781e+03 1.095916986224769962e+00 6.681511343786707005e-04
7.228352637011767001e+03 1.103639520820093534e+00 6.573810596338678985e-04
7.235580989648780815e+03 1.110965982377540184e+00 6.119144275308863136e-04
7.242816570638432495e+03 1.118175557730944236e+00 6.340471870865899227e-04
7.250059387209073066e+03 1.125155083616717011e+00 6.736895299827249089e-04
7.257309446596284033e+03 1.131765334432911052e+00 6.848248854558511116e-04
7.264566756042882844e+03 1.137437090229605152e+00 7.658907782844066219e-04
7.271831322798928340e+03 1.142339070545502544e+00 8.700612494636207573e-04
7.279103154121729858e+03 1.146243805863373710e+00 9.988131337098371271e-04
7.286382257275853590e+03 1.149204840287349594e+00 1.196986611156640196e-03
7.293668639533132591e+03 1.151091556120800607e+00 1.454008667305827472e-03
7.300962308172667690e+03 1.151703948112130060e+00 1.853723168021220247e-03
7.308263270480842948e+03 1.151163913840832942e+00 2.296700499207418068e-03
7.315571533751325660e+03 1.148849480163082859e+00 2.990256526328756784e-03
7.322887105285079997e+03 1.145292120854899176e+00 3.617302889489483128e-03
7.330209992390367006e+03 1.139179320816771757e+00 4.854870355832146579e-03
7.337540202382760071e+03 1.130339509383420094e+00 6.514195446289557795e-03
7.344877742585144915e+03 1.117903251221735506e+00 8.860592154781762528e-03
