# starting wavelength: 3292.130
# ending wavelength: 10424.100
# wav flux eflux
3.294992518429529355e+03 -3.631998018519879690e-01 7.951057187911234614e-01
3.298287510947960072e+03 -1.050649661652324207e-01 6.927150867515172727e-01
3.301585798458909267e+03 -3.682210564987821455e-02 5.375396789713866585e-01
3.304887384257369376e+03 -4.089363739776888385e-02 4.317267797543448138e-01
3.308192271641627485e+03 -7.285711978207182193e-03 3.395504316543944689e-01
3.311500463913270323e+03 5.211671344851290244e-02 2.724540490349407484e-01
3.314811964377184722e+03 8.751220083052543841e-02 2.228127885954607479e-01
3.318126776341563072e+03 1.058131161350455152e-01 1.855248941528965245e-01
3.321444903117905596e+03 1.103492557428349397e-01 1.573732083984608898e-01
3.324766348021024896e+03 1.173262734996167456e-01 1.356252720871642115e-01
3.328091114369046863e+03 1.424433182417315091e-01 1.210296425714544322e-01
3.331419205483417045e+03 1.682505749768731795e-01 1.088383165290849469e-01
3.334750624688901553e+03 2.179070451119616281e-01 1.010175194198231347e-01
3.338085375313591612e+03 2.681128905861960288e-01 9.553076034710226982e-02
3.341423460688906289e+03 2.659797821072705792e-01 9.046190707797127639e-02
3.344764884149596128e+03 3.108887156401821117e-01 8.693451788919852319e-02
3.348109649033746791e+03 3.621833781919809314e-01 8.529207197327290380e-02
3.351457758682781787e+03 3.813656446805242517e-01 8.282539315206419173e-02
3.354809216441465651e+03 3.621907013713536738e-01 8.111945500953095245e-02
3.358164025657908041e+03 3.727329534290122481e-01 7.968729526875314995e-02
3.361522189683567376e+03 4.256601554434816248e-01 7.473709271708954549e-02
3.364883711873251741e+03 4.304179993269968696e-01 7.477571184316790520e-02
3.368248595585126168e+03 4.082813408305485670e-01 7.453819787514442963e-02
3.371616844180712633e+03 3.892385199563894171e-01 7.461295753391469776e-02
3.374988461024894150e+03 3.930840777900169725e-01 7.569044763001427090e-02
3.378363449485920228e+03 3.513206258537672211e-01 7.359797020656128064e-02
3.381741812935407324e+03 2.698751120849285368e-01 7.211940813998073130e-02
3.385123554748343849e+03 2.382253850868306377e-01 7.231675686425625971e-02
3.388508678303093347e+03 2.706629999610722925e-01 7.106878977837746691e-02
3.391897186981397681e+03 3.149437372229167420e-01 7.233296004235004184e-02
3.395289084168380214e+03 3.286520704336009513e-01 7.394034000995255984e-02
3.398684373252549449e+03 3.592392962394794775e-01 7.177211940022641679e-02
3.402083057625803121e+03 3.789255747881480341e-01 7.070644143587183350e-02
3.405485140683430018e+03 3.559068128876630710e-01 6.932857902132172345e-02
3.408890625824114522e+03 3.472308640305879490e-01 6.942374591434717634e-02
3.412299516449939802e+03 3.586667672373328175e-01 6.887173356569668836e-02
3.415711815966390986e+03 3.505665751490020243e-01 6.765776632409598035e-02
3.419127527782358356e+03 3.675184983844483888e-01 6.789699036093407858e-02
3.422546655310141887e+03 4.121857139611197485e-01 6.223263458559024491e-02
3.425969201965453522e+03 4.067478377579596960e-01 6.201088957725800488e-02
3.429395171167419903e+03 4.151340430572629803e-01 6.194230273518961521e-02
3.432824566338588284e+03 3.962751577377830459e-01 6.332438825531659654e-02
3.436257390904928343e+03 3.965295516292410838e-01 6.485908036252278908e-02
3.439693648295834464e+03 3.711981435524386863e-01 6.578241380057965604e-02
3.443133341944131189e+03 2.961453631048637791e-01 6.557326838798731294e-02
3.446576475286076402e+03 2.562979251688616844e-01 6.679442436910058845e-02
3.450023051761363604e+03 2.111234701413001458e-01 6.658667085245620343e-02
3.453473074813126004e+03 1.938370321220456161e-01 6.712016123392208766e-02
3.456926547887940615e+03 1.681910677553995759e-01 6.737708588349781980e-02
3.460383474435829612e+03 1.463047909916324330e-01 6.768421274719775560e-02
3.463843857910266706e+03 1.231387162739805419e-01 6.688026034563919475e-02
3.467307701768178049e+03 1.635052036044520041e-01 6.609519185331257096e-02
3.470775009469947236e+03 1.747374929851644720e-01 6.639570812021393376e-02
3.474245784479418489e+03 1.534659423189191907e-01 6.435316408042129899e-02
3.477720030263898934e+03 1.553823917559275236e-01 6.468809242323901587e-02
3.481197750294164052e+03 1.944946614062151857e-01 6.449251367481065311e-02
3.484678948044459503e+03 2.275072030102069098e-01 6.370136619369339004e-02
3.488163626992504760e+03 2.318729360359127745e-01 6.621300204163857450e-02
3.491651790619498570e+03 3.230712203016710138e-01 7.521142941041816798e-02
3.495143442410119405e+03 3.763119417867586414e-01 7.346688974169877928e-02
3.498638585852530468e+03 3.575873655886158131e-01 7.445096784030105774e-02
3.502137224438384237e+03 3.316941246125527654e-01 7.335697471519847523e-02
3.505639361662823831e+03 2.876123591653215739e-01 7.798579008008135749e-02
3.509145001024487556e+03 2.450599176616482244e-01 8.309271337503515431e-02
3.512654146025513455e+03 2.512257841110097645e-01 8.452994700252285110e-02
3.516166800171540217e+03 2.289262262419099470e-01 8.289990902530859629e-02
3.519682966971712631e+03 2.349999990422761420e-01 8.219019975307563508e-02
3.523202649938685681e+03 2.335838493017896866e-01 8.488677523820192805e-02
3.526725852588625457e+03 2.377325720562784017e-01 8.552430439293536024e-02
3.530252578441215064e+03 2.587044524903360232e-01 8.467032483112296726e-02
3.533782831019657806e+03 2.837883116610716017e-01 8.398874215872556559e-02
3.537316613850678550e+03 2.638675956586833959e-01 8.492488943016222869e-02
3.540853930464530094e+03 2.267886709164036452e-01 8.506078669889284571e-02
3.544394784394995895e+03 1.650785136939326159e-01 8.543014902521992027e-02
3.547939179179392340e+03 1.702201613833684846e-01 8.610076351180986909e-02
3.551487118358572843e+03 2.081937853872094235e-01 8.229830025454003273e-02
3.555038605476932389e+03 2.341524070580182915e-01 8.188549505176695442e-02
3.558593644082410719e+03 2.086068685182137228e-01 8.080056983709289764e-02
3.562152237726494150e+03 1.922968124489056740e-01 8.108035307811894965e-02
3.565714389964221937e+03 1.599832968118010124e-01 8.295870452458434241e-02
3.569280104354187188e+03 1.436722315024611674e-01 8.492131773564726149e-02
3.572849384458542772e+03 1.574071651117675552e-01 8.499179546731336354e-02
3.576422233843002232e+03 1.600195326749961622e-01 8.451918326203668175e-02
3.579998656076846601e+03 2.225272752932516140e-01 8.760686928924243944e-02
3.583578654732924406e+03 2.984823386380357491e-01 9.941646352398016140e-02
3.587162233387658489e+03 2.440884843086237876e-01 1.020191491093859065e-01
3.590749395621047370e+03 2.082386691875066920e-01 1.048041330475024124e-01
3.594340145016669794e+03 1.898136615427489515e-01 1.067389399504297676e-01
3.597934485161687462e+03 2.311824173976266272e-01 1.080924535131054104e-01
3.601532419646850485e+03 2.725769255685061010e-01 1.105166549187483888e-01
3.605133952066498296e+03 3.814611152860580834e-01 9.618735731009933621e-02
3.608739086018566013e+03 3.969820015686928993e-01 9.713862768946208981e-02
3.612347825104585809e+03 3.765922410699369394e-01 9.670445522226780999e-02
3.615960172929691907e+03 3.455927778673865136e-01 9.729250513265495781e-02
3.619576133102622407e+03 2.260347168223804104e-01 8.860099196992268777e-02
3.623195709235726554e+03 1.733783366093433753e-01 8.890563664292655544e-02
3.626818904944963379e+03 1.324156974463099323e-01 8.837865065461882053e-02
3.630445723849909427e+03 1.099963725243058854e-01 8.961727308429393024e-02
3.634076169573760581e+03 8.491138387965477263e-02 9.067485555305941636e-02
3.637710245743335690e+03 5.051287257162626054e-02 9.132765520716605578e-02
3.641347955989080219e+03 9.281574974973719194e-02 9.102169069802690249e-02
3.644989303945070333e+03 1.320998479544655824e-01 9.221046311868379142e-02
3.648634293249016537e+03 1.762921702468154272e-01 9.291608110882643157e-02
3.652282927542266862e+03 2.209257635944930909e-01 9.593606083325180445e-02
3.655935210469810499e+03 3.086922841844155219e-01 9.517849836592669199e-02
3.659591145680281443e+03 3.651216714013052478e-01 9.486446886601067330e-02
3.663250736825963031e+03 3.950652095577761314e-01 9.451671912606947334e-02
3.666913987562790226e+03 4.353196886430369950e-01 9.419215220938609301e-02
3.670580901550354156e+03 3.746681719384675757e-01 9.750535839069759958e-02
3.674251482451905758e+03 3.009476592143695006e-01 9.947982520051097677e-02
3.677925733934358959e+03 2.746854501595300535e-01 9.851670734390144402e-02
3.681603659668294313e+03 3.062585337864275337e-01 9.822014560949354767e-02
3.685285263327964003e+03 2.855143999704290447e-01 9.895708003876155234e-02
3.688970548591293209e+03 3.333240029572342999e-01 9.166913282807660768e-02
3.692659519139885560e+03 2.276065443167551994e-01 7.880936724377664293e-02
3.696352178659026777e+03 1.105941500595826327e-01 7.047888427509425846e-02
3.700048530837686940e+03 4.689900705659708069e-03 6.702862638021882258e-02
3.703748579368525952e+03 -2.026367988937534392e-02 6.615910360302487692e-02
3.707452327947895355e+03 -4.375344959909496789e-02 6.461848553502667902e-02
3.711159780275844696e+03 -8.181924101610173194e-02 6.317910931430209542e-02
3.714870940056121526e+03 -5.868647421010649012e-02 6.207103761305828027e-02
3.718585810996179134e+03 -5.069435592906317012e-02 6.269871427863339675e-02
3.722304396807176545e+03 -1.843070524417354805e-02 5.836865920104551686e-02
3.726026701203984885e+03 -2.146806759578337442e-02 5.898581711332454708e-02
3.729752727905190113e+03 3.620417200208489450e-04 5.839685547737017562e-02
3.733482480633096657e+03 -3.664023279657767362e-02 5.609425586727685709e-02
3.737215963113731050e+03 -6.549572743821306664e-02 5.415870079848573299e-02
3.740953179076846027e+03 -9.682975339373232904e-02 5.202489347772402961e-02
3.744694132255923705e+03 -8.394116673265432371e-02 5.238721136430915526e-02
3.748438826388181042e+03 -9.135617047083810505e-02 5.332684058250540537e-02
3.752187265214570289e+03 -3.399654017140493062e-02 5.368267132366431188e-02
3.755939452479786269e+03 4.273924114164501242e-02 5.334015680543523208e-02
3.759695391932267285e+03 6.655527785413095643e-02 5.348140850818314945e-02
3.763455087324201031e+03 8.896178685847475065e-02 5.275838772364656315e-02
3.767218542411526414e+03 6.289347430666222816e-02 5.229168547913828208e-02
3.770985760953939007e+03 4.715809222501119585e-02 5.003486169733750016e-02
3.774756746714894234e+03 1.190366073000190955e-03 4.127305006366956130e-02
3.778531503461610555e+03 4.005875150253854211e-02 3.778271285874358620e-02
3.782310034965073100e+03 5.921159081083232634e-02 3.638929312199432747e-02
3.786092345000039586e+03 4.291935606330926634e-02 3.615321932113298858e-02
3.789878437345040766e+03 4.986579918695901309e-02 3.452317446967588521e-02
3.793668315782387253e+03 1.754934354614348657e-02 3.634825732880442306e-02
3.797461984098170888e+03 -4.043454086006897930e-03 3.611967158593709648e-02
3.801259446082270188e+03 -1.863034482837541694e-02 3.459336548493448238e-02
3.805060705528353537e+03 -9.528573766581074911e-03 3.493803356367983920e-02
3.808865766233883278e+03 9.762579371571392106e-03 3.531028799237228427e-02
3.812674632000118436e+03 4.488162768303563532e-02 3.542293874914690527e-02
3.816487306632119726e+03 7.012570919036885397e-02 3.520867091949484579e-02
3.820303793938753188e+03 9.305950450040012534e-02 3.654350022248124830e-02
3.824124097732693372e+03 1.081724107811224411e-01 3.653626913866717119e-02
3.827948221830427428e+03 1.038743221613176032e-01 3.699375768696221145e-02
3.831776170052258749e+03 9.289166395863146519e-02 3.744877034251625075e-02
3.835607946222312421e+03 9.217640659464966524e-02 3.689443056912473234e-02
3.839443554168536139e+03 5.978815233779062599e-02 3.550010948962661200e-02
3.843282997722705659e+03 6.896027854317744905e-03 3.403146577094751102e-02
3.847126280720429804e+03 8.189387329887692912e-03 3.103749405678013842e-02
3.850973407001151372e+03 1.567120808984909415e-03 3.045121178850751162e-02
3.854824380408153957e+03 -3.433080373819395736e-02 2.846984375094631023e-02
3.858679204788563311e+03 -6.394193273009923795e-02 2.840594393616290014e-02
3.862537883993353262e+03 -9.434618401463946979e-02 2.604398294236614370e-02
3.866400421877347981e+03 -9.057629053013621645e-02 3.010027084188317270e-02
3.870266822299226533e+03 -8.379328338669597698e-02 2.730404425191294143e-02
3.874137089121526969e+03 -9.163302780274402981e-02 2.904356724545782698e-02
3.878011226210649966e+03 -6.386014154462599235e-02 2.993341261998841776e-02
3.881889237436861549e+03 -2.667467769608094022e-02 3.287772090505263617e-02
3.885771126674299921e+03 -4.122672629631656677e-02 3.532079593082120689e-02
3.889656897800975457e+03 -5.987866852306993060e-02 3.679536099205164834e-02
3.893546554698777527e+03 -7.764593105614302215e-02 3.870920632121484239e-02
3.897440101253477678e+03 -6.987902167078274829e-02 3.938943315127730466e-02
3.901337541354732366e+03 -5.475082518243639534e-02 3.893508934420118056e-02
3.905238878896088409e+03 -6.201928323975071378e-03 4.011614830450561942e-02
3.909144117774985716e+03 4.896819644347152889e-02 4.054411453526118869e-02
3.913053261892762293e+03 8.766135904243760324e-02 4.083406134666056619e-02
3.916966315154656058e+03 1.133466644052306960e-01 4.064681298332375320e-02
3.920883281469812118e+03 1.541294817848860299e-01 4.025425104302127882e-02
3.924804164751283224e+03 2.019413914183003089e-01 3.991044505395001385e-02
3.928728968916035683e+03 2.393377934585003697e-01 4.135574093214124808e-02
3.932657697884953450e+03 2.109763215782675116e-01 4.362303500031314285e-02
3.936590355582839493e+03 1.812852254234185445e-01 4.599403005579493636e-02
3.940526945938423523e+03 1.871799529260625983e-01 4.680868899492838381e-02
3.944467472884363360e+03 1.732792957758931829e-01 4.694222450852382489e-02
3.948411940357249023e+03 1.777087806377684875e-01 4.740363218833332226e-02
3.952360352297607733e+03 1.603195373763858234e-01 4.903031531619140432e-02
3.956312712649906643e+03 1.365234515736598597e-01 4.430751326852094829e-02
3.960269025362557841e+03 1.448106930566912531e-01 4.358478776515372494e-02
3.964229294387921527e+03 2.641202368502789111e-01 4.333785839909146814e-02
3.968193523682310570e+03 3.545943816828817652e-01 4.033371998248547197e-02
3.972161717205994591e+03 3.639240186465022564e-01 4.110140244223029621e-02
3.976133878923201792e+03 3.587323834295052527e-01 4.543650053224131818e-02
3.980110012802126221e+03 4.049330347004851394e-01 4.701471466718316894e-02
3.984090122814929600e+03 4.442026396496471796e-01 4.835683708553096399e-02
3.988074212937745870e+03 4.384593001360043152e-01 4.889806798244984015e-02
3.992062287150684824e+03 3.855946303965058219e-01 5.158908614421533340e-02
3.996054349437837118e+03 4.043698207113743393e-01 5.877399481596495140e-02
4.000050403787276082e+03 3.809559993587798843e-01 6.081215777247832993e-02
4.004050454191064546e+03 3.363555958050492012e-01 6.354545220370395875e-02
4.008054504645257111e+03 3.839576521360865691e-01 6.521585415247527218e-02
4.012062559149903791e+03 3.421901025727028811e-01 6.471489218641179875e-02
4.016074621709055009e+03 3.090642969876747359e-01 6.570441770824210492e-02
4.020090696330765240e+03 3.489993389868040197e-01 6.606490932811800998e-02
4.024110787027097558e+03 3.905283154213223251e-01 6.562425454549339343e-02
4.028134897814125907e+03 4.344446039814380822e-01 6.751234666249589234e-02
4.032163032711941469e+03 4.664947018469771667e-01 7.224547735785281921e-02
4.036195195744654484e+03 4.479201110316570755e-01 7.254471391916302025e-02
4.040231390940400615e+03 4.121976374292966594e-01 7.371587667087269036e-02
4.044271622331342314e+03 3.856790582271351076e-01 7.600973077821236712e-02
4.048315893953675186e+03 3.747210262730618080e-01 7.617748045555777781e-02
4.052364209847629809e+03 3.269200629745464548e-01 7.559585056364453992e-02
4.056416574057479011e+03 2.640378017911487740e-01 7.394476991972219471e-02
4.060472990631537868e+03 1.993362900126614545e-01 7.571568609075399192e-02
4.064533463622170530e+03 1.237613152857655052e-01 7.629283624258616225e-02
4.068597997085794304e+03 8.473652242196072493e-02 7.305599124094927510e-02
4.072666595082881486e+03 7.480855301260708190e-02 7.240381250377732336e-02
4.076739261677965715e+03 1.722109085536002726e-01 6.787209134384883380e-02
4.080816000939644709e+03 2.073426540174491128e-01 6.491813768226942227e-02
4.084896816940585722e+03 3.358058602630529799e-01 6.290625413876138605e-02
4.088981713757527814e+03 4.468467810943621554e-01 5.939555997420162964e-02
4.093070695471286854e+03 5.515682778845464318e-01 6.018534309924383763e-02
4.097163766166759160e+03 6.624080010339210567e-01 6.120839315168567080e-02
4.101260929932927866e+03 7.254054223926797995e-01 5.997755650971560437e-02
4.105362190862862008e+03 7.500854914151007247e-01 5.884007020571853375e-02
4.109467553053726078e+03 7.654047845147050610e-01 5.873268070960458581e-02
4.113577020606780934e+03 7.407977060337253006e-01 5.764138362493882728e-02
4.117690597627389252e+03 6.958899064116560451e-01 5.554572791740164384e-02
4.121808288225018259e+03 5.687279961819788898e-01 4.476999598979966577e-02
4.125930096513244280e+03 5.602741645981235141e-01 4.526330123804984951e-02
4.130056026609759101e+03 5.340721453873786828e-01 4.504489433659177727e-02
4.134186082636369974e+03 5.322121420563141747e-01 4.501799653176808552e-02
4.138320268719007800e+03 5.200815923457912104e-01 4.280149049757640128e-02
4.142458588987728035e+03 5.357732606176194290e-01 4.348987636006455826e-02
4.146601047576717065e+03 6.164903818376165079e-01 5.154213661033641564e-02
4.150747648624294925e+03 6.988491057379175864e-01 5.382908307238783163e-02
4.154898396272920763e+03 7.840895420036742003e-01 5.377448220900803155e-02
4.159053294669195566e+03 8.641202263360601155e-01 5.522895677103237949e-02
4.163212347963865795e+03 9.066118814485926158e-01 5.748989612876949373e-02
4.167375560311830668e+03 8.229975573767349672e-01 6.065452497667304932e-02
4.171542935872143971e+03 7.695846835120175866e-01 6.014190334730460524e-02
4.175714478808017702e+03 6.936947759892123644e-01 6.139828619357484002e-02
4.179890193286827525e+03 5.664066509017862128e-01 6.548238191540846354e-02
4.184070083480115500e+03 4.770816593356477231e-01 6.625842256908268113e-02
4.188254153563597356e+03 3.863624083623987682e-01 6.189111428940699544e-02
4.192442407717161586e+03 3.004642952478347451e-01 6.096866026573804359e-02
4.196634850124880359e+03 2.797511811475852372e-01 6.048182432537835967e-02
4.200831484975006788e+03 2.913681346315753484e-01 6.139725814110249397e-02
4.205032316459983122e+03 3.424821701304089361e-01 5.917286255636175496e-02
4.209237348776444378e+03 4.280520818278567008e-01 5.876325688845573242e-02
4.213446586125221984e+03 5.305531470686928319e-01 5.745518461001004190e-02
4.217660032711349231e+03 6.001199607751539489e-01 5.580991939650536970e-02
4.221877692744061278e+03 6.195790974524627570e-01 5.731944622168675535e-02
4.226099570436806971e+03 6.247908567522388879e-01 5.366635207494587639e-02
4.230325670007245208e+03 6.495169864345606836e-01 4.977501489046012167e-02
4.234555995677254032e+03 6.483061557277141063e-01 4.761514620876194231e-02
4.238790551672932452e+03 6.471406588046144659e-01 4.675581783041277834e-02
4.243029342224606808e+03 6.505060247494417469e-01 4.553749077134625761e-02
4.247272371566832589e+03 6.186445719276437716e-01 4.476757907408557974e-02
4.251519643938400804e+03 5.583247496942955745e-01 4.628274595537449493e-02
4.255771163582340705e+03 5.312543049802513906e-01 4.530076470937960398e-02
4.260026934745924336e+03 4.912535380407503371e-01 4.115629062691660706e-02
4.264286961680671993e+03 4.891327012107070105e-01 4.137741084777279976e-02
4.268551248642354039e+03 5.291920263769643862e-01 3.732845699268520084e-02
4.272819799890998183e+03 5.515652162787227919e-01 3.956401752431577129e-02
4.277092619690890388e+03 5.558187212678253886e-01 3.971513729891458511e-02
4.281369712310583054e+03 5.044990830848230523e-01 4.232350434657573823e-02
4.285651082022895025e+03 4.612321700942946245e-01 4.278320505220253173e-02
4.289936733104918858e+03 4.315545864489486738e-01 4.282679110160574759e-02
4.294226669838025373e+03 3.877260640060780639e-01 4.197592601430039788e-02
4.298520896507864563e+03 2.999577109521193163e-01 4.238333672295541837e-02
4.302819417404373780e+03 2.187021000867929443e-01 4.016611812331474796e-02
4.307122236821779552e+03 1.522508855384192006e-01 4.335553390662204992e-02
4.311429359058603040e+03 1.486565030582930880e-01 4.317949417163885473e-02
4.315740788417662770e+03 1.786414142844911512e-01 4.250353932953139513e-02
4.320056529206081905e+03 2.602366785435140106e-01 4.271116661889506894e-02
4.324376585735290064e+03 4.113420371366054429e-01 4.413043075747061922e-02
4.328700962321026054e+03 5.854897384234500901e-01 4.831626614942283876e-02
4.333029663283348782e+03 6.762816427046932644e-01 4.806486505302776796e-02
4.337362692946633615e+03 8.133096150320888729e-01 4.727892544985624890e-02
4.341700055639581478e+03 9.050460779916020826e-01 4.630632383715262840e-02
4.346041755695222491e+03 9.733606423777665384e-01 4.665034844745363785e-02
4.350387797450919606e+03 9.541674709867107307e-01 4.821277985651464815e-02
4.354738185248371337e+03 9.831032042953701255e-01 4.585802374655671004e-02
4.359092923433621763e+03 9.141323841836441755e-01 5.029839072512241188e-02
4.363452016357056891e+03 8.085002956016489328e-01 4.332350153843492896e-02
4.367815468373414660e+03 7.506082110911121985e-01 4.032417888531066724e-02
4.372183283841789489e+03 7.655749561899352074e-01 4.262511566651454309e-02
4.376555467125633186e+03 7.676860898571642444e-01 4.337752941254028466e-02
4.380932022592760404e+03 7.975707323350491595e-01 4.331525369084948673e-02
4.385312954615354101e+03 8.826785213361010296e-01 4.495587228898850068e-02
4.389698267569970994e+03 9.367175834371902488e-01 4.395519355327878047e-02
4.394087965837542470e+03 1.038672470946469639e+00 3.693569060920033620e-02
4.398482053803381859e+03 1.052841995319276025e+00 3.805064735109651292e-02
4.402880535857186260e+03 1.086422288648548840e+00 4.100426913107309973e-02
4.407283416393044718e+03 1.085832247898442571e+00 4.088668655277052227e-02
4.411690699809440048e+03 1.075563448157084601e+00 4.002035552046650374e-02
4.416102390509250654e+03 9.988145736755754678e-01 3.839918043508461221e-02
4.420518492899761441e+03 9.409233957598827081e-01 3.727097849667253965e-02
4.424939011392662906e+03 8.797634501906581583e-01 3.632548446604432629e-02
4.429363950404056595e+03 8.371869743971652733e-01 3.788273388560107341e-02
4.433793314354462382e+03 8.308740064582874618e-01 4.027416646882966966e-02
4.438227107668818462e+03 9.071693729335957856e-01 4.359358230852525967e-02
4.442665334776488635e+03 9.591162839292777242e-01 4.470769424525842389e-02
4.447108000111265937e+03 1.024154278827654307e+00 4.599124280317193336e-02
4.451555108111379013e+03 1.073497768940611330e+00 4.618212124675476898e-02
4.456006663219492111e+03 1.088395022187476524e+00 4.761272621793821713e-02
4.460462669882713271e+03 1.089025248165486959e+00 5.166982414534202622e-02
4.464923132552597053e+03 1.115173244001008257e+00 5.122309450330750358e-02
4.469388055685150903e+03 1.191734311930129575e+00 5.323989188916261606e-02
4.473857443740837880e+03 1.218712358063230639e+00 5.189533524067339171e-02
4.478331301184580298e+03 1.258333583009577872e+00 5.600486054544511622e-02
4.482809632485766087e+03 1.227056192142158553e+00 5.499803304560058059e-02
4.487292442118253348e+03 1.233412063058011210e+00 5.218588798977159132e-02
4.491779734560373072e+03 1.191262999240231046e+00 5.216143683200177850e-02
4.496271514294934605e+03 1.182726601386848486e+00 5.163792457853354223e-02
4.500767785809231100e+03 1.128217835934912205e+00 5.247252989262019690e-02
4.505268553595042249e+03 1.093631854083345623e+00 5.090630442893289559e-02
4.509773822148638828e+03 9.927695680101483733e-01 5.180840033212567863e-02
4.514283595970789065e+03 8.149502716781039657e-01 5.089046305817448296e-02
4.518797879566761367e+03 6.853487883073323683e-01 4.874743654075839455e-02
4.523316677446328868e+03 5.972301215267291630e-01 4.859635088483293258e-02
4.527839994123776705e+03 5.161448104492636357e-01 5.122685514590425565e-02
4.532367834117902021e+03 5.762360496160825463e-01 5.072026413456143246e-02
4.536900201952022144e+03 6.830922584636202055e-01 5.068471851918207594e-02
4.541437102153975502e+03 8.203331920201579752e-01 5.068613537970208249e-02
4.545978539256130716e+03 9.809102756820053948e-01 5.205393895819762640e-02
4.550524517795388419e+03 1.184808889649974883e+00 5.390841702928129281e-02
4.555075042313184895e+03 1.393154659942666962e+00 5.296031074326756211e-02
4.559630117355500261e+03 1.625480782948046210e+00 5.049951937254565371e-02
4.564189747472856652e+03 1.873692694030821393e+00 4.386117343903277177e-02
4.568753937220330954e+03 2.035993091779988440e+00 4.459779954964723792e-02
4.573322691157552981e+03 2.134394418592858056e+00 4.447082157680801867e-02
4.577896013848711846e+03 2.168750926572135640e+00 4.427792903242265543e-02
4.582473909862562323e+03 2.131631759471900089e+00 4.641393065006560459e-02
4.587056383772426670e+03 2.040709787608051329e+00 4.520933030312245665e-02
4.591643440156200086e+03 1.963215866102263618e+00 4.525879591355152359e-02
4.596235083596357981e+03 1.860420489707713454e+00 4.471857243490160588e-02
4.600831318679955984e+03 1.747815651655379554e+00 4.571842300741042753e-02
4.605432149998637215e+03 1.693644794280732224e+00 4.271615398437079297e-02
4.610037582148637739e+03 1.660499911023399999e+00 4.070939221629513161e-02
4.614647619730787483e+03 1.584187926514097455e+00 3.897537193815792805e-02
4.619262267350520233e+03 1.557775393547407905e+00 3.850539457773460156e-02
4.623881529617872729e+03 1.554556923930707324e+00 3.816460721332207845e-02
4.628505411147491941e+03 1.572215934704427776e+00 3.581071101095265052e-02
4.633133916558640522e+03 1.574545683652921912e+00 3.568560627159055032e-02
4.637767050475200449e+03 1.607749551914654962e+00 3.372484848875816066e-02
4.642404817525677572e+03 1.572212896149887573e+00 3.403814384311367597e-02
4.647047222343205249e+03 1.490863121290013416e+00 3.560696469424640825e-02
4.651694269565549803e+03 1.436436943391892651e+00 3.521791980765284769e-02
4.656345963835116891e+03 1.399474652535338759e+00 3.536007016370857486e-02
4.661002309798953320e+03 1.350580592861998719e+00 3.457566678193207260e-02
4.665663312108753416e+03 1.307616208421062076e+00 3.514569408758978081e-02
4.670328975420864481e+03 1.280105228418833896e+00 3.444563727536149866e-02
4.674999304396286789e+03 1.268747363178975185e+00 3.325259331888654607e-02
4.679674303700684504e+03 1.259841855396121479e+00 3.345378111351559464e-02
4.684353978004386590e+03 1.290033716193748070e+00 3.378273068430789200e-02
4.689038331982392265e+03 1.266198080209412158e+00 3.374571601060186860e-02
4.693727370314376458e+03 1.274794616834746819e+00 3.471701244727318225e-02
4.698421097684692540e+03 1.343232116265228093e+00 3.593927076032395196e-02
4.703119518782378691e+03 1.349351183466515947e+00 3.620065329420203010e-02
4.707822638301162442e+03 1.391887998253671377e+00 3.690859088767799862e-02
4.712530460939465229e+03 1.410332348640139344e+00 3.737584529498815672e-02
4.717242991400406027e+03 1.436095390910628655e+00 3.808284202104104954e-02
4.721960234391808626e+03 1.441289575026957870e+00 3.799158229835251921e-02
4.726682194626201635e+03 1.451927049767452793e+00 3.749689833445592896e-02
4.731408876820829391e+03 1.477694376938754273e+00 3.487106448781609330e-02
4.736140285697651962e+03 1.439113925603814570e+00 3.279137540166186110e-02
4.740876425983350600e+03 1.429032615890398539e+00 3.240316482116155361e-02
4.745617302409335934e+03 1.397718640618240027e+00 3.278292887481395329e-02
4.750362919711747054e+03 1.409394552044075377e+00 3.296488817778388952e-02
4.755113282631459697e+03 1.377844267179207938e+00 3.387846686492307358e-02
4.759868395914093526e+03 1.315044593209518053e+00 3.575620977902162212e-02
4.764628264310008490e+03 1.280429860493761840e+00 3.754063224180018143e-02
4.769392892574320285e+03 1.274644484001763223e+00 3.723619218543852694e-02
4.774162285466896719e+03 1.290093994689236467e+00 3.714757363500919424e-02
4.778936447752364984e+03 1.266967842128802424e+00 3.847732721462741173e-02
4.783715384200118933e+03 1.233729974279619057e+00 3.999259141456135147e-02
4.788499099584319993e+03 1.195526097384546738e+00 3.713226748976039548e-02
4.793287598683906253e+03 1.085213194524371705e+00 3.830261295494791218e-02
4.798080886282591564e+03 9.346990690131440349e-01 3.845242202382458119e-02
4.802878967168876443e+03 7.767622849315400924e-01 3.775982030553378527e-02
4.807681846136046261e+03 5.726585319368086013e-01 4.020773353326952126e-02
4.812489527982183972e+03 3.193667491574382344e-01 4.767468702553413068e-02
4.817302017510168298e+03 1.346637417414964233e-01 4.928502512268815444e-02
4.822119319527679181e+03 3.367375597037181034e-02 4.908892955760054549e-02
4.826941438847208701e+03 -1.977524173410216690e-02 4.638588615339308413e-02
4.831768380286057436e+03 9.245713275791156427e-03 4.683716419293318389e-02
4.836600148666345376e+03 1.248822275813500360e-01 5.011326529527737605e-02
4.841436748815013743e+03 3.023134090229294690e-01 4.533796040286711820e-02
4.846278185563829538e+03 5.357676274007596717e-01 4.096585460535549089e-02
4.851124463749395545e+03 7.475898359686522499e-01 3.983630130518803214e-02
4.855975588213146693e+03 9.938462474763740673e-01 4.130437585984264581e-02
4.860831563801360971e+03 1.277046429390737536e+00 4.893302419149082177e-02
4.865692395365163975e+03 1.467288889233582916e+00 5.134408918639785796e-02
4.870558087760530725e+03 1.566800947625143881e+00 5.143992151410586855e-02
4.875428645848292945e+03 1.590941312056990187e+00 5.581200975456242913e-02
4.880304074494142696e+03 1.549364776742169436e+00 6.295808760797449999e-02
4.885184378568638749e+03 1.527925853216276719e+00 6.311366959392590570e-02
4.890069562947209306e+03 1.499001473224552683e+00 6.026830164328862011e-02
4.894959632510157462e+03 1.570639661231328699e+00 6.017599815882011816e-02
4.899854592142669389e+03 1.639271816196555820e+00 5.843351148758685332e-02
4.904754446734813428e+03 1.757479507979406330e+00 5.794852929013869641e-02
4.909659201181550088e+03 1.886029346293201847e+00 5.620012602711857430e-02
4.914568860382732964e+03 2.128052551930890157e+00 5.767734190339324218e-02
4.919483429243117826e+03 2.365055906355196136e+00 5.738312780319412137e-02
4.924402912672362618e+03 2.579495623081758282e+00 5.186698237720233778e-02
4.929327315585036558e+03 2.703421374686143963e+00 4.474572290341865405e-02
4.934256642900622865e+03 2.707849352674874588e+00 4.410352258828875022e-02
4.939190899543525120e+03 2.583193310481809668e+00 4.647883323943407391e-02
4.944130090443070912e+03 2.361235129660053556e+00 3.969713419564911694e-02
4.949074220533515472e+03 2.086106636543353154e+00 3.352901071066914651e-02
4.954023294754050767e+03 1.884563813833336710e+00 3.422315457510755748e-02
4.958977318048806410e+03 1.665926057408027239e+00 3.395071424600207971e-02
4.963936295366856939e+03 1.453299202517079669e+00 3.515493453905291915e-02
4.968900231662225451e+03 1.216941730064959426e+00 3.849649228972139292e-02
4.973869131893889062e+03 1.024652141675428396e+00 3.827028027962069145e-02
4.978843001025784361e+03 9.086976573092148124e-01 3.897917815415479631e-02
4.983821844026811959e+03 8.579759311481314210e-01 3.916369923371500195e-02
4.988805665870840130e+03 8.958629145965458784e-01 4.101620694849071602e-02
4.993794471536712990e+03 9.746630424115695357e-01 4.294040134779895240e-02
4.998788266008251412e+03 1.130273208784317696e+00 4.335655610962803330e-02
5.003787054274261209e+03 1.310481441244550016e+00 4.390610276057047706e-02
5.008790841328536771e+03 1.534524164462152784e+00 4.478221348701092591e-02
5.013799632169867436e+03 1.781578319276726718e+00 4.325820616927392864e-02
5.018813431802038394e+03 2.009236769918588461e+00 4.082701961266335666e-02
5.023832245233842514e+03 2.188407863282634480e+00 4.203932662209280274e-02
5.028856077479077612e+03 2.319084307165939052e+00 3.970753863089494795e-02
5.033884933556558281e+03 2.379100671657516042e+00 3.991752674662550626e-02
5.038918818490116792e+03 2.364863392684342980e+00 4.055829663371160465e-02
5.043957737308608557e+03 2.275157165466733744e+00 3.701434776921092712e-02
5.049001695045918495e+03 2.166653001916381882e+00 3.724843309791722040e-02
5.054050696740966487e+03 1.973327178434011397e+00 4.125932891628403265e-02
5.059104747437709193e+03 1.782812122575633706e+00 4.312489078409102033e-02
5.064163852185148244e+03 1.585879174276527914e+00 4.466036780237259834e-02
5.069228016037335692e+03 1.428187185717057828e+00 4.010334027604195439e-02
5.074297244053374015e+03 1.310221865403740082e+00 3.992484524380570526e-02
5.079371541297429758e+03 1.262211412321092796e+00 3.962081673278759764e-02
5.084450912838728073e+03 1.287447618904562052e+00 4.116309859967724055e-02
5.089535363751569093e+03 1.297197102674938041e+00 4.027315062744721286e-02
5.094624899115322478e+03 1.419557603216279329e+00 4.223677507838909106e-02
5.099719524014439230e+03 1.524350320506997702e+00 4.090046329458844193e-02
5.104819243538455339e+03 1.597118113204469614e+00 3.748067836972061168e-02
5.109924062781995417e+03 1.601309321523104012e+00 3.974255699482275028e-02
5.115033986844779065e+03 1.559600419359114420e+00 4.254000073016329930e-02
5.120149020831625421e+03 1.511223573107077112e+00 4.235962162353355126e-02
5.125269169852458617e+03 1.430578884623847191e+00 4.228686683627616572e-02
5.130394439022313236e+03 1.326426445021275713e+00 4.023115018885118493e-02
5.135524833461337039e+03 1.263294366247567080e+00 3.471556410727758696e-02
5.140660358294800062e+03 1.278196652200284555e+00 3.598480107512159326e-02
5.145801018653096435e+03 1.345987566150550041e+00 3.775148567085243739e-02
5.150946819671751655e+03 1.420204932953035293e+00 3.970585522449358168e-02
5.156097766491425318e+03 1.516953353581678821e+00 3.552880380396600257e-02
5.161253864257918394e+03 1.605183809749482382e+00 3.539104879225978689e-02
5.166415118122177773e+03 1.710261305931703557e+00 3.356144140850423480e-02
5.171581533240301724e+03 1.792873901859679098e+00 3.248726953806179568e-02
5.176753114773543530e+03 1.833546089973878912e+00 3.368980357443635693e-02
5.181929867888318768e+03 1.852574586041972005e+00 3.436484013194902876e-02
5.187111797756208944e+03 1.851402630674085836e+00 3.320457686862387375e-02
5.192298909553966951e+03 1.886155728514798513e+00 3.070165132677483630e-02
5.197491208463522526e+03 1.944390624177221971e+00 3.206682532457885010e-02
5.202688699671987706e+03 2.006402666098858756e+00 3.353777477549483438e-02
5.207891388371661378e+03 2.038867203296224506e+00 3.336842191892892828e-02
5.213099279760034733e+03 2.047070032323854871e+00 3.223618863683864327e-02
5.218312379039796724e+03 2.066536660194411290e+00 2.855362755024196814e-02
5.223530691418837705e+03 2.061727262250417692e+00 2.923955944193108378e-02
5.228754222110258524e+03 2.001942984566410733e+00 2.972255111351258458e-02
5.233982976332370527e+03 1.978339728677788845e+00 3.006135311319371034e-02
5.239216959308704645e+03 1.971827362212412726e+00 2.801996349645042433e-02
5.244456176268015042e+03 2.035547347569714116e+00 2.889927627741806920e-02
5.249700632444284565e+03 2.141317257721741640e+00 3.181821964623124388e-02
5.254950333076731113e+03 2.269894268183016539e+00 3.672198009347133613e-02
5.260205283409809454e+03 2.417967764825588173e+00 4.397976305229618632e-02
5.265465488693221232e+03 2.535758223806035438e+00 4.079210874986460844e-02
5.270730954181915877e+03 2.583371863837450988e+00 3.373618554545666781e-02
5.276001685136099695e+03 2.546345292405653105e+00 3.833306211063340629e-02
5.281277686821237694e+03 2.451126942087620275e+00 4.373494643993990766e-02
5.286558964508059944e+03 2.297927987815080009e+00 4.464341491088636565e-02
5.291845523472569766e+03 2.123128219176770415e+00 4.209576007021361560e-02
5.297137368996044643e+03 1.972504924287682648e+00 3.710374820403114504e-02
5.302434506365042580e+03 1.859128619015680606e+00 3.636405866867044312e-02
5.307736940871409388e+03 1.767088985298309822e+00 3.557158017831986430e-02
5.313044677812282316e+03 1.771712832350506694e+00 3.862881055859684887e-02
5.318357722490096421e+03 1.829290510890634547e+00 4.156048738516456703e-02
5.323676080212588204e+03 1.901474387889442452e+00 3.747071483328960617e-02
5.328999756292802886e+03 1.976493481672485286e+00 3.364572048889812733e-02
5.334328756049097137e+03 2.033310917285707564e+00 3.201669195183368122e-02
5.339663084805148173e+03 2.033622907094212451e+00 3.208746684177209846e-02
5.345002747889954662e+03 1.992363775636057932e+00 3.076837018129465265e-02
5.350347750637846730e+03 1.917013324593207502e+00 3.172638380617332637e-02
5.355698098388485960e+03 1.800327375348533598e+00 3.443843923397468115e-02
5.361053796486876308e+03 1.755577711580838640e+00 3.486665629285582574e-02
5.366414850283365013e+03 1.747776108469028200e+00 3.608090299717181537e-02
5.371781265133649867e+03 1.727461355023844680e+00 3.682593952061281872e-02
5.377153046398785591e+03 1.693519847516265164e+00 3.798509882396436388e-02
5.382530199445186554e+03 1.638675421827088918e+00 3.699544647865916913e-02
5.387912729644633146e+03 1.625531955963672504e+00 3.356090725539750269e-02
5.393300642374279960e+03 1.592662223610313399e+00 3.332313910745697549e-02
5.398693943016655794e+03 1.565470910274016969e+00 3.312913346530459158e-02
5.404092636959673655e+03 1.554370335494343447e+00 3.208487881144599790e-02
5.409496729596635305e+03 1.490722071292878370e+00 2.924913647850630946e-02
5.414906226326233991e+03 1.459385607842440535e+00 2.964553421025431165e-02
5.420321132552561721e+03 1.478739096711557677e+00 3.101232153686226886e-02
5.425741453685116539e+03 1.447117389715681046e+00 2.995444736436888092e-02
5.431167195138803436e+03 1.457060940180122666e+00 2.897714315623118111e-02
5.436598362333943442e+03 1.534259150041981101e+00 3.054069703817033701e-02
5.442034960696279086e+03 1.610695161532255559e+00 3.098844121952278388e-02
5.447476995656978033e+03 1.690080288038228629e+00 2.618922598170931454e-02
5.452924472652636723e+03 1.724833263915357406e+00 2.537070912894530753e-02
5.458377397125291282e+03 1.690966845906874738e+00 2.357586394720289150e-02
5.463835774522417523e+03 1.653315741854060494e+00 2.297700170098115197e-02
5.469299610296941864e+03 1.638924911194078904e+00 2.378330570038044919e-02
5.474768909907241323e+03 1.556740319340608414e+00 2.469483639712422365e-02
5.480243678817149885e+03 1.441826696423305965e+00 3.157709226681871401e-02
5.485723922495968509e+03 1.330519295663520118e+00 3.215944767815019645e-02
5.491209646418466946e+03 1.237964805120040479e+00 3.103131366560295604e-02
5.496700856064887375e+03 1.221942244591776472e+00 3.052343905027414886e-02
5.502197556920953502e+03 1.228517736741078670e+00 2.903574744027933793e-02
5.507699754477876013e+03 1.316871175711091357e+00 3.112297817984441620e-02
5.513207454232356213e+03 1.425131159548021609e+00 3.138421496418446199e-02
5.518720661686590574e+03 1.580703750115147077e+00 3.502211605941776135e-02
5.524239382348278923e+03 1.768170511797015676e+00 3.017967115768098799e-02
5.529763621730628984e+03 1.859931927309953492e+00 2.967212827040918710e-02
5.535293385352360929e+03 1.909194966607780319e+00 2.945674159037176346e-02
5.540828678737715563e+03 1.916664637379624558e+00 3.088677626515433372e-02
5.546369507416455235e+03 1.881356420007515684e+00 3.308718332771525689e-02
5.551915876923872929e+03 1.808655434984961285e+00 3.205218723513517110e-02
5.557467792800798634e+03 1.693959521381482869e+00 2.953900310047024788e-02
5.563025260593602070e+03 1.558949340295643582e+00 2.362978634359239397e-02
5.568588285854197238e+03 1.461330984485340378e+00 2.314494790012664241e-02
5.574156874140053333e+03 1.430183715994266969e+00 2.498298071878699705e-02
5.579731031014194741e+03 1.379144847690003450e+00 2.329266569566366268e-02
5.585310762045211050e+03 1.294691866050895701e+00 2.305712753727004460e-02
5.590896072807257951e+03 1.229052567917124916e+00 2.228108780530519556e-02
5.596486968880067252e+03 1.138574949478265541e+00 2.257926577248260680e-02
5.602083455848949598e+03 1.042815209637110607e+00 2.506368192809483447e-02
5.607685539304799931e+03 9.405836793993664902e-01 2.462640848002833199e-02
5.613293224844106589e+03 8.670471876955054835e-01 2.385092807514306579e-02
5.618906518068952209e+03 7.831285560426146652e-01 1.726800753024549870e-02
5.624525424587023736e+03 7.671106206767708269e-01 1.691295263394237622e-02
5.630149950011612418e+03 8.362279910007295314e-01 2.564632527911607160e-02
5.635780099961625638e+03 8.754161158106592566e-01 2.546038547640229119e-02
5.641415880061589633e+03 9.024269222016533254e-01 2.586793083558602477e-02
5.647057295941652228e+03 9.530506617799555658e-01 2.584713861320565506e-02
5.652704353237596479e+03 1.020635731881850194e+00 2.629693812051836152e-02
5.658357057590835211e+03 1.081089847706117713e+00 2.489217635302742523e-02
5.664015414648428305e+03 1.078640715883327106e+00 2.749587598838312483e-02
5.669679430063079053e+03 1.062701632847485644e+00 2.650974490074730142e-02
5.675349109493143260e+03 1.062749856557769323e+00 2.535774973541968236e-02
5.681024458602638333e+03 1.084850676880817710e+00 2.512281971362842134e-02
5.686705483061243285e+03 1.119641565968004349e+00 2.593748840215490473e-02
5.692392188544306009e+03 1.163177405330933389e+00 2.726241402505717379e-02
5.698084580732852373e+03 1.213232231637369818e+00 2.588568838105146167e-02
5.703782665313587131e+03 1.234143670491587130e+00 2.530308749946796193e-02
5.709486447978903016e+03 1.234907225431230993e+00 2.509752229416971001e-02
5.715195934426883468e+03 1.226829868708713578e+00 2.511635144796481312e-02
5.720911130361312644e+03 1.208306942952526386e+00 2.539115369715564535e-02
5.726632041491675409e+03 1.140120771274509393e+00 2.539809818126093077e-02
5.732358673533169167e+03 1.077107338124415170e+00 2.544626600968610125e-02
5.738091032206703858e+03 1.058415232995201904e+00 2.653126612230291559e-02
5.743829123238912871e+03 9.639995253531961072e-01 2.572121828793171722e-02
5.749572952362153046e+03 8.164755522840378976e-01 2.500382056745861087e-02
5.755322525314517407e+03 6.742534829141855202e-01 2.465625012923694861e-02
5.761077847839834249e+03 5.659314412209383027e-01 2.405871258292633860e-02
5.766838925687675328e+03 4.802517608433304330e-01 2.364815010519193822e-02
5.772605764613364954e+03 3.667963733224858247e-01 2.325342615772366811e-02
5.778378370377980900e+03 2.603549929081288017e-01 2.239790399261793949e-02
5.784156748748360769e+03 1.714132679040646368e-01 2.231818201038449079e-02
5.789940905497111089e+03 1.087994166681305885e-01 2.184920961970322068e-02
5.795730846402610041e+03 6.040460383472984196e-02 2.255309596304139186e-02
5.801526577249013826e+03 6.980849545880929430e-02 2.277829704674393801e-02
5.807328103826264851e+03 1.302954103982796596e-01 2.673611519379456153e-02
5.813135431930093546e+03 1.678909440471707815e-01 2.660795260462644682e-02
5.818948567362025642e+03 2.339696798423403501e-01 2.771888374916250605e-02
5.824767515929389447e+03 2.719467024269355271e-01 2.730387333218576781e-02
5.830592283445320390e+03 2.926059579003683631e-01 2.731665077244072731e-02
5.836422875728768304e+03 2.737349762207857973e-01 2.769868760146367015e-02
5.842259298604498326e+03 2.540056318406808678e-01 3.174417928813919737e-02
5.848101557903105459e+03 3.001043514787761213e-01 3.629617445359452355e-02
5.853949659461010015e+03 3.780144902666968676e-01 3.660334207344676655e-02
5.859803609120473084e+03 5.190857994111809370e-01 3.280789789343493273e-02
5.865663412729595620e+03 7.626594653119938005e-01 3.061355678022953386e-02
5.871529076142326630e+03 1.081963795710883192e+00 3.457441064266217334e-02
5.877400605218471355e+03 1.493056355868028984e+00 4.307468445620682429e-02
5.883278005823691274e+03 1.921045992830757942e+00 4.650712602585758276e-02
5.889161283829516833e+03 2.316587446763612057e+00 4.362246001520504041e-02
5.895050445113348360e+03 2.616820982270797735e+00 3.455124293733906338e-02
5.900945495558464245e+03 2.772130807417974907e+00 3.697660710845949300e-02
5.906846441054024581e+03 2.838684484456506674e+00 3.778596820396021294e-02
5.912753287495080258e+03 2.763377956817886449e+00 3.907142900918014750e-02
5.918666040782577511e+03 2.620116521491353989e+00 4.052627853915000827e-02
5.924584706823361557e+03 2.387826975659859130e+00 3.160294960339334047e-02
5.930509291530187511e+03 2.142593651744955530e+00 2.657125863483654482e-02
5.936439800821719473e+03 1.907176410045790194e+00 2.456883632186201635e-02
5.942376240622543264e+03 1.738011200237152831e+00 2.640516876076747302e-02
5.948318616863167335e+03 1.590528017466382282e+00 2.540912416439404867e-02
5.954266935480032771e+03 1.477012119858230443e+00 2.499552365945685237e-02
5.960221202415515108e+03 1.414474726055903187e+00 2.471095930138619487e-02
5.966181423617932523e+03 1.380871569758495676e+00 2.400743710810252993e-02
5.972147605041552197e+03 1.345038295939467776e+00 2.395676217659258728e-02
5.978119752646595771e+03 1.348330590137701179e+00 2.519478614931547691e-02
5.984097872399243897e+03 1.337411187407943070e+00 2.541320885259498036e-02
5.990081970271645332e+03 1.345584890603844785e+00 2.556012649085855071e-02
5.996072052241918755e+03 1.371266666028120307e+00 2.619842242377913577e-02
6.002068124294162772e+03 1.372789419337963279e+00 2.276136408020468238e-02
6.008070192418459555e+03 1.305773456842781899e+00 2.431657947481634385e-02
6.014078262610879392e+03 1.194702889047995376e+00 2.195265808937001129e-02
6.020092340873492503e+03 1.088766471701393623e+00 2.249798328453455482e-02
6.026112433214368139e+03 9.917979144339158504e-01 2.172583812607069981e-02
6.032138545647584579e+03 8.779693448612525541e-01 1.870597568002260735e-02
6.038170684193233683e+03 7.823088730970625404e-01 1.870458263081602179e-02
6.044208854877429076e+03 7.049620721647785748e-01 1.791913765646575146e-02
6.050253063732308874e+03 6.627647617442714578e-01 1.868587241621640430e-02
6.056303316796042964e+03 6.652823260304945308e-01 1.641279727275088418e-02
6.062359620112841185e+03 6.654725517407928947e-01 1.612946995217815274e-02
6.068421979732956061e+03 6.860877340572126837e-01 1.603133300528685953e-02
6.074490401712690982e+03 7.310028306679159371e-01 1.512022343884000287e-02
6.080564892114405666e+03 7.826591417793007377e-01 1.462443399344979210e-02
6.086645457006521610e+03 8.193862870269617016e-01 1.490641248949803668e-02
6.092732102463530282e+03 8.973664637332515737e-01 1.606867798528911415e-02
6.098824834565995843e+03 9.609429652500656172e-01 1.543156983150364633e-02
6.104923659400564247e+03 1.030728610449668681e+00 1.432154611358207527e-02
6.111028583059966877e+03 1.124586332054252180e+00 1.307618453018281023e-02
6.117139611643028729e+03 1.219952161364207033e+00 1.232874209451316656e-02
6.123256751254673873e+03 1.302846738321140618e+00 1.194704002448308648e-02
6.129380008005929994e+03 1.393370389848132218e+00 1.178042754348747854e-02
6.135509388013938405e+03 1.462000514718283517e+00 1.138500451227108037e-02
6.141644897401954040e+03 1.533936589287787200e+00 1.140034819371912173e-02
6.147786542299358189e+03 1.588019209152802702e+00 1.091551172374851178e-02
6.153934328841659408e+03 1.614429174854371318e+00 1.089843282468044502e-02
6.160088263170503524e+03 1.614857916533645854e+00 1.083906151595196918e-02
6.166248351433675452e+03 1.613339709820186929e+00 1.048214802277348465e-02
6.172414599785111022e+03 1.579460779830045514e+00 1.047098149573001680e-02
6.178587014384898794e+03 1.502318430129296001e+00 1.258785135987954343e-02
6.184765601399285515e+03 1.413982178557074754e+00 1.393238029091061099e-02
6.190950367000687038e+03 1.326356393957529356e+00 1.436942483332266651e-02
6.197141317367689226e+03 1.242360300564759434e+00 1.356993368828001562e-02
6.203338458685059777e+03 1.170266152111725244e+00 1.228792777242162376e-02
6.209541797143746408e+03 1.129177262348912247e+00 1.207098683797144280e-02
6.215751338940892310e+03 1.125049502270890622e+00 1.205997944879763639e-02
6.221967090279835247e+03 1.160925125527618285e+00 1.569277365903181537e-02
6.228189057370116643e+03 1.178856802922676028e+00 1.726454053462745525e-02
6.234417246427488863e+03 1.204794139884740378e+00 2.533914475092914967e-02
6.240651663673918847e+03 1.260780681681376025e+00 3.810422245088881249e-02
6.246892315337594482e+03 1.437627519996153458e+00 3.864912113946349093e-02
6.253139207652934601e+03 1.732726285298252122e+00 3.818012610198226464e-02
6.259392346860589896e+03 2.119464379529974796e+00 4.268454924424100461e-02
6.265651739207452010e+03 2.554749299659729189e+00 4.935556952942722619e-02
6.271917390946661726e+03 3.015037837312406932e+00 5.658011823231166165e-02
6.278189308337610782e+03 3.450590369638946164e+00 5.810471223322061923e-02
6.284467497645950061e+03 3.793201276355310902e+00 5.200582997064993190e-02
6.290751965143597772e+03 4.016019785774121331e+00 4.396594248095963414e-02
6.297042717108744000e+03 4.070118026633481989e+00 4.629407210995096361e-02
6.303339759825854344e+03 3.967202482880817893e+00 5.759341791600146310e-02
6.309643099585682648e+03 3.766241422264489991e+00 6.218937850117833843e-02
6.315952742685270096e+03 3.505750343333703611e+00 5.700635350864111106e-02
6.322268695427957937e+03 3.236066445901911504e+00 4.212948788387212151e-02
6.328590964123387494e+03 3.031848553659628021e+00 3.357428283699336741e-02
6.334919555087512890e+03 2.923988266787309165e+00 3.972050000055083602e-02
6.341254474642602872e+03 2.921666880732507465e+00 4.178192946864170421e-02
6.347595729117247174e+03 2.959038460067008991e+00 3.284171834881033369e-02
6.353943324846366522e+03 2.955555111245474542e+00 2.402527706330895990e-02
6.360297268171215364e+03 2.902608141231293182e+00 2.109112299564563572e-02
6.366657565439388236e+03 2.792351759014734647e+00 2.101602888708918246e-02
6.373024223004829764e+03 2.607151643714967104e+00 2.863785135092162398e-02
6.379397247227837397e+03 2.393157038853031882e+00 3.104099880655230778e-02
6.385776644475066860e+03 2.156779752623400270e+00 2.465207247627845127e-02
6.392162421119543978e+03 1.944719510732683565e+00 1.952004048241363574e-02
6.398554583540665590e+03 1.767351785521536600e+00 1.702586996150189450e-02
6.404953138124208635e+03 1.619930328978641754e+00 1.674008846801562297e-02
6.411358091262334710e+03 1.560089381900248373e+00 1.762065045779695124e-02
6.417769449353599157e+03 1.583851588112165309e+00 2.221318161923605330e-02
6.424187218802954703e+03 1.616231004506704094e+00 2.497324946113780794e-02
6.430611406021760558e+03 1.662883774517442736e+00 2.824646281225349359e-02
6.437042017427784231e+03 1.668970262560778517e+00 2.743197799054898287e-02
6.443479059445214261e+03 1.606300852201415941e+00 2.434910423153765699e-02
6.449922538504661134e+03 1.464727349831917547e+00 2.479380656698029067e-02
6.456372461043168187e+03 1.282870089652236700e+00 2.501920240449661756e-02
6.462828833504213435e+03 1.086963474330367774e+00 2.506336918300021074e-02
6.469291662337719572e+03 8.658831469920739154e-01 2.856419365996087922e-02
6.475760954000059428e+03 6.600139154470139324e-01 3.674454294142086991e-02
6.482236714954061426e+03 3.754688824688030557e-01 5.398422189495453299e-02
6.488718951669017770e+03 1.055657455658369770e-01 1.250220832687057304e-01
6.495207670620688987e+03 -3.400691543330669475e-02 1.413584483710747242e-01
6.501702878291312118e+03 1.682266216502004141e-02 1.661064533508195551e-01
6.508204581169605262e+03 6.433013111978711507e-01 1.665837484539803293e-01
6.514712785750777584e+03 1.811834778483950359e+00 1.584504248433980245e-01
6.521227498536530220e+03 3.607219396028780611e+00 1.560961549458687869e-01
6.527748726035069012e+03 5.940559583546376032e+00 1.739363219947761829e-01
6.534276474761106329e+03 8.701948908031573282e+00 2.074023691072237885e-01
6.540810751235869247e+03 1.168163004876167577e+01 2.357737131228685445e-01
6.547351561987107743e+03 1.451582284865468253e+01 2.348829212544095157e-01
6.553898913549096505e+03 1.691738991059530406e+01 2.077197007129715223e-01
6.560452812462647671e+03 1.861409385501107394e+01 1.633862221543718463e-01
6.567013265275112644e+03 1.927844579630967559e+01 1.503273070149316604e-01
6.573580278540390282e+03 1.889465350679683553e+01 1.765223201402379427e-01
6.580153858818932349e+03 1.758805041594923324e+01 2.010252438536790087e-01
6.586734012677753526e+03 1.549580367806001213e+01 2.011270780413918768e-01
6.593320746690433225e+03 1.308922738217905390e+01 1.795872527293789489e-01
6.599914067437126505e+03 1.060015629215883948e+01 1.557824189306393492e-01
6.606513981504565891e+03 8.244812398428290834e+00 1.325409371213375764e-01
6.613120495486072286e+03 6.173154301079899042e+00 1.076992343325437196e-01
6.619733615981560433e+03 4.722535118304732826e+00 7.143735049767392653e-02
6.626353349597544366e+03 3.508363945688750984e+00 8.158300798434464651e-02
6.632979702947143778e+03 2.773765146164880235e+00 7.164843157339934043e-02
6.639612682650093120e+03 2.293136593598795070e+00 6.127530151355230215e-02
6.646252295332745234e+03 2.022458855024686031e+00 4.469719557125400450e-02
6.652898547628080451e+03 1.874090193377971891e+00 1.957792913459756659e-02
6.659551446175711135e+03 1.715319909444158908e+00 1.555770947531956612e-02
6.666210997621888964e+03 1.566211602608867492e+00 1.989159353152604448e-02
6.672877208619513112e+03 1.420837566096696092e+00 1.848701081967423637e-02
6.679550085828134797e+03 1.290969235405799775e+00 1.568142761044974756e-02
6.686229635913964557e+03 1.171844479553302509e+00 1.648015205110037878e-02
6.692915865549881346e+03 1.089215121203926717e+00 1.636816264052516276e-02
6.699608781415433441e+03 1.039654568930829193e+00 1.686154896717504542e-02
6.706308390196851178e+03 9.819957521044774262e-01 1.654211354154761990e-02
6.713014698587049679e+03 9.349846847226754853e-01 1.579630395935587364e-02
6.719727713285638856e+03 9.223078615416343551e-01 1.556138188395961471e-02
6.726447440998927050e+03 9.120045092964615963e-01 1.553952353966130129e-02
6.733173888439928305e+03 9.216009897724513067e-01 1.620450720500812500e-02
6.739907062328370557e+03 9.368421304718468345e-01 1.540099442003536184e-02
6.746646969390701088e+03 9.528909014538514688e-01 1.497852112106029011e-02
6.753393616360093802e+03 9.225497070607718841e-01 1.515095517561003240e-02
6.760147009976456502e+03 8.955582978448497489e-01 1.544187230814824188e-02
6.766907156986434529e+03 8.415670074788537125e-01 1.607666368095403073e-02
6.773674064143423493e+03 7.995349494867723950e-01 1.612844968098417833e-02
6.780447738207569273e+03 7.676736783519362284e-01 1.609426136963128251e-02
6.787228185945778932e+03 7.117875068367396363e-01 1.689799886625721614e-02
6.794015414131727084e+03 6.454199551251519340e-01 1.620346811047112048e-02
6.800809429545861349e+03 6.112226105070163173e-01 1.605770447757411123e-02
6.807610238975408720e+03 5.910500954931136031e-01 1.611985869740974187e-02
6.814417849214386479e+03 5.659245234563450300e-01 1.482080839108394950e-02
6.821232267063603103e+03 5.710308113329956026e-01 1.521067718784581760e-02
6.828053499330669183e+03 6.119069767040146157e-01 1.317561693602596964e-02
6.834881552830001965e+03 6.486030745195093816e-01 1.310803778734993298e-02
6.841716434382834450e+03 6.681489831734321871e-01 1.317549414635366123e-02
6.848558150817219939e+03 6.840900908715394912e-01 1.368368493886205038e-02
6.855406708968039311e+03 6.827852090997259538e-01 1.405519186845246259e-02
6.862262115677009206e+03 6.584922186527297772e-01 1.517326894410650495e-02
6.869124377792688392e+03 6.199108557911572337e-01 1.654812416380298593e-02
6.875993502170483225e+03 5.909170688591690590e-01 1.610567010061820722e-02
6.882869495672656740e+03 5.602750219733141357e-01 1.479779193529828264e-02
6.889752365168331380e+03 5.361533942224541160e-01 1.386436314650091664e-02
6.896642117533501732e+03 5.270125868694176541e-01 1.328308998172590856e-02
6.903538759651037253e+03 5.352318404324650780e-01 1.515618678248184352e-02
6.910442298410691365e+03 5.454050576866995570e-01 1.369752273498370254e-02
6.917352740709104182e+03 5.430363311348537225e-01 1.415342380044196623e-02
6.924270093449815249e+03 5.645665436542052218e-01 1.429705721133922233e-02
6.931194363543267173e+03 5.821489380934765645e-01 1.405760623281241198e-02
6.938125557906812901e+03 5.927766875719825412e-01 1.457094583479350350e-02
6.945063683464722089e+03 6.041357936929546701e-01 1.400383358519800142e-02
6.952008747148189286e+03 6.327663753952620374e-01 1.458851635264038146e-02
6.958960755895339389e+03 6.354332941217853969e-01 1.463977207354499530e-02
6.965919716651237650e+03 6.533530867440160428e-01 1.469838847516213506e-02
6.972885636367890584e+03 6.806926409413555090e-01 1.451512038351218149e-02
6.979858522004260521e+03 7.293894489489033406e-01 1.449418421934739118e-02
6.986838380526267429e+03 7.977336513009037899e-01 1.480749128022420744e-02
6.993825218906796181e+03 8.393015622436829082e-01 1.456171849873943297e-02
7.000819044125705659e+03 8.545803390924096021e-01 1.472663582192119090e-02
7.007819863169833297e+03 8.656259989305636893e-01 1.574337307595107677e-02
7.014827683033005087e+03 8.702347559882722683e-01 1.635195927184908762e-02
7.021842510716041033e+03 8.701547709053187862e-01 1.628123767678334513e-02
7.028864353226758794e+03 8.978909787362211459e-01 1.620132678843380983e-02
7.035893217579988232e+03 9.780091419859840984e-01 1.749733670096929872e-02
7.042929110797570502e+03 1.052610652171137362e+00 2.046640285216029531e-02
7.049972039908370789e+03 1.105554365488633284e+00 2.123500678690443122e-02
7.057022011948281033e+03 1.164410499784252151e+00 1.988290652541682343e-02
7.064079033960231754e+03 1.200506125264469315e+00 1.899306196217866172e-02
7.071143112994193871e+03 1.227264252409719703e+00 2.022603256409395700e-02
7.078214256107190522e+03 1.215958626084286509e+00 1.946467237967170263e-02
7.085292470363300708e+03 1.155113584444944719e+00 2.811708824756390876e-02
7.092377762833665656e+03 1.058619547992564636e+00 3.777091072868574845e-02
7.099470140596501551e+03 1.018940833692724368e+00 3.693591814861447303e-02
7.106569610737100447e+03 1.054787970680155063e+00 3.166065469180397163e-02
7.113676180347840273e+03 1.188248517529848058e+00 2.702101057863221314e-02
7.120789856528190285e+03 1.453109724899733113e+00 3.199997587167174862e-02
7.127910646384721076e+03 1.799473544547600223e+00 4.088748970824084700e-02
7.135038557031108212e+03 2.181289553788263724e+00 4.521070761175829955e-02
7.142173595588141325e+03 2.553233310899106101e+00 4.553164556757280379e-02
7.149315769183732300e+03 2.843677426740052194e+00 3.909843049032805939e-02
7.156465084952918005e+03 2.998058293468766067e+00 3.593700706895229524e-02
7.163621550037873021e+03 2.996922992694652343e+00 4.268361736669670087e-02
7.170785171587913283e+03 2.902847627357702631e+00 4.774490607386248225e-02
7.177955956759504261e+03 2.701300494119548645e+00 4.921625689500074702e-02
7.185133912716265513e+03 2.460935137858271116e+00 4.251995156595586578e-02
7.192319046628984324e+03 2.196979506986274089e+00 3.965487953692310719e-02
7.199511365675615707e+03 1.963208451961669487e+00 5.343715431962658968e-02
7.206710877041294225e+03 1.787112146909098920e+00 6.545387417482911863e-02
7.213917587918337631e+03 1.486802951125585359e+00 6.260079537763839352e-02
7.221131505506257781e+03 1.050414042328588149e+00 1.135302854843404374e-01
7.228352637011767001e+03 7.087481188752660088e-01 1.502435906553485356e-01
7.235580989648780815e+03 8.174248428086094975e-01 1.495747688605316705e-01
7.242816570638432495e+03 1.327753574263926151e+00 1.411229195762314648e-01
7.250059387209073066e+03 2.171361758972207401e+00 1.319417449172104462e-01
7.257309446596284033e+03 3.370641125097228574e+00 1.256437103364894670e-01
7.264566756042882844e+03 5.046367185294879931e+00 1.381836643679439647e-01
7.271831322798928340e+03 7.109213645383805513e+00 1.603904397171016238e-01
7.279103154121729858e+03 9.298099692275092920e+00 1.656290079258314896e-01
7.286382257275853590e+03 1.141324320641314394e+01 1.541288335749537164e-01
7.293668639533132591e+03 1.322535035135033965e+01 1.293094846585759183e-01
7.300962308172667690e+03 1.440050119729253097e+01 1.017918282382414830e-01
7.308263270480842948e+03 1.481162911453782982e+01 9.693753123395400240e-02
7.315571533751325660e+03 1.437417469714818097e+01 1.179240017452176242e-01
7.322887105285079997e+03 1.328530548110836307e+01 1.319121623384255371e-01
7.330209992390367006e+03 1.167310865654270557e+01 1.279916181429171518e-01
7.337540202382760071e+03 9.951111136405472735e+00 1.221637668949417804e-01
7.344877742585144915e+03 8.290570286941619571e+00 1.203239074895581240e-01
7.352222620327733239e+03 6.697998172020268370e+00 1.137108561709503363e-01
7.359574842948062724e+03 5.235008812629756036e+00 9.223885203581107251e-02
7.366934417791013402e+03 4.087314460932126359e+00 9.025275673134240673e-02
7.374301352208806748e+03 3.367939973036315315e+00 9.574683988758053710e-02
7.381675653561018407e+03 2.992549799782189268e+00 7.149778730808580007e-02
7.389057329214581841e+03 2.771492245340053451e+00 4.923814903237461182e-02
7.396446386543798326e+03 2.649864079200924039e+00 4.115165895770374338e-02
7.403842832930345139e+03 2.589506103658276270e+00 3.272370071940561287e-02
7.411246675763277381e+03 2.517782168829080458e+00 3.043913871010155842e-02
7.418657922439043432e+03 2.377730024958911503e+00 2.672184899650822607e-02
7.426076580361484957e+03 2.251261170403149325e+00 2.066192430828448293e-02
7.433502656941848727e+03 2.129691410207419811e+00 1.945219955037626181e-02
7.440936159598792983e+03 2.013212293290614685e+00 1.875281220959408926e-02
7.448377095758394717e+03 1.924091169280814473e+00 1.720428013239841056e-02
7.455825472854155123e+03 1.825343449225453885e+00 1.683868407029420061e-02
7.463281298327012337e+03 1.693681993621580339e+00 1.720956461647144692e-02
7.470744579625341430e+03 1.526619627902083609e+00 1.870750947350452442e-02
7.478215324204968965e+03 1.356399909474389487e+00 1.867934354547820530e-02
7.485693539529176633e+03 1.195048271076698976e+00 1.888808774331719384e-02
7.493179233068708527e+03 1.048797165262184583e+00 1.693398786984174828e-02
7.500672412301779332e+03 9.308936270740462149e-01 1.700237029926852245e-02
7.508173084714083416e+03 8.635528211637835128e-01 1.665090913939730813e-02
7.515681257798800289e+03 7.867319094856597417e-01 1.640289240276741889e-02
7.523196939056601877e+03 7.082096987537107591e-01 1.626345204943519321e-02
7.530720135995660712e+03 6.209062373113376498e-01 1.596012833383878352e-02
7.538250856131659020e+03 5.746777829306157770e-01 1.447059526319675014e-02
7.545789106987793275e+03 5.028489342067521406e-01 1.474806715601843961e-02
7.553334896094783289e+03 4.221998297431490133e-01 1.552735936589305123e-02
7.560888230990880402e+03 3.424145360262213500e-01 1.651437022801763646e-02
7.568449119221873843e+03 2.830562242657919114e-01 1.787270451095508694e-02
7.576017568341098013e+03 1.853125735176453237e-01 1.832186210740101989e-02
7.583593585909441572e+03 9.218312887874424710e-02 1.893184234895578522e-02
7.591177179495353812e+03 5.010944104034695257e-02 2.287741356267275483e-02
7.598768356674851930e+03 3.506303630784912695e-02 2.180946026889546419e-02
7.606367125031529213e+03 9.149182137484890287e-03 2.276876916957465760e-02
7.613973492156563225e+03 2.773132877663442297e-02 2.237766006176357056e-02
7.621587465648722173e+03 2.247767801818428834e-02 2.197070890048082731e-02
7.629209053114373091e+03 5.874328752337693027e-02 1.968197269873986008e-02
7.636838262167490029e+03 1.041780772338657401e-01 1.825455796736242739e-02
7.644475100429660415e+03 1.656861804252265369e-01 1.768574301832476561e-02
7.652119575530092334e+03 2.669979713585612924e-01 1.819078185491678629e-02
7.659771695105625440e+03 4.076745961758389547e-01 1.635743726287860328e-02
7.667431466800733688e+03 6.278942607110579166e-01 1.611430622176258584e-02
7.675098898267536242e+03 8.988239022840842640e-01 1.745627775012724078e-02
7.682773997165806577e+03 1.231806255549797502e+00 2.438356901799463433e-02
7.690456771162975201e+03 1.533193805341041660e+00 3.027096466673545594e-02
7.698147227934140574e+03 1.795624095255464736e+00 3.291616071482098005e-02
7.705845375162077289e+03 1.931256588389592466e+00 3.054675240601989125e-02
7.713551220537241534e+03 1.954503371485314833e+00 3.194067380334637135e-02
7.721264771757782000e+03 1.908338103240169614e+00 3.354130744321141833e-02
7.728986036529541707e+03 1.762851203304977243e+00 3.665926839000721582e-02
7.736715022566074367e+03 1.561397789412524606e+00 4.000105397944750396e-02
7.744451737588642573e+03 1.326930641787554155e+00 3.688992958941163941e-02
7.752196189326234162e+03 1.081407436000804356e+00 2.957856852383547105e-02
7.759948385515562222e+03 9.038033386461510332e-01 2.774671510723326212e-02
7.767708333901080550e+03 7.722681629883270116e-01 2.854783869622479903e-02
7.775476042234984561e+03 7.386555687311708862e-01 3.184938947062571774e-02
7.783251518277222203e+03 7.343685999092703920e-01 2.912250398165137921e-02
7.791034769795502143e+03 7.487087225751551944e-01 2.405256381733409873e-02
7.798825804565300132e+03 7.629914688088891284e-01 2.026135729661703369e-02
7.806624630369868100e+03 7.462495961807892320e-01 2.099833188783564036e-02
7.814431255000240526e+03 7.200597884020530914e-01 2.061703078013766080e-02
7.822245686255242617e+03 6.631459302642518372e-01 1.820430923990251290e-02
7.830067931941501229e+03 5.962418426717680520e-01 1.717323545222767048e-02
7.837897999873444860e+03 5.484131478853796482e-01 1.714259830531455336e-02
7.845735897873320937e+03 4.954849482735516064e-01 1.827798099256143505e-02
7.853581633771196721e+03 4.324919451122846703e-01 2.050266269156292981e-02
7.861435215404970222e+03 4.028159431383288580e-01 1.957770273164199590e-02
7.869296650620378387e+03 4.365476964573974383e-01 1.968032736118974224e-02
7.877165947271001642e+03 5.031802644518992285e-01 2.125679464432125507e-02
7.885043113218274812e+03 5.715417799536267607e-01 2.198108298014716383e-02
7.892928156331495302e+03 6.627407081048761750e-01 2.282062135142009021e-02
7.900821084487829467e+03 7.472039012048395934e-01 2.422166449789989184e-02
7.908721905572319884e+03 8.284232674528703155e-01 2.296273506233197093e-02
7.916630627477895359e+03 8.699585725977591055e-01 2.258322417831003931e-02
7.924547258105375477e+03 9.183317634539958085e-01 2.036561418756001676e-02
7.932471805363483327e+03 9.284211783845471855e-01 2.092983451448542087e-02
7.940404277168850058e+03 9.027466263751064979e-01 2.128042955499979266e-02
7.948344681446021241e+03 8.375701675338039776e-01 2.074201906139628432e-02
7.956293026127469602e+03 8.028053207228330601e-01 1.905538294428706786e-02
7.964249319153599572e+03 7.765519415208619325e-01 1.902838397247295921e-02
7.972213568472756378e+03 7.638019647515336130e-01 1.931634219105788156e-02
7.980185782041231505e+03 7.589055328781584286e-01 2.098366411745413232e-02
7.988165967823275423e+03 8.122499951836408272e-01 2.069806058622001427e-02
7.996154133791101231e+03 8.864443836766335849e-01 2.033957997323349032e-02
8.004150287924895565e+03 9.720292092497799796e-01 1.973552518443292755e-02
8.012154438212822242e+03 1.082629495264773034e+00 1.980250501267486959e-02
8.020166592651037718e+03 1.227032007695925575e+00 2.150934825321012406e-02
8.028186759243691995e+03 1.363339544523587188e+00 2.149814379653417970e-02
8.036214946002938632e+03 1.501428483973897832e+00 2.267354246877210239e-02
8.044251160948943834e+03 1.593702113214195526e+00 2.273711729184323474e-02
8.052295412109895551e+03 1.680705208523894267e+00 1.941556659592231018e-02
8.060347707522008022e+03 1.690201708692397276e+00 1.993470220951695446e-02
8.068408055229532692e+03 1.653177796937709498e+00 2.040331603004663652e-02
8.076476463284764577e+03 1.555724798855780966e+00 2.339906716212248466e-02
8.084552939748052268e+03 1.422375671261361108e+00 2.255435352634221208e-02
8.092637492687803388e+03 1.291860185386635607e+00 2.128804654746481451e-02
8.100730130180493688e+03 1.132616679253456660e+00 1.559751208771240419e-02
8.108830860310677053e+03 1.045629249300393582e+00 1.797013871576399677e-02
8.116939691170990045e+03 9.678609289875923505e-01 1.836036039274004453e-02
8.125056630862163729e+03 8.800961696508167176e-01 1.703621714817045787e-02
8.133181687493028221e+03 7.416818233038768859e-01 2.216564344764688707e-02
8.141314869180524511e+03 6.609469508142715721e-01 2.379110848849229354e-02
8.149456184049707190e+03 6.095195250010541077e-01 2.456479278299448371e-02
8.157605640233759914e+03 6.004483111662592965e-01 2.440019267713306947e-02
8.165763245873996311e+03 6.370107826655713179e-01 2.371581439649041861e-02
8.173929009119872717e+03 7.160140870532601953e-01 2.479679936457218278e-02
8.182102938128995447e+03 8.044226710190609531e-01 2.712660812426588575e-02
8.190285041067127167e+03 9.197995864717696257e-01 2.808086703788990196e-02
8.198475326108196896e+03 1.005790378623085068e+00 2.673072115240619426e-02
8.206673801434308189e+03 1.091448802709414689e+00 2.502668634465846434e-02
8.214880475235744598e+03 1.165334021110474794e+00 2.286648320092812131e-02
8.223095355710984222e+03 1.175388806295988298e+00 2.195989813295607523e-02
8.231318451066697889e+03 1.102543464123626027e+00 2.326090080585603570e-02
8.239549769517767345e+03 9.953218311230005444e-01 2.321028997141473191e-02
8.247789319287287071e+03 8.785503931274829537e-01 2.039277143514624246e-02
8.256037108606577021e+03 7.591291392093353352e-01 1.675043257965360549e-02
8.264293145715186256e+03 7.092091570649341481e-01 1.653204375248902916e-02
8.272557438860903858e+03 6.861116626603644963e-01 1.810042290746334548e-02
8.280829996299768027e+03 7.448463292145672821e-01 1.818973910148071263e-02
8.289110826296069718e+03 8.622958881019819888e-01 2.366452649424454283e-02
8.297399937122369010e+03 1.019430828853165938e+00 3.129678041863315219e-02
8.305697337059495112e+03 1.137308787868144710e+00 3.027183698461126393e-02
8.314003034396557268e+03 1.209061171841653515e+00 3.317726822137485876e-02
8.322317037430955679e+03 1.294534838234026042e+00 3.653094090771109165e-02
8.330639354468388774e+03 1.392711990054998017e+00 3.856472849116075047e-02
8.338969993822860488e+03 1.541784135552144219e+00 3.854114987221572003e-02
8.347308963816685718e+03 1.731680264496956445e+00 4.244837253312677694e-02
8.355656272780506697e+03 1.881152794833221620e+00 4.668292257651036198e-02
8.364011929053289350e+03 1.993078982851781644e+00 5.258057643856886565e-02
8.372375940982345128e+03 2.004552601600093631e+00 5.090360737280102271e-02
8.380748316923331004e+03 1.945917034421471126e+00 4.954662536781034160e-02
8.389129065240256750e+03 1.796265168560375880e+00 5.127164374766883526e-02
8.397518194305499492e+03 1.605625268021845908e+00 5.272517983334615993e-02
8.405915712499807341e+03 1.377010523584270230e+00 5.475841043501221417e-02
8.414321628212310316e+03 1.132163248718798254e+00 5.445908190622907041e-02
8.422735949840525791e+03 8.914356752189238620e-01 5.261831775910034981e-02
8.431158685790369418e+03 6.601647414567449745e-01 4.631819033587947915e-02
8.439589844476162398e+03 5.740146089060853551e-01 5.785192359426420683e-02
8.448029434320640576e+03 5.812049103233645209e-01 6.488945000776100147e-02
8.456477463754963537e+03 6.014796573642500199e-01 6.432729422266346420e-02
8.464933941218721884e+03 5.665047395375517603e-01 1.172951779889306878e-01
8.473398875159942691e+03 7.714884001192023888e-01 1.511593769756272854e-01
8.481872274035105875e+03 1.282640577170795826e+00 1.552586302181975519e-01
8.490354146309144198e+03 2.372916857373683186e+00 1.437429413523820254e-01
8.498844500455456000e+03 3.999228912864801533e+00 1.813185816635930758e-01
8.507343344955914290e+03 5.874315399145323191e+00 2.383561720883397850e-01
8.515850688300872207e+03 7.757346440760789719e+00 2.680658127045422168e-01
8.524366538989177570e+03 9.344884705213953424e+00 2.554455600421945971e-01
8.532890905528169242e+03 1.026469758762803153e+01 2.306087947567481700e-01
8.541423796433698953e+03 1.053138423880554697e+01 2.139348468358649169e-01
8.549965220230136765e+03 1.001565035217614863e+01 2.299283038733040962e-01
8.558515185450369245e+03 8.887782059726559325e+00 2.519525892546353174e-01
8.567073700635823116e+03 7.164567157082164073e+00 2.613913050897504475e-01
8.575640774336461618e+03 5.060198481623914724e+00 2.453379684500308633e-01
8.584216415110800881e+03 3.043296962578525999e+00 1.938707310435023590e-01
8.592800631525913559e+03 1.537895764830952139e+00 1.188545448465992554e-01
8.601393432157443385e+03 1.016082529075831964e+00 1.279250467836199334e-01
8.609994825589603352e+03 1.420409684618537227e+00 1.529744105309604196e-01
8.618604820415195718e+03 2.433574055295795624e+00 1.482739516538813807e-01
8.627223425235613831e+03 3.704842638261525600e+00 1.257305380656965621e-01
8.635850648660851220e+03 4.907087600702486618e+00 1.044482338304121155e-01
8.644486499309516148e+03 5.871180484111168774e+00 9.713504301639322436e-02
8.653130985808827973e+03 6.582020515653569603e+00 9.763213630462286297e-02
8.661784116794638976e+03 7.080540340829537982e+00 9.918173550003711592e-02
8.670445900911438002e+03 7.330661633998160731e+00 1.030687985223058128e-01
8.679116346812352276e+03 7.270900916947132586e+00 1.062605993665993315e-01
8.687795463159167412e+03 6.929183467974601385e+00 1.024564761657638517e-01
8.696483258622329231e+03 6.343304378080156347e+00 8.703788241490205413e-02
8.705179741880954680e+03 5.671392892811320863e+00 6.901857617771268993e-02
8.713884921622837282e+03 5.059898652859037504e+00 6.538218629286646211e-02
8.722598806544463514e+03 4.623296989669620771e+00 6.463044409439920590e-02
8.731321405351010981e+03 4.250960206650039375e+00 4.754921042226625122e-02
8.740052726756364791e+03 3.801518783867118056e+00 3.208793335306514560e-02
8.748792779483124832e+03 3.168246153089802508e+00 3.433321935110978523e-02
8.757541572262609407e+03 2.542008318831080249e+00 3.954765265926029477e-02
8.766299113834875243e+03 2.034747156977466442e+00 3.580721614083073878e-02
8.775065412948713856e+03 1.667337215816569129e+00 3.457668647911853188e-02
8.783840478361664282e+03 1.422238222500127547e+00 3.469528107937793621e-02
8.792624318840029446e+03 1.300720665589926606e+00 3.524211779057636468e-02
8.801416943158872527e+03 1.345737656791546666e+00 4.166742313699341865e-02
8.810218360102035149e+03 1.409709777875035819e+00 4.489736683051180621e-02
8.819028578462139194e+03 1.501274507393877800e+00 4.673736115285657272e-02
8.827847607040604998e+03 1.559085107014183125e+00 4.529730079936630099e-02
8.836675454647647712e+03 1.626612437744311190e+00 4.213883095935516687e-02
8.845512130102299125e+03 1.663850133184211044e+00 3.887343000883647370e-02
8.854357642232404032e+03 1.595885238844001686e+00 4.279228355142426082e-02
8.863211999874638423e+03 1.441141218545161751e+00 4.692556927092195879e-02
8.872075211874516754e+03 1.249095060137849877e+00 3.754308381237164011e-02
8.880947287086393771e+03 1.072187572311939618e+00 3.227184172645224114e-02
8.889828234373482701e+03 9.408148646654046487e-01 3.046928969905008527e-02
8.898718062607858883e+03 9.003203239541798242e-01 3.062199105170145333e-02
8.907616780670470689e+03 8.648934295800513317e-01 2.999464312875313801e-02
8.916524397451143159e+03 8.655022138764937312e-01 3.007985907413599641e-02
8.925440921848598009e+03 8.159353422171078396e-01 3.143587646987406475e-02
8.934366362770449996e+03 8.131139013256574177e-01 3.167670933992303151e-02
8.943300729133223285e+03 8.357965666990059272e-01 3.274528142753891508e-02
8.952244029862358730e+03 8.397499133601576959e-01 3.290473490871186762e-02
8.961196273892224781e+03 8.579686902492418277e-01 2.942576116777924355e-02
8.970157470166119310e+03 9.600148500216691971e-01 3.243510661408086776e-02
8.979127627636287798e+03 1.052798089036834694e+00 3.191136710982524216e-02
8.988106755263928790e+03 1.157625768992648352e+00 3.185011326799704057e-02
8.997094862019195716e+03 1.242855108685011922e+00 3.249005022366350387e-02
9.006091956881216902e+03 1.302233406923242409e+00 3.045973445603626650e-02
9.015098048838101022e+03 1.312517076136710426e+00 2.856457159890513076e-02
9.024113146886942559e+03 1.259581982856579518e+00 3.115138821823577875e-02
9.033137260033832717e+03 1.145265927814994811e+00 2.802795728839961240e-02
9.042170397293868518e+03 1.093914945448838605e+00 2.820200093600969474e-02
9.051212567691165532e+03 1.033363166978432002e+00 2.766467859439131899e-02
9.060263780258859697e+03 9.546392501955296428e-01 2.644805735977604280e-02
9.069324044039121873e+03 9.199146144048231388e-01 2.659015853998400111e-02
9.078393368083163296e+03 9.357314526302800139e-01 2.761364317194125659e-02
9.087471761451250131e+03 1.022566960676133618e+00 2.495445446427562580e-02
9.096559233212705294e+03 1.077455498645011556e+00 2.524484951445468695e-02
9.105655792445919360e+03 1.110529358433211655e+00 2.396119352111492073e-02
9.114761448238368757e+03 1.097196675585400127e+00 2.522280410185764182e-02
9.123876209686610309e+03 1.057460341345943577e+00 2.517562203970242704e-02
9.133000085896299424e+03 1.004849514193520088e+00 2.511274875308827648e-02
9.142133085982199191e+03 9.674311515639087977e-01 2.477272598381484101e-02
9.151275219068184015e+03 8.739550524188459679e-01 2.094078574063160114e-02
9.160426494287255991e+03 8.345528671548884114e-01 2.048382158459917043e-02
9.169586920781546723e+03 8.154082457413088791e-01 2.012376355399810718e-02
9.178756507702330055e+03 8.150594951159749746e-01 2.101272849936087345e-02
9.187935264210036621e+03 7.858802157902352592e-01 2.471634961260704005e-02
9.197123199474248395e+03 7.978262364649418847e-01 2.525174897397481841e-02
9.206320322673725968e+03 8.845565593891605571e-01 2.532879145243546737e-02
9.215526642996403098e+03 1.073334756425618153e+00 3.332768465872974067e-02
9.224742169639403073e+03 1.253706765149240843e+00 3.863422079032902134e-02
9.233966911809044177e+03 1.335647388532691382e+00 3.891251715725711074e-02
9.243200878720857872e+03 1.353141430557741387e+00 3.997907569248503046e-02
9.252444079599581528e+03 1.317019851383397055e+00 4.076730626268663255e-02
9.261696523679183883e+03 1.223814613328361389e+00 5.131524525033080708e-02
9.270958220202865050e+03 1.156467628325755559e+00 5.638170760817123872e-02
9.280229178423071062e+03 1.006080045255924649e+00 6.064655032959340164e-02
9.289509407601497514e+03 7.796570065267985905e-01 6.591927758493056067e-02
9.298798917009102297e+03 4.887097927202035952e-01 7.908466270604751214e-02
9.308097715926114688e+03 2.787223617068942394e-01 8.128113208969921233e-02
9.317405813642044450e+03 1.761914113429093875e-01 8.303125544737829933e-02
9.326723219455689105e+03 2.047101769754112732e-01 8.926734915926623493e-02
9.336049942675148486e+03 4.867639598584996841e-01 9.674207180223638736e-02
9.345385992617826560e+03 9.024726585045603766e-01 1.026788124276187403e-01
9.354731378610447791e+03 1.058032962267730470e+00 9.265348780061488654e-02
9.364086109989060787e+03 1.078873716225385859e+00 9.241155457112884553e-02
9.373450196099052846e+03 1.129866002467871500e+00 9.010724812360566827e-02
9.382823646295155413e+03 1.079184234895601779e+00 8.828918219871197126e-02
9.392206469941453179e+03 1.054610253384894225e+00 8.875965063937397981e-02
9.401598676411396809e+03 9.748846922431605444e-01 9.112675137974672601e-02
9.411000275087812042e+03 7.854320025473588984e-01 9.416934418338956947e-02
9.420411275362903325e+03 6.731774427310305287e-01 9.514752322444423871e-02
9.429831686638268366e+03 5.462354474695632067e-01 9.449038973131013153e-02
9.439261518324910867e+03 3.521343910665787891e-01 9.020872161550168300e-02
9.448700779843238706e+03 3.469523564720667363e-01 8.310332827750663287e-02
9.458149480623085765e+03 3.704018269615035330e-01 7.784481197226206239e-02
9.467607630103711926e+03 4.588976518699363627e-01 7.309220467810011168e-02
9.477075237733817630e+03 4.389243085305023495e-01 7.099982477918698187e-02
9.486552312971554784e+03 4.340191551374998347e-01 7.010594066686695602e-02
9.496038865284530402e+03 4.391056062567464946e-01 6.823026109962365693e-02
9.505534904149817521e+03 4.048288428959945229e-01 6.312970716013527328e-02
9.515040439053969749e+03 5.086924836946635775e-01 5.536346051193492823e-02
9.524555479493026724e+03 5.963872430460210872e-01 4.963539770600665368e-02
9.534080034972523208e+03 5.705677164511319122e-01 4.031908175085260893e-02
9.543614115007500004e+03 5.750137814191405017e-01 4.078237679593331444e-02
9.553157729122509409e+03 6.153478847092609394e-01 3.391183734275565048e-02
9.562710886851635223e+03 6.154429444033862051e-01 3.360305642904411194e-02
9.572273597738490935e+03 5.662903211217210631e-01 3.428851994796683345e-02
9.581845871336232449e+03 4.804109956295530282e-01 3.600267733795394637e-02
9.591427717207570822e+03 3.808951008397521432e-01 3.378713987014536624e-02
9.601019144924781358e+03 3.561493750966249205e-01 3.359085992599188802e-02
9.610620164069710881e+03 4.056990525902260947e-01 3.399048770340734604e-02
9.620230784233783197e+03 4.101511855301419041e-01 3.389312717277093850e-02
9.629851015018019098e+03 3.863939496511262783e-01 3.477040320594020073e-02
9.639480866033041821e+03 4.519230364481722773e-01 3.557853103093398806e-02
9.649120346899077049e+03 4.901778655585948830e-01 3.450974332526628163e-02
9.658769467245980195e+03 5.309528444310627204e-01 3.299151198042508948e-02
9.668428236713229126e+03 5.186420666160875825e-01 3.303117118716584338e-02
9.678096664949945989e+03 5.030271048617831475e-01 3.584108837244417284e-02
9.687774761614899035e+03 4.806208487543456309e-01 3.666664900689516060e-02
9.697462536376517164e+03 4.585719251832907628e-01 3.705602421311664230e-02
9.707159998912895389e+03 4.414788103667191543e-01 3.681040673910505878e-02
9.716867158911813021e+03 4.170175994606505343e-01 3.694131445076532377e-02
9.726584026070726395e+03 4.298821398394305215e-01 3.704712312765148785e-02
9.736310610096801611e+03 4.491793191856636724e-01 3.795682353730483322e-02
9.746046920706901801e+03 4.250494968348152436e-01 3.965244113188716446e-02
9.755792967627610778e+03 4.058801714418658890e-01 4.248616194168972071e-02
9.765548760595242129e+03 4.552649299492309010e-01 4.322957132920110523e-02
9.775314309355841033e+03 4.579158268193507242e-01 4.255670691057181904e-02
9.785089623665198815e+03 4.688823254128802742e-01 4.260552768384225086e-02
9.794874713288867497e+03 4.062311645837942686e-01 4.376744456740292583e-02
9.804669588002159799e+03 4.230191655593509292e-01 4.824557184881905075e-02
9.814474257590165507e+03 4.091178576340336326e-01 5.961078752686228138e-02
9.824288731847758754e+03 4.420968223455923884e-01 5.871900077000370005e-02
9.834113020579610748e+03 4.963829430887848337e-01 5.953863998144357655e-02
9.843947133600193411e+03 6.372027761810449276e-01 6.159605342656267191e-02
9.853791080733795752e+03 7.177038620817051129e-01 6.089817855672864655e-02
9.863644871814532962e+03 8.161090553243397494e-01 6.102854681652049307e-02
9.873508516686351868e+03 7.974263688697151853e-01 6.131343686548170607e-02
9.883382025203040030e+03 7.613012428848292545e-01 6.270383374255115994e-02
9.893265407228247568e+03 7.365935042861835313e-01 6.561056951224979172e-02
9.903158672635478069e+03 6.768948609377973824e-01 6.930044015329250850e-02
9.913061831308117689e+03 6.127293666939868100e-01 7.600259747103904617e-02
9.922974893139427877e+03 5.485842963741043299e-01 8.618007087868823080e-02
9.932897868032570841e+03 4.686897594720773608e-01 1.021158847518787854e-01
9.942830765900607730e+03 3.805156462721913657e-01 1.260163158679146744e-01
9.952773596666511366e+03 3.405571780313524366e-01 1.638443478807146136e-01
9.962726370263180797e+03 3.145215919958480599e-01 2.209722032973450712e-01
9.972689096633446752e+03 3.663724051019000560e-01 3.102692084733008615e-01
9.982661785730084375e+03 6.249722497905939589e-01 3.958200473001167730e-01
9.992644447515816864e+03 6.722164746605414631e-01 5.747714399354093562e-01
