# starting wavelength: 3790.940
# ending wavelength: 7433.230
# wav flux eflux
3.793668315782387253e+03 1.675239226076247867e+00 3.805813019450521306e-01
3.797461984098170888e+03 1.628471668583855836e+00 2.993955427519406354e-01
3.801259446082270188e+03 1.592888141588316708e+00 2.278556537725647535e-01
3.805060705528353537e+03 1.605031843864539010e+00 1.792682699428445325e-01
3.808865766233883278e+03 1.620131549697815920e+00 1.390590359903919881e-01
3.812674632000118436e+03 1.636708676408515473e+00 1.169533248226155286e-01
3.816487306632119726e+03 1.680526431437194601e+00 9.925442701224575226e-02
3.820303793938753188e+03 1.718740766891447835e+00 8.205610371241016388e-02
3.824124097732693372e+03 1.753285295757626150e+00 6.982013512161103219e-02
3.827948221830427428e+03 1.778450049113451392e+00 6.235214983912303055e-02
3.831776170052258749e+03 1.808752890333732877e+00 5.482330000999591918e-02
3.835607946222312421e+03 1.845514604507800360e+00 4.996346166250666826e-02
3.839443554168536139e+03 1.855942189887064941e+00 4.699804171328513663e-02
3.843282997722705659e+03 1.864481026742989878e+00 4.557028548717956956e-02
3.847126280720429804e+03 1.876532514550425690e+00 4.377733575088135765e-02
3.850973407001151372e+03 1.893929068376519531e+00 4.198015175771465518e-02
3.854824380408153957e+03 1.920711507927591821e+00 4.078834868309661604e-02
3.858679204788563311e+03 1.947318376585710720e+00 3.903516690156074581e-02
3.862537883993353262e+03 1.962021606455586653e+00 3.886929855076780987e-02
3.866400421877347981e+03 1.970891250593491240e+00 3.934131701422750177e-02
3.870266822299226533e+03 1.982377228522639978e+00 3.894426613330998627e-02
3.874137089121526969e+03 1.991399629739533994e+00 3.865130181182863806e-02
3.878011226210649966e+03 1.999809653251048314e+00 3.893841260020915185e-02
3.881889237436861549e+03 2.018443589403965177e+00 3.873341437812694715e-02
3.885771126674299921e+03 2.032948179181566672e+00 3.531769352132362039e-02
3.889656897800975457e+03 2.033425064096094914e+00 3.481092166474672456e-02
3.893546554698777527e+03 2.043924093223282945e+00 3.383764546246201266e-02
3.897440101253477678e+03 2.060692079884033578e+00 3.327515248229150763e-02
3.901337541354732366e+03 2.059551508257499997e+00 3.295956238411476558e-02
3.905238878896088409e+03 2.060500784326748214e+00 3.350800694843088234e-02
3.909144117774985716e+03 2.053807414266411779e+00 3.384940518427361628e-02
3.913053261892762293e+03 2.042595115943065309e+00 3.431879196560366080e-02
3.916966315154656058e+03 2.037259633106043744e+00 3.421132950994452276e-02
3.920883281469812118e+03 2.015276103612162473e+00 3.086760575509131174e-02
3.924804164751283224e+03 1.994082268758927912e+00 2.805444604866487099e-02
3.928728968916035683e+03 1.986188511388997657e+00 2.836929508262352184e-02
3.932657697884953450e+03 1.975092538567692735e+00 2.886082407247205980e-02
3.936590355582839493e+03 1.960152372064515980e+00 2.837254120057022128e-02
3.940526945938423523e+03 1.951808090857517497e+00 2.700885478162705355e-02
3.944467472884363360e+03 1.957961178198781127e+00 2.414036884714877707e-02
3.948411940357249023e+03 1.948923862243242988e+00 2.374008792365894446e-02
3.952360352297607733e+03 1.942733733183019895e+00 2.352851103570618302e-02
3.956312712649906643e+03 1.936975811930379265e+00 2.358397141544556555e-02
3.960269025362557841e+03 1.940536874353707919e+00 2.046498839543197182e-02
3.964229294387921527e+03 1.933153233767404888e+00 1.910263293113695707e-02
3.968193523682310570e+03 1.912128264019452573e+00 1.806025838018726626e-02
3.972161717205994591e+03 1.891008615400826542e+00 1.756042718378650683e-02
3.976133878923201792e+03 1.878085968794687366e+00 1.784374606182704756e-02
3.980110012802126221e+03 1.872918948751216783e+00 1.681838799331542011e-02
3.984090122814929600e+03 1.851841946663048244e+00 1.807398093413998055e-02
3.988074212937745870e+03 1.832046811233907890e+00 1.624724168557861032e-02
3.992062287150684824e+03 1.818348933010116575e+00 1.544119262265461305e-02
3.996054349437837118e+03 1.802432781613462875e+00 1.461157250022963525e-02
4.000050403787276082e+03 1.795338768279179931e+00 1.451792021258582581e-02
4.004050454191064546e+03 1.802576687398358191e+00 1.396890637247624918e-02
4.008054504645257111e+03 1.807196869068671052e+00 1.444661806606230108e-02
4.012062559149903791e+03 1.814977846249703042e+00 1.397604177840551000e-02
4.016074621709055009e+03 1.825161249981957834e+00 1.283796916313969735e-02
4.020090696330765240e+03 1.830542892958348933e+00 1.191508221046690998e-02
4.024110787027097558e+03 1.848599869668094309e+00 1.347128879921358213e-02
4.028134897814125907e+03 1.856102925399288672e+00 1.357890080654971035e-02
4.032163032711941469e+03 1.855307379775678278e+00 1.410022334428956067e-02
4.036195195744654484e+03 1.856946238946870942e+00 1.455230254595366209e-02
4.040231390940400615e+03 1.857072484492598319e+00 1.393642896075926278e-02
4.044271622331342314e+03 1.845096366825015766e+00 1.344523001976590318e-02
4.048315893953675186e+03 1.837757080904981244e+00 1.330493573994976676e-02
4.052364209847629809e+03 1.832056405237912244e+00 1.322399881743244882e-02
4.056416574057479011e+03 1.819492461060086219e+00 1.362267723336415756e-02
4.060472990631537868e+03 1.818385981893348990e+00 1.317278692804261901e-02
4.064533463622170530e+03 1.817463339302567427e+00 1.357267896363624667e-02
4.068597997085794304e+03 1.817657683382128520e+00 1.363596291854025401e-02
4.072666595082881486e+03 1.822075724155117982e+00 1.466820085175088613e-02
4.076739261677965715e+03 1.827108510035912570e+00 1.467792006245588129e-02
4.080816000939644709e+03 1.827255716671531971e+00 1.470247256366948550e-02
4.084896816940585722e+03 1.830448967360273294e+00 1.345236299496465650e-02
4.088981713757527814e+03 1.827134034221510328e+00 1.381911503780711842e-02
4.093070695471286854e+03 1.825928520644966468e+00 1.227830319314294691e-02
4.097163766166759160e+03 1.811840754361541794e+00 1.375879939644229603e-02
4.101260929932927866e+03 1.802437622334165601e+00 1.351370480304608240e-02
4.105362190862862008e+03 1.790740665895619532e+00 1.379534889682183622e-02
4.109467553053726078e+03 1.776966417234666640e+00 1.357869569333325539e-02
4.113577020606780934e+03 1.756253486466403668e+00 1.214415504280131480e-02
4.117690597627389252e+03 1.749644031459712368e+00 1.158097307524950416e-02
4.121808288225018259e+03 1.741901063424237117e+00 1.118533083390423413e-02
4.125930096513244280e+03 1.731176067554814457e+00 1.145823862137350206e-02
4.130056026609759101e+03 1.718206097048617043e+00 1.160404656311257894e-02
4.134186082636369974e+03 1.712631386883114226e+00 1.158150822518148361e-02
4.138320268719007800e+03 1.708255513086669009e+00 1.144330579106736870e-02
4.142458588987728035e+03 1.704994682463467637e+00 1.171777666305259639e-02
4.146601047576717065e+03 1.701770286657642073e+00 1.076688302476011549e-02
4.150747648624294925e+03 1.698540765791482832e+00 1.102164868586118056e-02
4.154898396272920763e+03 1.694180138720580153e+00 1.100409012336634601e-02
4.159053294669195566e+03 1.692904200310291651e+00 1.166922006747506818e-02
4.163212347963865795e+03 1.697310416921861354e+00 1.112283467765202115e-02
4.167375560311830668e+03 1.702126963925098435e+00 1.230566464872980340e-02
4.171542935872143971e+03 1.704162423098237067e+00 1.234090179991280574e-02
4.175714478808017702e+03 1.697701486434821661e+00 1.211114866436195647e-02
4.179890193286827525e+03 1.684559345101692251e+00 1.199169699078441419e-02
4.184070083480115500e+03 1.664635951600964336e+00 1.174765018434293339e-02
4.188254153563597356e+03 1.647417573188506124e+00 1.229652402356936312e-02
4.192442407717161586e+03 1.633284934373262276e+00 1.206255280747830366e-02
4.196634850124880359e+03 1.617901940308151820e+00 1.160175475918485445e-02
4.200831484975006788e+03 1.609474819032321369e+00 1.151783389063963138e-02
4.205032316459983122e+03 1.596785236644056472e+00 1.202885332985635138e-02
4.209237348776444378e+03 1.594011991752962931e+00 1.188668022432521308e-02
4.213446586125221984e+03 1.588291715575236962e+00 1.091859139153996197e-02
4.217660032711349231e+03 1.588035876187521511e+00 1.115219203269313467e-02
4.221877692744061278e+03 1.600245231637341892e+00 1.078427207080969938e-02
4.226099570436806971e+03 1.618836698315692990e+00 1.114425054280945328e-02
4.230325670007245208e+03 1.638551628008092287e+00 1.069157944905554415e-02
4.234555995677254032e+03 1.648131033863089456e+00 1.042485702751176115e-02
4.238790551672932452e+03 1.660418973728525538e+00 1.031364404037773096e-02
4.243029342224606808e+03 1.675776830186098465e+00 1.069683342299099921e-02
4.247272371566832589e+03 1.686757927649486621e+00 9.530541189773918814e-03
4.251519643938400804e+03 1.687685890281075185e+00 1.026094659721686272e-02
4.255771163582340705e+03 1.687757059439534579e+00 1.107609337759670777e-02
4.260026934745924336e+03 1.687897668420542230e+00 1.198690939894761845e-02
4.264286961680671993e+03 1.690796841361499991e+00 1.098844092684470378e-02
4.268551248642354039e+03 1.691282073032574162e+00 8.978856872610413084e-03
4.272819799890998183e+03 1.709151512122508043e+00 1.104315110394688861e-02
4.277092619690890388e+03 1.723812108590330183e+00 1.130919432485927301e-02
4.281369712310583054e+03 1.736483447180024564e+00 1.039102635097438956e-02
4.285651082022895025e+03 1.749322504924352817e+00 1.028613992499071740e-02
4.289936733104918858e+03 1.762243996864985895e+00 9.380585484515969324e-03
4.294226669838025373e+03 1.769130535816274108e+00 9.256388072108722581e-03
4.298520896507864563e+03 1.768758707136457442e+00 9.178782650922038405e-03
4.302819417404373780e+03 1.764042777566569242e+00 9.419440642827332441e-03
4.307122236821779552e+03 1.759589984206215485e+00 9.566521245306391225e-03
4.311429359058603040e+03 1.754654335765060358e+00 8.883305200928878764e-03
4.315740788417662770e+03 1.743965334862071392e+00 7.718215835845309257e-03
4.320056529206081905e+03 1.738616231618615116e+00 7.124098650290398502e-03
4.324376585735290064e+03 1.735711721320984946e+00 6.685400418685059042e-03
4.328700962321026054e+03 1.732397097460296465e+00 6.775762852343194566e-03
4.333029663283348782e+03 1.733804271444295164e+00 6.794735731362174479e-03
4.337362692946633615e+03 1.738476169139036243e+00 7.769312170670323800e-03
4.341700055639581478e+03 1.733564004502391009e+00 8.284753462157744969e-03
4.346041755695222491e+03 1.737197130316401994e+00 8.719238912886754719e-03
4.350387797450919606e+03 1.742171244410128050e+00 9.249668888704683581e-03
4.354738185248371337e+03 1.746022819162046380e+00 8.937777386734589713e-03
4.359092923433621763e+03 1.744232118872298898e+00 9.268439756629097762e-03
4.363452016357056891e+03 1.740617405374385696e+00 9.877490054791814370e-03
4.367815468373414660e+03 1.745849648635305229e+00 9.856034895261158238e-03
4.372183283841789489e+03 1.750097828217507034e+00 9.826993096547862599e-03
4.376555467125633186e+03 1.754732765032442021e+00 9.605160551322969656e-03
4.380932022592760404e+03 1.759309133514846746e+00 9.538622541941280120e-03
4.385312954615354101e+03 1.769799779674294582e+00 1.106701718353962118e-02
4.389698267569970994e+03 1.771317204422775404e+00 1.094578145415454895e-02
4.394087965837542470e+03 1.771575305982752147e+00 1.012174352528097399e-02
4.398482053803381859e+03 1.768732685753235279e+00 1.043688736641596414e-02
4.402880535857186260e+03 1.760482907572000322e+00 1.060664731443687440e-02
4.407283416393044718e+03 1.749802261861053809e+00 1.102446339410709589e-02
4.411690699809440048e+03 1.740080828555971681e+00 1.040926121226812794e-02
4.416102390509250654e+03 1.729539616187015794e+00 1.039540234672743473e-02
4.420518492899761441e+03 1.721072371277191149e+00 9.924195710448401736e-03
4.424939011392662906e+03 1.707564013273074721e+00 8.911609267895369974e-03
4.429363950404056595e+03 1.705913854879449687e+00 8.532092997225041928e-03
4.433793314354462382e+03 1.698956164660166523e+00 8.486836785331210858e-03
4.438227107668818462e+03 1.700880731860536121e+00 6.993274673458140661e-03
4.442665334776488635e+03 1.694471531887573823e+00 7.142937980875152179e-03
4.447108000111265937e+03 1.684756147856169006e+00 6.916955612645605059e-03
4.451555108111379013e+03 1.679065732353890228e+00 6.930545446022229328e-03
4.456006663219492111e+03 1.667102777165914818e+00 6.863992357429941731e-03
4.460462669882713271e+03 1.653008475144542855e+00 6.820853983291897543e-03
4.464923132552597053e+03 1.634899609557356692e+00 6.960340408389485180e-03
4.469388055685150903e+03 1.615648666642282461e+00 7.822830938798172248e-03
4.473857443740837880e+03 1.599689867437774415e+00 7.359984175939388029e-03
4.478331301184580298e+03 1.586807465980836440e+00 7.512236360787231948e-03
4.482809632485766087e+03 1.574425886499337235e+00 7.841214885584868455e-03
4.487292442118253348e+03 1.557823857614278662e+00 7.914239266212187707e-03
4.491779734560373072e+03 1.544656107039698245e+00 7.706743704688317521e-03
4.496271514294934605e+03 1.536179850066555330e+00 7.678177719874404450e-03
4.500767785809231100e+03 1.529689686754404532e+00 7.518604493100215086e-03
4.505268553595042249e+03 1.525962247707571606e+00 7.457262690634024888e-03
4.509773822148638828e+03 1.528191598258063166e+00 7.627001303972110943e-03
4.514283595970789065e+03 1.529794935822999413e+00 7.511672426385468219e-03
4.518797879566761367e+03 1.528514053203408496e+00 7.355086728021501853e-03
4.523316677446328868e+03 1.529039677249242279e+00 7.266240120267049990e-03
4.527839994123776705e+03 1.528147151588366004e+00 6.958121108439620402e-03
4.532367834117902021e+03 1.526497263502562429e+00 6.935894897342258399e-03
4.536900201952022144e+03 1.525360550746083232e+00 6.775504670501935126e-03
4.541437102153975502e+03 1.526690872473829508e+00 6.760775980567203941e-03
4.545978539256130716e+03 1.525901325048966140e+00 6.601411882939571887e-03
4.550524517795388419e+03 1.525088850570182286e+00 6.479512603801368918e-03
4.555075042313184895e+03 1.516368578889081942e+00 4.984065924316654662e-03
4.559630117355500261e+03 1.514008594328927648e+00 4.681338969684376364e-03
4.564189747472856652e+03 1.519112581907292148e+00 4.966280446940717075e-03
4.568753937220330954e+03 1.526539213739531720e+00 6.032015637463138645e-03
4.573322691157552981e+03 1.523286963550023243e+00 6.255639858811075545e-03
4.577896013848711846e+03 1.512865205464956952e+00 8.069151345146416757e-03
4.582473909862562323e+03 1.508412878262723300e+00 8.509207633743669924e-03
4.587056383772426670e+03 1.505706164303047156e+00 7.925156411717169946e-03
4.591643440156200086e+03 1.501709358343500167e+00 7.941372421442055227e-03
4.596235083596357981e+03 1.503953409492650550e+00 8.289530434048087218e-03
4.600831318679955984e+03 1.502975141383856572e+00 8.812271472423416352e-03
4.605432149998637215e+03 1.497799232203384179e+00 8.520438647646285529e-03
4.610037582148637739e+03 1.492994620267468431e+00 8.443481585644630957e-03
4.614647619730787483e+03 1.479042864445666128e+00 8.403977981056246632e-03
4.619262267350520233e+03 1.460478788912615622e+00 8.553287493311726233e-03
4.623881529617872729e+03 1.438552588204262683e+00 9.068129926441872296e-03
4.628505411147491941e+03 1.416317256592227070e+00 9.368628491645155515e-03
4.633133916558640522e+03 1.395366401968892056e+00 9.195690393379264346e-03
4.637767050475200449e+03 1.377488681557475614e+00 9.041972449430064895e-03
4.642404817525677572e+03 1.357237975672605401e+00 7.969552701901886846e-03
4.647047222343205249e+03 1.339512926773677615e+00 7.527741227437401497e-03
4.651694269565549803e+03 1.331625135834235030e+00 6.663819273497188084e-03
4.656345963835116891e+03 1.330322973689455512e+00 5.020127052039045044e-03
4.661002309798953320e+03 1.330452888142564127e+00 4.540611239259632025e-03
4.665663312108753416e+03 1.331072189164020037e+00 4.965420854960743598e-03
4.670328975420864481e+03 1.330555033617397021e+00 5.706679306102090815e-03
4.674999304396286789e+03 1.329230367612192820e+00 5.452307419610748045e-03
4.679674303700684504e+03 1.326407094235690698e+00 5.624562966306990638e-03
4.684353978004386590e+03 1.322399826584287119e+00 5.365746164656194292e-03
4.689038331982392265e+03 1.317591219700443350e+00 5.546646219510835418e-03
4.693727370314376458e+03 1.310383150274523567e+00 5.682319930066542790e-03
4.698421097684692540e+03 1.307000018080179737e+00 6.282821597066309653e-03
4.703119518782378691e+03 1.306212453266961893e+00 5.968368007236122229e-03
4.707822638301162442e+03 1.311432628424824554e+00 5.739748905582787823e-03
4.712530460939465229e+03 1.316001837858884693e+00 5.242857917747812714e-03
4.717242991400406027e+03 1.329626624692192172e+00 5.461489070531839844e-03
4.721960234391808626e+03 1.349267765406195307e+00 6.168175958667402974e-03
4.726682194626201635e+03 1.371471620501299116e+00 5.576623642368518791e-03
4.731408876820829391e+03 1.398905721327546425e+00 5.649239277003813460e-03
4.736140285697651962e+03 1.426087910145856119e+00 5.436667918135137424e-03
4.740876425983350600e+03 1.452437748820060159e+00 5.413660090575633625e-03
4.745617302409335934e+03 1.474089931265674558e+00 5.884662346597764951e-03
4.750362919711747054e+03 1.492679890154467337e+00 6.077923205813497154e-03
4.755113282631459697e+03 1.514715526291856351e+00 5.976451813272581903e-03
4.759868395914093526e+03 1.535031124424190097e+00 5.920245896632370976e-03
4.764628264310008490e+03 1.551650961166845866e+00 5.300717993445244400e-03
4.769392892574320285e+03 1.566875071096574201e+00 5.321195210218605462e-03
4.774162285466896719e+03 1.582438937475590057e+00 6.067943745922240763e-03
4.778936447752364984e+03 1.595664470264798185e+00 6.002401622133796827e-03
4.783715384200118933e+03 1.605669140944506523e+00 5.966057736055712345e-03
4.788499099584319993e+03 1.611794379455655513e+00 5.897555885498753821e-03
4.793287598683906253e+03 1.617768982538491329e+00 5.939445477422275119e-03
4.798080886282591564e+03 1.623409433225694087e+00 5.844079439111127088e-03
4.802878967168876443e+03 1.624554265378928442e+00 5.526301559884273448e-03
4.807681846136046261e+03 1.627633495197227553e+00 5.455709843337658814e-03
4.812489527982183972e+03 1.633129013414444275e+00 5.821637323766480805e-03
4.817302017510168298e+03 1.632719068648917471e+00 5.450939916988564206e-03
4.822119319527679181e+03 1.632836306178608199e+00 5.212808533009176924e-03
4.826941438847208701e+03 1.632219295325444852e+00 4.596023287962392075e-03
4.831768380286057436e+03 1.625259634684208088e+00 4.467770425715609714e-03
4.836600148666345376e+03 1.610618155097423898e+00 5.329391622651005571e-03
4.841436748815013743e+03 1.599275322275753641e+00 5.065963553581419136e-03
4.846278185563829538e+03 1.585135444493272594e+00 5.038164610538812573e-03
4.851124463749395545e+03 1.570979876053029800e+00 4.933044530264629225e-03
4.855975588213146693e+03 1.556022554797225510e+00 4.771061051677948431e-03
4.860831563801360971e+03 1.542380836501059838e+00 4.737904493025786243e-03
4.865692395365163975e+03 1.535502102892084775e+00 4.528960767293942202e-03
4.870558087760530725e+03 1.530211511385701106e+00 4.440530040077132409e-03
4.875428645848292945e+03 1.526496454476987896e+00 4.148577318438219017e-03
4.880304074494142696e+03 1.521375681799652435e+00 4.212835332012713173e-03
4.885184378568638749e+03 1.519296763702213671e+00 4.350606345162824455e-03
4.890069562947209306e+03 1.520967900932712169e+00 4.622273315894505526e-03
4.894959632510157462e+03 1.518468157009168262e+00 4.657186474105726691e-03
4.899854592142669389e+03 1.515235567024523444e+00 4.730779640091866724e-03
4.904754446734813428e+03 1.513041926863342379e+00 4.575015879448126287e-03
4.909659201181550088e+03 1.508032850517083689e+00 4.640578788888713273e-03
4.914568860382732964e+03 1.502761290332881750e+00 4.685085279200030574e-03
4.919483429243117826e+03 1.494796813261537016e+00 4.615471289263066088e-03
4.924402912672362618e+03 1.484899645525955103e+00 4.263526958210638561e-03
4.929327315585036558e+03 1.474641422242591426e+00 4.045348894640883770e-03
4.934256642900622865e+03 1.465338836348151208e+00 3.894536253400995591e-03
4.939190899543525120e+03 1.456998957554680452e+00 4.103897502893632566e-03
4.944130090443070912e+03 1.451957748594845166e+00 4.263130561292668985e-03
4.949074220533515472e+03 1.445620324126351219e+00 4.164220296830819200e-03
4.954023294754050767e+03 1.441258007819225195e+00 4.167499631993582324e-03
4.958977318048806410e+03 1.439375630483336721e+00 4.186258450899280580e-03
4.963936295366856939e+03 1.439043980624819641e+00 3.666620395231190866e-03
4.968900231662225451e+03 1.438613568391569064e+00 3.465701311944549036e-03
4.973869131893889062e+03 1.434619315036530063e+00 3.442775217592429667e-03
4.978843001025784361e+03 1.429267600518468573e+00 3.631409390911538321e-03
4.983821844026811959e+03 1.427857103546476436e+00 3.418051406812460963e-03
4.988805665870840130e+03 1.424278028708042099e+00 3.413827171450531210e-03
4.993794471536712990e+03 1.419912352821272039e+00 3.214601718392449785e-03
4.998788266008251412e+03 1.416146593030099821e+00 3.178022278916566024e-03
5.003787054274261209e+03 1.410631073324381202e+00 3.529940004113376380e-03
5.008790841328536771e+03 1.407041124729242698e+00 4.207399597337217571e-03
5.013799632169867436e+03 1.402029600746478311e+00 4.144913996481479866e-03
5.018813431802038394e+03 1.396114437140514308e+00 4.406537737552629515e-03
5.023832245233842514e+03 1.393525278704327963e+00 4.879159571026719065e-03
5.028856077479077612e+03 1.386817390752405732e+00 4.806525847193524395e-03
5.033884933556558281e+03 1.378051521559724879e+00 4.785075719590401767e-03
5.038918818490116792e+03 1.375427824421518563e+00 5.237944696252996683e-03
5.043957737308608557e+03 1.368061530625979794e+00 5.366212311339551774e-03
5.049001695045918495e+03 1.362365140080086467e+00 5.388308272404187388e-03
5.054050696740966487e+03 1.356735679607276257e+00 5.630118624538198863e-03
5.059104747437709193e+03 1.354182077485036384e+00 5.420314846765148312e-03
5.064163852185148244e+03 1.354609917359288040e+00 5.479511966471455227e-03
5.069228016037335692e+03 1.356054638538970458e+00 5.685423427458328495e-03
5.074297244053374015e+03 1.353754298752299245e+00 5.639732098006274702e-03
5.079371541297429758e+03 1.353191438714616224e+00 5.588714653079035130e-03
5.084450912838728073e+03 1.353855866869617453e+00 5.725828168632246702e-03
5.089535363751569093e+03 1.351239693635958750e+00 5.794776707225302373e-03
5.094624899115322478e+03 1.348600123453959299e+00 5.781849306403010966e-03
5.099719524014439230e+03 1.343569848238920450e+00 5.534242479174764084e-03
5.104819243538455339e+03 1.338963590299295126e+00 5.359794120816767371e-03
5.109924062781995417e+03 1.334501821270819510e+00 5.199079246524182692e-03
5.115033986844779065e+03 1.327099775242026380e+00 4.712269022271703411e-03
5.120149020831625421e+03 1.325812772522861227e+00 4.644438911544699830e-03
5.125269169852458617e+03 1.320908783858411484e+00 4.520653381986751602e-03
5.130394439022313236e+03 1.315867192812338882e+00 4.451467187334214731e-03
5.135524833461337039e+03 1.316844592365702393e+00 3.611826359174251811e-03
5.140660358294800062e+03 1.314759651366950610e+00 3.545814018840191990e-03
5.145801018653096435e+03 1.308527160832403613e+00 4.106937719587231556e-03
5.150946819671751655e+03 1.304124893586348755e+00 3.847258135738986992e-03
5.156097766491425318e+03 1.300789833586900590e+00 3.730430003124130152e-03
5.161253864257918394e+03 1.297565463496911375e+00 3.692897595524723825e-03
5.166415118122177773e+03 1.295756488249826255e+00 3.702945900938944563e-03
5.171581533240301724e+03 1.293012860388462082e+00 3.705650761415605916e-03
5.176753114773543530e+03 1.289223339959099102e+00 3.608196472861709570e-03
5.181929867888318768e+03 1.284903224334514649e+00 3.943565786011998114e-03
5.187111797756208944e+03 1.282488277923740760e+00 4.352567231838694838e-03
5.192298909553966951e+03 1.280846653635232757e+00 4.476013590306100916e-03
5.197491208463522526e+03 1.275621953128488917e+00 4.460676205063093466e-03
5.202688699671987706e+03 1.268122926139007678e+00 4.742851344288225718e-03
5.207891388371661378e+03 1.262198009321096048e+00 4.799640038448428452e-03
5.213099279760034733e+03 1.258987701497598088e+00 5.002974575882251050e-03
5.218312379039796724e+03 1.252813750911636159e+00 5.005166297647865685e-03
5.223530691418837705e+03 1.245130650573956999e+00 4.943577472888344149e-03
5.228754222110258524e+03 1.237563671585874436e+00 4.918846088463697461e-03
5.233982976332370527e+03 1.232549183129923565e+00 5.075518307510318641e-03
5.239216959308704645e+03 1.222747463937117196e+00 5.455764499899530724e-03
5.244456176268015042e+03 1.211918134321233742e+00 5.214718308325989003e-03
5.249700632444284565e+03 1.205357453656412670e+00 5.167414949210571637e-03
5.254950333076731113e+03 1.197552135289155828e+00 5.101299123740060844e-03
5.260205283409809454e+03 1.193263713165773732e+00 5.325822501795156663e-03
5.265465488693221232e+03 1.188227638715846801e+00 5.460220076658027152e-03
5.270730954181915877e+03 1.184317377665403681e+00 5.251920243858217673e-03
5.276001685136099695e+03 1.181302974812984408e+00 5.365749476712085991e-03
5.281277686821237694e+03 1.177283108830878167e+00 5.473414977885200129e-03
5.286558964508059944e+03 1.174931533953302853e+00 4.618121656453746601e-03
5.291845523472569766e+03 1.172293174001983074e+00 4.423566896320744492e-03
5.297137368996044643e+03 1.166687538459511675e+00 4.575134647974038807e-03
5.302434506365042580e+03 1.160859898421300995e+00 4.670685952842328417e-03
5.307736940871409388e+03 1.152872861935237525e+00 4.589202226413920289e-03
5.313044677812282316e+03 1.145073764427150476e+00 4.445380726947646688e-03
5.318357722490096421e+03 1.137643307979816276e+00 4.453869550639546170e-03
5.323676080212588204e+03 1.129343488906527915e+00 4.550570378613854987e-03
5.328999756292802886e+03 1.118936427761430208e+00 6.101214426785510347e-03
5.334328756049097137e+03 1.115741279380830342e+00 6.017602855478388149e-03
5.339663084805148173e+03 1.114133115657135020e+00 5.566597963208796962e-03
5.345002747889954662e+03 1.118408349448788641e+00 6.417243336702507447e-03
5.350347750637846730e+03 1.121575515460005779e+00 6.844109344782884664e-03
5.355698098388485960e+03 1.123244545982120979e+00 6.651491653393521407e-03
5.361053796486876308e+03 1.127304864049563093e+00 6.459197415163289019e-03
5.366414850283365013e+03 1.130354148097550304e+00 6.103767131087649810e-03
5.371781265133649867e+03 1.125776172809008990e+00 6.239782288556815736e-03
5.377153046398785591e+03 1.121994764004082823e+00 6.278423078304410689e-03
5.382530199445186554e+03 1.114059862188829575e+00 6.298291432629627568e-03
5.387912729644633146e+03 1.099187805456488531e+00 6.232129915647015989e-03
5.393300642374279960e+03 1.085470259763499534e+00 5.928612229158191325e-03
5.398693943016655794e+03 1.073616471202722744e+00 5.461570435775667948e-03
5.404092636959673655e+03 1.067225862762482658e+00 5.517709944987968067e-03
5.409496729596635305e+03 1.061472945042652771e+00 5.684166004597401498e-03
5.414906226326233991e+03 1.057980524616576767e+00 5.636670267628652621e-03
5.420321132552561721e+03 1.062016809634158232e+00 5.282819951518470149e-03
5.425741453685116539e+03 1.061490830795261964e+00 5.177295204713324578e-03
5.431167195138803436e+03 1.059671707356057979e+00 4.718409640378051599e-03
5.436598362333943442e+03 1.056815682947396029e+00 4.573761854942802289e-03
5.442034960696279086e+03 1.055217072453174199e+00 4.712121619910076067e-03
5.447476995656978033e+03 1.053573707973302076e+00 4.699107740256168973e-03
5.452924472652636723e+03 1.052234452487418759e+00 4.596139888951809686e-03
5.458377397125291282e+03 1.049157211808594115e+00 4.406320891921345836e-03
5.463835774522417523e+03 1.045397913943610035e+00 4.471890554406635250e-03
5.469299610296941864e+03 1.044239774324217551e+00 4.746859947446675776e-03
5.474768909907241323e+03 1.037142415844101828e+00 4.883315418899840214e-03
5.480243678817149885e+03 1.030353254806031016e+00 4.850637902685192744e-03
5.485723922495968509e+03 1.021217462410818344e+00 4.797822022295025399e-03
5.491209646418466946e+03 1.010359293595320063e+00 5.009583140584826511e-03
5.496700856064887375e+03 9.987451332534557080e-01 4.791406673490898258e-03
5.502197556920953502e+03 9.895951741561541670e-01 4.694812740865591562e-03
5.507699754477876013e+03 9.827097541940621461e-01 4.716986669277408069e-03
5.513207454232356213e+03 9.764446858836673959e-01 4.770794913534446950e-03
5.518720661686590574e+03 9.725983206411706883e-01 4.721870471629422555e-03
5.524239382348278923e+03 9.748768821822101360e-01 4.471652461614929013e-03
5.529763621730628984e+03 9.732033318156589896e-01 4.375479931449117316e-03
5.535293385352360929e+03 9.780339583730955910e-01 3.236817751429164457e-03
5.540828678737715563e+03 9.786918820667818153e-01 3.263577154331012958e-03
5.546369507416455235e+03 9.784262758482792366e-01 3.445977327121599581e-03
5.551915876923872929e+03 9.765104531460977455e-01 3.781775261350591583e-03
5.557467792800798634e+03 9.753625897262362399e-01 3.825480456279553229e-03
5.563025260593602070e+03 9.761348895819929039e-01 3.969069116163327637e-03
5.568588285854197238e+03 9.730122653465481664e-01 3.602646253778058610e-03
5.574156874140053333e+03 9.758457170436830586e-01 3.667813074062904050e-03
5.579731031014194741e+03 9.747636095194773809e-01 3.629486963292269646e-03
5.585310762045211050e+03 9.760973451471677276e-01 3.965837980592395312e-03
5.590896072807257951e+03 9.748486384201037191e-01 3.804274084557377877e-03
5.596486968880067252e+03 9.704088430415878097e-01 4.117960965791637139e-03
5.602083455848949598e+03 9.668399024108300654e-01 4.180406035832381559e-03
5.607685539304799931e+03 9.638907167938377540e-01 4.289129779639778983e-03
5.613293224844106589e+03 9.586835392768979780e-01 4.266001050352768997e-03
5.618906518068952209e+03 9.545617363700215074e-01 4.421883349604678257e-03
5.624525424587023736e+03 9.515762747577097835e-01 4.342808531344406059e-03
5.630149950011612418e+03 9.506986068991758465e-01 4.346385885890930410e-03
5.635780099961625638e+03 9.498234557128173439e-01 4.407284554570697552e-03
5.641415880061589633e+03 9.510087440663979041e-01 4.315423546927820396e-03
5.647057295941652228e+03 9.525870368109664588e-01 4.243361447664685017e-03
5.652704353237596479e+03 9.529547254016134117e-01 4.101561318993437663e-03
5.658357057590835211e+03 9.493014230230327755e-01 4.074579771434721706e-03
5.664015414648428305e+03 9.454664101536280896e-01 3.936955476074219772e-03
5.669679430063079053e+03 9.402033617795302334e-01 3.745292653872186756e-03
5.675349109493143260e+03 9.278322764873104811e-01 4.068451154990800414e-03
5.681024458602638333e+03 9.169242451564282304e-01 4.775571696900056916e-03
5.686705483061243285e+03 9.069658849231940767e-01 4.223366455527025054e-03
5.692392188544306009e+03 9.040800583464350115e-01 4.242589163621595175e-03
5.698084580732852373e+03 9.034098938661451195e-01 4.105202540002786914e-03
5.703782665313587131e+03 9.056600162463488424e-01 4.177825080012929036e-03
5.709486447978903016e+03 9.115004720738710819e-01 4.031734361258434984e-03
5.715195934426883468e+03 9.233628269255148568e-01 4.103067169970110208e-03
5.720911130361312644e+03 9.341547763351791822e-01 4.126994421128560124e-03
5.726632041491675409e+03 9.460835862321621548e-01 4.099530685266916663e-03
5.732358673533169167e+03 9.593920937190204556e-01 3.578797284236331835e-03
5.738091032206703858e+03 9.710477874079829208e-01 3.292410130100571330e-03
5.743829123238912871e+03 9.782046986881599571e-01 3.779575220169737338e-03
5.749572952362153046e+03 9.843059629851835801e-01 3.597376172417789467e-03
5.755322525314517407e+03 9.896348942815097471e-01 3.308765339926112835e-03
5.761077847839834249e+03 9.954770872052258746e-01 3.263421716328532372e-03
5.766838925687675328e+03 1.002919356650587401e+00 3.415179753385408704e-03
5.772605764613364954e+03 1.010920791210405012e+00 3.275776436569438361e-03
5.778378370377980900e+03 1.018394399379847437e+00 2.999193417429546482e-03
5.784156748748360769e+03 1.023999731162702487e+00 3.025049255941449165e-03
5.789940905497111089e+03 1.026777699692790424e+00 3.273457556929084897e-03
5.795730846402610041e+03 1.033514308651445335e+00 3.558805296199121608e-03
5.801526577249013826e+03 1.038615670027659199e+00 3.689510267296038180e-03
5.807328103826264851e+03 1.042356535608067514e+00 3.638678826182555320e-03
5.813135431930093546e+03 1.044749548598302935e+00 3.716357768576209180e-03
5.818948567362025642e+03 1.043296727909620802e+00 3.830805421153260330e-03
5.824767515929389447e+03 1.046114172679014631e+00 3.873253808850674919e-03
5.830592283445320390e+03 1.046849594520548488e+00 4.043696918901408359e-03
5.836422875728768304e+03 1.046924487017917960e+00 4.028134554443451275e-03
5.842259298604498326e+03 1.046135350621799631e+00 4.247829734744121288e-03
5.848101557903105459e+03 1.043436714948888122e+00 4.127070383567871086e-03
5.853949659461010015e+03 1.033700852040610130e+00 4.132666346628098737e-03
5.859803609120473084e+03 1.020187448130452035e+00 4.946277206709491329e-03
5.865663412729595620e+03 1.004817482266985085e+00 5.722785637972988004e-03
5.871529076142326630e+03 9.923677612022844263e-01 6.107120212478774762e-03
5.877400605218471355e+03 9.833635911237390559e-01 5.915592039466366706e-03
5.883278005823691274e+03 9.776415168244831921e-01 5.953761473002756877e-03
5.889161283829516833e+03 9.731960269493017401e-01 6.105467991360330471e-03
5.895050445113348360e+03 9.708089528346798280e-01 6.348706901204037578e-03
5.900945495558464245e+03 9.681855168814759161e-01 6.631989673267700731e-03
5.906846441054024581e+03 9.690095753975846993e-01 5.992642189620246869e-03
5.912753287495080258e+03 9.701802483817589806e-01 5.550476795581485608e-03
5.918666040782577511e+03 9.661494090096051091e-01 5.492442380061164121e-03
5.924584706823361557e+03 9.599118290055206337e-01 5.534366133724970965e-03
5.930509291530187511e+03 9.457003168395448078e-01 5.364286058259373248e-03
5.936439800821719473e+03 9.325266160156793216e-01 5.331126966706206671e-03
5.942376240622543264e+03 9.188605925248062301e-01 4.825291960764207556e-03
5.948318616863167335e+03 9.064237825437275742e-01 4.494130732379880526e-03
5.954266935480032771e+03 8.978932924166086460e-01 4.753111344058568929e-03
5.960221202415515108e+03 8.912681176573442610e-01 4.530861019841082513e-03
5.966181423617932523e+03 8.867122434944294529e-01 4.117734933126180989e-03
5.972147605041552197e+03 8.824084222017171131e-01 3.883546169734550507e-03
5.978119752646595771e+03 8.771765201447966342e-01 3.820837035135307529e-03
5.984097872399243897e+03 8.717664873790422764e-01 3.804521096736215337e-03
5.990081970271645332e+03 8.689366878000129857e-01 3.843580838005049988e-03
5.996072052241918755e+03 8.644208283983775276e-01 3.884489907312018570e-03
6.002068124294162772e+03 8.592886120227257729e-01 3.918997261324155476e-03
6.008070192418459555e+03 8.545617514112483493e-01 3.919502118328149418e-03
6.014078262610879392e+03 8.491275644388303068e-01 3.903561522309829772e-03
6.020092340873492503e+03 8.414442227991474343e-01 3.872349869276057576e-03
6.026112433214368139e+03 8.367805073374013913e-01 3.512920648315662978e-03
6.032138545647584579e+03 8.242406083046120990e-01 3.475281153391213129e-03
6.038170684193233683e+03 8.167073692957496078e-01 3.430487422761074705e-03
6.044208854877429076e+03 8.073232141193098510e-01 3.376614236596161937e-03
6.050253063732308874e+03 7.967987085192561603e-01 3.330826353328667378e-03
6.056303316796042964e+03 7.883653221591137017e-01 3.322966884771377805e-03
6.062359620112841185e+03 7.802927574490594598e-01 3.179750022578706550e-03
6.068421979732956061e+03 7.727825188326968853e-01 3.105845324997264650e-03
6.074490401712690982e+03 7.670336034919942314e-01 2.955350125188198167e-03
6.080564892114405666e+03 7.590867399441441066e-01 2.649501997312816385e-03
6.086645457006521610e+03 7.548064060451772361e-01 2.786513866117127248e-03
6.092732102463530282e+03 7.517463545036900952e-01 3.145386682850014395e-03
6.098824834565995843e+03 7.482211183050982983e-01 2.968393246355260570e-03
6.104923659400564247e+03 7.426434995471510314e-01 2.933365841403475817e-03
6.111028583059966877e+03 7.359805406464393629e-01 3.293334425501579909e-03
6.117139611643028729e+03 7.297766785168721126e-01 3.253559428152932431e-03
6.123256751254673873e+03 7.236435053833659703e-01 3.247887757335925826e-03
6.129380008005929994e+03 7.182241509644246014e-01 3.310248239523530794e-03
6.135509388013938405e+03 7.111639142641911215e-01 3.420024153283197140e-03
6.141644897401954040e+03 7.054631783244629251e-01 3.438370537673082761e-03
6.147786542299358189e+03 6.981494019848552002e-01 3.284495987216194332e-03
6.153934328841659408e+03 6.892988925178089588e-01 3.367816856770390350e-03
6.160088263170503524e+03 6.834812638123259898e-01 3.523221351650607496e-03
6.166248351433675452e+03 6.786899536069527228e-01 3.769144294464512549e-03
6.172414599785111022e+03 6.732091335395372633e-01 3.627594928486970512e-03
6.178587014384898794e+03 6.670263686615812704e-01 3.671118069124595495e-03
6.184765601399285515e+03 6.584899976408283839e-01 3.693335694139235955e-03
6.190950367000687038e+03 6.488230620417837491e-01 3.815399500267730587e-03
6.197141317367689226e+03 6.398322926057596893e-01 3.671054039211405808e-03
6.203338458685059777e+03 6.320096993171118172e-01 3.735336095973170074e-03
6.209541797143746408e+03 6.265292803326559801e-01 3.704736723199101439e-03
6.215751338940892310e+03 6.218722286065297977e-01 3.731756009203596354e-03
6.221967090279835247e+03 6.173124739692917862e-01 3.681476773831303655e-03
6.228189057370116643e+03 6.113735774199070550e-01 3.651395645701144017e-03
6.234417246427488863e+03 6.062879374154591661e-01 3.548310211440025477e-03
6.240651663673918847e+03 6.006625407303557429e-01 3.534273994960806121e-03
6.246892315337594482e+03 5.945139852717824525e-01 3.464879552461749227e-03
6.253139207652934601e+03 5.857423433064182783e-01 3.451336971996606627e-03
6.259392346860589896e+03 5.769618596824217516e-01 3.421393103520754472e-03
6.265651739207452010e+03 5.683229217142172773e-01 3.394402914459060481e-03
6.271917390946661726e+03 5.542971938481560112e-01 2.863913807877036585e-03
6.278189308337610782e+03 5.429156636398589919e-01 2.365463919708545373e-03
6.284467497645950061e+03 5.344718033846839189e-01 2.298952121075521077e-03
6.290751965143597772e+03 5.265634773662272172e-01 2.160771916277288551e-03
6.297042717108744000e+03 5.224150186814400243e-01 2.135597946990973415e-03
6.303339759825854344e+03 5.184770700528807952e-01 2.199779711692119097e-03
6.309643099585682648e+03 5.156803859453628069e-01 2.175702236863327407e-03
6.315952742685270096e+03 5.145804245188252413e-01 1.873479737704734048e-03
6.322268695427957937e+03 5.118704980253111492e-01 1.829230784003316092e-03
6.328590964123387494e+03 5.090039015052560956e-01 1.806873492825531325e-03
6.334919555087512890e+03 5.077927577293394057e-01 1.827647124964134262e-03
6.341254474642602872e+03 5.073079998560439119e-01 1.696848541376146753e-03
6.347595729117247174e+03 5.065583054839688515e-01 1.903929597779020462e-03
6.353943324846366522e+03 5.071739390961745864e-01 1.765332970579769649e-03
6.360297268171215364e+03 5.118350395262351027e-01 1.918556097609154997e-03
6.366657565439388236e+03 5.173376003934555545e-01 2.043621869424674421e-03
6.373024223004829764e+03 5.272280494498303716e-01 2.012471067769773785e-03
6.379397247227837397e+03 5.404069837812144339e-01 2.281794037289388774e-03
6.385776644475066860e+03 5.551656059077083594e-01 2.420718550086302986e-03
6.392162421119543978e+03 5.701594370942143497e-01 2.529068031757830941e-03
6.398554583540665590e+03 5.858995305594540959e-01 2.517740027526626026e-03
6.404953138124208635e+03 6.017299901596540046e-01 2.658931834079204370e-03
6.411358091262334710e+03 6.157998292022210940e-01 2.647278333429100173e-03
6.417769449353599157e+03 6.306235293713585710e-01 2.913326866346922089e-03
6.424187218802954703e+03 6.394240564557494011e-01 2.941708467256466501e-03
6.430611406021760558e+03 6.445020227593738493e-01 3.160530233559094310e-03
6.437042017427784231e+03 6.479978371908647894e-01 3.256285698872465363e-03
6.443479059445214261e+03 6.491754440401910076e-01 3.204516505404224249e-03
6.449922538504661134e+03 6.478866135374659052e-01 3.142572785237955114e-03
6.456372461043168187e+03 6.449355738816384687e-01 3.144866390058644740e-03
6.462828833504213435e+03 6.428700647589548067e-01 3.189478875899166063e-03
6.469291662337719572e+03 6.399704756547452966e-01 3.078722503567930292e-03
6.475760954000059428e+03 6.393879191308688981e-01 3.215957708830245992e-03
6.482236714954061426e+03 6.381141313605502852e-01 3.249088722242959252e-03
6.488718951669017770e+03 6.380182157850781133e-01 3.134222271685076656e-03
6.495207670620688987e+03 6.376350161619285251e-01 3.166896984623163592e-03
6.501702878291312118e+03 6.409493014116475207e-01 3.196604820052334657e-03
6.508204581169605262e+03 6.422557606033679756e-01 3.107192837625811967e-03
6.514712785750777584e+03 6.429796798452719342e-01 3.100635227693561945e-03
6.521227498536530220e+03 6.393963596883348588e-01 2.776199409610158753e-03
6.527748726035069012e+03 6.381746465566571214e-01 2.743776443465571844e-03
6.534276474761106329e+03 6.334362100384001160e-01 2.804145138425242264e-03
6.540810751235869247e+03 6.305865016635864295e-01 2.657483016168946804e-03
6.547351561987107743e+03 6.262614491370058767e-01 2.551747398021641296e-03
6.553898913549096505e+03 6.179703762788084642e-01 2.450154768813694525e-03
6.560452812462647671e+03 6.108834790415327287e-01 2.433988514759615786e-03
6.567013265275112644e+03 6.044246520527057909e-01 2.501915316878069746e-03
6.573580278540390282e+03 5.957085572290559128e-01 2.513221630744378546e-03
6.580153858818932349e+03 5.865787958768918786e-01 2.504067280373610191e-03
6.586734012677753526e+03 5.747659017670551096e-01 2.616958340532609013e-03
6.593320746690433225e+03 5.654706985186450652e-01 2.607654246981339075e-03
6.599914067437126505e+03 5.590713980901531599e-01 2.694218264486286131e-03
6.606513981504565891e+03 5.504433949536138293e-01 2.668682341499721642e-03
6.613120495486072286e+03 5.416166303549376781e-01 2.739843688838573474e-03
6.619733615981560433e+03 5.322998203186486421e-01 2.665847702393695992e-03
6.626353349597544366e+03 5.259154276084377910e-01 2.618507845153580753e-03
6.632979702947143778e+03 5.169641568567548973e-01 2.648719192608044865e-03
6.639612682650093120e+03 5.096692077117042086e-01 2.546523440147376201e-03
6.646252295332745234e+03 5.006392132416667140e-01 2.568413966897432205e-03
6.652898547628080451e+03 4.928004940097779896e-01 2.705470579780231387e-03
6.659551446175711135e+03 4.833475034786345326e-01 2.635502947877426793e-03
6.666210997621888964e+03 4.757707841538313387e-01 2.598880819933027751e-03
6.672877208619513112e+03 4.688651871011902394e-01 2.573720857643852899e-03
6.679550085828134797e+03 4.606213908193746431e-01 2.535728814369257473e-03
6.686229635913964557e+03 4.538505045246671310e-01 2.531814921075525165e-03
6.692915865549881346e+03 4.461736699045304455e-01 2.338422596807586146e-03
6.699608781415433441e+03 4.390561685918404344e-01 2.229612967391708146e-03
6.706308390196851178e+03 4.299301671522259838e-01 2.297723712590813393e-03
6.713014698587049679e+03 4.189684367184114411e-01 2.289031888794648521e-03
6.719727713285638856e+03 4.082222921249235026e-01 2.532506459525021673e-03
6.726447440998927050e+03 4.022791833495008018e-01 2.554063133355948759e-03
6.733173888439928305e+03 3.974785733572717694e-01 2.619045080447329754e-03
6.739907062328370557e+03 3.940929209326086147e-01 2.782446801109737192e-03
6.746646969390701088e+03 3.906056361224611306e-01 2.906221261712597839e-03
6.753393616360093802e+03 3.871368907723406472e-01 2.647769789470849709e-03
6.760147009976456502e+03 3.831797140564535686e-01 2.664524860536872375e-03
6.766907156986434529e+03 3.798465610223246691e-01 2.591996878830298955e-03
6.773674064143423493e+03 3.755467331386576069e-01 2.481611071823854042e-03
6.780447738207569273e+03 3.709366515749064619e-01 2.613635558123080307e-03
6.787228185945778932e+03 3.637072603658982883e-01 2.544663526241130926e-03
6.794015414131727084e+03 3.557332814117064035e-01 2.535106578402498284e-03
6.800809429545861349e+03 3.480977613886055422e-01 2.519999923180679235e-03
6.807610238975408720e+03 3.405633119863998304e-01 2.539150668203131716e-03
6.814417849214386479e+03 3.365926318706328746e-01 2.670349655237966996e-03
6.821232267063603103e+03 3.330797239726411840e-01 2.808527769736460233e-03
6.828053499330669183e+03 3.306029625034143105e-01 2.841157433111426035e-03
6.834881552830001965e+03 3.315172788951497029e-01 2.951875166785956212e-03
6.841716434382834450e+03 3.298529565242643846e-01 2.953593283887388874e-03
6.848558150817219939e+03 3.255341774086163431e-01 2.907693528844043467e-03
6.855406708968039311e+03 3.245555437233295093e-01 3.049434172276485784e-03
6.862262115677009206e+03 3.201557689454669342e-01 3.262836738793899183e-03
6.869124377792688392e+03 3.170943051407454361e-01 3.317302295970561699e-03
6.875993502170483225e+03 3.147887875135932378e-01 3.410431153180656753e-03
6.882869495672656740e+03 3.124468248779667112e-01 3.383930936931356555e-03
6.889752365168331380e+03 3.101415815578379975e-01 3.317742405232537457e-03
6.896642117533501732e+03 3.067127723146492180e-01 3.183722725829833244e-03
6.903538759651037253e+03 3.052648633970405645e-01 3.051130482269404521e-03
6.910442298410691365e+03 3.058576984025331846e-01 2.911269503464002442e-03
6.917352740709104182e+03 3.066512633030790136e-01 2.908542326438942355e-03
6.924270093449815249e+03 3.080870665789211538e-01 2.868669991670741957e-03
6.931194363543267173e+03 3.076111309265003313e-01 2.856503841658739051e-03
6.938125557906812901e+03 3.059239143944804673e-01 2.826319671097839940e-03
6.945063683464722089e+03 3.029760151408271707e-01 2.959412599586521732e-03
6.952008747148189286e+03 3.015796978963232733e-01 2.867411634673398303e-03
6.958960755895339389e+03 2.993023156512648608e-01 2.859195249292029867e-03
6.965919716651237650e+03 2.974850758278999585e-01 2.709739840705485767e-03
6.972885636367890584e+03 2.952458226205800784e-01 2.661502222702444211e-03
6.979858522004260521e+03 2.929954328250566897e-01 2.706690809571143941e-03
6.986838380526267429e+03 2.911619924169294160e-01 2.530766649484555379e-03
6.993825218906796181e+03 2.866901251018208474e-01 2.576352640227720734e-03
7.000819044125705659e+03 2.815241262395439814e-01 2.629009572167123002e-03
7.007819863169833297e+03 2.782603371116917357e-01 2.572538677124201409e-03
7.014827683033005087e+03 2.788556639221179134e-01 2.546709211392330155e-03
7.021842510716041033e+03 2.798029326178436138e-01 2.464414586651100803e-03
7.028864353226758794e+03 2.790267944550954282e-01 2.447558693902818303e-03
7.035893217579988232e+03 2.784581993582503356e-01 2.488079900650498437e-03
7.042929110797570502e+03 2.793536431398879749e-01 2.629190110894261655e-03
7.049972039908370789e+03 2.805000849360378412e-01 2.516241860185953073e-03
7.057022011948281033e+03 2.801539525433589528e-01 2.398969424694245844e-03
7.064079033960231754e+03 2.781140885393135753e-01 2.630484177399081309e-03
7.071143112994193871e+03 2.768918539658881128e-01 2.635980490277970573e-03
7.078214256107190522e+03 2.741798903982139435e-01 2.403673903268745658e-03
7.085292470363300708e+03 2.723793888366373706e-01 2.332176814617574392e-03
7.092377762833665656e+03 2.704798456749417657e-01 2.397107783204789101e-03
7.099470140596501551e+03 2.675006208059889645e-01 2.394420601532470071e-03
7.106569610737100447e+03 2.662082865658735309e-01 2.327463367750103474e-03
7.113676180347840273e+03 2.662307207810875598e-01 2.394629557368143941e-03
7.120789856528190285e+03 2.653305128498210097e-01 2.286301730710069841e-03
7.127910646384721076e+03 2.642153310966091628e-01 2.167424420212467947e-03
7.135038557031108212e+03 2.657353483882928247e-01 2.361569985318732849e-03
7.142173595588141325e+03 2.628508368086208136e-01 2.404588726482644479e-03
7.149315769183732300e+03 2.572120705199319457e-01 3.039577354973954648e-03
7.156465084952918005e+03 2.574433988231222270e-01 3.290673651099791305e-03
7.163621550037873021e+03 2.553111552307043008e-01 3.288515424026991572e-03
7.170785171587913283e+03 2.543080102514269636e-01 3.289600022535314923e-03
7.177955956759504261e+03 2.515824932750230780e-01 3.260390138938253860e-03
7.185133912716265513e+03 2.501838792858667171e-01 3.150394145375283363e-03
7.192319046628984324e+03 2.469814662512958836e-01 3.153153884691192385e-03
7.199511365675615707e+03 2.460013923350323206e-01 3.004586086789947687e-03
7.206710877041294225e+03 2.434564228673524733e-01 2.900900633555745720e-03
7.213917587918337631e+03 2.428365284678118963e-01 2.805418166265829724e-03
7.221131505506257781e+03 2.403892711170952379e-01 2.653821210755196499e-03
7.228352637011767001e+03 2.385348637102993330e-01 2.545321983557491223e-03
7.235580989648780815e+03 2.367372342807059493e-01 2.418979410368186402e-03
7.242816570638432495e+03 2.355860594667792129e-01 2.320151596363545683e-03
7.250059387209073066e+03 2.330837322396359934e-01 2.244945384821855298e-03
7.257309446596284033e+03 2.297441225290641209e-01 2.247194591541003782e-03
7.264566756042882844e+03 2.273847760972479426e-01 2.208519652877024512e-03
7.271831322798928340e+03 2.248499011074224507e-01 2.106518464607503010e-03
7.279103154121729858e+03 2.236160100891901870e-01 2.063911864564455922e-03
7.286382257275853590e+03 2.221584861156722934e-01 2.005142190215618552e-03
7.293668639533132591e+03 2.221013197080741741e-01 2.062454811282467444e-03
7.300962308172667690e+03 2.203333455846321343e-01 2.091473994070371534e-03
7.308263270480842948e+03 2.180314635617886798e-01 2.087598573028929400e-03
7.315571533751325660e+03 2.159365467427315777e-01 2.098590522657666282e-03
7.322887105285079997e+03 2.142095373866093333e-01 2.163748517352489034e-03
7.330209992390367006e+03 2.126365465784289810e-01 2.248210854046220515e-03
7.337540202382760071e+03 2.117155699751993025e-01 2.303138627279366184e-03
7.344877742585144915e+03 2.095723477473542262e-01 2.448987847291993637e-03
7.352222620327733239e+03 2.070469167621683260e-01 2.645860058089980621e-03
7.359574842948062724e+03 2.042397226850168612e-01 2.870125474625794676e-03
7.366934417791013402e+03 2.021606500958117447e-01 3.292967097353710539e-03
7.374301352208806748e+03 2.005914399190457664e-01 3.514729952388967460e-03
7.381675653561018407e+03 1.977110623099500586e-01 4.288809853774651001e-03
7.389057329214581841e+03 1.947736222957630881e-01 5.215899948407127541e-03
7.396446386543798326e+03 1.915795171190665391e-01 6.478487834777249717e-03
7.403842832930345139e+03 1.883144398262584784e-01 8.104977395172978730e-03
7.411246675763277381e+03 1.845435711807448809e-01 1.024532806040510946e-02
7.418657922439043432e+03 1.809311504561111894e-01 1.360562481286517987e-02
7.426076580361484957e+03 1.769728850087113337e-01 1.741833163518166291e-02
