# starting wavelength: 3743.050
# ending wavelength: 8627.380
# wav flux eflux
3.744694132255923705e+03 -6.255411749415402956e-02 1.274867814914396047e-01
3.748438826388181042e+03 -2.152388175205678655e-02 9.970283716500720483e-02
3.752187265214570289e+03 -3.152337272527122678e-03 7.728968971960192835e-02
3.755939452479786269e+03 7.733415869234659505e-03 5.883677697337886398e-02
3.759695391932267285e+03 1.313217517933050471e-02 4.628169356299339371e-02
3.763455087324201031e+03 1.920002394042436000e-02 3.666203479531161130e-02
3.767218542411526414e+03 2.334047033327777895e-02 2.935096306414197373e-02
3.770985760953939007e+03 2.512563429731653336e-02 2.419390619404470505e-02
3.774756746714894234e+03 2.396380619203295967e-02 2.062492966286984253e-02
3.778531503461610555e+03 2.045698782098731572e-02 1.775484194451223963e-02
3.782310034965073100e+03 1.877619656194554065e-02 1.571317828780273776e-02
3.786092345000039586e+03 1.508668553322247904e-02 1.397061526903118495e-02
3.789878437345040766e+03 1.213265553551131672e-02 1.277940205870297871e-02
3.793668315782387253e+03 6.669990213299685847e-03 1.184621378137052164e-02
3.797461984098170888e+03 2.024842834238215622e-03 1.112175650574458510e-02
3.801259446082270188e+03 -2.906611491898178357e-04 1.070933230478159776e-02
3.805060705528353537e+03 -4.796217231826670896e-03 1.038064586808128131e-02
3.808865766233883278e+03 -9.392222208571811282e-03 1.003647888266436146e-02
3.812674632000118436e+03 -1.811252360135924555e-02 9.921846183809512540e-03
3.816487306632119726e+03 -2.320850794767024758e-02 9.868557162750875300e-03
3.820303793938753188e+03 -2.536196069859770336e-02 9.787886451389187295e-03
3.824124097732693372e+03 -2.915641789586481680e-02 9.866816965317604105e-03
3.827948221830427428e+03 -3.309125343701774247e-02 9.826748645696036302e-03
3.831776170052258749e+03 -3.776569689687592907e-02 9.468514474721514626e-03
3.835607946222312421e+03 -3.896003490511044942e-02 9.639222425033188574e-03
3.839443554168536139e+03 -4.388522914856730905e-02 9.644239265774940881e-03
3.843282997722705659e+03 -4.943251264793183802e-02 9.105699223425729391e-03
3.847126280720429804e+03 -4.938162799549362936e-02 9.180970234690366202e-03
3.850973407001151372e+03 -4.807161911899176382e-02 9.014412467108960311e-03
3.854824380408153957e+03 -4.738138162689064375e-02 8.990841290998325547e-03
3.858679204788563311e+03 -3.838932283320661137e-02 7.526493293681653200e-03
3.862537883993353262e+03 -3.472578965638924847e-02 7.465921142484407448e-03
3.866400421877347981e+03 -3.300625577337976818e-02 7.450236711193060878e-03
3.870266822299226533e+03 -3.518549027417067210e-02 7.103688754061562687e-03
3.874137089121526969e+03 -3.360972876868393439e-02 7.195625715688123980e-03
3.878011226210649966e+03 -3.342933924110516597e-02 7.223767451708506399e-03
3.881889237436861549e+03 -3.250583313587433049e-02 7.198644620881041595e-03
3.885771126674299921e+03 -3.270944892475463606e-02 7.130211279409583158e-03
3.889656897800975457e+03 -2.993860528046179970e-02 6.679610526416564741e-03
3.893546554698777527e+03 -3.186564302518843372e-02 6.866234952378595831e-03
3.897440101253477678e+03 -3.358549679332347576e-02 7.095873987619808788e-03
3.901337541354732366e+03 -3.622007248042932726e-02 7.226759659412883806e-03
3.905238878896088409e+03 -3.741947554975424278e-02 7.446371096348729582e-03
3.909144117774985716e+03 -4.127302996464402018e-02 6.822952979407984585e-03
3.913053261892762293e+03 -4.222028464976228940e-02 6.764566290138005270e-03
3.916966315154656058e+03 -3.926712031827363225e-02 6.910494827381306361e-03
3.920883281469812118e+03 -3.418541472084039162e-02 6.719444991610724720e-03
3.924804164751283224e+03 -3.055977904443561363e-02 6.832650680050242689e-03
3.928728968916035683e+03 -1.845440322072849221e-02 6.954499767476310206e-03
3.932657697884953450e+03 -7.906627892520501355e-05 7.265205099860642599e-03
3.936590355582839493e+03 1.721121676887582552e-02 7.273233394960701773e-03
3.940526945938423523e+03 3.403721650256819053e-02 7.335691125258117333e-03
3.944467472884363360e+03 5.140126832541993401e-02 7.520323000094230811e-03
3.948411940357249023e+03 7.119143015513995643e-02 7.880415711920982225e-03
3.952360352297607733e+03 9.049409275830158639e-02 8.066497223466083041e-03
3.956312712649906643e+03 1.108932925158267191e-01 7.697018720680882942e-03
3.960269025362557841e+03 1.317517131316908729e-01 6.761344678098312605e-03
3.964229294387921527e+03 1.479338599728572956e-01 6.204142596675525992e-03
3.968193523682310570e+03 1.580677172465913827e-01 6.206530162105952826e-03
3.972161717205994591e+03 1.655610146224952284e-01 6.492270044404981934e-03
3.976133878923201792e+03 1.658836886195916294e-01 6.673187849003905069e-03
3.980110012802126221e+03 1.605192225801885253e-01 6.335746331790166261e-03
3.984090122814929600e+03 1.577668613939975650e-01 6.675533840604572049e-03
3.988074212937745870e+03 1.502848935835811028e-01 6.853005310070843688e-03
3.992062287150684824e+03 1.418554219641384728e-01 7.102006764944611243e-03
3.996054349437837118e+03 1.298694450237238007e-01 7.480119841270370558e-03
4.000050403787276082e+03 1.173646204149803585e-01 7.560104680758085102e-03
4.004050454191064546e+03 1.043827445106559337e-01 7.647779723655679165e-03
4.008054504645257111e+03 9.740530108322460745e-02 7.935107492707779361e-03
4.012062559149903791e+03 9.142766761527501562e-02 8.294629935338533600e-03
4.016074621709055009e+03 8.086581058976360925e-02 8.245256113456288921e-03
4.020090696330765240e+03 8.320231002167451095e-02 7.989631881217216028e-03
4.024110787027097558e+03 8.410877132272320811e-02 8.390809942872242896e-03
4.028134897814125907e+03 8.851237655340922494e-02 8.528753238402186909e-03
4.032163032711941469e+03 8.975808227422388264e-02 8.854187528670880852e-03
4.036195195744654484e+03 9.385572262343049033e-02 9.085626925215842600e-03
4.040231390940400615e+03 9.428696687094065276e-02 9.063755596602203132e-03
4.044271622331342314e+03 9.168586251916177599e-02 8.251359195790314294e-03
4.048315893953675186e+03 1.027981567827399023e-01 7.952512812771631370e-03
4.052364209847629809e+03 1.030998774908676863e-01 7.191939679607378677e-03
4.056416574057479011e+03 1.155278000999145904e-01 7.229961643122223038e-03
4.060472990631537868e+03 1.297420701920407038e-01 7.412863788689862121e-03
4.064533463622170530e+03 1.467462464133188482e-01 7.814143908353525167e-03
4.068597997085794304e+03 1.650003057529413064e-01 8.307382387388812309e-03
4.072666595082881486e+03 1.872194264712795098e-01 7.804970404779587936e-03
4.076739261677965715e+03 1.958558654956152612e-01 7.514173479952306924e-03
4.080816000939644709e+03 1.984473451111764264e-01 6.812261484126728300e-03
4.084896816940585722e+03 2.058626921620458072e-01 7.129920630179608677e-03
4.088981713757527814e+03 2.142441614719741705e-01 7.383885885992271490e-03
4.093070695471286854e+03 2.197533758107472202e-01 7.893124967417982155e-03
4.097163766166759160e+03 2.317531238549406514e-01 7.957591287247994458e-03
4.101260929932927866e+03 2.421377967624507022e-01 8.187593208679126017e-03
4.105362190862862008e+03 2.529082666151875602e-01 8.334152282783275148e-03
4.109467553053726078e+03 2.633044573751144313e-01 8.451859007178319505e-03
4.113577020606780934e+03 2.714121677368491192e-01 8.550906042867709861e-03
4.117690597627389252e+03 2.801477670074372095e-01 8.649561558525567864e-03
4.121808288225018259e+03 2.848517816728962093e-01 8.768402990175724193e-03
4.125930096513244280e+03 2.925468818619518241e-01 9.946504388333507821e-03
4.130056026609759101e+03 3.001927210342881791e-01 9.672318521670808175e-03
4.134186082636369974e+03 3.104274075301996505e-01 8.091118085120510908e-03
4.138320268719007800e+03 3.072330223598049859e-01 6.631132361601775084e-03
4.142458588987728035e+03 2.918889163883073290e-01 6.795561001848912826e-03
4.146601047576717065e+03 2.680308346795687302e-01 7.637356780171199004e-03
4.150747648624294925e+03 2.304785040251530748e-01 8.005687705991028705e-03
4.154898396272920763e+03 1.849386403901117359e-01 7.165976673578820441e-03
4.159053294669195566e+03 1.430165883079162481e-01 5.760712685707166693e-03
4.163212347963865795e+03 1.094909591131975890e-01 5.327336200133233994e-03
4.167375560311830668e+03 8.427218640211005252e-02 5.490846783371090833e-03
4.171542935872143971e+03 6.574467162827700439e-02 5.796117564662608274e-03
4.175714478808017702e+03 5.333365528719691273e-02 6.155612154600058859e-03
4.179890193286827525e+03 4.944417638451505115e-02 6.685933178009124608e-03
4.184070083480115500e+03 5.252900291108779374e-02 6.789720566967472927e-03
4.188254153563597356e+03 6.020730897916776875e-02 6.367043861900028960e-03
4.192442407717161586e+03 7.403035220878231848e-02 5.299488077933432045e-03
4.196634850124880359e+03 8.654961828006374480e-02 4.688820855837969731e-03
4.200831484975006788e+03 9.671580239949742475e-02 4.584084735139606730e-03
4.205032316459983122e+03 1.002024190725287339e-01 4.754742043367104348e-03
4.209237348776444378e+03 1.043945346525515377e-01 4.216343144638800070e-03
4.213446586125221984e+03 1.089053430132137790e-01 4.047638033030099593e-03
4.217660032711349231e+03 1.135928772363548334e-01 4.201568831983268013e-03
4.221877692744061278e+03 1.194106387834477367e-01 4.227426304371771117e-03
4.226099570436806971e+03 1.246455310665299521e-01 4.234982650672360592e-03
4.230325670007245208e+03 1.289375995496891414e-01 4.314025352756410865e-03
4.234555995677254032e+03 1.372321355967273671e-01 4.133992022530460532e-03
4.238790551672932452e+03 1.399191888475672385e-01 4.182647755881628397e-03
4.243029342224606808e+03 1.382079167238289552e-01 3.976483799847713510e-03
4.247272371566832589e+03 1.385074059399851454e-01 4.022073694567544246e-03
4.251519643938400804e+03 1.391667470932692885e-01 3.798879071549423735e-03
4.255771163582340705e+03 1.427094549364379406e-01 3.894256557456992479e-03
4.260026934745924336e+03 1.467284739649324099e-01 3.797660089957601709e-03
4.264286961680671993e+03 1.492410615666049656e-01 3.916111444866613063e-03
4.268551248642354039e+03 1.519277246447368335e-01 3.765287060618711414e-03
4.272819799890998183e+03 1.514732233313489662e-01 3.700763810854312223e-03
4.277092619690890388e+03 1.529556584683324227e-01 3.441021554427958675e-03
4.281369712310583054e+03 1.518423458301803308e-01 3.455155821715286645e-03
4.285651082022895025e+03 1.476062485713273142e-01 3.438608416913002501e-03
4.289936733104918858e+03 1.429560412561857174e-01 3.794760359805352500e-03
4.294226669838025373e+03 1.428632420487795929e-01 3.941470218280695471e-03
4.298520896507864563e+03 1.459851624135394821e-01 3.919634167288695882e-03
4.302819417404373780e+03 1.502449203170383718e-01 3.633187669389613145e-03
4.307122236821779552e+03 1.588620049157332959e-01 4.139367883668383825e-03
4.311429359058603040e+03 1.689989765154837065e-01 4.864450572179545261e-03
4.315740788417662770e+03 1.809042809918505468e-01 4.046304911649622679e-03
4.320056529206081905e+03 1.878555435340171775e-01 3.932613363317857304e-03
4.324376585735290064e+03 1.930604266425187676e-01 3.634964056298334561e-03
4.328700962321026054e+03 1.927843803731068006e-01 3.704657785471312213e-03
4.333029663283348782e+03 1.899768918598941647e-01 3.843459815842693774e-03
4.337362692946633615e+03 1.824877211581677483e-01 4.437989298986779602e-03
4.341700055639581478e+03 1.722732241409592191e-01 4.667008664515402173e-03
4.346041755695222491e+03 1.652089740839994825e-01 4.470099472531292688e-03
4.350387797450919606e+03 1.598895638770831684e-01 3.801117734224952228e-03
4.354738185248371337e+03 1.571277213342626711e-01 3.452320215673220210e-03
4.359092923433621763e+03 1.608809166713959793e-01 3.582174848015834238e-03
4.363452016357056891e+03 1.716186472925382567e-01 3.417453982968524703e-03
4.367815468373414660e+03 1.873310984203075957e-01 3.320164961336541203e-03
4.372183283841789489e+03 2.022807208247717203e-01 3.319032450323877118e-03
4.376555467125633186e+03 2.213419940090582960e-01 3.644342471502414436e-03
4.380932022592760404e+03 2.407537899097040301e-01 3.651298494847003088e-03
4.385312954615354101e+03 2.566773109900331029e-01 3.702490777896666040e-03
4.389698267569970994e+03 2.713513800077533844e-01 3.633331474491746736e-03
4.394087965837542470e+03 2.812798294667272492e-01 3.493115756021125239e-03
4.398482053803381859e+03 2.863856136007272846e-01 3.503485702538693212e-03
4.402880535857186260e+03 2.879695365966035703e-01 3.501964894412885974e-03
4.407283416393044718e+03 2.868141838773061725e-01 3.510855565538557616e-03
4.411690699809440048e+03 2.826791249350963930e-01 3.920438658210574634e-03
4.416102390509250654e+03 2.757352724878775474e-01 4.446852513253590072e-03
4.420518492899761441e+03 2.706022671515260769e-01 4.930331843548752153e-03
4.424939011392662906e+03 2.699401456544391897e-01 3.923567938497648719e-03
4.429363950404056595e+03 2.831703681728604538e-01 4.053821691922015330e-03
4.433793314354462382e+03 3.055273368605723183e-01 5.204767217076194594e-03
4.438227107668818462e+03 3.331629851037821166e-01 6.434161352292856219e-03
4.442665334776488635e+03 3.619885179123890073e-01 7.093016777405352496e-03
4.447108000111265937e+03 3.859044465670523616e-01 6.841086663803841450e-03
4.451555108111379013e+03 4.060690892041212696e-01 6.713973060433633608e-03
4.456006663219492111e+03 4.222339856179200823e-01 7.349734495559498079e-03
4.460462669882713271e+03 4.374861602956627293e-01 7.596803014785356162e-03
4.464923132552597053e+03 4.461601597287626064e-01 7.484269975300595484e-03
4.469388055685150903e+03 4.516832115027928918e-01 7.535461955752205052e-03
4.473857443740837880e+03 4.504015984015855012e-01 7.678985775540978810e-03
4.478331301184580298e+03 4.407738075878885886e-01 7.866004843384266296e-03
4.482809632485766087e+03 4.269045164762493294e-01 7.724682889746187393e-03
4.487292442118253348e+03 4.107073156819121551e-01 7.627417137418055285e-03
4.491779734560373072e+03 3.929365556294334150e-01 7.444903835618414852e-03
4.496271514294934605e+03 3.743063300199993559e-01 7.085198986103686571e-03
4.500767785809231100e+03 3.534323287672813674e-01 7.313786146091421150e-03
4.505268553595042249e+03 3.282717979716152090e-01 6.949472585487041602e-03
4.509773822148638828e+03 3.029656834892649475e-01 6.003083034877462233e-03
4.514283595970789065e+03 2.806103785695674979e-01 5.601459742228134461e-03
4.518797879566761367e+03 2.687621592041082863e-01 5.308371543537402683e-03
4.523316677446328868e+03 2.719024895543602494e-01 5.301824600120379725e-03
4.527839994123776705e+03 2.909529022298741885e-01 4.940463328648580545e-03
4.532367834117902021e+03 3.199835456936980238e-01 4.979893740748075719e-03
4.536900201952022144e+03 3.578313678159821265e-01 5.796955736677667989e-03
4.541437102153975502e+03 3.967065785337073325e-01 5.773193153209200783e-03
4.545978539256130716e+03 4.438272401447936333e-01 5.621477868201990927e-03
4.550524517795388419e+03 4.937272951390713205e-01 6.019231166675321869e-03
4.555075042313184895e+03 5.513380198846054014e-01 6.539695202793152813e-03
4.559630117355500261e+03 6.173473049035460569e-01 6.633215494814645452e-03
4.564189747472856652e+03 6.897243810725175450e-01 6.698170914699888567e-03
4.568753937220330954e+03 7.631744133318394407e-01 7.041198334014461303e-03
4.573322691157552981e+03 8.411178463369088920e-01 9.768507421395464588e-03
4.577896013848711846e+03 9.044235660048296488e-01 1.056925071705686059e-02
4.582473909862562323e+03 9.586025358770504656e-01 1.069669312869589613e-02
4.587056383772426670e+03 1.001011281129355002e+00 9.801138382840057436e-03
4.591643440156200086e+03 1.020664046866215813e+00 9.782903026078329511e-03
4.596235083596357981e+03 1.026169706594297182e+00 1.083372016308414669e-02
4.600831318679955984e+03 1.016858998729368579e+00 1.138582031372379483e-02
4.605432149998637215e+03 9.891576050712515000e-01 1.116064756365594060e-02
4.610037582148637739e+03 9.573957580961086622e-01 9.576366825766541302e-03
4.614647619730787483e+03 9.251466885507610982e-01 7.628078541634031838e-03
4.619262267350520233e+03 9.017760215123409306e-01 7.138365432618319455e-03
4.623881529617872729e+03 8.869147218115273068e-01 7.030273904269431981e-03
4.628505411147491941e+03 8.816765380889466375e-01 6.931335053138433164e-03
4.633133916558640522e+03 8.858874512098040555e-01 6.306486333165785794e-03
4.637767050475200449e+03 9.000937162164186489e-01 6.309580140759009012e-03
4.642404817525677572e+03 9.208787678165303303e-01 6.276507285799533091e-03
4.647047222343205249e+03 9.494106736026360904e-01 6.696694027448824894e-03
4.651694269565549803e+03 9.816350242301712381e-01 8.392511194403904501e-03
4.656345963835116891e+03 1.017079196064350821e+00 1.014202918906405120e-02
4.661002309798953320e+03 1.046195556247442093e+00 9.993452030758531029e-03
4.665663312108753416e+03 1.069828111489407929e+00 9.009831101229711509e-03
4.670328975420864481e+03 1.077845764113115168e+00 9.465865462512884285e-03
4.674999304396286789e+03 1.081443490828540410e+00 1.017431111711683545e-02
4.679674303700684504e+03 1.077359616973272427e+00 1.078006063373885062e-02
4.684353978004386590e+03 1.061539653583568166e+00 9.736542164746566155e-03
4.689038331982392265e+03 1.051763041474574001e+00 9.390864521010299643e-03
4.693727370314376458e+03 1.040452820165963965e+00 8.560635721742282725e-03
4.698421097684692540e+03 1.031757184712948305e+00 7.413567030468280056e-03
4.703119518782378691e+03 1.033647955214563874e+00 7.702082359889698623e-03
4.707822638301162442e+03 1.049571357167068175e+00 7.937802388425393291e-03
4.712530460939465229e+03 1.066689037847333710e+00 7.193514084838079081e-03
4.717242991400406027e+03 1.081466598933991996e+00 5.469011332661690913e-03
4.721960234391808626e+03 1.086328136544743472e+00 4.813404960201820258e-03
4.726682194626201635e+03 1.082334143110019520e+00 5.283996110477568071e-03
4.731408876820829391e+03 1.069829039312252483e+00 5.079019407438295497e-03
4.736140285697651962e+03 1.054786869082010359e+00 4.492105587646802456e-03
4.740876425983350600e+03 1.039937365659122648e+00 4.254196867894792511e-03
4.745617302409335934e+03 1.029119146296646914e+00 4.188875325742759045e-03
4.750362919711747054e+03 1.018372821477089740e+00 4.310984028896780278e-03
4.755113282631459697e+03 1.005536529286622072e+00 4.172888568779726907e-03
4.759868395914093526e+03 9.890154748030870469e-01 3.605177371945110770e-03
4.764628264310008490e+03 9.753242261117450740e-01 3.886468825358462692e-03
4.769392892574320285e+03 9.640469366800250572e-01 5.227189747581784812e-03
4.774162285466896719e+03 9.470470281394941514e-01 6.143846795575189611e-03
4.778936447752364984e+03 9.244537099848785244e-01 6.678691598659008272e-03
4.783715384200118933e+03 8.765996068871168001e-01 6.534344356014367382e-03
4.788499099584319993e+03 8.102716480696897650e-01 6.205151716348984367e-03
4.793287598683906253e+03 7.252312362128724432e-01 5.978103134235668824e-03
4.798080886282591564e+03 6.242698942729932865e-01 6.601130793431655638e-03
4.802878967168876443e+03 5.047111697040252976e-01 1.190384805030027769e-02
4.807681846136046261e+03 3.871754965675102134e-01 1.820257739206259176e-02
4.812489527982183972e+03 2.814376376266652380e-01 2.123842546519014510e-02
4.817302017510168298e+03 2.144245348368327142e-01 1.806888565890701903e-02
4.822119319527679181e+03 1.975703781369880230e-01 1.518564041095453628e-02
4.826941438847208701e+03 2.332401697614654434e-01 1.463941422699312211e-02
4.831768380286057436e+03 3.234754393780394088e-01 1.792839168371524253e-02
4.836600148666345376e+03 4.600955270170457578e-01 1.971967050374684102e-02
4.841436748815013743e+03 6.289122267996446469e-01 1.828840960757883646e-02
4.846278185563829538e+03 8.142265516229360012e-01 1.663915344444708358e-02
4.851124463749395545e+03 1.003241053372450065e+00 1.505784373634335392e-02
4.855975588213146693e+03 1.167617221845684394e+00 1.523197131599510201e-02
4.860831563801360971e+03 1.286642194613527135e+00 1.389881890796144763e-02
4.865692395365163975e+03 1.348746034377121816e+00 1.248412208889497325e-02
4.870558087760530725e+03 1.344872904413634274e+00 1.466008891037160616e-02
4.875428645848292945e+03 1.281841241489979133e+00 1.975750356555255535e-02
4.880304074494142696e+03 1.175740475086174630e+00 2.661940570498069411e-02
4.885184378568638749e+03 1.072134041478655986e+00 2.902010739644526882e-02
4.890069562947209306e+03 9.659237230535172580e-01 2.967039867473723891e-02
4.894959632510157462e+03 9.039440503665027160e-01 2.823379748886789900e-02
4.899854592142669389e+03 8.714809244476542371e-01 2.212761099148045571e-02
4.904754446734813428e+03 9.013596306743903996e-01 2.320796980144003430e-02
4.909659201181550088e+03 9.956408842740887000e-01 3.031401363165055901e-02
4.914568860382732964e+03 1.112815866575678880e+00 3.237669651847507879e-02
4.919483429243117826e+03 1.259046300003649144e+00 3.117086073887736716e-02
4.924402912672362618e+03 1.413025289167805676e+00 1.994993081400773041e-02
4.929327315585036558e+03 1.518814469147540258e+00 1.240235981325391555e-02
4.934256642900622865e+03 1.580761671132642654e+00 1.026647976301683744e-02
4.939190899543525120e+03 1.577373639845877529e+00 1.345122609908474057e-02
4.944130090443070912e+03 1.529880395725618847e+00 1.326843924235265523e-02
4.949074220533515472e+03 1.448824362166579505e+00 1.052795993222139896e-02
4.954023294754050767e+03 1.341058255208697148e+00 7.535698302243150175e-03
4.958977318048806410e+03 1.218283795534262026e+00 7.050425676477542307e-03
4.963936295366856939e+03 1.090665128914598325e+00 6.521493265248360337e-03
4.968900231662225451e+03 9.701243053390031790e-01 6.661108883722205443e-03
4.973869131893889062e+03 8.662733355752298969e-01 6.918128405679970470e-03
4.978843001025784361e+03 7.867388468636573595e-01 7.451276626326120041e-03
4.983821844026811959e+03 7.366279698764106598e-01 7.250408696261288928e-03
4.988805665870840130e+03 7.171713224734708181e-01 6.831655066508857295e-03
4.993794471536712990e+03 7.297363560894696288e-01 7.274186972109576189e-03
4.998788266008251412e+03 7.784120013010096262e-01 7.728096129605004083e-03
5.003787054274261209e+03 8.484786392802828869e-01 7.312077106470442865e-03
5.008790841328536771e+03 9.408452580400485932e-01 7.343621177631582883e-03
5.013799632169867436e+03 1.054493507128353658e+00 8.586831618885218745e-03
5.018813431802038394e+03 1.178107867875087589e+00 9.139079545566997434e-03
5.023832245233842514e+03 1.294599840857834749e+00 1.141748951799270891e-02
5.028856077479077612e+03 1.387708888788753425e+00 1.097734085436449965e-02
5.033884933556558281e+03 1.442955541327209934e+00 1.047413158696590581e-02
5.038918818490116792e+03 1.463092842304592800e+00 1.112502373399208710e-02
5.043957737308608557e+03 1.449536397314858283e+00 1.280679456505661069e-02
5.049001695045918495e+03 1.413219317508253692e+00 1.468275624926316039e-02
5.054050696740966487e+03 1.347825215611039740e+00 1.642204079160977312e-02
5.059104747437709193e+03 1.269688067215939187e+00 1.646176770168527106e-02
5.064163852185148244e+03 1.192925178820719356e+00 1.521613678408021038e-02
5.069228016037335692e+03 1.122091199299394049e+00 1.182056195456280059e-02
5.074297244053374015e+03 1.071311742404436274e+00 1.016494723612943948e-02
5.079371541297429758e+03 1.042497933995979231e+00 1.127731129986669217e-02
5.084450912838728073e+03 1.035902259445103057e+00 1.268882559233248594e-02
5.089535363751569093e+03 1.054907754110867568e+00 1.284561507660498918e-02
5.094624899115322478e+03 1.063861669545766553e+00 1.050059251644637308e-02
5.099719524014439230e+03 1.058107834744640874e+00 7.365432560638985639e-03
5.104819243538455339e+03 1.020623433587619644e+00 6.596919864719575158e-03
5.109924062781995417e+03 9.600326410701662816e-01 7.810837227086597952e-03
5.115033986844779065e+03 8.761176344418395434e-01 9.853493884610464368e-03
5.120149020831625421e+03 7.818577112109158511e-01 1.108345015012911737e-02
5.125269169852458617e+03 6.757896621973589202e-01 1.144892231339422403e-02
5.130394439022313236e+03 5.755243068191517875e-01 1.010901214544980727e-02
5.135524833461337039e+03 4.792729366773437194e-01 7.629379485017470132e-03
5.140660358294800062e+03 4.023096537068261425e-01 6.148326840305891675e-03
5.145801018653096435e+03 3.504004476748948660e-01 5.815452629433250781e-03
5.150946819671751655e+03 3.282097397323467391e-01 5.721329706075628345e-03
5.156097766491425318e+03 3.347335796816817144e-01 5.747660660243475265e-03
5.161253864257918394e+03 3.703421217512196661e-01 5.469990041452392829e-03
5.166415118122177773e+03 4.305838594708089606e-01 5.101122852179384819e-03
5.171581533240301724e+03 5.055070690740622874e-01 4.931851816424069092e-03
5.176753114773543530e+03 5.912705024516269336e-01 6.117188651591025893e-03
5.181929867888318768e+03 6.856682091312862326e-01 8.848577733530255465e-03
5.187111797756208944e+03 7.753979925128955397e-01 1.012208240655292600e-02
5.192298909553966951e+03 8.623159585104429592e-01 9.562834880663151002e-03
5.197491208463522526e+03 9.188128681307362600e-01 7.979910389895726597e-03
5.202688699671987706e+03 9.483308141328025132e-01 5.499752869181799564e-03
5.207891388371661378e+03 9.393469027346696976e-01 7.910210454581503500e-03
5.213099279760034733e+03 9.041606591603514875e-01 1.148904540018920277e-02
5.218312379039796724e+03 8.392758878841402037e-01 1.635771016251108198e-02
5.223530691418837705e+03 7.735154670846687841e-01 1.985318940183791389e-02
5.228754222110258524e+03 7.246194367074163534e-01 1.854793423367932445e-02
5.233982976332370527e+03 7.068043443216979194e-01 1.465654261539731627e-02
5.239216959308704645e+03 7.439242188723051985e-01 1.565301575946585061e-02
5.244456176268015042e+03 8.142882005595809547e-01 2.242993556783508258e-02
5.249700632444284565e+03 9.215236463128456679e-01 3.111929798506907208e-02
5.254950333076731113e+03 1.035061046799190088e+00 3.241996414639975593e-02
5.260205283409809454e+03 1.127544368668630170e+00 2.689240684592139261e-02
5.265465488693221232e+03 1.171150817941095656e+00 2.245629314717972197e-02
5.270730954181915877e+03 1.169998122867591084e+00 2.482705499788944933e-02
5.276001685136099695e+03 1.132999615194442145e+00 2.950571795209879292e-02
5.281277686821237694e+03 1.053089072479956867e+00 3.351878217037554397e-02
5.286558964508059944e+03 9.602676211819625163e-01 3.061512510327244613e-02
5.291845523472569766e+03 8.912250329595100551e-01 2.587521472308832587e-02
5.297137368996044643e+03 8.379457194474345672e-01 2.030473775075977358e-02
5.302434506365042580e+03 8.290782409516449514e-01 2.269256542798156473e-02
5.307736940871409388e+03 8.467196942367305468e-01 2.571936939572955910e-02
5.313044677812282316e+03 9.014443688640737529e-01 2.408421122861401434e-02
5.318357722490096421e+03 9.532706559214393360e-01 1.926653262858570373e-02
5.323676080212588204e+03 1.005726699724341477e+00 1.157671393514548945e-02
5.328999756292802886e+03 1.029902165282326365e+00 1.057278068268752494e-02
5.334328756049097137e+03 1.025805392402078020e+00 1.197492728771697677e-02
5.339663084805148173e+03 1.000279069952081379e+00 1.079275161573861434e-02
5.345002747889954662e+03 9.595281082162083752e-01 8.127406822728317978e-03
5.350347750637846730e+03 9.217161690484910741e-01 6.035700829282742048e-03
5.355698098388485960e+03 8.853288570578148331e-01 3.808580283810708220e-03
5.361053796486876308e+03 8.595329008551005900e-01 4.394076788194933164e-03
5.366414850283365013e+03 8.420002786624801727e-01 5.158703468773244774e-03
5.371781265133649867e+03 8.320292131063046215e-01 4.418450991646350953e-03
5.377153046398785591e+03 8.226014142461299805e-01 3.026867887192318668e-03
5.382530199445186554e+03 8.126655337242691957e-01 2.251076863353853111e-03
5.387912729644633146e+03 8.026760899967669838e-01 2.261348583747197546e-03
5.393300642374279960e+03 7.891753607973007734e-01 4.272641770540789793e-03
5.398693943016655794e+03 7.843137766457622950e-01 6.810989699305438141e-03
5.404092636959673655e+03 7.841891135325642637e-01 1.072320635567081820e-02
5.409496729596635305e+03 8.083260857003289335e-01 1.082478520466900393e-02
5.414906226326233991e+03 8.675816855444005160e-01 1.001883662411489316e-02
5.420321132552561721e+03 9.480906619706290783e-01 1.170198730982594838e-02
5.425741453685116539e+03 1.054463781782285725e+00 1.621094708926649683e-02
5.431167195138803436e+03 1.168641513895857242e+00 1.918488770020397582e-02
5.436598362333943442e+03 1.279839793581621699e+00 1.882764130725261137e-02
5.442034960696279086e+03 1.371555812111259209e+00 1.584224497747781582e-02
5.447476995656978033e+03 1.426785367367559010e+00 1.407466140844921935e-02
5.452924472652636723e+03 1.448959142223720464e+00 1.599479730937329591e-02
5.458377397125291282e+03 1.440353093697425146e+00 1.833396275710676149e-02
5.463835774522417523e+03 1.412380320457756300e+00 1.810007369080286754e-02
5.469299610296941864e+03 1.369884816842504183e+00 1.643935804157961242e-02
5.474768909907241323e+03 1.309320883691198478e+00 1.358064616888242371e-02
5.480243678817149885e+03 1.243063708925876032e+00 1.177966375900947951e-02
5.485723922495968509e+03 1.195615561559022710e+00 1.209718090104261977e-02
5.491209646418466946e+03 1.175508872518884251e+00 1.246223801969089870e-02
5.496700856064887375e+03 1.191585430405032842e+00 1.234861835587288716e-02
5.502197556920953502e+03 1.240328586066682837e+00 1.302968627749392060e-02
5.507699754477876013e+03 1.300029279801064863e+00 1.303796735413293752e-02
5.513207454232356213e+03 1.373274819534276547e+00 1.397424866456501574e-02
5.518720661686590574e+03 1.461085860017658167e+00 1.526347434406361524e-02
5.524239382348278923e+03 1.559168681801714085e+00 1.800509485936958864e-02
5.529763621730628984e+03 1.641521207753722011e+00 1.838359336339234068e-02
5.535293385352360929e+03 1.702165254034267772e+00 1.592731919042308930e-02
5.540828678737715563e+03 1.734397246615423382e+00 1.489047592095520643e-02
5.546369507416455235e+03 1.730378760282952344e+00 1.761102382912569861e-02
5.551915876923872929e+03 1.698430038458817792e+00 1.948251452516457094e-02
5.557467792800798634e+03 1.637749116274826555e+00 1.770986367983044124e-02
5.563025260593602070e+03 1.566637705134970027e+00 1.214957892429533066e-02
5.568588285854197238e+03 1.506855890926805719e+00 8.838773891311057368e-03
5.574156874140053333e+03 1.469351956551154803e+00 9.816638142360410713e-03
5.579731031014194741e+03 1.448948237558187691e+00 1.260848835669936031e-02
5.585310762045211050e+03 1.432481105748624861e+00 1.433890988705962231e-02
5.590896072807257951e+03 1.409671915511511830e+00 1.478077381739667864e-02
5.596486968880067252e+03 1.374212111969126626e+00 1.366685691402668053e-02
5.602083455848949598e+03 1.328627185650136822e+00 1.138449942962416368e-02
5.607685539304799931e+03 1.265283402749947772e+00 1.166535985639564378e-02
5.613293224844106589e+03 1.178672959133297171e+00 1.449248937686475371e-02
5.618906518068952209e+03 1.083713627459037099e+00 1.381941204575797347e-02
5.624525424587023736e+03 1.000243976581731253e+00 1.127239263153423376e-02
5.630149950011612418e+03 9.320198472863733263e-01 8.444350885406487484e-03
5.635780099961625638e+03 8.899972867170437008e-01 7.565704999386912120e-03
5.641415880061589633e+03 8.763573626640860370e-01 8.089956165293435766e-03
5.647057295941652228e+03 8.924916937910126746e-01 1.042868505380754526e-02
5.652704353237596479e+03 9.287114489311689702e-01 1.172208524919472923e-02
5.658357057590835211e+03 9.803517848693026338e-01 9.159208598833321752e-03
5.664015414648428305e+03 1.037822998356284776e+00 5.906903095601517828e-03
5.669679430063079053e+03 1.091572432884588606e+00 5.325481208811367467e-03
5.675349109493143260e+03 1.138937429886144770e+00 5.731616198844400288e-03
5.681024458602638333e+03 1.180310529605415271e+00 5.719003592338663643e-03
5.686705483061243285e+03 1.216927570144814785e+00 5.111478974613708343e-03
5.692392188544306009e+03 1.247308356874476054e+00 4.204326181934545104e-03
5.698084580732852373e+03 1.271675014397902315e+00 3.823730201503815814e-03
5.703782665313587131e+03 1.292549164470466527e+00 3.865814434375143896e-03
5.709486447978903016e+03 1.307250373833162005e+00 5.222379629349020030e-03
5.715195934426883468e+03 1.310395839717430011e+00 7.059238784720701411e-03
5.720911130361312644e+03 1.291683578418904688e+00 7.801377083340375364e-03
5.726632041491675409e+03 1.251408456912552536e+00 6.943639830491365496e-03
5.732358673533169167e+03 1.179636316919897343e+00 5.281990497707325302e-03
5.738091032206703858e+03 1.072000777212385403e+00 6.855338011761445867e-03
5.743829123238912871e+03 9.377678481317547332e-01 9.215165004433549870e-03
5.749572952362153046e+03 7.860738223583522144e-01 1.099784850407925854e-02
5.755322525314517407e+03 6.332449612645733028e-01 1.173775741562634554e-02
5.761077847839834249e+03 4.880300236112222745e-01 1.138606002417293962e-02
5.766838925687675328e+03 3.584252655176232150e-01 9.084615312078499205e-03
5.772605764613364954e+03 2.558498914215909803e-01 7.472298334573760671e-03
5.778378370377980900e+03 1.862810790841029629e-01 8.266535103344740953e-03
5.784156748748360769e+03 1.470127047275472942e-01 9.534561843417027616e-03
5.789940905497111089e+03 1.380776840747299783e-01 9.965209643749625701e-03
5.795730846402610041e+03 1.564641850369690168e-01 8.151923204539153131e-03
5.801526577249013826e+03 1.915777698972000453e-01 4.914523570204007777e-03
5.807328103826264851e+03 2.320765456963339579e-01 2.504815426183782789e-03
5.813135431930093546e+03 2.716379043148952066e-01 2.248118429998516299e-03
5.818948567362025642e+03 3.089269591677179516e-01 2.252540845557793846e-03
5.824767515929389447e+03 3.447170345331571628e-01 2.540787528704245828e-03
5.830592283445320390e+03 3.708651291678602968e-01 8.658735506538612139e-03
5.836422875728768304e+03 4.004778052188413540e-01 1.591326940782135727e-02
5.842259298604498326e+03 4.558725116230631369e-01 1.765761508938840443e-02
5.848101557903105459e+03 5.488594463041269744e-01 1.607814123326425926e-02
5.853949659461010015e+03 6.790177507267621815e-01 1.428613189563543266e-02
5.859803609120473084e+03 8.483700856153022496e-01 1.359921385266063543e-02
5.865663412729595620e+03 1.059164890697804395e+00 1.563766585625063835e-02
5.871529076142326630e+03 1.302333720342894852e+00 1.893751350405525197e-02
5.877400605218471355e+03 1.561912595973123929e+00 2.084680813942240904e-02
5.883278005823691274e+03 1.818691429200494980e+00 2.025809549805744278e-02
5.889161283829516833e+03 2.050213658346353718e+00 1.672401076313242974e-02
5.895050445113348360e+03 2.231182022010592014e+00 1.162701827486329990e-02
5.900945495558464245e+03 2.341557308237151691e+00 1.167310751633624140e-02
5.906846441054024581e+03 2.389240822282746812e+00 1.434230429670133727e-02
5.912753287495080258e+03 2.376585831410770400e+00 1.516086061799849435e-02
5.918666040782577511e+03 2.312978770487982061e+00 1.304731368489849344e-02
5.924584706823361557e+03 2.212149777112217830e+00 1.022337940295852537e-02
5.930509291530187511e+03 2.083759745336830616e+00 1.030123730837461879e-02
5.936439800821719473e+03 1.953332118786220484e+00 1.216639363941747314e-02
5.942376240622543264e+03 1.826867395130839178e+00 1.159003097100264577e-02
5.948318616863167335e+03 1.713754403416651417e+00 8.424142929312060379e-03
5.954266935480032771e+03 1.630313135641158429e+00 7.694149972459479216e-03
5.960221202415515108e+03 1.585134092116728288e+00 9.171688412818500627e-03
5.966181423617932523e+03 1.566033167388900971e+00 1.068089358886913608e-02
5.972147605041552197e+03 1.559522605418808050e+00 1.113679382249173865e-02
5.978119752646595771e+03 1.565405743390555493e+00 1.099074629070546233e-02
5.984097872399243897e+03 1.575490647649638198e+00 1.049167637587922891e-02
5.990081970271645332e+03 1.584558328889561274e+00 9.912517518367322186e-03
5.996072052241918755e+03 1.584337542942417798e+00 8.682704450486647407e-03
6.002068124294162772e+03 1.568584845597468469e+00 7.619951500695130130e-03
6.008070192418459555e+03 1.530122400318071341e+00 8.728178660645546580e-03
6.014078262610879392e+03 1.469910077064567666e+00 8.783842512305212180e-03
6.020092340873492503e+03 1.396527772543926238e+00 6.502132927786382320e-03
6.026112433214368139e+03 1.321594968578517104e+00 4.713129128686505825e-03
6.032138545647584579e+03 1.254534480544585273e+00 4.319728925438678924e-03
6.038170684193233683e+03 1.198614801064372015e+00 4.592845446195481518e-03
6.044208854877429076e+03 1.145184510872364836e+00 4.809706506402161054e-03
6.050253063732308874e+03 1.096313426242613076e+00 5.214473545534088240e-03
6.056303316796042964e+03 1.053952756754953368e+00 5.308712712827836841e-03
6.062359620112841185e+03 1.016293373730890126e+00 5.036358883450716556e-03
6.068421979732956061e+03 9.811720958795454584e-01 5.126068133547942787e-03
6.074490401712690982e+03 9.544269807744462097e-01 5.138013949048509353e-03
6.080564892114405666e+03 9.343257943291783940e-01 5.352588232689208317e-03
6.086645457006521610e+03 9.248254086390363948e-01 5.266601073520568201e-03
6.092732102463530282e+03 9.227171241931523271e-01 5.455821848752553070e-03
6.098824834565995843e+03 9.241369559488045171e-01 5.473402643174606064e-03
6.104923659400564247e+03 9.307712186447719693e-01 7.477208557443732612e-03
6.111028583059966877e+03 9.530021026937456341e-01 9.724933315798748104e-03
6.117139611643028729e+03 1.000607519668125889e+00 9.880652039578080581e-03
6.123256751254673873e+03 1.073464407477984661e+00 1.026692831328609654e-02
6.129380008005929994e+03 1.162129552473477379e+00 1.124668844534025894e-02
6.135509388013938405e+03 1.257242819728820571e+00 1.179062287060691702e-02
6.141644897401954040e+03 1.355120723474521283e+00 1.232893792891996340e-02
6.147786542299358189e+03 1.451610693207972203e+00 1.276502547410827103e-02
6.153934328841659408e+03 1.537682908273428684e+00 1.284141212089208277e-02
6.160088263170503524e+03 1.604147291070035397e+00 1.205297623260632132e-02
6.166248351433675452e+03 1.642955649805814433e+00 1.067007631531819399e-02
6.172414599785111022e+03 1.648947475605323287e+00 9.388244593933796692e-03
6.178587014384898794e+03 1.616370538473636875e+00 9.588378942667133420e-03
6.184765601399285515e+03 1.542213183606385707e+00 1.178865445618951929e-02
6.190950367000687038e+03 1.438922645712193971e+00 1.400430528518765115e-02
6.197141317367689226e+03 1.322638318525293233e+00 1.453768873455662212e-02
6.203338458685059777e+03 1.228451016243268690e+00 1.203883698649604005e-02
6.209541797143746408e+03 1.164255135561869103e+00 1.166382637922234317e-02
6.215751338940892310e+03 1.136341200417327002e+00 1.266319971323059089e-02
6.221967090279835247e+03 1.122347606285881483e+00 1.220379842750666730e-02
6.228189057370116643e+03 1.138914851489048141e+00 1.208540331847097506e-02
6.234417246427488863e+03 1.191264729784043963e+00 1.307656391094498723e-02
6.240651663673918847e+03 1.282817257539765166e+00 1.422158251156839352e-02
6.246892315337594482e+03 1.382729793206733504e+00 1.330197742945633983e-02
6.253139207652934601e+03 1.474007337427642561e+00 1.142713589318867899e-02
6.259392346860589896e+03 1.545603805478036996e+00 9.846635327007392802e-03
6.265651739207452010e+03 1.590821600577235095e+00 1.137920023050184061e-02
6.271917390946661726e+03 1.612883431400168099e+00 1.311720827734022717e-02
6.278189308337610782e+03 1.623858228725752584e+00 1.234278787438874807e-02
6.284467497645950061e+03 1.626371898481216771e+00 1.131403797868637054e-02
6.290751965143597772e+03 1.622843108574610005e+00 1.108709575905679652e-02
6.297042717108744000e+03 1.615403545460658563e+00 1.123092046633036162e-02
6.303339759825854344e+03 1.605310331758111442e+00 1.133038431713489710e-02
6.309643099585682648e+03 1.595743436312192287e+00 1.092476845515995797e-02
6.315952742685270096e+03 1.596698853111423899e+00 1.060537134531713659e-02
6.322268695427957937e+03 1.608518850747626683e+00 1.129035469214229384e-02
6.328590964123387494e+03 1.627040417009244289e+00 1.124232000945989476e-02
6.334919555087512890e+03 1.644950960839156595e+00 9.155962010067873746e-03
6.341254474642602872e+03 1.648631291490741946e+00 8.385963319354924200e-03
6.347595729117247174e+03 1.644327411107948222e+00 8.532234886529621934e-03
6.353943324846366522e+03 1.622628564069180435e+00 8.432880370788762778e-03
6.360297268171215364e+03 1.593085954929991166e+00 8.200787534680280266e-03
6.366657565439388236e+03 1.551892032033721502e+00 9.469133586293266777e-03
6.373024223004829764e+03 1.496919154812793806e+00 1.290378273690457635e-02
6.379397247227837397e+03 1.449038975315518840e+00 1.306047063280149460e-02
6.385776644475066860e+03 1.404067869519219469e+00 1.079044819607342422e-02
6.392162421119543978e+03 1.364844662593125424e+00 8.466592594461242599e-03
6.398554583540665590e+03 1.339015092143019059e+00 7.803636373326416735e-03
6.404953138124208635e+03 1.337025552721444521e+00 9.161322054805092277e-03
6.411358091262334710e+03 1.346890177341523609e+00 1.123310768775355635e-02
6.417769449353599157e+03 1.353679811421375945e+00 1.338963934128127239e-02
6.424187218802954703e+03 1.346010459666423520e+00 1.373389672928900483e-02
6.430611406021760558e+03 1.310157141788499402e+00 1.238051149636165867e-02
6.437042017427784231e+03 1.239389812197940310e+00 1.053382444677131158e-02
6.443479059445214261e+03 1.138652070867999910e+00 1.035621364744422450e-02
6.449922538504661134e+03 1.005178536995514849e+00 1.195992821558771596e-02
6.456372461043168187e+03 8.534091178209304296e-01 1.113206077949477173e-02
6.462828833504213435e+03 7.038382990911198345e-01 1.106806592301435785e-02
6.469291662337719572e+03 5.645026603081026995e-01 1.270064573204785809e-02
6.475760954000059428e+03 4.281436269213672041e-01 1.546660776273501604e-02
6.482236714954061426e+03 3.049608234508447424e-01 3.118556646005930799e-02
6.488718951669017770e+03 2.488393663397769906e-01 4.475121532851931289e-02
6.495207670620688987e+03 3.166952046146367383e-01 4.856851657613599216e-02
6.501702878291312118e+03 5.348576632436192746e-01 4.540423637925943001e-02
6.508204581169605262e+03 9.647484476272969456e-01 4.248382935094786872e-02
6.514712785750777584e+03 1.573825477203140366e+00 4.307099414371409057e-02
6.521227498536530220e+03 2.360548034458703981e+00 5.189189125899321825e-02
6.527748726035069012e+03 3.260882808348281703e+00 6.087941509142091173e-02
6.534276474761106329e+03 4.247030870219521859e+00 6.277056652698369266e-02
6.540810751235869247e+03 5.243029452440870486e+00 5.601223032500737137e-02
6.547351561987107743e+03 6.190331263004540396e+00 4.598818180385612353e-02
6.553898913549096505e+03 7.034980151298602102e+00 3.637420740916516571e-02
6.560452812462647671e+03 7.713198832538092020e+00 2.933931029993451511e-02
6.567013265275112644e+03 8.135282321672560712e+00 2.828977035123773909e-02
6.573580278540390282e+03 8.273064082895174920e+00 2.828487970043374114e-02
6.580153858818932349e+03 8.139674670259072542e+00 2.962168808180842827e-02
6.586734012677753526e+03 7.759780411874775297e+00 3.709702679397103992e-02
6.593320746690433225e+03 7.219528770736350687e+00 4.553268848625989518e-02
6.599914067437126505e+03 6.545146207868045352e+00 5.298910228883065704e-02
6.606513981504565891e+03 5.744234093259160012e+00 5.420409394224068311e-02
6.613120495486072286e+03 4.925355254800071414e+00 4.744992134763255376e-02
6.619733615981560433e+03 4.135507291169841615e+00 3.923361271254943022e-02
6.626353349597544366e+03 3.428213551906208689e+00 3.038880563784389366e-02
6.632979702947143778e+03 2.837015864345350469e+00 3.000702195761703606e-02
6.639612682650093120e+03 2.403605419478783922e+00 3.635092436206932565e-02
6.646252295332745234e+03 2.092570451151046562e+00 3.754583162060999568e-02
6.652898547628080451e+03 1.910934948606508588e+00 2.542729291750333784e-02
6.659551446175711135e+03 1.781736102750727024e+00 1.275392761050353312e-02
6.666210997621888964e+03 1.677100025083652968e+00 7.405378648999412158e-03
6.672877208619513112e+03 1.591274270980473471e+00 6.832078465424974711e-03
6.679550085828134797e+03 1.519446368047275397e+00 6.773864528811638676e-03
6.686229635913964557e+03 1.457402530726514600e+00 6.784119857254078401e-03
6.692915865549881346e+03 1.397732845972857296e+00 7.028772538939969013e-03
6.699608781415433441e+03 1.335527930016484177e+00 7.701395042981232925e-03
6.706308390196851178e+03 1.265653910349258116e+00 7.939685690372014909e-03
6.713014698587049679e+03 1.193826470493172032e+00 6.963308276795861923e-03
6.719727713285638856e+03 1.129823135348491547e+00 4.755160983582791198e-03
6.726447440998927050e+03 1.084578098991449524e+00 3.979863862925175910e-03
6.733173888439928305e+03 1.058293797044904450e+00 4.195834127231806536e-03
6.739907062328370557e+03 1.045488368735906004e+00 5.133683053869201630e-03
6.746646969390701088e+03 1.038536240321948689e+00 5.885737879559319735e-03
6.753393616360093802e+03 1.034604588799093561e+00 6.224658069599671613e-03
6.760147009976456502e+03 1.035079207027324921e+00 5.967854137647542537e-03
6.766907156986434529e+03 1.033095443224638865e+00 5.663867828714661511e-03
6.773674064143423493e+03 1.031401888725945515e+00 5.594661210979387511e-03
6.780447738207569273e+03 1.027380616566457627e+00 6.281320272299900469e-03
6.787228185945778932e+03 1.025027169959863205e+00 6.151865051055898509e-03
6.794015414131727084e+03 1.014433136882040287e+00 5.835049954144177868e-03
6.800809429545861349e+03 1.008262772268410989e+00 5.345776913178341104e-03
6.807610238975408720e+03 1.005389790779983139e+00 4.889812720659643397e-03
6.814417849214386479e+03 1.004079034177914664e+00 4.717603635818407373e-03
6.821232267063603103e+03 1.012026936511488007e+00 4.790389702409266967e-03
6.828053499330669183e+03 1.025345054314504623e+00 4.283548547024830684e-03
6.834881552830001965e+03 1.037314750494501059e+00 4.000468825369609543e-03
6.841716434382834450e+03 1.045278230666145447e+00 3.995382762260662156e-03
6.848558150817219939e+03 1.043132339697874000e+00 4.020006911126262558e-03
6.855406708968039311e+03 1.031883982550228840e+00 4.070313635337410169e-03
6.862262115677009206e+03 1.012858320232800757e+00 4.074057036963048793e-03
6.869124377792688392e+03 9.886531060070241628e-01 4.391370598275627299e-03
6.875993502170483225e+03 9.577978464981571349e-01 5.310450166611954681e-03
6.882869495672656740e+03 9.258982601573978455e-01 6.307939592489888135e-03
6.889752365168331380e+03 9.026594841699748795e-01 6.348404023082672258e-03
6.896642117533501732e+03 8.885083901048786981e-01 5.763501407590800388e-03
6.903538759651037253e+03 8.792027689341730401e-01 5.208093732721246968e-03
6.910442298410691365e+03 8.809777112429864054e-01 5.493694439202232230e-03
6.917352740709104182e+03 8.954616251015745654e-01 5.417666487726410275e-03
6.924270093449815249e+03 9.148090020593052651e-01 6.119451963907452698e-03
6.931194363543267173e+03 9.351048383725696356e-01 5.530614581273552398e-03
6.938125557906812901e+03 9.485329627727953072e-01 4.046167048288966395e-03
6.945063683464722089e+03 9.516933277509755928e-01 5.013605353082955206e-03
6.952008747148189286e+03 9.459807813810693355e-01 7.170299582097143694e-03
6.958960755895339389e+03 9.417308817926504094e-01 7.948175860956701796e-03
6.965919716651237650e+03 9.395020702116320122e-01 7.256644349388376332e-03
6.972885636367890584e+03 9.495907238423563212e-01 7.051007371830435994e-03
6.979858522004260521e+03 9.671754640254756064e-01 8.493021522725794845e-03
6.986838380526267429e+03 9.879386648242750590e-01 9.569512506924615636e-03
6.993825218906796181e+03 1.010016547529364761e+00 9.129646265160119498e-03
7.000819044125705659e+03 1.028459536686106901e+00 8.702650665744052910e-03
7.007819863169833297e+03 1.048152200199345518e+00 8.688282334453510322e-03
7.014827683033005087e+03 1.067728569866074118e+00 8.779316527111179908e-03
7.021842510716041033e+03 1.081785997205126693e+00 9.528378614310528336e-03
7.028864353226758794e+03 1.098525045069489670e+00 9.966413595967778954e-03
7.035893217579988232e+03 1.121547462644123083e+00 9.262137179701764034e-03
7.042929110797570502e+03 1.155128458245695100e+00 9.171126665830628411e-03
7.049972039908370789e+03 1.190913371831840761e+00 1.045121536225874191e-02
7.057022011948281033e+03 1.233474000746245247e+00 1.145754316129648717e-02
7.064079033960231754e+03 1.277074043110116630e+00 1.062391238262048315e-02
7.071143112994193871e+03 1.309904971796331585e+00 8.711797664164112887e-03
7.078214256107190522e+03 1.322913116026813052e+00 6.784076138876271589e-03
7.085292470363300708e+03 1.309691872905853094e+00 9.962301782635858693e-03
7.092377762833665656e+03 1.271696323683638497e+00 1.384862339779713639e-02
7.099470140596501551e+03 1.240780299081856830e+00 1.336883955604693114e-02
7.106569610737100447e+03 1.215234932252060807e+00 1.118504000104993991e-02
7.113676180347840273e+03 1.211227916941501004e+00 1.032110689652523082e-02
7.120789856528190285e+03 1.226679503735211174e+00 1.093853933475521373e-02
7.127910646384721076e+03 1.260003539224481051e+00 1.323447788071104546e-02
7.135038557031108212e+03 1.300731225898901666e+00 1.559136248959682239e-02
7.142173595588141325e+03 1.348825544727557002e+00 1.559898171991526243e-02
7.149315769183732300e+03 1.391100048331780803e+00 1.173154437224343573e-02
7.156465084952918005e+03 1.407126175865810680e+00 1.183549266307470232e-02
7.163621550037873021e+03 1.402670603566870788e+00 1.440330854245551115e-02
7.170785171587913283e+03 1.385913092875640240e+00 1.537442315914441110e-02
7.177955956759504261e+03 1.365001206287996371e+00 1.444193727431873978e-02
7.185133912716265513e+03 1.343537283080329159e+00 1.330163393243510329e-02
7.192319046628984324e+03 1.321342745921964212e+00 1.360730635604359869e-02
7.199511365675615707e+03 1.310538224942827901e+00 1.675652163161071503e-02
7.206710877041294225e+03 1.295707467215750253e+00 1.677810522551418174e-02
7.213917587918337631e+03 1.265025839680431696e+00 2.094809741898336075e-02
7.221131505506257781e+03 1.220840941847900041e+00 3.261511582965267997e-02
7.228352637011767001e+03 1.235981231047482920e+00 3.306875914109241865e-02
7.235580989648780815e+03 1.312105033657802622e+00 3.502720029595935564e-02
7.242816570638432495e+03 1.408497745025164338e+00 3.477441433309371582e-02
7.250059387209073066e+03 1.499198468900811765e+00 3.591352047450850626e-02
7.257309446596284033e+03 1.650514200545061483e+00 3.554085244866206361e-02
7.264566756042882844e+03 1.868519442100295969e+00 3.633382884638978322e-02
7.271831322798928340e+03 2.152352623514402818e+00 4.073015411410359915e-02
7.279103154121729858e+03 2.434994528065062891e+00 4.099593877400831143e-02
7.286382257275853590e+03 2.714983949366142291e+00 3.877713091548518065e-02
7.293668639533132591e+03 2.931986949067348469e+00 3.638807057197001454e-02
7.300962308172667690e+03 3.082872780207779329e+00 3.544212173995860138e-02
7.308263270480842948e+03 3.142026090812280792e+00 3.547070214409361183e-02
7.315571533751325660e+03 3.114493839583800217e+00 3.592938161978816852e-02
7.322887105285079997e+03 3.018953388801575155e+00 3.670061235500646918e-02
7.330209992390367006e+03 2.870528911372198788e+00 3.706872635939378879e-02
7.337540202382760071e+03 2.696897828578347145e+00 3.689784947168175261e-02
7.344877742585144915e+03 2.499544300964787968e+00 3.725641063531039826e-02
7.352222620327733239e+03 2.259393153682712541e+00 3.290523428081133794e-02
7.359574842948062724e+03 2.019690494526789504e+00 2.520117197551120097e-02
7.366934417791013402e+03 1.822294478446842669e+00 2.415328555737139907e-02
7.374301352208806748e+03 1.696991583383110402e+00 1.593766563031671218e-02
7.381675653561018407e+03 1.589628170522615402e+00 9.408946676038721160e-03
7.389057329214581841e+03 1.482768025006878432e+00 8.076283003440272446e-03
7.396446386543798326e+03 1.388876600462338518e+00 4.474639787278907738e-03
7.403842832930345139e+03 1.326940848559905906e+00 4.502482723156014596e-03
7.411246675763277381e+03 1.295369033921802027e+00 3.881741366344249392e-03
7.418657922439043432e+03 1.278915240625127625e+00 3.717777151326728292e-03
7.426076580361484957e+03 1.279336576375158074e+00 4.360511818976548978e-03
7.433502656941848727e+03 1.291015937626176058e+00 5.245702995460839284e-03
7.440936159598792983e+03 1.310758198009176700e+00 4.057060588746618651e-03
7.448377095758394717e+03 1.322521673757475202e+00 3.248650240670727767e-03
7.455825472854155123e+03 1.324672768214920415e+00 3.333959914100794678e-03
7.463281298327012337e+03 1.314630892928791761e+00 4.507394994261316144e-03
7.470744579625341430e+03 1.296166081141531201e+00 5.892333873243783306e-03
7.478215324204968965e+03 1.275493632124655718e+00 6.310812198956288789e-03
7.485693539529176633e+03 1.251067656484301960e+00 6.006235583926477009e-03
7.493179233068708527e+03 1.224996513934673459e+00 5.728042011633337552e-03
7.500672412301779332e+03 1.191582362662689576e+00 6.178499172158548325e-03
7.508173084714083416e+03 1.154734445219500305e+00 7.257075797903343208e-03
7.515681257798800289e+03 1.109213479457721085e+00 7.602799160406231195e-03
7.523196939056601877e+03 1.053523796901903564e+00 6.834990966263330622e-03
7.530720135995660712e+03 9.843676106565160122e-01 5.987593194358238093e-03
7.538250856131659020e+03 9.007491864160948047e-01 5.219173665871761070e-03
7.545789106987793275e+03 7.977771244667768435e-01 6.214607898098858767e-03
7.553334896094783289e+03 6.845333524344427989e-01 7.512991092847466808e-03
7.560888230990880402e+03 5.677460422974384135e-01 7.518207216562549852e-03
7.568449119221873843e+03 4.546499790200625446e-01 5.821017477100181789e-03
7.576017568341098013e+03 3.567018249707070154e-01 4.762737129085231613e-03
7.583593585909441572e+03 2.818995924386317742e-01 5.155873774491178708e-03
7.591177179495353812e+03 2.367150705413454959e-01 6.588360620003304476e-03
7.598768356674851930e+03 2.241345743504915000e-01 5.430215644716232179e-03
7.606367125031529213e+03 2.276081781239603363e-01 4.072916206569017310e-03
7.613973492156563225e+03 2.440178973244530036e-01 3.715249199715870473e-03
7.621587465648722173e+03 2.719801551845131282e-01 4.758432845036403638e-03
7.629209053114373091e+03 3.237177346213220841e-01 4.967554846437129482e-03
7.636838262167490029e+03 3.874484927457740868e-01 7.291759911347043058e-03
7.644475100429660415e+03 4.730434550603784816e-01 9.276996847648098440e-03
7.652119575530092334e+03 6.014989072780949630e-01 8.902252427863504430e-03
7.659771695105625440e+03 7.722825969172031346e-01 8.207251832703498645e-03
7.667431466800733688e+03 9.860512069358583487e-01 1.403358109411949849e-02
7.675098898267536242e+03 1.221647853866295153e+00 2.116309245040334450e-02
7.682773997165806577e+03 1.451465005868779024e+00 2.526083193712143002e-02
7.690456771162975201e+03 1.628446353884255515e+00 2.491847592351824695e-02
7.698147227934140574e+03 1.745703890157157101e+00 2.159465848282130299e-02
7.705845375162077289e+03 1.777499082860477753e+00 2.268241326506291802e-02
7.713551220537241534e+03 1.739433758166794020e+00 2.851561521177061950e-02
7.721264771757782000e+03 1.644050477706466395e+00 3.406567466375128028e-02
7.728986036529541707e+03 1.520793354195551395e+00 3.607307736141696086e-02
7.736715022566074367e+03 1.386431919543018587e+00 3.247203047990755709e-02
7.744451737588642573e+03 1.270251892597094479e+00 2.635734880353501550e-02
7.752196189326234162e+03 1.190661503885608319e+00 2.462823191371193987e-02
7.759948385515562222e+03 1.155532103512238118e+00 2.799072038438863222e-02
7.767708333901080550e+03 1.161293783169007554e+00 3.010774988947445899e-02
7.775476042234984561e+03 1.197690394857239049e+00 2.565178304512966134e-02
7.783251518277222203e+03 1.227271687436396697e+00 1.942299531938435075e-02
7.791034769795502143e+03 1.249858095008049563e+00 1.385574819539069254e-02
7.798825804565300132e+03 1.236866120124086255e+00 1.444414453662148067e-02
7.806624630369868100e+03 1.188871746282032626e+00 1.516083069115244444e-02
7.814431255000240526e+03 1.118191315795543206e+00 1.251887657028184601e-02
7.822245686255242617e+03 1.039838883317973917e+00 7.697761816565049965e-03
7.830067931941501229e+03 9.683404837645263052e-01 5.180915371257368944e-03
7.837897999873444860e+03 9.118659660030606906e-01 5.160747410904232765e-03
7.845735897873320937e+03 8.671540817969777271e-01 4.747264466900198362e-03
7.853581633771196721e+03 8.308229363392063416e-01 4.713025575371125771e-03
7.861435215404970222e+03 8.077112663819275840e-01 4.144151733410266977e-03
7.869296650620378387e+03 7.954259905445935086e-01 4.123906889904719458e-03
7.877165947271001642e+03 7.892097185928325098e-01 3.622478429892315478e-03
7.885043113218274812e+03 7.947035880910074956e-01 3.442023420798066315e-03
7.892928156331495302e+03 8.126150039539673520e-01 4.516530690290769361e-03
7.900821084487829467e+03 8.382123704332777869e-01 5.586130495684979089e-03
7.908721905572319884e+03 8.673102224182360764e-01 5.943891760503926952e-03
7.916630627477895359e+03 8.913941814879169367e-01 5.015641273838130493e-03
7.924547258105375477e+03 9.064915638687123245e-01 4.610429441310782278e-03
7.932471805363483327e+03 9.121771165198953035e-01 5.340421660299322741e-03
7.940404277168850058e+03 9.132759250003792406e-01 5.918282777679427335e-03
7.948344681446021241e+03 9.079171668685054319e-01 5.954397014193769586e-03
7.956293026127469602e+03 8.976436851325474420e-01 5.173244359259816794e-03
7.964249319153599572e+03 8.909447637938928688e-01 4.460270956948269444e-03
7.972213568472756378e+03 8.894244048936025271e-01 3.864356575080975676e-03
7.980185782041231505e+03 8.958558657671209513e-01 4.011859913588987879e-03
7.988165967823275423e+03 9.095181678959933791e-01 4.227908944798449385e-03
7.996154133791101231e+03 9.300362146321654588e-01 3.985697598273781062e-03
8.004150287924895565e+03 9.535692247930768195e-01 3.102391457927994485e-03
8.012154438212822242e+03 9.741826903169427121e-01 2.649422956495459461e-03
8.020166592651037718e+03 9.910422941846900313e-01 2.539491021982363903e-03
8.028186759243691995e+03 1.001848590589494048e+00 2.559384200166660642e-03
8.036214946002938632e+03 1.006331485734547559e+00 2.422649331697501740e-03
8.044251160948943834e+03 1.004151494913905873e+00 2.220050997280445613e-03
8.052295412109895551e+03 1.000387575186229228e+00 2.239464029833291257e-03
8.060347707522008022e+03 9.937993656272328113e-01 2.366606811879742520e-03
8.068408055229532692e+03 9.798410777989321474e-01 2.779237768350901507e-03
8.076476463284764577e+03 9.559256676409897402e-01 3.457985468067064933e-03
8.084552939748052268e+03 9.224041955790995839e-01 4.110607557739009987e-03
8.092637492687803388e+03 8.784188291564680728e-01 4.175093570946525681e-03
8.100730130180493688e+03 8.192821782508805661e-01 3.501910533459071627e-03
8.108830860310677053e+03 7.442491588732349506e-01 4.723227390580145464e-03
8.116939691170990045e+03 6.579469809437639150e-01 9.628952450716488087e-03
8.125056630862163729e+03 5.736040957737842394e-01 1.288941211220254006e-02
8.133181687493028221e+03 5.054291945129967267e-01 1.344020989266157991e-02
8.141314869180524511e+03 4.705464076480497804e-01 1.196770543822089569e-02
8.149456184049707190e+03 4.765002167776724029e-01 1.071464491431050638e-02
8.157605640233759914e+03 5.180915835743277187e-01 1.173989420633987125e-02
8.165763245873996311e+03 5.994082950920910369e-01 1.481236325416641214e-02
8.173929009119872717e+03 7.001489961181590616e-01 1.728217539270993086e-02
8.182102938128995447e+03 8.105587740256605667e-01 1.690118051035551308e-02
8.190285041067127167e+03 9.127298335787684680e-01 1.486773258754381724e-02
8.198475326108196896e+03 9.979198168350126297e-01 1.217590612746153114e-02
8.206673801434308189e+03 1.061307045220954981e+00 9.516382303799107711e-03
8.214880475235744598e+03 1.088648298458722685e+00 9.737047555635449519e-03
8.223095355710984222e+03 1.089407884959230577e+00 1.020994049745782908e-02
8.231318451066697889e+03 1.052172718644216687e+00 1.266573305437121780e-02
8.239549769517767345e+03 9.926266109223078615e-01 1.457872853661817264e-02
8.247789319287287071e+03 9.215024432362319828e-01 1.315277378979261454e-02
8.256037108606577021e+03 8.615392469928929708e-01 1.052507277185215327e-02
8.264293145715186256e+03 8.189457334817547007e-01 8.398401487473814570e-03
8.272557438860903858e+03 7.876348316649408599e-01 8.283433896148453823e-03
8.280829996299768027e+03 7.612643566624210933e-01 8.711875473300293923e-03
8.289110826296069718e+03 7.505154601262477021e-01 9.754328543999440590e-03
8.297399937122369010e+03 7.692515457526267753e-01 9.890523043441158679e-03
8.305697337059495112e+03 8.168913771030984483e-01 1.362786257307722730e-02
8.314003034396557268e+03 8.847554867002072054e-01 1.949147796393858531e-02
8.322317037430955679e+03 9.492248048648868064e-01 2.255679691692846767e-02
8.330639354468388774e+03 1.002361795236245579e+00 2.288032744059419199e-02
8.338969993822860488e+03 1.028152522351298837e+00 2.172135734659556144e-02
8.347308963816685718e+03 1.028983793853758044e+00 1.999881512139667708e-02
8.355656272780506697e+03 1.008781084485416368e+00 1.849186676694050332e-02
8.364011929053289350e+03 9.592893425711985778e-01 1.850159757204028824e-02
8.372375940982345128e+03 8.895429097406443164e-01 1.961545880321468108e-02
8.380748316923331004e+03 8.033958588702330150e-01 2.048229789344338178e-02
8.389129065240256750e+03 7.052334404159363856e-01 2.077976517254781497e-02
8.397518194305499492e+03 5.983917383825001490e-01 2.139928358743498418e-02
8.405915712499807341e+03 4.707833197625358457e-01 2.709466495699363806e-02
8.414321628212310316e+03 3.232212019162913341e-01 4.091008292864321133e-02
8.422735949840525791e+03 2.120535130407146251e-01 5.055848113770351065e-02
8.431158685790369418e+03 1.641805988905649105e-01 5.018267693174963129e-02
8.439589844476162398e+03 2.211884066617859634e-01 4.685954853316132845e-02
8.448029434320640576e+03 3.657932738157567698e-01 4.894006394825303752e-02
8.456477463754963537e+03 5.704336401579487292e-01 5.884909477834403962e-02
8.464933941218721884e+03 8.225994178364968157e-01 7.138288198053857614e-02
8.473398875159942691e+03 1.103054976433829326e+00 8.289138010144667112e-02
8.481872274035105875e+03 1.385888631170415497e+00 9.036376130777430682e-02
8.490354146309144198e+03 1.622108671609391539e+00 9.073138265254880597e-02
8.498844500455456000e+03 1.836654672801450339e+00 9.005868150087292801e-02
8.507343344955914290e+03 2.065866568139122617e+00 8.781941008284945005e-02
8.515850688300872207e+03 2.245244641445737876e+00 8.739415627810584453e-02
8.524366538989177570e+03 2.373504458018191432e+00 8.900684581001583329e-02
8.532890905528169242e+03 2.447261176021117368e+00 9.274758514219558214e-02
8.541423796433698953e+03 2.435676976904072699e+00 1.007104403289571792e-01
8.549965220230136765e+03 2.360695666338150644e+00 1.098729222738143163e-01
8.558515185450369245e+03 2.202754008715380962e+00 1.238359411480703803e-01
8.567073700635823116e+03 1.976124806374770948e+00 1.379788491786197724e-01
8.575640774336461618e+03 1.693998779850739211e+00 1.594256489288325973e-01
8.584216415110800881e+03 1.382173567542436032e+00 1.807847292544376150e-01
8.592800631525913559e+03 1.125838091813683883e+00 2.168121365999289840e-01
8.601393432157443385e+03 9.915720774891605416e-01 2.630846468357760926e-01
8.609994825589603352e+03 1.129550570554628930e+00 3.377558291521070011e-01
8.618604820415195718e+03 1.661785970048688332e+00 4.487529704768306593e-01
8.627223425235613831e+03 2.729374804873973659e+00 6.221993906575592481e-01
