# starting wavelength: 3727.640
# ending wavelength: 8293.410
# wav flux eflux
3.729752727905190113e+03 5.232632433480091105e-01 1.223715897035770883e+00
3.733482480633096657e+03 4.632195044116450000e-01 9.201183849799264847e-01
3.737215963113731050e+03 4.234145490268337308e-01 6.814307688533253193e-01
3.740953179076846027e+03 3.323248979433275352e-01 5.319879915141939586e-01
3.744694132255923705e+03 2.552741711453618834e-01 4.374874055046287236e-01
3.748438826388181042e+03 2.409834072120718984e-01 3.499015598971765839e-01
3.752187265214570289e+03 2.528655753680569274e-01 2.794515767703009690e-01
3.755939452479786269e+03 2.557230181531473523e-01 2.472865466522290723e-01
3.759695391932267285e+03 2.387852097762509229e-01 2.139352113693438473e-01
3.763455087324201031e+03 2.623325586947472532e-01 1.939023942939708534e-01
3.767218542411526414e+03 2.548501637199946934e-01 1.716452871803708091e-01
3.770985760953939007e+03 2.540759013234948904e-01 1.533066663769094562e-01
3.774756746714894234e+03 2.334424697977302288e-01 1.414879829216514617e-01
3.778531503461610555e+03 2.092469534120245389e-01 1.323009654535836910e-01
3.782310034965073100e+03 2.045299938054468691e-01 1.243042753487604984e-01
3.786092345000039586e+03 1.930516005224588161e-01 1.205147932572042807e-01
3.789878437345040766e+03 1.519163849234174135e-01 1.186126895314458668e-01
3.793668315782387253e+03 1.420624939759975169e-01 1.140624989643235082e-01
3.797461984098170888e+03 1.286965508453869755e-01 1.102901096695352440e-01
3.801259446082270188e+03 1.574519247949455469e-01 1.102389214339021262e-01
3.805060705528353537e+03 1.328320322654904517e-01 1.134400029783580871e-01
3.808865766233883278e+03 1.092720799592911685e-01 1.127949306524157203e-01
3.812674632000118436e+03 9.683839265465235546e-02 1.127328635248646405e-01
3.816487306632119726e+03 4.099483535190812100e-02 1.166590829715286881e-01
3.820303793938753188e+03 -1.230632036166355581e-02 1.138214955188699973e-01
3.824124097732693372e+03 -2.535363065372581159e-02 1.179894131059951862e-01
3.827948221830427428e+03 -3.445286097971157757e-02 1.180263788770119920e-01
3.831776170052258749e+03 2.853507505368951813e-02 1.090330513837173415e-01
3.835607946222312421e+03 1.704765108033316767e-02 1.084179130750663744e-01
3.839443554168536139e+03 1.509315324854088036e-02 1.045850594186128329e-01
3.843282997722705659e+03 8.571906566109468995e-03 1.081599306466846516e-01
3.847126280720429804e+03 3.494323160681767071e-02 1.051753501783836142e-01
3.850973407001151372e+03 3.017645792979813807e-02 1.047654434427656572e-01
3.854824380408153957e+03 4.804439007056390126e-02 1.049590316086946029e-01
3.858679204788563311e+03 7.172360712726420784e-02 1.060058560323196425e-01
3.862537883993353262e+03 4.443755386852921152e-02 1.035893520745431867e-01
3.866400421877347981e+03 7.687126829861196109e-02 1.002888180619647268e-01
3.870266822299226533e+03 7.347874736097417814e-02 9.789443690971873224e-02
3.874137089121526969e+03 9.840737055036813397e-02 9.387185547328073809e-02
3.878011226210649966e+03 1.383771791757106295e-01 8.911646483883961523e-02
3.881889237436861549e+03 1.441386340513962361e-01 8.957326272162460801e-02
3.885771126674299921e+03 1.231482246730444957e-01 8.671858901190634961e-02
3.889656897800975457e+03 1.183735195775094812e-01 8.404549096630196947e-02
3.893546554698777527e+03 1.224825618524988669e-01 8.466663625978466945e-02
3.897440101253477678e+03 1.738406475813407681e-01 7.455005739488483607e-02
3.901337541354732366e+03 1.777118208256049936e-01 7.194398862927124660e-02
3.905238878896088409e+03 1.822270659888621247e-01 7.457291892474901540e-02
3.909144117774985716e+03 1.855625160889423086e-01 7.417139184310662936e-02
3.913053261892762293e+03 1.967646143178365670e-01 7.461092820949952187e-02
3.916966315154656058e+03 1.668649617567224130e-01 6.687385167640376438e-02
3.920883281469812118e+03 1.796530219503467973e-01 6.679561321465975199e-02
3.924804164751283224e+03 1.901121576270483338e-01 6.949927094586134946e-02
3.928728968916035683e+03 2.306290129151161716e-01 6.089156018680790677e-02
3.932657697884953450e+03 2.507881119549422722e-01 6.238654040503520404e-02
3.936590355582839493e+03 2.765164187804903806e-01 6.211718488486941275e-02
3.940526945938423523e+03 2.808967841644866570e-01 5.442167419791706096e-02
3.944467472884363360e+03 3.163468598184846492e-01 5.635666443716637330e-02
3.948411940357249023e+03 3.475366857887899341e-01 5.590371503093281152e-02
3.952360352297607733e+03 3.700380734218861600e-01 5.443067147032924075e-02
3.956312712649906643e+03 3.937262810252039058e-01 5.171872526241817758e-02
3.960269025362557841e+03 3.905466855011628380e-01 5.203310080821651334e-02
3.964229294387921527e+03 3.885517989956724372e-01 5.126800784228989494e-02
3.968193523682310570e+03 3.786755259948007546e-01 5.092867070458200612e-02
3.972161717205994591e+03 3.794323692529171232e-01 5.085133311337741019e-02
3.976133878923201792e+03 3.948608135817008313e-01 5.132775973481515375e-02
3.980110012802126221e+03 3.983547351611533838e-01 5.073645303429385328e-02
3.984090122814929600e+03 4.018704453208243321e-01 5.214697586590141820e-02
3.988074212937745870e+03 4.052541897442510366e-01 4.905018493892507325e-02
3.992062287150684824e+03 3.881514210609659510e-01 5.021490665580225637e-02
3.996054349437837118e+03 3.929338360666277397e-01 4.888082557785240756e-02
4.000050403787276082e+03 3.599058716781485812e-01 5.056504974252792189e-02
4.004050454191064546e+03 3.156673819107346235e-01 4.916617136608966016e-02
4.008054504645257111e+03 3.053600774446316723e-01 5.096385859358519566e-02
4.012062559149903791e+03 2.870664914485755448e-01 5.147932409889538485e-02
4.016074621709055009e+03 2.918904345498871122e-01 5.245869732488728232e-02
4.020090696330765240e+03 2.984465776707324602e-01 5.255838287842592993e-02
4.024110787027097558e+03 3.205443058530615952e-01 5.165383466361770509e-02
4.028134897814125907e+03 3.207300431825126918e-01 5.164483017225540012e-02
4.032163032711941469e+03 3.093905673924128852e-01 5.576403789589316068e-02
4.036195195744654484e+03 3.039142444291881295e-01 5.182394045724211806e-02
4.040231390940400615e+03 3.062185423014034402e-01 5.090140166413104766e-02
4.044271622331342314e+03 3.337941551937928519e-01 5.131201229456123364e-02
4.048315893953675186e+03 3.887438996636505273e-01 5.191965020859497931e-02
4.052364209847629809e+03 4.671139601485027604e-01 5.371086176031648896e-02
4.056416574057479011e+03 5.333378393233256798e-01 5.366442647623471257e-02
4.060472990631537868e+03 5.816467443653295932e-01 5.376313270387737819e-02
4.064533463622170530e+03 6.178910883968243839e-01 5.382015501375925215e-02
4.068597997085794304e+03 6.522970005679339378e-01 5.354886857860528121e-02
4.072666595082881486e+03 6.840440720521719919e-01 5.359360447752907486e-02
4.076739261677965715e+03 7.086632112684492224e-01 5.297006530745677899e-02
4.080816000939644709e+03 7.058114462878423145e-01 5.381070169564341338e-02
4.084896816940585722e+03 6.771523976246996979e-01 5.723713044443618642e-02
4.088981713757527814e+03 6.637347792536416602e-01 5.781338212844935182e-02
4.093070695471286854e+03 6.316849119733068951e-01 5.888896638713531778e-02
4.097163766166759160e+03 6.057769647007914537e-01 5.894753786553958569e-02
4.101260929932927866e+03 5.558323684049895075e-01 5.227507627460909606e-02
4.105362190862862008e+03 5.124101306630939323e-01 5.099362815699520074e-02
4.109467553053726078e+03 4.787756559274858881e-01 5.101514051172161696e-02
4.113577020606780934e+03 4.431066882890901670e-01 4.880302856596181044e-02
4.117690597627389252e+03 4.354170404998021215e-01 4.839707116656892516e-02
4.121808288225018259e+03 4.489928327683655462e-01 4.140075767339648077e-02
4.125930096513244280e+03 4.425548255155617450e-01 4.148641205955493072e-02
4.130056026609759101e+03 4.228349427760416113e-01 4.215225364124172702e-02
4.134186082636369974e+03 4.218328866519163167e-01 4.212888023766363232e-02
4.138320268719007800e+03 4.014904150332075372e-01 3.662399046350896942e-02
4.142458588987728035e+03 4.027555321112974429e-01 3.738938291879304737e-02
4.146601047576717065e+03 4.034592440482041020e-01 3.947562922134922880e-02
4.150747648624294925e+03 4.003772252418403288e-01 3.956208956033203245e-02
4.154898396272920763e+03 3.962441658769447206e-01 4.052477702289209588e-02
4.159053294669195566e+03 3.978738780474455616e-01 4.058484716165567524e-02
4.163212347963865795e+03 4.175177073424429230e-01 3.769291257565848124e-02
4.167375560311830668e+03 4.388689277317006643e-01 3.398631209799930081e-02
4.171542935872143971e+03 4.141101819187666400e-01 3.922289668188754658e-02
4.175714478808017702e+03 3.969482623993726977e-01 3.867878162002966191e-02
4.179890193286827525e+03 3.840427173585101994e-01 3.751194055026881718e-02
4.184070083480115500e+03 3.804245101311739541e-01 3.829643767126456738e-02
4.188254153563597356e+03 3.931285794722745863e-01 3.924825555375504454e-02
4.192442407717161586e+03 3.907275533103355403e-01 3.841327882034093616e-02
4.196634850124880359e+03 3.479904113754818118e-01 3.970847631693522062e-02
4.200831484975006788e+03 3.356199657627440547e-01 4.296800120093183933e-02
4.205032316459983122e+03 3.363927347076677843e-01 4.307685441553477101e-02
4.209237348776444378e+03 3.413917444631539011e-01 4.126772744278519450e-02
4.213446586125221984e+03 3.429331784588227627e-01 4.016630786534058917e-02
4.217660032711349231e+03 3.657207227900651225e-01 4.023117468510956085e-02
4.221877692744061278e+03 4.065495311376590148e-01 4.143997775487690688e-02
4.226099570436806971e+03 4.634754873600566150e-01 4.350818120685985557e-02
4.230325670007245208e+03 5.241688808245732467e-01 4.764927244243392229e-02
4.234555995677254032e+03 5.402573660444758286e-01 4.759729435159917865e-02
4.238790551672932452e+03 5.477363306210459859e-01 4.407238434208853722e-02
4.243029342224606808e+03 5.334686223483127154e-01 4.407717747265289809e-02
4.247272371566832589e+03 5.019409668346902498e-01 4.659594884992286634e-02
4.251519643938400804e+03 4.476090853452243667e-01 5.502450320349287771e-02
4.255771163582340705e+03 3.708632513749745563e-01 4.201271738858433635e-02
4.260026934745924336e+03 3.232257393683460878e-01 3.949266111690657999e-02
4.264286961680671993e+03 2.823815403496818810e-01 3.762703124656024273e-02
4.268551248642354039e+03 2.709684350672039721e-01 3.709884075735685877e-02
4.272819799890998183e+03 2.938182903668328794e-01 4.188174973282716984e-02
4.277092619690890388e+03 3.000653408660271526e-01 4.239809130244549806e-02
4.281369712310583054e+03 3.046958721209567789e-01 4.265669029408619695e-02
4.285651082022895025e+03 3.354050442947794641e-01 3.895767062279484327e-02
4.289936733104918858e+03 3.766873360884222532e-01 3.424627050327139904e-02
4.294226669838025373e+03 3.916698930205532725e-01 3.342522300055825873e-02
4.298520896507864563e+03 3.914557024461498558e-01 3.173603504729222841e-02
4.302819417404373780e+03 3.903651268138382258e-01 2.890177136499280999e-02
4.307122236821779552e+03 4.054703612007105606e-01 3.175193420704035263e-02
4.311429359058603040e+03 4.125961426821739275e-01 3.032896095343544374e-02
4.315740788417662770e+03 4.299397553331443800e-01 3.320633755340818283e-02
4.320056529206081905e+03 4.316258328121818089e-01 3.204766524992467419e-02
4.324376585735290064e+03 4.169623582555780361e-01 3.324992075764374860e-02
4.328700962321026054e+03 3.993906461999456314e-01 3.220981009185370364e-02
4.333029663283348782e+03 3.682255366440441158e-01 3.079450529429835284e-02
4.337362692946633615e+03 3.588855769179442046e-01 3.091969698892660032e-02
4.341700055639581478e+03 3.584635208760513780e-01 3.323318527765064395e-02
4.346041755695222491e+03 3.419507728994820583e-01 3.348749641101141789e-02
4.350387797450919606e+03 3.127428032106534528e-01 3.358389383916437348e-02
4.354738185248371337e+03 3.107097114078559708e-01 2.958943656091398908e-02
4.359092923433621763e+03 3.060734806131670815e-01 2.959156271565870772e-02
4.363452016357056891e+03 2.908382143642708195e-01 2.975425076549521874e-02
4.367815468373414660e+03 2.892576395703232439e-01 2.962377240478836909e-02
4.372183283841789489e+03 3.028060202442143245e-01 2.966236745428935812e-02
4.376555467125633186e+03 3.181212935712887102e-01 2.966290696371799013e-02
4.380932022592760404e+03 3.354974993034599007e-01 2.891588986368720179e-02
4.385312954615354101e+03 3.746112058468238915e-01 3.662450930245288172e-02
4.389698267569970994e+03 4.076009744851383232e-01 3.610185851185952755e-02
4.394087965837542470e+03 4.065806883421063112e-01 3.709008813614903671e-02
4.398482053803381859e+03 4.205400626381773366e-01 3.299595838550985205e-02
4.402880535857186260e+03 4.232319111247275778e-01 3.390058787665731210e-02
4.407283416393044718e+03 4.310467986353106462e-01 3.501086727599195952e-02
4.411690699809440048e+03 4.090846349394391401e-01 3.504772066013061432e-02
4.416102390509250654e+03 3.693754923699222870e-01 3.423292837102283326e-02
4.420518492899761441e+03 3.553414749896005587e-01 3.306359667055231571e-02
4.424939011392662906e+03 3.595678510051197874e-01 3.300532611532571575e-02
4.429363950404056595e+03 3.817238473835022905e-01 3.420348412162802637e-02
4.433793314354462382e+03 4.032359349755872402e-01 3.450001554212130117e-02
4.438227107668818462e+03 4.437545393311051467e-01 3.659234821201606119e-02
4.442665334776488635e+03 4.824712698266461208e-01 3.330528887375067831e-02
4.447108000111265937e+03 5.134147852509577392e-01 3.329607022097642866e-02
4.451555108111379013e+03 5.301094562346698735e-01 3.261689976910452787e-02
4.456006663219492111e+03 5.260399949331999725e-01 3.399050661226130782e-02
4.460462669882713271e+03 5.097051287830878241e-01 3.298398469968408936e-02
4.464923132552597053e+03 4.795862067104506021e-01 3.424712937159470061e-02
4.469388055685150903e+03 4.603582758277856568e-01 3.515350881524186705e-02
4.473857443740837880e+03 4.427869795451522816e-01 3.460587445793363026e-02
4.478331301184580298e+03 4.249617125522851535e-01 3.254330776147384974e-02
4.482809632485766087e+03 4.033534639993006099e-01 3.230798313628841650e-02
4.487292442118253348e+03 3.856701954567422486e-01 3.189569599213135792e-02
4.491779734560373072e+03 4.027854223559529379e-01 2.426476316328088009e-02
4.496271514294934605e+03 3.891084701376404942e-01 2.440860372176714699e-02
4.500767785809231100e+03 3.667737248641393943e-01 2.529292390585589564e-02
4.505268553595042249e+03 3.525847736694361911e-01 2.497093327791179845e-02
4.509773822148638828e+03 3.231819682397955029e-01 2.560246128668344778e-02
4.514283595970789065e+03 3.006702158667575175e-01 2.555361176235803819e-02
4.518797879566761367e+03 2.752578206405917882e-01 2.352977159513231983e-02
4.523316677446328868e+03 2.767841585499256629e-01 2.666962980138489273e-02
4.527839994123776705e+03 2.751813529992659380e-01 2.723131390501796686e-02
4.532367834117902021e+03 2.905208974363958641e-01 2.661105092420932433e-02
4.536900201952022144e+03 3.137665755097243103e-01 2.631968094875107231e-02
4.541437102153975502e+03 3.170296262391235631e-01 3.380438631650367620e-02
4.545978539256130716e+03 3.390831218403318470e-01 3.875556916521077228e-02
4.550524517795388419e+03 3.628248417529060244e-01 4.080499587691407970e-02
4.555075042313184895e+03 4.100349286351424594e-01 3.615431448144067195e-02
4.559630117355500261e+03 5.042876748823200694e-01 3.584440685701187346e-02
4.564189747472856652e+03 6.426493460466213836e-01 4.904670765969155327e-02
4.568753937220330954e+03 7.938175252766175305e-01 6.892525618404612975e-02
4.573322691157552981e+03 9.101075898827502009e-01 7.149277411053213405e-02
4.577896013848711846e+03 1.005611174277023068e+00 6.070578443791044276e-02
4.582473909862562323e+03 1.040541868209296394e+00 6.320188386306470341e-02
4.587056383772426670e+03 1.047093252636236205e+00 6.831476967425031965e-02
4.591643440156200086e+03 1.020382638064106784e+00 7.829006679806972679e-02
4.596235083596357981e+03 9.738727694114919231e-01 7.786987791226486488e-02
4.600831318679955984e+03 9.240526671286373173e-01 7.029179334472616947e-02
4.605432149998637215e+03 8.961197473213319276e-01 6.482611922468338450e-02
4.610037582148637739e+03 9.109343330708498110e-01 6.915857642987023601e-02
4.614647619730787483e+03 9.175832766353620995e-01 7.299030027510308716e-02
4.619262267350520233e+03 9.360348803951632490e-01 6.758201774281032137e-02
4.623881529617872729e+03 9.550671356924805844e-01 5.602163388438093083e-02
4.628505411147491941e+03 9.594531904180263471e-01 5.751598681307342614e-02
4.633133916558640522e+03 9.644075435231411753e-01 5.954284665947486010e-02
4.637767050475200449e+03 9.454442382904628683e-01 5.978572261273378680e-02
4.642404817525677572e+03 9.205156651173360682e-01 4.752793728663501360e-02
4.647047222343205249e+03 9.107345207974371082e-01 3.550007844999880646e-02
4.651694269565549803e+03 9.397423561359750099e-01 4.314869170705586815e-02
4.656345963835116891e+03 9.953568624972884971e-01 4.359426011144030416e-02
4.661002309798953320e+03 1.047664779678935121e+00 4.084621907321902418e-02
4.665663312108753416e+03 1.100233630993123990e+00 3.450065651365490788e-02
4.670328975420864481e+03 1.139041572499276844e+00 3.242019631049470468e-02
4.674999304396286789e+03 1.172732400723077717e+00 3.017543614699508964e-02
4.679674303700684504e+03 1.180493197139208306e+00 3.105671846030758076e-02
4.684353978004386590e+03 1.150652681190060589e+00 3.150697085755392590e-02
4.689038331982392265e+03 1.100201751562843944e+00 2.907070327488121136e-02
4.693727370314376458e+03 1.062975668804051921e+00 3.045635281110271528e-02
4.698421097684692540e+03 1.022615138502667609e+00 2.852457508723546531e-02
4.703119518782378691e+03 1.009223720798445800e+00 2.943019293571573144e-02
4.707822638301162442e+03 1.016291078693097649e+00 3.159271224336856337e-02
4.712530460939465229e+03 1.019514548281956312e+00 3.270390809233467144e-02
4.717242991400406027e+03 1.030971748800650900e+00 3.348022037678981960e-02
4.721960234391808626e+03 1.035290171994382780e+00 3.253563999330775364e-02
4.726682194626201635e+03 1.015335757497958014e+00 3.385615840967881596e-02
4.731408876820829391e+03 9.931920043846134138e-01 3.495986826004444242e-02
4.736140285697651962e+03 9.726710086277845502e-01 3.546509406636882966e-02
4.740876425983350600e+03 9.634316791312114159e-01 3.443607673995810470e-02
4.745617302409335934e+03 9.441383576944518685e-01 3.451730891692812719e-02
4.750362919711747054e+03 9.140575295701266478e-01 3.429416636274875557e-02
4.755113282631459697e+03 8.672195418582897553e-01 3.225919712392234795e-02
4.759868395914093526e+03 8.180737212024077332e-01 3.002213893455912136e-02
4.764628264310008490e+03 7.868789765703243511e-01 2.867815742852987057e-02
4.769392892574320285e+03 7.735809008451255409e-01 2.613320959353027106e-02
4.774162285466896719e+03 7.612927344413307207e-01 2.734841005019364793e-02
4.778936447752364984e+03 7.647396950751548239e-01 2.765482556528571847e-02
4.783715384200118933e+03 7.795782356817246850e-01 2.655645342264157868e-02
4.788499099584319993e+03 8.063804908578576791e-01 2.556037495037337057e-02
4.793287598683906253e+03 8.481034622124568045e-01 3.121966838085117255e-02
4.798080886282591564e+03 9.084631238893673411e-01 3.651477701134908660e-02
4.802878967168876443e+03 9.569480143315621801e-01 3.512717475629380248e-02
4.807681846136046261e+03 9.909645640304408643e-01 2.523446995240208324e-02
4.812489527982183972e+03 1.001306231128872515e+00 1.770106889384040830e-02
4.817302017510168298e+03 9.632747251136950517e-01 2.807912974610743753e-02
4.822119319527679181e+03 8.898596109746447214e-01 3.686486133657129738e-02
4.826941438847208701e+03 8.282794168708289551e-01 3.328745923122090888e-02
4.831768380286057436e+03 7.645040140533703177e-01 3.116053249021855792e-02
4.836600148666345376e+03 7.283953388693623632e-01 2.513297245606169530e-02
4.841436748815013743e+03 7.252277238292597072e-01 2.529009548689488407e-02
4.846278185563829538e+03 7.529893083577506863e-01 3.808459934579746381e-02
4.851124463749395545e+03 8.011692940424403053e-01 4.954614704166008382e-02
4.855975588213146693e+03 8.459925524683484799e-01 4.661946775101541429e-02
4.860831563801360971e+03 8.956699130491829752e-01 3.550191006148924883e-02
4.865692395365163975e+03 8.893063714683980825e-01 3.010473725362010008e-02
4.870558087760530725e+03 8.466766668078387070e-01 3.108088661831647642e-02
4.875428645848292945e+03 7.442296123416571874e-01 4.185641552881468747e-02
4.880304074494142696e+03 6.319308109470718193e-01 5.248350651570556774e-02
4.885184378568638749e+03 5.249019046322340731e-01 5.440967016785431404e-02
4.890069562947209306e+03 4.612485748059145241e-01 4.906941508803264185e-02
4.894959632510157462e+03 4.492255412896919431e-01 3.891325714615812004e-02
4.899854592142669389e+03 5.088151000891378839e-01 3.759802566235258270e-02
4.904754446734813428e+03 6.365301349369161255e-01 4.463019647617141178e-02
4.909659201181550088e+03 8.095756748781079981e-01 5.296566248057999610e-02
4.914568860382732964e+03 1.021920704112950773e+00 5.781531489797432644e-02
4.919483429243117826e+03 1.288905002036476510e+00 3.647067084720101438e-02
4.924402912672362618e+03 1.463755664917522958e+00 3.212696064190494194e-02
4.929327315585036558e+03 1.589593733491478922e+00 3.095079209852083166e-02
4.934256642900622865e+03 1.661666317037301610e+00 3.244367613918733295e-02
4.939190899543525120e+03 1.687128863742892726e+00 3.237124940048079907e-02
4.944130090443070912e+03 1.649397303814729376e+00 3.213959858585781898e-02
4.949074220533515472e+03 1.538833277070290162e+00 2.749187094172786394e-02
4.954023294754050767e+03 1.386337005977101189e+00 2.335553914167626949e-02
4.958977318048806410e+03 1.191683921051934547e+00 2.322507250930892428e-02
4.963936295366856939e+03 1.012883124029245518e+00 2.563308778386368114e-02
4.968900231662225451e+03 8.513356868035770741e-01 2.959841367197224918e-02
4.973869131893889062e+03 6.943105878142932230e-01 3.049782281783209800e-02
4.978843001025784361e+03 5.874984932722565611e-01 2.642995159629464227e-02
4.983821844026811959e+03 5.309322478948886870e-01 2.345919381601551182e-02
4.988805665870840130e+03 5.330816677793347447e-01 2.078406605570076379e-02
4.993794471536712990e+03 5.970132017466762697e-01 2.093875269447282444e-02
4.998788266008251412e+03 7.455821525559549467e-01 3.773048865067177293e-02
5.003787054274261209e+03 9.190682122033489998e-01 4.625931972104823514e-02
5.008790841328536771e+03 1.114566739343931800e+00 5.035160491477264771e-02
5.013799632169867436e+03 1.287780399569783851e+00 4.254489188213021050e-02
5.018813431802038394e+03 1.438231016485045810e+00 2.583490590560562350e-02
5.023832245233842514e+03 1.497225198584448691e+00 2.726163485042590318e-02
5.028856077479077612e+03 1.497561583475279567e+00 3.100446140969184347e-02
5.033884933556558281e+03 1.441704257823171353e+00 4.097968420496626851e-02
5.038918818490116792e+03 1.328327345837262641e+00 4.984102835525842240e-02
5.043957737308608557e+03 1.213262162072988426e+00 4.791652087458068282e-02
5.049001695045918495e+03 1.100183065073617072e+00 4.204879457240658785e-02
5.054050696740966487e+03 1.008501132856913118e+00 3.448459833129558644e-02
5.059104747437709193e+03 9.418943381741834431e-01 3.648910024666544849e-02
5.064163852185148244e+03 9.042876770752781290e-01 4.093382052844719843e-02
5.069228016037335692e+03 8.950452128586590117e-01 3.979534745859856365e-02
5.074297244053374015e+03 8.987768972156852110e-01 3.008676399833602397e-02
5.079371541297429758e+03 9.025229812407535857e-01 2.545197169082350983e-02
5.084450912838728073e+03 9.055748107361145660e-01 2.392023245804804354e-02
5.089535363751569093e+03 8.927945827468539708e-01 2.408713128640205259e-02
5.094624899115322478e+03 8.690252271897889180e-01 2.591738170099030028e-02
5.099719524014439230e+03 8.192566044284708138e-01 2.720386411788077927e-02
5.104819243538455339e+03 7.459334981875012094e-01 2.846049933636250404e-02
5.109924062781995417e+03 6.711496100839537959e-01 2.858808030405537645e-02
5.115033986844779065e+03 5.999662369606020285e-01 2.892898795979141971e-02
5.120149020831625421e+03 5.386760583490587395e-01 2.903710755859702231e-02
5.125269169852458617e+03 4.868916811607856276e-01 2.951975173118307275e-02
5.130394439022313236e+03 4.418559883518515807e-01 2.915743249930129177e-02
5.135524833461337039e+03 4.156119556298085715e-01 2.861412049088799328e-02
5.140660358294800062e+03 3.968559976670505418e-01 2.504960473949007296e-02
5.145801018653096435e+03 4.064610461396930829e-01 2.449454107152680693e-02
5.150946819671751655e+03 4.530381780346043330e-01 2.286798337665412600e-02
5.156097766491425318e+03 5.193225789401487713e-01 2.209522875848964410e-02
5.161253864257918394e+03 5.983863440151501178e-01 2.247690544197287685e-02
5.166415118122177773e+03 6.771751297435544270e-01 2.085645662526354471e-02
5.171581533240301724e+03 7.348531082321200225e-01 1.835202993601070878e-02
5.176753114773543530e+03 7.610856756034887205e-01 1.882872740102263173e-02
5.181929867888318768e+03 7.657617634226722148e-01 2.432373899530036049e-02
5.187111797756208944e+03 7.638130377123567571e-01 3.234655648773210324e-02
5.192298909553966951e+03 7.724914676859441220e-01 3.478206170585674412e-02
5.197491208463522526e+03 7.860732349663591689e-01 3.378476703335309833e-02
5.202688699671987706e+03 8.094467921545058786e-01 3.326954833401156442e-02
5.207891388371661378e+03 8.276932654843685011e-01 3.602258596133494500e-02
5.213099279760034733e+03 8.471157354170705256e-01 3.917380598466604219e-02
5.218312379039796724e+03 8.614552479670714025e-01 3.795174471037236069e-02
5.223530691418837705e+03 8.599534134490539605e-01 3.812171754675784674e-02
5.228754222110258524e+03 8.348837407164507729e-01 4.569410001062491206e-02
5.233982976332370527e+03 8.418149920435731293e-01 4.770423313388082176e-02
5.239216959308704645e+03 8.620683040145673548e-01 4.751893946262578799e-02
5.244456176268015042e+03 8.785251767780728471e-01 4.971637264603922385e-02
5.249700632444284565e+03 9.010944764176970212e-01 5.234955471725921683e-02
5.254950333076731113e+03 9.204977551855983986e-01 5.579163257104866047e-02
5.260205283409809454e+03 9.384037527693782632e-01 5.419363750908975930e-02
5.265465488693221232e+03 9.468961539143008199e-01 5.224563145497921474e-02
5.270730954181915877e+03 9.400166863471117740e-01 4.990747775607339703e-02
5.276001685136099695e+03 9.387652969869560993e-01 4.838570127891601846e-02
5.281277686821237694e+03 8.865884359743819720e-01 5.504698780193882646e-02
5.286558964508059944e+03 8.086451816179072161e-01 5.557104179288970686e-02
5.291845523472569766e+03 7.868925636248693678e-01 4.763517097764358166e-02
5.297137368996044643e+03 7.889640689074524094e-01 4.424299298703614214e-02
5.302434506365042580e+03 8.169065095808009103e-01 4.704256141986560419e-02
5.307736940871409388e+03 8.897397623161907854e-01 5.303903281200943870e-02
5.313044677812282316e+03 9.887350891725039670e-01 4.698290968679013496e-02
5.318357722490096421e+03 1.072253998001811093e+00 3.469786976893220187e-02
5.323676080212588204e+03 1.135398305932032503e+00 2.991145404186367276e-02
5.328999756292802886e+03 1.171440197800627248e+00 3.267818280804878767e-02
5.334328756049097137e+03 1.163781764304989030e+00 3.474812199582957145e-02
5.339663084805148173e+03 1.151268375172253000e+00 3.185962796400026997e-02
5.345002747889954662e+03 1.153620815732136817e+00 3.096175825381826396e-02
5.350347750637846730e+03 1.153937574613628225e+00 3.170978538172684880e-02
5.355698098388485960e+03 1.146100878357270814e+00 3.222461657755665981e-02
5.361053796486876308e+03 1.138713848406416318e+00 3.362456687185706727e-02
5.366414850283365013e+03 1.149675426202692030e+00 2.767842715002389112e-02
5.371781265133649867e+03 1.146535911732702528e+00 2.351969922958257672e-02
5.377153046398785591e+03 1.135793386667483862e+00 2.517253972977491483e-02
5.382530199445186554e+03 1.113341389149913985e+00 3.212021993216676585e-02
5.387912729644633146e+03 1.088006681525693242e+00 2.960673801305537672e-02
5.393300642374279960e+03 1.086813450083001120e+00 2.497486547766702980e-02
5.398693943016655794e+03 1.114604085842116898e+00 2.322024772330980036e-02
5.404092636959673655e+03 1.165084159427185684e+00 2.501946232621561628e-02
5.409496729596635305e+03 1.237710429679280022e+00 3.069511506548562238e-02
5.414906226326233991e+03 1.326114191950774623e+00 3.345319499958206849e-02
5.420321132552561721e+03 1.417899162550614101e+00 2.577042307091361589e-02
5.425741453685116539e+03 1.473279456651502173e+00 2.017001381975004962e-02
5.431167195138803436e+03 1.501016914435457261e+00 1.937360637122750862e-02
5.436598362333943442e+03 1.488954040328998696e+00 2.256473681872644965e-02
5.442034960696279086e+03 1.452148716908379988e+00 2.706592025943137247e-02
5.447476995656978033e+03 1.385383173327680906e+00 2.237095400708007109e-02
5.452924472652636723e+03 1.334154701098473561e+00 2.184907574443809355e-02
5.458377397125291282e+03 1.283778387996008297e+00 2.499597611630489241e-02
5.463835774522417523e+03 1.221647606585437140e+00 2.816252657726780323e-02
5.469299610296941864e+03 1.149767935478286596e+00 2.673610452979835114e-02
5.474768909907241323e+03 1.079256307944643556e+00 2.703981572606130312e-02
5.480243678817149885e+03 1.004606088991608193e+00 3.150834838597332821e-02
5.485723922495968509e+03 9.189114395293476178e-01 3.933050600037599903e-02
5.491209646418466946e+03 8.825286228932511801e-01 3.960146189096475089e-02
5.496700856064887375e+03 8.737864060532672950e-01 3.715930486817387718e-02
5.502197556920953502e+03 9.055002346639136057e-01 3.293321528703008899e-02
5.507699754477876013e+03 1.009751735524322180e+00 4.366219323843661959e-02
5.513207454232356213e+03 1.125009377141918288e+00 5.004418486289830686e-02
5.518720661686590574e+03 1.249359862490860618e+00 5.277949890434993629e-02
5.524239382348278923e+03 1.397372127803341524e+00 4.598492307178767696e-02
5.529763621730628984e+03 1.504013084162335812e+00 3.817205511022051662e-02
5.535293385352360929e+03 1.576924599787393966e+00 3.409066610039086093e-02
5.540828678737715563e+03 1.612061650836884352e+00 3.525098968511473918e-02
5.546369507416455235e+03 1.580913411277324654e+00 3.493059231766176137e-02
5.551915876923872929e+03 1.506273719295316615e+00 3.213069986548968554e-02
5.557467792800798634e+03 1.442874407072305187e+00 2.470762056303644344e-02
5.563025260593602070e+03 1.377686957585389393e+00 1.598824497412678139e-02
5.568588285854197238e+03 1.329270268413083711e+00 1.765171675401825888e-02
5.574156874140053333e+03 1.302100617777991909e+00 2.100341398357410960e-02
5.579731031014194741e+03 1.275531860902094028e+00 2.218384483866594689e-02
5.585310762045211050e+03 1.251635942131087198e+00 2.150203583455705461e-02
5.590896072807257951e+03 1.222691253507251163e+00 2.055611906373903258e-02
5.596486968880067252e+03 1.174159186024802404e+00 1.496376339075692827e-02
5.602083455848949598e+03 1.088284517593537393e+00 1.904376660222881212e-02
5.607685539304799931e+03 9.794041172724453626e-01 2.647672743630387002e-02
5.613293224844106589e+03 8.667148966246240871e-01 3.424156456745203886e-02
5.618906518068952209e+03 7.795437075721973752e-01 3.251872115126009516e-02
5.624525424587023736e+03 7.194031193391039469e-01 2.856990639559734563e-02
5.630149950011612418e+03 6.946343193637052327e-01 2.358627714701765424e-02
5.635780099961625638e+03 7.200531742038205341e-01 2.266307286736513743e-02
5.641415880061589633e+03 7.923834042768949093e-01 2.963830332202442921e-02
5.647057295941652228e+03 8.966942622690436959e-01 3.136175258859556780e-02
5.652704353237596479e+03 1.022162230449076725e+00 2.975500734701555863e-02
5.658357057590835211e+03 1.160195133674372991e+00 3.142838496309382362e-02
5.664015414648428305e+03 1.293962941429955160e+00 2.053756344490856312e-02
5.669679430063079053e+03 1.380448425862300654e+00 1.570243469070648976e-02
5.675349109493143260e+03 1.413104732582592504e+00 2.219322135095969442e-02
5.681024458602638333e+03 1.413439592821349677e+00 2.843437917322981165e-02
5.686705483061243285e+03 1.380313275793890293e+00 2.476000306216711438e-02
5.692392188544306009e+03 1.344237187639707898e+00 2.253096495802711305e-02
5.698084580732852373e+03 1.307287026647888428e+00 2.117332513977931985e-02
5.703782665313587131e+03 1.273414727422079507e+00 2.014795587059446322e-02
5.709486447978903016e+03 1.238734789454404517e+00 2.035849321385606661e-02
5.715195934426883468e+03 1.217727762756229071e+00 2.056801205705959326e-02
5.720911130361312644e+03 1.203200979503306955e+00 2.065632452130321609e-02
5.726632041491675409e+03 1.202081904771588716e+00 1.775676583932518302e-02
5.732358673533169167e+03 1.196288836156366608e+00 1.648773000258288435e-02
5.738091032206703858e+03 1.192046253492068608e+00 1.639519135021219251e-02
5.743829123238912871e+03 1.185638207142153844e+00 1.654496666522187187e-02
5.749572952362153046e+03 1.180642928562959382e+00 1.724411859336695552e-02
5.755322525314517407e+03 1.165423984095897092e+00 1.432452181151688993e-02
5.761077847839834249e+03 1.150526976351588404e+00 1.228688737993769743e-02
5.766838925687675328e+03 1.142023430536952544e+00 1.483541480267108748e-02
5.772605764613364954e+03 1.150339683392642698e+00 1.677919026590687229e-02
5.778378370377980900e+03 1.129115894761098637e+00 1.380245130233448934e-02
5.784156748748360769e+03 1.090487768662628421e+00 1.326082343441501929e-02
5.789940905497111089e+03 1.018606800865034856e+00 2.084809913519642191e-02
5.795730846402610041e+03 9.614901870514792614e-01 2.141460566914666491e-02
5.801526577249013826e+03 9.020195111295302715e-01 2.044149875334753605e-02
5.807328103826264851e+03 8.398975167742419590e-01 1.953286059194213678e-02
5.813135431930093546e+03 7.937691162717234183e-01 2.283319278395899363e-02
5.818948567362025642e+03 7.365263684744424166e-01 2.525049757794169819e-02
5.824767515929389447e+03 6.776144309485709893e-01 2.519950740416919063e-02
5.830592283445320390e+03 6.132043776527198453e-01 2.785525660502658624e-02
5.836422875728768304e+03 5.554566687540698489e-01 3.453818993162564160e-02
5.842259298604498326e+03 5.272710457082301350e-01 3.810081032957469971e-02
5.848101557903105459e+03 5.158174316443187024e-01 3.968616708190256942e-02
5.853949659461010015e+03 5.668487061237599267e-01 3.771107020512502045e-02
5.859803609120473084e+03 6.608090987464945165e-01 3.645338451746565900e-02
5.865663412729595620e+03 8.054003663684370373e-01 3.913118689219553109e-02
5.871529076142326630e+03 9.735034829030848602e-01 4.785363996555948990e-02
5.877400605218471355e+03 1.168093852858873127e+00 5.032882308732920112e-02
5.883278005823691274e+03 1.373640519195875376e+00 4.562888452653928589e-02
5.889161283829516833e+03 1.561593929185220997e+00 2.723605013717397133e-02
5.895050445113348360e+03 1.684003831433543930e+00 2.311697610332828778e-02
5.900945495558464245e+03 1.736125257652562315e+00 2.852903993293915211e-02
5.906846441054024581e+03 1.737129079983231517e+00 3.256039728471227940e-02
5.912753287495080258e+03 1.703456331944364521e+00 2.971425694122071734e-02
5.918666040782577511e+03 1.638445238668413628e+00 2.078934332674818933e-02
5.924584706823361557e+03 1.561924792702455989e+00 1.410688429172062691e-02
5.930509291530187511e+03 1.480971527077628469e+00 1.169471720515095209e-02
5.936439800821719473e+03 1.409023513364497937e+00 1.187939644816245199e-02
5.942376240622543264e+03 1.348635544063283120e+00 1.242419877030776984e-02
5.948318616863167335e+03 1.306117922179540258e+00 1.290818941591845119e-02
5.954266935480032771e+03 1.288393016380089851e+00 1.381944053158089443e-02
5.960221202415515108e+03 1.279296131348339749e+00 1.603906180258673347e-02
5.966181423617932523e+03 1.281409917989033032e+00 1.662773574447453523e-02
5.972147605041552197e+03 1.277747732180165352e+00 1.626823145575380034e-02
5.978119752646595771e+03 1.278955110539896856e+00 1.626313389397905998e-02
5.984097872399243897e+03 1.294400264939396417e+00 1.718125460064195628e-02
5.990081970271645332e+03 1.296165425601199850e+00 1.657202279719103416e-02
5.996072052241918755e+03 1.295536236314108081e+00 1.704803907911605146e-02
6.002068124294162772e+03 1.290894330071455265e+00 1.701835788013681544e-02
6.008070192418459555e+03 1.283390407491496799e+00 1.708956399998942319e-02
6.014078262610879392e+03 1.273043044121945799e+00 1.703476373521474463e-02
6.020092340873492503e+03 1.239524468189330930e+00 1.391938555171463691e-02
6.026112433214368139e+03 1.218626550170532896e+00 1.623562698905740842e-02
6.032138545647584579e+03 1.212010599653198684e+00 1.645342286254972836e-02
6.038170684193233683e+03 1.232357055460126638e+00 2.079087852702099157e-02
6.044208854877429076e+03 1.243185248443227309e+00 2.456560486281025857e-02
6.050253063732308874e+03 1.241452663170719894e+00 2.656641624314699801e-02
6.056303316796042964e+03 1.227622601154848336e+00 2.912657821460942417e-02
6.062359620112841185e+03 1.177855610219389559e+00 2.789264870888740616e-02
6.068421979732956061e+03 1.097087640905795469e+00 2.618863742584402396e-02
6.074490401712690982e+03 1.002882092459590035e+00 2.823221207195014335e-02
6.080564892114405666e+03 8.778987627125958149e-01 3.794111056943084981e-02
6.086645457006521610e+03 7.358410055019282137e-01 4.743505724758212416e-02
6.092732102463530282e+03 6.182740317701020949e-01 4.482610378901034226e-02
6.098824834565995843e+03 5.691888621848170127e-01 4.233530107446775020e-02
6.104923659400564247e+03 5.810824127541411865e-01 3.556709265054883856e-02
6.111028583059966877e+03 6.423385145159515863e-01 3.782122910380700254e-02
6.117139611643028729e+03 8.046656845036559424e-01 5.245007637591168892e-02
6.123256751254673873e+03 9.945669409187734011e-01 5.116608309055870746e-02
6.129380008005929994e+03 1.185277579772740841e+00 4.276147971183546365e-02
6.135509388013938405e+03 1.355996491493072220e+00 3.286347404775117470e-02
6.141644897401954040e+03 1.494221243693719448e+00 2.743396993645060011e-02
6.147786542299358189e+03 1.563875569705648116e+00 3.043405271450070129e-02
6.153934328841659408e+03 1.601318250727941539e+00 3.272244091517477471e-02
6.160088263170503524e+03 1.581105478736985592e+00 3.150292931265551849e-02
6.166248351433675452e+03 1.538869529395819002e+00 2.728140588607379236e-02
6.172414599785111022e+03 1.456413859127861254e+00 2.513573934344038099e-02
6.178587014384898794e+03 1.332605721955149924e+00 2.390059321942937173e-02
6.184765601399285515e+03 1.213648590582820486e+00 2.832224743336899872e-02
6.190950367000687038e+03 1.111758513770471746e+00 3.272121505854143353e-02
6.197141317367689226e+03 1.017963621412901754e+00 3.497790137566269414e-02
6.203338458685059777e+03 9.747860126354259691e-01 3.475099192476136661e-02
6.209541797143746408e+03 9.526819789686490347e-01 3.271310078251923187e-02
6.215751338940892310e+03 9.650190586121760727e-01 3.260371038343298083e-02
6.221967090279835247e+03 1.009663174757075232e+00 3.558014551223333960e-02
6.228189057370116643e+03 1.101983734833005046e+00 4.242499091014266532e-02
6.234417246427488863e+03 1.185858656320134319e+00 4.278691266068426063e-02
6.240651663673918847e+03 1.286560433060871533e+00 3.391106391977014717e-02
6.246892315337594482e+03 1.344829979206388471e+00 3.054308662175975186e-02
6.253139207652934601e+03 1.382217161009916762e+00 3.036754296463400546e-02
6.259392346860589896e+03 1.371759898947302547e+00 3.562395810016633080e-02
6.265651739207452010e+03 1.347415583583638554e+00 3.428194016961749746e-02
6.271917390946661726e+03 1.286266943908150662e+00 2.007910226529540862e-02
6.278189308337610782e+03 1.253521481540138538e+00 1.651544439119745702e-02
6.284467497645950061e+03 1.230400065854385883e+00 1.816101863511681777e-02
6.290751965143597772e+03 1.223811246381645956e+00 1.766802551590099246e-02
6.297042717108744000e+03 1.216336893954597098e+00 1.684103828824451074e-02
6.303339759825854344e+03 1.204896721970960538e+00 1.539743562447857921e-02
6.309643099585682648e+03 1.194195845149359503e+00 1.549249923628481275e-02
6.315952742685270096e+03 1.170374710216946168e+00 1.811105207120232083e-02
6.322268695427957937e+03 1.165651612623232802e+00 1.895718592845262521e-02
6.328590964123387494e+03 1.159476328210196083e+00 1.803484383482445788e-02
6.334919555087512890e+03 1.161037784776099979e+00 1.914691548256476986e-02
6.341254474642602872e+03 1.154330550722079796e+00 2.139089417841234450e-02
6.347595729117247174e+03 1.152147240378238235e+00 2.181701763162266841e-02
6.353943324846366522e+03 1.143669890396940225e+00 2.013177108851158664e-02
6.360297268171215364e+03 1.111649526187401982e+00 2.332416712564460565e-02
6.366657565439388236e+03 1.085974810718921102e+00 2.566823419176702745e-02
6.373024223004829764e+03 1.061945479274567283e+00 2.515425291797236673e-02
6.379397247227837397e+03 1.041767561010647603e+00 2.450714446430319118e-02
6.385776644475066860e+03 1.013422824006286138e+00 2.335705531226111090e-02
6.392162421119543978e+03 9.933517338220160253e-01 2.164139242008359179e-02
6.398554583540665590e+03 9.826244686815832630e-01 2.456448389325342763e-02
6.404953138124208635e+03 9.770143560141737460e-01 2.697608664527455583e-02
6.411358091262334710e+03 9.561323372022737521e-01 2.778814453897691245e-02
6.417769449353599157e+03 9.342123002552211730e-01 2.187175161611724580e-02
6.424187218802954703e+03 8.809584396076094448e-01 2.106564341635108403e-02
6.430611406021760558e+03 8.087042865162742400e-01 2.356363833229847826e-02
6.437042017427784231e+03 7.253471606770782731e-01 2.364250557360756538e-02
6.443479059445214261e+03 6.253421872334086196e-01 2.022520509522067467e-02
6.449922538504661134e+03 5.223723560462035787e-01 2.903351088604806327e-02
6.456372461043168187e+03 4.719947119256988066e-01 3.031269839812749181e-02
6.462828833504213435e+03 4.935131444870728967e-01 3.159643379340824204e-02
6.469291662337719572e+03 5.815633230417904809e-01 4.545876705311528015e-02
6.475760954000059428e+03 7.398557725417453934e-01 6.708083294671546293e-02
6.482236714954061426e+03 8.459215740718144527e-01 6.664916061894798904e-02
6.488718951669017770e+03 9.530712488621860823e-01 6.145566056017243151e-02
6.495207670620688987e+03 1.043083054792324660e+00 5.981885824584690786e-02
6.501702878291312118e+03 1.093194074160835028e+00 6.725752715294643080e-02
6.508204581169605262e+03 1.167818326554372677e+00 7.123190792376168923e-02
6.514712785750777584e+03 1.235740005272083275e+00 6.781731944404838230e-02
6.521227498536530220e+03 1.299048273275970278e+00 6.493581690134096751e-02
6.527748726035069012e+03 1.389562171223109655e+00 5.917475901624994622e-02
6.534276474761106329e+03 1.501414424800042946e+00 5.778097058688196758e-02
6.540810751235869247e+03 1.659218578449617842e+00 6.057017138939731898e-02
6.547351561987107743e+03 1.870119586541536316e+00 6.909015911776965335e-02
6.553898913549096505e+03 2.058410226770091001e+00 6.690469325693730596e-02
6.560452812462647671e+03 2.267236829029827483e+00 4.330443910174669453e-02
6.567013265275112644e+03 2.379837770870091518e+00 3.505440844815686796e-02
6.573580278540390282e+03 2.404604189204311293e+00 3.849413335463460623e-02
6.580153858818932349e+03 2.343288277798570629e+00 3.253878495103500884e-02
6.586734012677753526e+03 2.242115781088565907e+00 2.863553767864552776e-02
6.593320746690433225e+03 2.120460946335068098e+00 2.827792254668022587e-02
6.599914067437126505e+03 1.992462237219028154e+00 2.811507422780611803e-02
6.606513981504565891e+03 1.844223500327371923e+00 2.667929102230754551e-02
6.613120495486072286e+03 1.706650535097895549e+00 2.360370652875537836e-02
6.619733615981560433e+03 1.577656714110621250e+00 2.320109704735104014e-02
6.626353349597544366e+03 1.474297054837099274e+00 2.217223029606947560e-02
6.632979702947143778e+03 1.402540870120574601e+00 1.932706251439201758e-02
6.639612682650093120e+03 1.361101757713157445e+00 1.402710169122033980e-02
6.646252295332745234e+03 1.331011439934004725e+00 8.472597266329272986e-03
6.652898547628080451e+03 1.289844655263058915e+00 8.359755533725064108e-03
6.659551446175711135e+03 1.253902348617776941e+00 7.506723286316042791e-03
6.666210997621888964e+03 1.221896148520872805e+00 7.352825208336071817e-03
6.672877208619513112e+03 1.197918740611847443e+00 7.276150201317995586e-03
6.679550085828134797e+03 1.178742133928184721e+00 7.254876711765755222e-03
6.686229635913964557e+03 1.162047167757301658e+00 7.181974071691690602e-03
6.692915865549881346e+03 1.140428199653609642e+00 6.854662125475338534e-03
6.699608781415433441e+03 1.124723311212578958e+00 6.818168880002599755e-03
6.706308390196851178e+03 1.110507918330542410e+00 7.074735941599926033e-03
6.713014698587049679e+03 1.097855492070362260e+00 7.170130284246858075e-03
6.719727713285638856e+03 1.087475793688171377e+00 7.222065703202000704e-03
6.726447440998927050e+03 1.078996375243957750e+00 6.981597592708255716e-03
6.733173888439928305e+03 1.065033569569344474e+00 7.923760121065558798e-03
6.739907062328370557e+03 1.057003283182551101e+00 7.712351497578928683e-03
6.746646969390701088e+03 1.049943660038934912e+00 7.405435102280605135e-03
6.753393616360093802e+03 1.044029949793346290e+00 7.101002940319723483e-03
6.760147009976456502e+03 1.038137081987934085e+00 7.060391746509311894e-03
6.766907156986434529e+03 1.038062022171154064e+00 6.929815386836732545e-03
6.773674064143423493e+03 1.038867623319345679e+00 6.788554869013680923e-03
6.780447738207569273e+03 1.040108122810074809e+00 6.691898083704891052e-03
6.787228185945778932e+03 1.042983002205693621e+00 6.467530687303062534e-03
6.794015414131727084e+03 1.040219271666935175e+00 7.758459952403092691e-03
6.800809429545861349e+03 1.041971294531308656e+00 7.986554987128670346e-03
6.807610238975408720e+03 1.052547030762765345e+00 7.793046744895025524e-03
6.814417849214386479e+03 1.062177503197208939e+00 7.985492152230343199e-03
6.821232267063603103e+03 1.077408078963251636e+00 8.053702878723988795e-03
6.828053499330669183e+03 1.094224950119457196e+00 9.149277770477221017e-03
6.834881552830001965e+03 1.112060301516371696e+00 1.005809238202237145e-02
6.841716434382834450e+03 1.129020286744899515e+00 9.140649287002432927e-03
6.848558150817219939e+03 1.139002932949626734e+00 9.011484360956851375e-03
6.855406708968039311e+03 1.142482896945431703e+00 9.614607248206719775e-03
6.862262115677009206e+03 1.140107044451886154e+00 9.071946981631891227e-03
6.869124377792688392e+03 1.130215931484038316e+00 9.144194342608711820e-03
6.875993502170483225e+03 1.123661099032006838e+00 9.033798152450674482e-03
6.882869495672656740e+03 1.116172318644709671e+00 8.124840838162583970e-03
6.889752365168331380e+03 1.103977322505233394e+00 7.739376319671182822e-03
6.896642117533501732e+03 1.098929931291878326e+00 7.353866140880221253e-03
6.903538759651037253e+03 1.101597208630054725e+00 7.941970876226008003e-03
6.910442298410691365e+03 1.106409618858288368e+00 7.239430038700382132e-03
6.917352740709104182e+03 1.117009985600376787e+00 8.950621435739247386e-03
6.924270093449815249e+03 1.112822959356451147e+00 9.060024138953879508e-03
6.931194363543267173e+03 1.099207542946708083e+00 9.581896474789880491e-03
6.938125557906812901e+03 1.080836130906511761e+00 1.154388236055467649e-02
6.945063683464722089e+03 1.053095493441146724e+00 1.325995182516527017e-02
6.952008747148189286e+03 1.035982308334563839e+00 1.381637282791716229e-02
6.958960755895339389e+03 1.029534025463265667e+00 1.343540581116562695e-02
6.965919716651237650e+03 1.042931330009186697e+00 1.427167323578517472e-02
6.972885636367890584e+03 1.056843040596270544e+00 1.637558925797946707e-02
6.979858522004260521e+03 1.080707023235492281e+00 1.705722889468169745e-02
6.986838380526267429e+03 1.099652812382261979e+00 1.734593500734183877e-02
6.993825218906796181e+03 1.122276366830146532e+00 1.568964792872017469e-02
7.000819044125705659e+03 1.138993204121406588e+00 1.434961290844936552e-02
7.007819863169833297e+03 1.152959276844190306e+00 1.325172978173732100e-02
7.014827683033005087e+03 1.146679489308160216e+00 1.538142761551603704e-02
7.021842510716041033e+03 1.135624251721116806e+00 1.539962092949509823e-02
7.028864353226758794e+03 1.124736233500545524e+00 1.422153751865671244e-02
7.035893217579988232e+03 1.099686798829757395e+00 1.230815670079084094e-02
7.042929110797570502e+03 1.084715938005893054e+00 1.217861329428398739e-02
7.049972039908370789e+03 1.076632755063221758e+00 1.152243121229448199e-02
7.057022011948281033e+03 1.080374881694833089e+00 1.101582861952767230e-02
7.064079033960231754e+03 1.084627081552208772e+00 1.037135110155484354e-02
7.071143112994193871e+03 1.090485865162708956e+00 1.057016226668746652e-02
7.078214256107190522e+03 1.091559983075475193e+00 1.028996469006700394e-02
7.085292470363300708e+03 1.090085217198626166e+00 9.833266600738311755e-03
7.092377762833665656e+03 1.087656402272070055e+00 1.001468361176885945e-02
7.099470140596501551e+03 1.085360648103537384e+00 9.999979132339619284e-03
7.106569610737100447e+03 1.087816212267875837e+00 1.042639014060214517e-02
7.113676180347840273e+03 1.088729276324577500e+00 1.015083696626669502e-02
7.120789856528190285e+03 1.099156981100610331e+00 1.187080814472806813e-02
7.127910646384721076e+03 1.103435476102695656e+00 1.271801990594478848e-02
7.135038557031108212e+03 1.109917781770742629e+00 1.285115451319056475e-02
7.142173595588141325e+03 1.110133074835422340e+00 1.279434874506267528e-02
7.149315769183732300e+03 1.092439649087389109e+00 1.519688245647924860e-02
7.156465084952918005e+03 1.066502744283921000e+00 2.009778487234473165e-02
7.163621550037873021e+03 1.061681921910761162e+00 2.128808979173002838e-02
7.170785171587913283e+03 1.050442300799963924e+00 1.946886931700192447e-02
7.177955956759504261e+03 1.074840072969315719e+00 2.002157216655353622e-02
7.185133912716265513e+03 1.093868704158005745e+00 2.090940988167282882e-02
7.192319046628984324e+03 1.127270371602051569e+00 2.313394866935442745e-02
7.199511365675615707e+03 1.150552301240851172e+00 2.242319545800923117e-02
7.206710877041294225e+03 1.179492947635438771e+00 2.163956133306827248e-02
7.213917587918337631e+03 1.201991367392521992e+00 2.065988091514134317e-02
7.221131505506257781e+03 1.221892126241897136e+00 1.865544105322190782e-02
7.228352637011767001e+03 1.222854973973911408e+00 1.790195862975644051e-02
7.235580989648780815e+03 1.192322640490914631e+00 2.111587388284048850e-02
7.242816570638432495e+03 1.153710113919993896e+00 2.168789749626822208e-02
7.250059387209073066e+03 1.117894588392102984e+00 2.156099963737475450e-02
7.257309446596284033e+03 1.094223459649221519e+00 1.560278281700837669e-02
7.264566756042882844e+03 1.092892159352968573e+00 1.512124171185861080e-02
7.271831322798928340e+03 1.123048659436886476e+00 1.819470848618893674e-02
7.279103154121729858e+03 1.178079295824509209e+00 1.787687944977891727e-02
7.286382257275853590e+03 1.220705892212221144e+00 1.709331109668081952e-02
7.293668639533132591e+03 1.259838685756327292e+00 1.652092232865450330e-02
7.300962308172667690e+03 1.290031462225887715e+00 1.616090202269931247e-02
7.308263270480842948e+03 1.303042160927599280e+00 1.541544081010740724e-02
7.315571533751325660e+03 1.303633236412644614e+00 1.619017873492934259e-02
7.322887105285079997e+03 1.296977826427471614e+00 1.693683737830532429e-02
7.330209992390367006e+03 1.275927337561399977e+00 1.692918699202991886e-02
7.337540202382760071e+03 1.238275014205613589e+00 1.389695856168755503e-02
7.344877742585144915e+03 1.194016978519886640e+00 1.012174330037428349e-02
7.352222620327733239e+03 1.160143082830104699e+00 9.604064456016336501e-03
7.359574842948062724e+03 1.135055373728820705e+00 9.938192957138682754e-03
7.366934417791013402e+03 1.116891659872594644e+00 9.799791056414644194e-03
7.374301352208806748e+03 1.103270638971896256e+00 8.927037250185773654e-03
7.381675653561018407e+03 1.077871966224623668e+00 8.910814161984111428e-03
7.389057329214581841e+03 1.046030471522361838e+00 1.158174563970191737e-02
7.396446386543798326e+03 1.015500150167487181e+00 1.342546551902962237e-02
7.403842832930345139e+03 9.884045206654687998e-01 1.343580632979629770e-02
7.411246675763277381e+03 9.833983770727557916e-01 1.290208822364719531e-02
7.418657922439043432e+03 9.913313915668934273e-01 1.253777782800952721e-02
7.426076580361484957e+03 1.015246832303908775e+00 1.410801417076094390e-02
7.433502656941848727e+03 1.045593372412969124e+00 1.586840796689201888e-02
7.440936159598792983e+03 1.090192321640864437e+00 1.665275145975924145e-02
7.448377095758394717e+03 1.120782920411676375e+00 1.564069087903480551e-02
7.455825472854155123e+03 1.140779394221168364e+00 1.477705624897869378e-02
7.463281298327012337e+03 1.155326450450173015e+00 1.457488245955219398e-02
7.470744579625341430e+03 1.151762243696834664e+00 1.618379312224584726e-02
7.478215324204968965e+03 1.146390605276880414e+00 1.683585861173189646e-02
7.485693539529176633e+03 1.129105815610753183e+00 1.488430342815954231e-02
7.493179233068708527e+03 1.116248815873761124e+00 1.291188106835553830e-02
7.500672412301779332e+03 1.096885765518444078e+00 1.066860488678296644e-02
7.508173084714083416e+03 1.087372083782825349e+00 1.071279502952592402e-02
7.515681257798800289e+03 1.088771276567803037e+00 1.083747074216514193e-02
7.523196939056601877e+03 1.093171744160334802e+00 9.020607959521873345e-03
7.530720135995660712e+03 1.094068059312367724e+00 9.208208596547574204e-03
7.538250856131659020e+03 1.095787103166510290e+00 8.334879255346070576e-03
7.545789106987793275e+03 1.094079193786597903e+00 8.370091849139130180e-03
7.553334896094783289e+03 1.084036968149972413e+00 8.862913860791299392e-03
7.560888230990880402e+03 1.072248984080941048e+00 9.089713935956120899e-03
7.568449119221873843e+03 1.056501875098017962e+00 1.116592587042640819e-02
7.576017568341098013e+03 1.037887632485478662e+00 1.192613111458897326e-02
7.583593585909441572e+03 1.017562521547145549e+00 1.324201396776894697e-02
7.591177179495353812e+03 9.906249583213712073e-01 1.742961390563244409e-02
7.598768356674851930e+03 9.720651654485849003e-01 1.681904575323590889e-02
7.606367125031529213e+03 9.820547749057636500e-01 1.935321497963940832e-02
7.613973492156563225e+03 9.847816114936410736e-01 2.081940849868286689e-02
7.621587465648722173e+03 9.844846412552360482e-01 1.939059905087336597e-02
7.629209053114373091e+03 9.735499368349965765e-01 1.750076846562491004e-02
7.636838262167490029e+03 9.433702732010210701e-01 1.863938430515380690e-02
7.644475100429660415e+03 9.263887939971163776e-01 1.985428688524494209e-02
7.652119575530092334e+03 9.037082783216840998e-01 2.169596541569763018e-02
7.659771695105625440e+03 9.013756418936834658e-01 2.160391215241403567e-02
7.667431466800733688e+03 9.264421606185826441e-01 2.014309731037583831e-02
7.675098898267536242e+03 9.939127476580935650e-01 2.956900326071323221e-02
7.682773997165806577e+03 1.068680556199908205e+00 3.789647840988798200e-02
7.690456771162975201e+03 1.117278059970520321e+00 3.850603616462511952e-02
7.698147227934140574e+03 1.129603055992778105e+00 3.724151396750667586e-02
7.705845375162077289e+03 1.110422051149506650e+00 3.699506079381501000e-02
7.713551220537241534e+03 1.056458740865712231e+00 4.306205593605521437e-02
7.721264771757782000e+03 1.000765900310810919e+00 4.763138599563160325e-02
7.728986036529541707e+03 9.565656467964018805e-01 4.659141243377033087e-02
7.736715022566074367e+03 9.222623880226307191e-01 4.217928855900270058e-02
7.744451737588642573e+03 9.007544515685098618e-01 3.746344408614319527e-02
7.752196189326234162e+03 9.000956612526669343e-01 3.660092688814530620e-02
7.759948385515562222e+03 9.268040224506908231e-01 3.956756898404506506e-02
7.767708333901080550e+03 9.740883409240396196e-01 3.965580001965681584e-02
7.775476042234984561e+03 1.037671110877989467e+00 3.335084177116356269e-02
7.783251518277222203e+03 1.091579354072170993e+00 2.462005950328091317e-02
7.791034769795502143e+03 1.114709701051446178e+00 2.323204969284645149e-02
7.798825804565300132e+03 1.106951388027745953e+00 2.635186588213355233e-02
7.806624630369868100e+03 1.069156079451275776e+00 2.274759153798866507e-02
7.814431255000240526e+03 1.019318253688311859e+00 1.257181661202026908e-02
7.822245686255242617e+03 9.813360788198512985e-01 1.053303895163980146e-02
7.830067931941501229e+03 9.500609626354346027e-01 9.433282654369835526e-03
7.837897999873444860e+03 9.335108647267529314e-01 9.046786028424682116e-03
7.845735897873320937e+03 9.337467122334239811e-01 1.007428385928556269e-02
7.853581633771196721e+03 9.467861089085045645e-01 1.025705316580615041e-02
7.861435215404970222e+03 9.482623868774959774e-01 9.819723635246238244e-03
7.869296650620378387e+03 9.579214947868142094e-01 9.740491601367131866e-03
7.877165947271001642e+03 9.670983449477560390e-01 9.628105793768694520e-03
7.885043113218274812e+03 9.683871244261333944e-01 9.332799651281000614e-03
7.892928156331495302e+03 9.759267201438203143e-01 8.836243686843761255e-03
7.900821084487829467e+03 9.785453321574520968e-01 8.400181778585100525e-03
7.908721905572319884e+03 9.853260024140323425e-01 8.266949710401153700e-03
7.916630627477895359e+03 9.858982362772530372e-01 7.313927737436496865e-03
7.924547258105375477e+03 9.798331543931166898e-01 7.972116013922080080e-03
7.932471805363483327e+03 9.752549229527441854e-01 7.631623841860343295e-03
7.940404277168850058e+03 9.742072540131221370e-01 7.333116172066834505e-03
7.948344681446021241e+03 9.760031577019618876e-01 7.681011037247701193e-03
7.956293026127469602e+03 9.741624153707232336e-01 7.203888608033248188e-03
7.964249319153599572e+03 9.701062417092598533e-01 6.740300048341960927e-03
7.972213568472756378e+03 9.679470199272528497e-01 6.512452178042699678e-03
7.980185782041231505e+03 9.631963399408011162e-01 6.398020344492988745e-03
7.988165967823275423e+03 9.603727509743169577e-01 6.110187687278458533e-03
7.996154133791101231e+03 9.578242046264627829e-01 5.976212769061489682e-03
8.004150287924895565e+03 9.529546607044421247e-01 5.761556763559436307e-03
8.012154438212822242e+03 9.501897299226671478e-01 5.743136513065471432e-03
8.020166592651037718e+03 9.453658385430201427e-01 5.496594525807346927e-03
8.028186759243691995e+03 9.398273324551286168e-01 5.725406931529846040e-03
8.036214946002938632e+03 9.346411213916695493e-01 5.865142068933956038e-03
8.044251160948943834e+03 9.310710233401222613e-01 5.866961436790171271e-03
8.052295412109895551e+03 9.311993077352388459e-01 6.333655005618550431e-03
8.060347707522008022e+03 9.303430538203566469e-01 6.304198577139685442e-03
8.068408055229532692e+03 9.303602495965825891e-01 6.242030579611401384e-03
8.076476463284764577e+03 9.295350690399032390e-01 6.303175261237390498e-03
8.084552939748052268e+03 9.226185999202356491e-01 6.505159684610090781e-03
8.092637492687803388e+03 9.156834985593202969e-01 6.423213816552270777e-03
8.100730130180493688e+03 9.088314769133406523e-01 6.624777610210503750e-03
8.108830860310677053e+03 9.047359026373592572e-01 6.619145017061959374e-03
8.116939691170990045e+03 8.985129163096625682e-01 6.685222412661543170e-03
8.125056630862163729e+03 8.925887167009092238e-01 6.447321563479119916e-03
8.133181687493028221e+03 8.811523233262185117e-01 7.142305574477258133e-03
8.141314869180524511e+03 8.713692664530872101e-01 7.188024945818153287e-03
8.149456184049707190e+03 8.627929105810133725e-01 6.775358841167186674e-03
8.157605640233759914e+03 8.558369270962195019e-01 6.691465463415045660e-03
8.165763245873996311e+03 8.524611042991605547e-01 6.756370967589162696e-03
8.173929009119872717e+03 8.512501735742288300e-01 7.048522786082958916e-03
8.182102938128995447e+03 8.521796828083243458e-01 7.360981941467851543e-03
8.190285041067127167e+03 8.509083628696203494e-01 7.425270828829810647e-03
8.198475326108196896e+03 8.540040614561299481e-01 7.921489861146753172e-03
8.206673801434308189e+03 8.583988913520644859e-01 8.562252015839906874e-03
8.214880475235744598e+03 8.658831538001169337e-01 9.704889642009670650e-03
8.223095355710984222e+03 8.736630190281414743e-01 1.090141890663993626e-02
8.231318451066697889e+03 8.836272323670941731e-01 1.273720783575805170e-02
8.239549769517767345e+03 8.941877878794283196e-01 1.546996562984357011e-02
8.247789319287287071e+03 9.037315377273182904e-01 1.919292749038716342e-02
8.256037108606577021e+03 9.084744173118318722e-01 2.408453252375417769e-02
8.264293145715186256e+03 9.096323747793346737e-01 3.123060556366749618e-02
8.272557438860903858e+03 9.013468874412412513e-01 3.966104370633438680e-02
8.280829996299768027e+03 8.882428905516989159e-01 5.134714119058177845e-02
8.289110826296069718e+03 8.704843086634213023e-01 7.071184717884872184e-02
