# starting wavelength: 3786.940
# ending wavelength: 9203.260
# wav flux eflux
3.789878437345040766e+03 2.687078523477614556e-01 6.946960452799014196e-02
3.793668315782387253e+03 2.769954737637188580e-01 5.325941429716981451e-02
3.797461984098170888e+03 3.045770338564172119e-01 4.252446512654989297e-02
3.801259446082270188e+03 3.419754610668309103e-01 3.629888969450822955e-02
3.805060705528353537e+03 3.812568861939350517e-01 3.486046869957509092e-02
3.808865766233883278e+03 4.126572397400934400e-01 3.159410003777738535e-02
3.812674632000118436e+03 4.339270690659741692e-01 2.998574711150807370e-02
3.816487306632119726e+03 4.431504488053303881e-01 2.508914770923961063e-02
3.820303793938753188e+03 4.438444469790939761e-01 2.153534318334511879e-02
3.824124097732693372e+03 4.362437188846939318e-01 1.897230600526963670e-02
3.827948221830427428e+03 4.202289844534872199e-01 1.744400280181615526e-02
3.831776170052258749e+03 3.951630225780048411e-01 1.668788618089074929e-02
3.835607946222312421e+03 3.713889005160088685e-01 1.531576370263130517e-02
3.839443554168536139e+03 3.438183092808530517e-01 1.439268033671451535e-02
3.843282997722705659e+03 3.145185068043748755e-01 1.372171298125959317e-02
3.847126280720429804e+03 2.818443182397312730e-01 1.376949349627267644e-02
3.850973407001151372e+03 2.501248040575596021e-01 1.340239363610759744e-02
3.854824380408153957e+03 2.253970415910836467e-01 1.305631344203888287e-02
3.858679204788563311e+03 2.020161711146138961e-01 1.279062467619537964e-02
3.862537883993353262e+03 1.699740217302043721e-01 1.111201522370031287e-02
3.866400421877347981e+03 1.471345251253285968e-01 1.068687645891545739e-02
3.870266822299226533e+03 1.318484779356376146e-01 1.122421031905069221e-02
3.874137089121526969e+03 1.176997864117098058e-01 1.183214772530837879e-02
3.878011226210649966e+03 1.096636540706762142e-01 1.155398796977362766e-02
3.881889237436861549e+03 1.095400679170260017e-01 1.074261098098887486e-02
3.885771126674299921e+03 1.138936683441811037e-01 1.013630407262627528e-02
3.889656897800975457e+03 1.184654048829424100e-01 1.006614263570950775e-02
3.893546554698777527e+03 1.306699685299829439e-01 1.069098111620122964e-02
3.897440101253477678e+03 1.438214478295536947e-01 1.166902981472315790e-02
3.901337541354732366e+03 1.649588761348405597e-01 1.211516992770010452e-02
3.905238878896088409e+03 1.857703793743250009e-01 1.233634215490439674e-02
3.909144117774985716e+03 2.108508962031687695e-01 1.172911583886935942e-02
3.913053261892762293e+03 2.469182100822495673e-01 1.127428126804214635e-02
3.916966315154656058e+03 2.859124407184181482e-01 1.157805078857481948e-02
3.920883281469812118e+03 3.322187360597453898e-01 1.223006569086210193e-02
3.924804164751283224e+03 3.867701388502007287e-01 1.356137714910141470e-02
3.928728968916035683e+03 4.428355029326006553e-01 1.500450551913925200e-02
3.932657697884953450e+03 4.997934822623614770e-01 1.631301955565852072e-02
3.936590355582839493e+03 5.555694480448835071e-01 1.631769743108437212e-02
3.940526945938423523e+03 6.118755243288286350e-01 1.659849412434776308e-02
3.944467472884363360e+03 6.611879288592454884e-01 1.636484278922067936e-02
3.948411940357249023e+03 7.094388377647051769e-01 1.539165574524878517e-02
3.952360352297607733e+03 7.457901566578390984e-01 1.513023912938142937e-02
3.956312712649906643e+03 7.793874148728624496e-01 1.432156475039575959e-02
3.960269025362557841e+03 8.027643397439732098e-01 1.518896331591419735e-02
3.964229294387921527e+03 8.187602998891403416e-01 1.628367449319113175e-02
3.968193523682310570e+03 8.297382062309047734e-01 1.725739106001332457e-02
3.972161717205994591e+03 8.349099582421068977e-01 1.790024664070192714e-02
3.976133878923201792e+03 8.356094092192247746e-01 1.684893127685302069e-02
3.980110012802126221e+03 8.251632941297689650e-01 1.531112125185080629e-02
3.984090122814929600e+03 8.154402950496297819e-01 1.526460323567392120e-02
3.988074212937745870e+03 8.011959160553523418e-01 1.538607569912670350e-02
3.992062287150684824e+03 7.811647488354050983e-01 1.531266214697926849e-02
3.996054349437837118e+03 7.586788589478844491e-01 1.552969849470754379e-02
4.000050403787276082e+03 7.405194741548496440e-01 1.607615696691789761e-02
4.004050454191064546e+03 7.235540996419876913e-01 1.607984864388383242e-02
4.008054504645257111e+03 7.113820011616965866e-01 1.555939391335999997e-02
4.012062559149903791e+03 7.029206276019231980e-01 1.502140077016057666e-02
4.016074621709055009e+03 6.901945848570175679e-01 1.526157843422331316e-02
4.020090696330765240e+03 6.758582188828365922e-01 1.596469384530298241e-02
4.024110787027097558e+03 6.620828030387371221e-01 1.659447482494869411e-02
4.028134897814125907e+03 6.511209813086300535e-01 1.694652574810744800e-02
4.032163032711941469e+03 6.441857623574240854e-01 1.603924053115964726e-02
4.036195195744654484e+03 6.453341348951726619e-01 1.491338165580241744e-02
4.040231390940400615e+03 6.560036554007834253e-01 1.534300082662905067e-02
4.044271622331342314e+03 6.777518060280915968e-01 1.570216578114205785e-02
4.048315893953675186e+03 6.981072936844064936e-01 1.553330849614823622e-02
4.052364209847629809e+03 7.284429164829590020e-01 1.611242333601528923e-02
4.056416574057479011e+03 7.684494686403759989e-01 1.588567587848898136e-02
4.060472990631537868e+03 8.117251992102337832e-01 1.525577859842446038e-02
4.064533463622170530e+03 8.552837371204422556e-01 1.417346670493348747e-02
4.068597997085794304e+03 9.044559491975640020e-01 1.276998842419374385e-02
4.072666595082881486e+03 9.478920945803006592e-01 1.263527423359454144e-02
4.076739261677965715e+03 9.828558239647258166e-01 1.283213121323898906e-02
4.080816000939644709e+03 1.012686937004835919e+00 1.374246194760804334e-02
4.084896816940585722e+03 1.030701653662439821e+00 1.456102630692304722e-02
4.088981713757527814e+03 1.040878074342179938e+00 1.603188361824757838e-02
4.093070695471286854e+03 1.039155076146766499e+00 1.593104261879383504e-02
4.097163766166759160e+03 1.027935090960372833e+00 1.532358115424047214e-02
4.101260929932927866e+03 1.002487424965411433e+00 1.664996224261047070e-02
4.105362190862862008e+03 9.586923359821349910e-01 2.056031048855302273e-02
4.109467553053726078e+03 9.084932843202191410e-01 2.352981430083160574e-02
4.113577020606780934e+03 8.588339593400237115e-01 2.466382500436651443e-02
4.117690597627389252e+03 8.072025739089302432e-01 2.296320401844936451e-02
4.121808288225018259e+03 7.715741339811060806e-01 2.242467588316751290e-02
4.125930096513244280e+03 7.447918599011830176e-01 2.292277731589103737e-02
4.130056026609759101e+03 7.258416422145135272e-01 2.318856225922785383e-02
4.134186082636369974e+03 7.136666015762840320e-01 2.437268421512432670e-02
4.138320268719007800e+03 7.046368617301510540e-01 2.539875809081840879e-02
4.142458588987728035e+03 7.007320946105457526e-01 2.632006010353369480e-02
4.146601047576717065e+03 7.102542697573324126e-01 2.712190044406908793e-02
4.150747648624294925e+03 7.188382737860538052e-01 2.580073022975766170e-02
4.154898396272920763e+03 7.380496124368192135e-01 2.191977831236096089e-02
4.159053294669195566e+03 7.395815762254364101e-01 1.968895667114357526e-02
4.163212347963865795e+03 7.350024060111325364e-01 1.805472264747986361e-02
4.167375560311830668e+03 7.148520824798326734e-01 1.967658206562939577e-02
4.171542935872143971e+03 6.793930277751700775e-01 2.104338386156255278e-02
4.175714478808017702e+03 6.380032854325742298e-01 2.177406586223074730e-02
4.179890193286827525e+03 5.791894276201456915e-01 1.940985496773453903e-02
4.184070083480115500e+03 5.448580418962948313e-01 1.676247969046423120e-02
4.188254153563597356e+03 5.141125439882852088e-01 1.114031062055876459e-02
4.192442407717161586e+03 5.170764241468611688e-01 1.218114463899345676e-02
4.196634850124880359e+03 5.316368968971572073e-01 1.356950024096492506e-02
4.200831484975006788e+03 5.666989758448525150e-01 1.499765566908097154e-02
4.205032316459983122e+03 6.021899578364194872e-01 1.832869828357508446e-02
4.209237348776444378e+03 6.560919097248468779e-01 1.903578762104009628e-02
4.213446586125221984e+03 6.859824763953186189e-01 1.951838523579681184e-02
4.217660032711349231e+03 7.140593243712516358e-01 1.885799562890824385e-02
4.221877692744061278e+03 7.259327582825457759e-01 1.615644002150093406e-02
4.226099570436806971e+03 7.254234476800701659e-01 1.546538503900588522e-02
4.230325670007245208e+03 7.084099121856930470e-01 1.547280198496943197e-02
4.234555995677254032e+03 6.648076178580477613e-01 1.893840828783424635e-02
4.238790551672932452e+03 6.158873938365757583e-01 2.030195266623530115e-02
4.243029342224606808e+03 5.490267526805295839e-01 1.805078934038168575e-02
4.247272371566832589e+03 4.892227874412672373e-01 1.595807862385079448e-02
4.251519643938400804e+03 4.254515794360844150e-01 8.360738479293890538e-03
4.255771163582340705e+03 3.879167398035409109e-01 9.555961986606728575e-03
4.260026934745924336e+03 3.601644294340162755e-01 1.035808824364754972e-02
4.264286961680671993e+03 3.529354604056613720e-01 1.173772729754544129e-02
4.268551248642354039e+03 3.551442611713277464e-01 9.361395499948736709e-03
4.272819799890998183e+03 3.613056533593548836e-01 8.610593237885856566e-03
4.277092619690890388e+03 3.720049977940628194e-01 8.709721403661668457e-03
4.281369712310583054e+03 3.824966301711357763e-01 1.080996839252517869e-02
4.285651082022895025e+03 3.983673835787255313e-01 1.286444336276069619e-02
4.289936733104918858e+03 4.183161189078190567e-01 1.233248700372981989e-02
4.294226669838025373e+03 4.488060655909344998e-01 1.141409566685210736e-02
4.298520896507864563e+03 4.927796896338881849e-01 1.309755522715077072e-02
4.302819417404373780e+03 5.426530649761416303e-01 1.578038357314436729e-02
4.307122236821779552e+03 5.864875630679922125e-01 1.694270171487825827e-02
4.311429359058603040e+03 6.298129085084736012e-01 1.763778188869026889e-02
4.315740788417662770e+03 6.628680476378786546e-01 1.583865358304263962e-02
4.320056529206081905e+03 6.859240916368303242e-01 1.345522295085955534e-02
4.324376585735290064e+03 6.886936098759284253e-01 1.267077731894207873e-02
4.328700962321026054e+03 6.629329749534285110e-01 1.721320824242770359e-02
4.333029663283348782e+03 6.342999916486173895e-01 1.784827542293647082e-02
4.337362692946633615e+03 5.906192380413306520e-01 1.656862425896511032e-02
4.341700055639581478e+03 5.537483039434532017e-01 1.343116767213848629e-02
4.346041755695222491e+03 5.173368368065474066e-01 1.049070109421313020e-02
4.350387797450919606e+03 4.994785843606946996e-01 9.603396402145062197e-03
4.354738185248371337e+03 4.984763162808920622e-01 9.678517054348238779e-03
4.359092923433621763e+03 5.212020614254042616e-01 7.912157099318218104e-03
4.363452016357056891e+03 5.538868587177068203e-01 6.395797411699323011e-03
4.367815468373414660e+03 5.966725495158529124e-01 9.304080681932868843e-03
4.372183283841789489e+03 6.316928859794190831e-01 9.562196383578544165e-03
4.376555467125633186e+03 6.649494829748028302e-01 9.488525721026298820e-03
4.380932022592760404e+03 6.924309752917413574e-01 8.617604100546251075e-03
4.385312954615354101e+03 7.103768353799452262e-01 7.867794449137920434e-03
4.389698267569970994e+03 7.158217376755922068e-01 7.933340232735470315e-03
4.394087965837542470e+03 7.117738352751155073e-01 8.061869228628048070e-03
4.398482053803381859e+03 6.878784286008298166e-01 1.287655196370658152e-02
4.402880535857186260e+03 6.703076303259278834e-01 1.441119696716082303e-02
4.407283416393044718e+03 6.473288685148553823e-01 1.415330892477848802e-02
4.411690699809440048e+03 6.395101365754590761e-01 1.117659450676996603e-02
4.416102390509250654e+03 6.450070967206960049e-01 1.141449331812455920e-02
4.420518492899761441e+03 6.629887610474430870e-01 1.394923609323492353e-02
4.424939011392662906e+03 6.924269062209620351e-01 1.434814258376534285e-02
4.429363950404056595e+03 7.232715794633749473e-01 1.279151545326000054e-02
4.433793314354462382e+03 7.480190216468642905e-01 1.118963381615691380e-02
4.438227107668818462e+03 7.668303531623119618e-01 1.049300432264268362e-02
4.442665334776488635e+03 7.673796139116870751e-01 1.069852980117377145e-02
4.447108000111265937e+03 7.623619930374840870e-01 1.122530201573168455e-02
4.451555108111379013e+03 7.467937367641309665e-01 1.137067242835011760e-02
4.456006663219492111e+03 7.124012807573788519e-01 1.087188160356667224e-02
4.460462669882713271e+03 6.767256762576164819e-01 9.194620865121226963e-03
4.464923132552597053e+03 6.401782463592227135e-01 8.110972323089432959e-03
4.469388055685150903e+03 6.000950486100244952e-01 8.005558505140918102e-03
4.473857443740837880e+03 5.676162692032910018e-01 7.615391836876123956e-03
4.478331301184580298e+03 5.454206052412942096e-01 5.194010555933991323e-03
4.482809632485766087e+03 5.157286835435203054e-01 5.779893783629313705e-03
4.487292442118253348e+03 4.899225965426416973e-01 5.684213541070544731e-03
4.491779734560373072e+03 4.736254553753706520e-01 6.250853118797311189e-03
4.496271514294934605e+03 4.599694817775513700e-01 6.786263689958982152e-03
4.500767785809231100e+03 4.496936428718708578e-01 6.576844517549664676e-03
4.505268553595042249e+03 4.485018427761962578e-01 5.927389171505157220e-03
4.509773822148638828e+03 4.504855707869914183e-01 5.718877383364601164e-03
4.514283595970789065e+03 4.570266791064679923e-01 5.916332516161839673e-03
4.518797879566761367e+03 4.664776441078004598e-01 6.640778528457607494e-03
4.523316677446328868e+03 4.811224336998985995e-01 1.107548266281019322e-02
4.527839994123776705e+03 5.006097150211071822e-01 1.524472596931147894e-02
4.532367834117902021e+03 5.487483721282351290e-01 1.525295903723275157e-02
4.536900201952022144e+03 6.198258475767340903e-01 1.400723882224615829e-02
4.541437102153975502e+03 7.133374916565915491e-01 1.478199571189863296e-02
4.545978539256130716e+03 8.353641094115643595e-01 2.224788334850348950e-02
4.550524517795388419e+03 9.534837020228263960e-01 2.523635240341840294e-02
4.555075042313184895e+03 1.077720348385164950e+00 2.622180935568924065e-02
4.559630117355500261e+03 1.165695427939128948e+00 2.382511154058475356e-02
4.564189747472856652e+03 1.230274620423306819e+00 2.065711874593383762e-02
4.568753937220330954e+03 1.243416235254031665e+00 2.769434044314697183e-02
4.573322691157552981e+03 1.246992568682545821e+00 3.058866972716381069e-02
4.577896013848711846e+03 1.231640526694354865e+00 3.157313538784107393e-02
4.582473909862562323e+03 1.203819098938348375e+00 2.795606743129480307e-02
4.587056383772426670e+03 1.189832597408036818e+00 2.415295696637445935e-02
4.591643440156200086e+03 1.168648761079968734e+00 2.249330873857557228e-02
4.596235083596357981e+03 1.174403751011223518e+00 2.459878789918954270e-02
4.600831318679955984e+03 1.190790008903630959e+00 2.282747345098088895e-02
4.605432149998637215e+03 1.215208867825091410e+00 1.895445674328131644e-02
4.610037582148637739e+03 1.239653595479152326e+00 1.572601282519348054e-02
4.614647619730787483e+03 1.247808571555434343e+00 1.711693161275605959e-02
4.619262267350520233e+03 1.255510930234520206e+00 1.843599526507172862e-02
4.623881529617872729e+03 1.264226866414932537e+00 1.742348838320541965e-02
4.628505411147491941e+03 1.266778625450368567e+00 1.474358771791002901e-02
4.633133916558640522e+03 1.284688026889931445e+00 1.579860660660895380e-02
4.637767050475200449e+03 1.296105662886483101e+00 1.567502832994662615e-02
4.642404817525677572e+03 1.311990445503055769e+00 1.547733618607373580e-02
4.647047222343205249e+03 1.343270255119836998e+00 1.245402787435732038e-02
4.651694269565549803e+03 1.360237440320399838e+00 1.090072004371680017e-02
4.656345963835116891e+03 1.366889942116388035e+00 1.077931874332801847e-02
4.661002309798953320e+03 1.362836555847828590e+00 1.141461946441236879e-02
4.665663312108753416e+03 1.345169145774164798e+00 1.193516186891988191e-02
4.670328975420864481e+03 1.321680003361958233e+00 1.022630407338497721e-02
4.674999304396286789e+03 1.303218194818544617e+00 9.605575184707332639e-03
4.679674303700684504e+03 1.289148360524611681e+00 9.809929299451181084e-03
4.684353978004386590e+03 1.282224806105974668e+00 1.056051966757073392e-02
4.689038331982392265e+03 1.279803115236067157e+00 1.285168680646868802e-02
4.693727370314376458e+03 1.269348266234907152e+00 1.096609434814403705e-02
4.698421097684692540e+03 1.257308126428876349e+00 1.026268329261951877e-02
4.703119518782378691e+03 1.226876475536263777e+00 1.090422750568524959e-02
4.707822638301162442e+03 1.184685245242756757e+00 1.250063606708970432e-02
4.712530460939465229e+03 1.144286423356391635e+00 1.378542811995007479e-02
4.717242991400406027e+03 1.103393521299401936e+00 1.489442008620270666e-02
4.721960234391808626e+03 1.073502430203179703e+00 1.450939071836584472e-02
4.726682194626201635e+03 1.040703813920330401e+00 1.281070613972637787e-02
4.731408876820829391e+03 1.019109503727427812e+00 1.245957218095462664e-02
4.736140285697651962e+03 1.000496222242778011e+00 1.316352281618377376e-02
4.740876425983350600e+03 9.962543651323753080e-01 1.402730110704781229e-02
4.745617302409335934e+03 9.864451601371911904e-01 1.275899672683105356e-02
4.750362919711747054e+03 9.782652344302328329e-01 9.753230959768748737e-03
4.755113282631459697e+03 9.571719643216221041e-01 8.960858877636871528e-03
4.759868395914093526e+03 9.283088417103898538e-01 9.559417018435349342e-03
4.764628264310008490e+03 8.900391863683377869e-01 9.226119262630554096e-03
4.769392892574320285e+03 8.445660677502945246e-01 1.002942554938080974e-02
4.774162285466896719e+03 7.940301241671627874e-01 1.089836560247157277e-02
4.778936447752364984e+03 7.306970978450900711e-01 1.147291352461518414e-02
4.783715384200118933e+03 6.655238536294951768e-01 1.428613026752182172e-02
4.788499099584319993e+03 6.053888161908773657e-01 1.810381154251766364e-02
4.793287598683906253e+03 5.635640038248230788e-01 1.929506590030368243e-02
4.798080886282591564e+03 5.462219274557401638e-01 1.888083414432040891e-02
4.802878967168876443e+03 5.457465323297372439e-01 1.643250763080522300e-02
4.807681846136046261e+03 5.818922555406421671e-01 1.523680894773519687e-02
4.812489527982183972e+03 6.498248668817485640e-01 1.371036261622733156e-02
4.817302017510168298e+03 7.583164000341400257e-01 1.660220300530722629e-02
4.822119319527679181e+03 9.044553680486943081e-01 2.264670971578481781e-02
4.826941438847208701e+03 1.073118791603655975e+00 2.907169334265758895e-02
4.831768380286057436e+03 1.210901862425846520e+00 2.717689420851344267e-02
4.836600148666345376e+03 1.345177979971389881e+00 2.120371969930368028e-02
4.841436748815013743e+03 1.414604879393697390e+00 1.741238814487078984e-02
4.846278185563829538e+03 1.433668906493975825e+00 1.828763904954923761e-02
4.851124463749395545e+03 1.386797494892989535e+00 2.531412914541615253e-02
4.855975588213146693e+03 1.318515225097122601e+00 2.863350808441894602e-02
4.860831563801360971e+03 1.215091615686643811e+00 3.332741260853219756e-02
4.865692395365163975e+03 1.135331870695691636e+00 3.367031664136080349e-02
4.870558087760530725e+03 1.054769887153712116e+00 2.774624577900961300e-02
4.875428645848292945e+03 1.017167332323462015e+00 2.028661571417812032e-02
4.880304074494142696e+03 1.027168030640340346e+00 2.111594875166291144e-02
4.885184378568638749e+03 1.091827681955160001e+00 2.580682921675706704e-02
4.890069562947209306e+03 1.195712780748019677e+00 2.766891592948656636e-02
4.894959632510157462e+03 1.318191464632920917e+00 2.003782803524702116e-02
4.899854592142669389e+03 1.440983249838392766e+00 1.332953351687822703e-02
4.904754446734813428e+03 1.544579394107206349e+00 1.147581139792299733e-02
4.909659201181550088e+03 1.630442860615089806e+00 1.006253579920346822e-02
4.914568860382732964e+03 1.685615947665084047e+00 9.795398809130445236e-03
4.919483429243117826e+03 1.712933718972782016e+00 1.021928584935361158e-02
4.924402912672362618e+03 1.706770225811715669e+00 1.146252164798759569e-02
4.929327315585036558e+03 1.669630809161718910e+00 1.265140831982411798e-02
4.934256642900622865e+03 1.591600762694807880e+00 1.259974254274329533e-02
4.939190899543525120e+03 1.474511932963319616e+00 1.438547928518107630e-02
4.944130090443070912e+03 1.325595993452834298e+00 2.345906924857538156e-02
4.949074220533515472e+03 1.179628429457902250e+00 2.610803292798988609e-02
4.954023294754050767e+03 1.030300168072690425e+00 2.874302911592899537e-02
4.958977318048806410e+03 8.973676514350761302e-01 2.567859274393862259e-02
4.963936295366856939e+03 8.226847437014214171e-01 2.260014714229060390e-02
4.968900231662225451e+03 7.886686627015592199e-01 1.950450737792593439e-02
4.973869131893889062e+03 8.165792486850927956e-01 2.306800198506920446e-02
4.978843001025784361e+03 8.860189769933775050e-01 2.570244130366644564e-02
4.983821844026811959e+03 1.018202284180230510e+00 2.665864367920755748e-02
4.988805665870840130e+03 1.165279948255891762e+00 2.325675498209698114e-02
4.993794471536712990e+03 1.307213072408575094e+00 2.002865707639832349e-02
4.998788266008251412e+03 1.444906285397303369e+00 9.235610388557417144e-03
5.003787054274261209e+03 1.537759836279633197e+00 9.235915913657119503e-03
5.008790841328536771e+03 1.594802637261193201e+00 1.087730607277708102e-02
5.013799632169867436e+03 1.611400938396299498e+00 1.126294095330211860e-02
5.018813431802038394e+03 1.610097679022615136e+00 1.143249147308825035e-02
5.023832245233842514e+03 1.577416818969825663e+00 1.147739153591012876e-02
5.028856077479077612e+03 1.535026629024227152e+00 1.114181786504878265e-02
5.033884933556558281e+03 1.495446887881581199e+00 1.012627599136702375e-02
5.038918818490116792e+03 1.453828296608982829e+00 8.457399073478227836e-03
5.043957737308608557e+03 1.423260095673825942e+00 9.503327473409036580e-03
5.049001695045918495e+03 1.390654249445652635e+00 9.434638188103068243e-03
5.054050696740966487e+03 1.359898128029801256e+00 9.631842070552138618e-03
5.059104747437709193e+03 1.341223124737866979e+00 7.931943531043443921e-03
5.064163852185148244e+03 1.316546439992257511e+00 7.778592142632543768e-03
5.069228016037335692e+03 1.287985334900132450e+00 7.971113756288885840e-03
5.074297244053374015e+03 1.257324375661259097e+00 9.834748708664246136e-03
5.079371541297429758e+03 1.210534526406683797e+00 1.039768658691031002e-02
5.084450912838728073e+03 1.147305514765932344e+00 9.910175042949975407e-03
5.089535363751569093e+03 1.062558117838187988e+00 1.222858093498438090e-02
5.094624899115322478e+03 9.706776360633068146e-01 1.499281533130315987e-02
5.099719524014439230e+03 8.803391598664138673e-01 1.520817979751381936e-02
5.104819243538455339e+03 8.041624147850587878e-01 1.520600785106494997e-02
5.109924062781995417e+03 7.384298182118811393e-01 1.447100863692373646e-02
5.115033986844779065e+03 6.878550465156565430e-01 1.387035950185337881e-02
5.120149020831625421e+03 6.670432738280862583e-01 1.300221253077808031e-02
5.125269169852458617e+03 6.696603431555241404e-01 1.167373751680300491e-02
5.130394439022313236e+03 7.065028478421503388e-01 1.218684092127019815e-02
5.135524833461337039e+03 7.727056218475292226e-01 1.224261426370827806e-02
5.140660358294800062e+03 8.737854869727310625e-01 1.323783704304247119e-02
5.145801018653096435e+03 9.817298954253161902e-01 1.419260190838100670e-02
5.150946819671751655e+03 1.071175057979705025e+00 1.296666803339330959e-02
5.156097766491425318e+03 1.145028567527726970e+00 1.231363687968405930e-02
5.161253864257918394e+03 1.198606025214603132e+00 1.318734611823802957e-02
5.166415118122177773e+03 1.230752171447495158e+00 1.545809444621020282e-02
5.171581533240301724e+03 1.260706480567037602e+00 1.643304414743186267e-02
5.176753114773543530e+03 1.276845066844111809e+00 1.717721397223925459e-02
5.181929867888318768e+03 1.288572558294218018e+00 1.635133206586939988e-02
5.187111797756208944e+03 1.296700552113760896e+00 1.618366616941274705e-02
5.192298909553966951e+03 1.286665601369054501e+00 1.608743946621523507e-02
5.197491208463522526e+03 1.278366058993057219e+00 1.649510278618266865e-02
5.202688699671987706e+03 1.261776681813980616e+00 1.587962110597818111e-02
5.207891388371661378e+03 1.251666718762411090e+00 1.630591502349215335e-02
5.213099279760034733e+03 1.234662759266421883e+00 1.848186277954783421e-02
5.218312379039796724e+03 1.225988443048847021e+00 1.860116808192745566e-02
5.223530691418837705e+03 1.229054623275354086e+00 1.868211776245974967e-02
5.228754222110258524e+03 1.221838581304706128e+00 1.922260923979854375e-02
5.233982976332370527e+03 1.218807651427458394e+00 2.051114896217234168e-02
5.239216959308704645e+03 1.216636888594747612e+00 2.019196474160954782e-02
5.244456176268015042e+03 1.213142495885434657e+00 1.897382004968341598e-02
5.249700632444284565e+03 1.208914173503146561e+00 1.827994852095210856e-02
5.254950333076731113e+03 1.199253087111620264e+00 1.842670351603870049e-02
5.260205283409809454e+03 1.179680124024004684e+00 2.112405571492277298e-02
5.265465488693221232e+03 1.161931682821115031e+00 2.092672245199613326e-02
5.270730954181915877e+03 1.149869934376541725e+00 1.741057126774397598e-02
5.276001685136099695e+03 1.160132690460790483e+00 1.562105705155670231e-02
5.281277686821237694e+03 1.180317672961109121e+00 1.603499045231633960e-02
5.286558964508059944e+03 1.224165328999593072e+00 1.795584692535085944e-02
5.291845523472569766e+03 1.278204389871626878e+00 1.597515385296401774e-02
5.297137368996044643e+03 1.330192165510475810e+00 1.254552917085206311e-02
5.302434506365042580e+03 1.382435771891506571e+00 8.850827335156092462e-03
5.307736940871409388e+03 1.416014522656018793e+00 9.212465516093228460e-03
5.313044677812282316e+03 1.436653421146807386e+00 1.014853894478454088e-02
5.318357722490096421e+03 1.450514831120813142e+00 9.073473284700551630e-03
5.323676080212588204e+03 1.461552357050200701e+00 8.075448471037584633e-03
5.328999756292802886e+03 1.470452995909590221e+00 8.135242016322270786e-03
5.334328756049097137e+03 1.476794518759860342e+00 8.610037503189907349e-03
5.339663084805148173e+03 1.476474751842848931e+00 8.944496637143823509e-03
5.345002747889954662e+03 1.476289144516827134e+00 8.295109826948032783e-03
5.350347750637846730e+03 1.465024966981601784e+00 8.711904943858190739e-03
5.355698098388485960e+03 1.450549466532679910e+00 9.532682940322896592e-03
5.361053796486876308e+03 1.431672162647858348e+00 9.644936763753988659e-03
5.366414850283365013e+03 1.413938630824328246e+00 9.638544902801542483e-03
5.371781265133649867e+03 1.406960899530448561e+00 9.071410305114942230e-03
5.377153046398785591e+03 1.405857418664765435e+00 8.780492792637449584e-03
5.382530199445186554e+03 1.413146909640553561e+00 9.050876359895050627e-03
5.387912729644633146e+03 1.426956252024131677e+00 1.002929433387159466e-02
5.393300642374279960e+03 1.452666103154751420e+00 1.017083588301765339e-02
5.398693943016655794e+03 1.472463307922819986e+00 1.021161746671873753e-02
5.404092636959673655e+03 1.492875125216433174e+00 8.324486895484524071e-03
5.409496729596635305e+03 1.504806556773040205e+00 6.933243416838161602e-03
5.414906226326233991e+03 1.505111833445077707e+00 7.153005151505143974e-03
5.420321132552561721e+03 1.487346602498993420e+00 8.390988497808339955e-03
5.425741453685116539e+03 1.468624895230344896e+00 8.385516486683437451e-03
5.431167195138803436e+03 1.445664994855372587e+00 7.741155104351977144e-03
5.436598362333943442e+03 1.421850673310379953e+00 8.014417240151540389e-03
5.442034960696279086e+03 1.399115001480724318e+00 8.683746388277596706e-03
5.447476995656978033e+03 1.369777626215781252e+00 8.454095510397396235e-03
5.452924472652636723e+03 1.334054776059366398e+00 8.760633279101377735e-03
5.458377397125291282e+03 1.294978563392886306e+00 9.871030240093869521e-03
5.463835774522417523e+03 1.257273034778602749e+00 1.223014151821883236e-02
5.469299610296941864e+03 1.228991363445015805e+00 1.217654286732618683e-02
5.474768909907241323e+03 1.217967504229396480e+00 1.249062753806451202e-02
5.480243678817149885e+03 1.212952505081142718e+00 1.040932988177403762e-02
5.485723922495968509e+03 1.226449062579959781e+00 1.028668293309739634e-02
5.491209646418466946e+03 1.260048503169570289e+00 1.232216240741467080e-02
5.496700856064887375e+03 1.300029856318688948e+00 1.324318814514059868e-02
5.502197556920953502e+03 1.347020508210951428e+00 1.285826990271660315e-02
5.507699754477876013e+03 1.392469152059592430e+00 1.187290231054269514e-02
5.513207454232356213e+03 1.436227061242260072e+00 8.029815402924822890e-03
5.518720661686590574e+03 1.462520534343852541e+00 7.117623551284949987e-03
5.524239382348278923e+03 1.469764175008861029e+00 7.785199902066267628e-03
5.529763621730628984e+03 1.458646492258203420e+00 8.368272578143393786e-03
5.535293385352360929e+03 1.437791253382377121e+00 6.547103940959797357e-03
5.540828678737715563e+03 1.415685300694211390e+00 5.029216848440721740e-03
5.546369507416455235e+03 1.391939332731694012e+00 4.421938062920604748e-03
5.551915876923872929e+03 1.375703468391095807e+00 4.388373420740528455e-03
5.557467792800798634e+03 1.363774954732842160e+00 5.652179462979117081e-03
5.563025260593602070e+03 1.355347846513533128e+00 7.985173941635705097e-03
5.568588285854197238e+03 1.343149279369230120e+00 8.943623511116431668e-03
5.574156874140053333e+03 1.325387275300965673e+00 7.281947219455169734e-03
5.579731031014194741e+03 1.298817969918851567e+00 7.498986550780020570e-03
5.585310762045211050e+03 1.266938658814345198e+00 7.705905114894447995e-03
5.590896072807257951e+03 1.232318025231210035e+00 8.993720217888565016e-03
5.596486968880067252e+03 1.197038032990851208e+00 9.867543423792628915e-03
5.602083455848949598e+03 1.163411471307470357e+00 9.813345939927628145e-03
5.607685539304799931e+03 1.141914101892759215e+00 8.498718147687000374e-03
5.613293224844106589e+03 1.132852536621672179e+00 7.087905365500200665e-03
5.618906518068952209e+03 1.138437268040596306e+00 6.707872392459014212e-03
5.624525424587023736e+03 1.162422684073883605e+00 8.048080250371644415e-03
5.630149950011612418e+03 1.202065948827186093e+00 8.493711653916567739e-03
5.635780099961625638e+03 1.248367724871595197e+00 8.097026089604598270e-03
5.641415880061589633e+03 1.297735914483403752e+00 5.865397754244322873e-03
5.647057295941652228e+03 1.338307792417617659e+00 4.450147841820649430e-03
5.652704353237596479e+03 1.363960295677622447e+00 4.857574854815807468e-03
5.658357057590835211e+03 1.384017273201635589e+00 4.797678606439426986e-03
5.664015414648428305e+03 1.388654624433478535e+00 5.290087321120358343e-03
5.669679430063079053e+03 1.386220204624007302e+00 6.163402011348918449e-03
5.675349109493143260e+03 1.376771665164203684e+00 6.373288258528854097e-03
5.681024458602638333e+03 1.363572735745755660e+00 5.791853213480498488e-03
5.686705483061243285e+03 1.348027734894356344e+00 5.390933246371999721e-03
5.692392188544306009e+03 1.336543819760964258e+00 5.561391004863002960e-03
5.698084580732852373e+03 1.324653542448248400e+00 5.813471667247768065e-03
5.703782665313587131e+03 1.315047831022689850e+00 5.846190636245201730e-03
5.709486447978903016e+03 1.307111175073831344e+00 5.893787944115370242e-03
5.715195934426883468e+03 1.303448374731710047e+00 5.717480157619064980e-03
5.720911130361312644e+03 1.302047852656585514e+00 5.486874336176245787e-03
5.726632041491675409e+03 1.300390240943637643e+00 5.392110587662487554e-03
5.732358673533169167e+03 1.304548224474908480e+00 5.812651916086751004e-03
5.738091032206703858e+03 1.303559328075764912e+00 6.092956452313798461e-03
5.743829123238912871e+03 1.303198959879138252e+00 6.526464226944477150e-03
5.749572952362153046e+03 1.301065995970708489e+00 6.460855185273195814e-03
5.755322525314517407e+03 1.295354720283093730e+00 6.806915131635484818e-03
5.761077847839834249e+03 1.289384905267565440e+00 6.963734233459939818e-03
5.766838925687675328e+03 1.283971190393861761e+00 7.157406776289182079e-03
5.772605764613364954e+03 1.276410077199698234e+00 6.788956201468508179e-03
5.778378370377980900e+03 1.267111870414542985e+00 6.585332844572589113e-03
5.784156748748360769e+03 1.261329587581325073e+00 8.019038616679727283e-03
5.789940905497111089e+03 1.251305785435472107e+00 9.798192123052036281e-03
5.795730846402610041e+03 1.237344786657958773e+00 1.171371641599532921e-02
5.801526577249013826e+03 1.215796527845797836e+00 1.053541317589684959e-02
5.807328103826264851e+03 1.173528226369243699e+00 1.123141116172063705e-02
5.813135431930093546e+03 1.123407587510359296e+00 1.379919037546074173e-02
5.818948567362025642e+03 1.067120872025314471e+00 1.671126613681901685e-02
5.824767515929389447e+03 1.017498313439129998e+00 1.690617522660557356e-02
5.830592283445320390e+03 9.799775922154247976e-01 1.509041931088171001e-02
5.836422875728768304e+03 9.792981634423385540e-01 1.436327259712430644e-02
5.842259298604498326e+03 9.949118986104461548e-01 1.429885720987893183e-02
5.848101557903105459e+03 1.042492372723420768e+00 1.757348736774174899e-02
5.853949659461010015e+03 1.105519718385568728e+00 1.913543170629315379e-02
5.859803609120473084e+03 1.182771422971814257e+00 1.772361771431699498e-02
5.865663412729595620e+03 1.263564944772645138e+00 1.561858343052552507e-02
5.871529076142326630e+03 1.341837310042596432e+00 1.144598806606152500e-02
5.877400605218471355e+03 1.399806014273712984e+00 1.097187008711753356e-02
5.883278005823691274e+03 1.439603495703033031e+00 1.114523251457798930e-02
5.889161283829516833e+03 1.453494589358535816e+00 9.443701906059432868e-03
5.895050445113348360e+03 1.452246970983366303e+00 8.148176647558043675e-03
5.900945495558464245e+03 1.438788381832326158e+00 7.787789118738648077e-03
5.906846441054024581e+03 1.422031679719425901e+00 7.540466991167941134e-03
5.912753287495080258e+03 1.400181851588785387e+00 8.124588299301111968e-03
5.918666040782577511e+03 1.376041325339655286e+00 7.740104478724493461e-03
5.924584706823361557e+03 1.357296899331211115e+00 7.834225770267532266e-03
5.930509291530187511e+03 1.341120711740529714e+00 7.875416788170839025e-03
5.936439800821719473e+03 1.326645480539834665e+00 7.900521010075239881e-03
5.942376240622543264e+03 1.314553614831588613e+00 7.707423208367449735e-03
5.948318616863167335e+03 1.310425751335695832e+00 7.487063202919839316e-03
5.954266935480032771e+03 1.307093128917991232e+00 6.982291523617537195e-03
5.960221202415515108e+03 1.315199982708405546e+00 4.696549494907192868e-03
5.966181423617932523e+03 1.318646473649761397e+00 4.404015476452876991e-03
5.972147605041552197e+03 1.322291754283052789e+00 4.936285531066160123e-03
5.978119752646595771e+03 1.320917597243597363e+00 5.072677683605563911e-03
5.984097872399243897e+03 1.317308420350388198e+00 5.078713942833494761e-03
5.990081970271645332e+03 1.310241198881922031e+00 5.332557429974345113e-03
5.996072052241918755e+03 1.303276669519782605e+00 5.192591769412830197e-03
6.002068124294162772e+03 1.298072656825639326e+00 5.072453703698108669e-03
6.008070192418459555e+03 1.291098108508101028e+00 4.978385732352265738e-03
6.014078262610879392e+03 1.283384638532919064e+00 5.008317923551908538e-03
6.020092340873492503e+03 1.278013735954973695e+00 5.274583319727130411e-03
6.026112433214368139e+03 1.274794247984456286e+00 4.883192655478609499e-03
6.032138545647584579e+03 1.274127029534049216e+00 4.862336270154529912e-03
6.038170684193233683e+03 1.279274706480872048e+00 6.890761179543480365e-03
6.044208854877429076e+03 1.286003725713698032e+00 7.917121146234978174e-03
6.050253063732308874e+03 1.282261162397794196e+00 7.664770147611889295e-03
6.056303316796042964e+03 1.269783027613971438e+00 7.177210535914160111e-03
6.062359620112841185e+03 1.245768412105129785e+00 8.936842239026816098e-03
6.068421979732956061e+03 1.216727142125314520e+00 1.082678908719226368e-02
6.074490401712690982e+03 1.186484862554430864e+00 1.217120470827989971e-02
6.080564892114405666e+03 1.161655365814640684e+00 1.159114931317046203e-02
6.086645457006521610e+03 1.153147571141994732e+00 1.116728145309228357e-02
6.092732102463530282e+03 1.151399510674622206e+00 9.896226646581698927e-03
6.098824834565995843e+03 1.164701092124748039e+00 1.020728677330899961e-02
6.104923659400564247e+03 1.189596956924843019e+00 1.092648320619103025e-02
6.111028583059966877e+03 1.225134187128415819e+00 1.134293953944883783e-02
6.117139611643028729e+03 1.267292901418827222e+00 1.057973261203552784e-02
6.123256751254673873e+03 1.305972977314200145e+00 8.176777032955419300e-03
6.129380008005929994e+03 1.333182685398656364e+00 7.113084526988052575e-03
6.135509388013938405e+03 1.348869649213102040e+00 6.966761001851734178e-03
6.141644897401954040e+03 1.351275851071818357e+00 7.028156720585179013e-03
6.147786542299358189e+03 1.329667808890792502e+00 6.199506701891395292e-03
6.153934328841659408e+03 1.298748799350082139e+00 6.548715486955331185e-03
6.160088263170503524e+03 1.261944534237056326e+00 7.668965561509559145e-03
6.166248351433675452e+03 1.222852071355905901e+00 8.855241393006856032e-03
6.172414599785111022e+03 1.190204992415740737e+00 8.945013954342221491e-03
6.178587014384898794e+03 1.162345904121667495e+00 8.629042108436443814e-03
6.184765601399285515e+03 1.144468499036707998e+00 7.326938734381985632e-03
6.190950367000687038e+03 1.140919996620103127e+00 7.014383900701870629e-03
6.197141317367689226e+03 1.151086994008291509e+00 7.668705941208538678e-03
6.203338458685059777e+03 1.176289315844176064e+00 8.859460544130113788e-03
6.209541797143746408e+03 1.206016863211241352e+00 8.140774278869833402e-03
6.215751338940892310e+03 1.241085889929549380e+00 8.598679422336386047e-03
6.221967090279835247e+03 1.272162740584718010e+00 7.401605781273577420e-03
6.228189057370116643e+03 1.292080159774528614e+00 7.407353662572491865e-03
6.234417246427488863e+03 1.307500607381890223e+00 7.035464625910856085e-03
6.240651663673918847e+03 1.308974514493005614e+00 7.442105835570655276e-03
6.246892315337594482e+03 1.299035623822335284e+00 6.232270531133182398e-03
6.253139207652934601e+03 1.283395527710095463e+00 5.738914450153511163e-03
6.259392346860589896e+03 1.268768403061072636e+00 5.718948989049098437e-03
6.265651739207452010e+03 1.247890362648506501e+00 5.652374144401024932e-03
6.271917390946661726e+03 1.228718211575642982e+00 5.832640926485716318e-03
6.278189308337610782e+03 1.210853932644726516e+00 5.661273676378933417e-03
6.284467497645950061e+03 1.195292973656443936e+00 5.577617875329851128e-03
6.290751965143597772e+03 1.184715385306057467e+00 5.492679119040771475e-03
6.297042717108744000e+03 1.171572448669172983e+00 5.955145818189299528e-03
6.303339759825854344e+03 1.163851262844304291e+00 6.092469768570168975e-03
6.309643099585682648e+03 1.166540391515012320e+00 6.737210288453252156e-03
6.315952742685270096e+03 1.169750530033164315e+00 7.346655656973334787e-03
6.322268695427957937e+03 1.174846393203158756e+00 8.323450753880207859e-03
6.328590964123387494e+03 1.172874821811759727e+00 8.802005898772035861e-03
6.334919555087512890e+03 1.166589207781720150e+00 7.763641360504306907e-03
6.341254474642602872e+03 1.145094262747809344e+00 6.681402340268225402e-03
6.347595729117247174e+03 1.104805852931538102e+00 6.907379333039922846e-03
6.353943324846366522e+03 1.054574282146711228e+00 7.984225221844075404e-03
6.360297268171215364e+03 9.880151051870007528e-01 9.681910669747616910e-03
6.366657565439388236e+03 9.205022096427183387e-01 1.018947268060493329e-02
6.373024223004829764e+03 8.540673798701187147e-01 9.040684598991764395e-03
6.379397247227837397e+03 7.949264563517857152e-01 8.008110148125292121e-03
6.385776644475066860e+03 7.441289164381063026e-01 8.133975612863154209e-03
6.392162421119543978e+03 7.016905395848319626e-01 9.512847569579886350e-03
6.398554583540665590e+03 6.706639347787191063e-01 1.049034190305576583e-02
6.404953138124208635e+03 6.418323870195811187e-01 9.550156277756242235e-03
6.411358091262334710e+03 6.114743861630140831e-01 6.869837823060530486e-03
6.417769449353599157e+03 5.771945547402769217e-01 5.540111239266073441e-03
6.424187218802954703e+03 5.357607721574139115e-01 5.979660776712181908e-03
6.430611406021760558e+03 4.927621314212281001e-01 7.018912065626475155e-03
6.437042017427784231e+03 4.568983663527989014e-01 6.764487980610836039e-03
6.443479059445214261e+03 4.261912212484680329e-01 6.782840222231204842e-03
6.449922538504661134e+03 3.957824227379105331e-01 7.809765945278384844e-03
6.456372461043168187e+03 3.764458292698826813e-01 1.177285601332005681e-02
6.462828833504213435e+03 3.881082011541654442e-01 1.433131357428793495e-02
6.469291662337719572e+03 4.387788412244589820e-01 1.619765801485601592e-02
6.475760954000059428e+03 5.382445531230277691e-01 1.516389370138271700e-02
6.482236714954061426e+03 6.887094338424386564e-01 1.445134586855361877e-02
6.488718951669017770e+03 8.865727312858444620e-01 1.560166638980930130e-02
6.495207670620688987e+03 1.125867348437642690e+00 1.981934152053169487e-02
6.501702878291312118e+03 1.402080484843914343e+00 2.388207601405432576e-02
6.508204581169605262e+03 1.679397367644387185e+00 2.352542438138264039e-02
6.514712785750777584e+03 1.949526982699415711e+00 2.073002571781404346e-02
6.521227498536530220e+03 2.199751411978362992e+00 1.669045014454634268e-02
6.527748726035069012e+03 2.413032959776919562e+00 1.332069421983147345e-02
6.534276474761106329e+03 2.568867513185240092e+00 1.380526341080439215e-02
6.540810751235869247e+03 2.664688588023310878e+00 1.480753821579556574e-02
6.547351561987107743e+03 2.706575163587691790e+00 1.324465361412356310e-02
6.553898913549096505e+03 2.702155200451641370e+00 8.951559583910738763e-03
6.560452812462647671e+03 2.668624586692426526e+00 6.921354425383201975e-03
6.567013265275112644e+03 2.610846420788896172e+00 6.873721864069191369e-03
6.573580278540390282e+03 2.526398102970218051e+00 7.136199574663302375e-03
6.580153858818932349e+03 2.428543306010213509e+00 7.051475690897824819e-03
6.586734012677753526e+03 2.319473085542740787e+00 7.502710128533748857e-03
6.593320746690433225e+03 2.203067735855859688e+00 7.199752592305984876e-03
6.599914067437126505e+03 2.092175343048560343e+00 6.944546274767675852e-03
6.606513981504565891e+03 1.987867796073314874e+00 6.652713207781140586e-03
6.613120495486072286e+03 1.894425810901058105e+00 7.123272278154493299e-03
6.619733615981560433e+03 1.812711763805668896e+00 7.547145950020259404e-03
6.626353349597544366e+03 1.741353767335142688e+00 6.332827004891194295e-03
6.632979702947143778e+03 1.673893192447324596e+00 6.437012052439799667e-03
6.639612682650093120e+03 1.616383159120851287e+00 5.891748517593569170e-03
6.646252295332745234e+03 1.565062794323345496e+00 5.475621754326953292e-03
6.652898547628080451e+03 1.521685561850773194e+00 4.991555579691045116e-03
6.659551446175711135e+03 1.476147597973085146e+00 4.736984244076066289e-03
6.666210997621888964e+03 1.438723251610040998e+00 4.705392768703419576e-03
6.672877208619513112e+03 1.400276028412893004e+00 3.996543781612169055e-03
6.679550085828134797e+03 1.370553234346961968e+00 4.032633932177827861e-03
6.686229635913964557e+03 1.344527869889338367e+00 4.093562351417818698e-03
6.692915865549881346e+03 1.325012455743343365e+00 4.378387599445247857e-03
6.699608781415433441e+03 1.307481469712835631e+00 4.207398464708299833e-03
6.706308390196851178e+03 1.293097243646419203e+00 3.965656817300398061e-03
6.713014698587049679e+03 1.277476444518330201e+00 3.772410068020242129e-03
6.719727713285638856e+03 1.258303319042544555e+00 3.697857417262156825e-03
6.726447440998927050e+03 1.235870597102206370e+00 4.340051725729363041e-03
6.733173888439928305e+03 1.216752758732304596e+00 4.269568407510262141e-03
6.739907062328370557e+03 1.199357627024135731e+00 4.339649841660845296e-03
6.746646969390701088e+03 1.184406763063304613e+00 4.328999856865284497e-03
6.753393616360093802e+03 1.168652922747771772e+00 3.733027977070969578e-03
6.760147009976456502e+03 1.160650394318654133e+00 4.037748765212638771e-03
6.766907156986434529e+03 1.151493105825747598e+00 3.940196195737987427e-03
6.773674064143423493e+03 1.146489668083234381e+00 4.199514328320301179e-03
6.780447738207569273e+03 1.146424781372510360e+00 3.961513167507822557e-03
6.787228185945778932e+03 1.148292056824444574e+00 4.481590079503059224e-03
6.794015414131727084e+03 1.147204482518075608e+00 4.392537116668406016e-03
6.800809429545861349e+03 1.144019566608315497e+00 4.682546621243255727e-03
6.807610238975408720e+03 1.139175464896915013e+00 5.518155197669837378e-03
6.814417849214386479e+03 1.132651880597795646e+00 5.293578875331575624e-03
6.821232267063603103e+03 1.130598178953622357e+00 5.331725521046944138e-03
6.828053499330669183e+03 1.126243383314098789e+00 5.239191868964339534e-03
6.834881552830001965e+03 1.126228340376388415e+00 5.498330802129842640e-03
6.841716434382834450e+03 1.127158011770792445e+00 5.616295402957540914e-03
6.848558150817219939e+03 1.130825324555435829e+00 5.908584951481463642e-03
6.855406708968039311e+03 1.129595357016190071e+00 5.979167625220184294e-03
6.862262115677009206e+03 1.127319981676881300e+00 6.116745960172595767e-03
6.869124377792688392e+03 1.126963625762738674e+00 6.100192004847895463e-03
6.875993502170483225e+03 1.127476031420526770e+00 6.020022798940882942e-03
6.882869495672656740e+03 1.123650138287521916e+00 5.957364366224392541e-03
6.889752365168331380e+03 1.120704691964614419e+00 5.762811431861191401e-03
6.896642117533501732e+03 1.110845088583595430e+00 5.691557779281324232e-03
6.903538759651037253e+03 1.105526969728750197e+00 5.603142750030313222e-03
6.910442298410691365e+03 1.096372567758643335e+00 5.362542631911910475e-03
6.917352740709104182e+03 1.089554556809946284e+00 5.240009577067633595e-03
6.924270093449815249e+03 1.085155404164263482e+00 5.278685791840312044e-03
6.931194363543267173e+03 1.080894573393443636e+00 5.144674625958679977e-03
6.938125557906812901e+03 1.082814106390140418e+00 5.036547830297829348e-03
6.945063683464722089e+03 1.081793760389538228e+00 4.540838283229479098e-03
6.952008747148189286e+03 1.085094342722613403e+00 4.448625676558687000e-03
6.958960755895339389e+03 1.087895709060305638e+00 4.398116465224633648e-03
6.965919716651237650e+03 1.095622137386328854e+00 4.807615732152544646e-03
6.972885636367890584e+03 1.099742518415411929e+00 4.799232622919162063e-03
6.979858522004260521e+03 1.105769180811432495e+00 4.516483864859104427e-03
6.986838380526267429e+03 1.107470629851771582e+00 4.489485496554381470e-03
6.993825218906796181e+03 1.106435141558106849e+00 4.388701986867890419e-03
7.000819044125705659e+03 1.105825519339487251e+00 4.357380490978098563e-03
7.007819863169833297e+03 1.102900077655597721e+00 4.315997625167666135e-03
7.014827683033005087e+03 1.095860975302590745e+00 4.120820882189056046e-03
7.021842510716041033e+03 1.085699666536662278e+00 4.658579775004077772e-03
7.028864353226758794e+03 1.077444424326130967e+00 4.458030918583047279e-03
7.035893217579988232e+03 1.073469093557660736e+00 4.332914442194641357e-03
7.042929110797570502e+03 1.070404434441716068e+00 4.383449111468751963e-03
7.049972039908370789e+03 1.068370688629411758e+00 4.885280598514938656e-03
7.057022011948281033e+03 1.062902547747805571e+00 4.955085237954215058e-03
7.064079033960231754e+03 1.058960658144562528e+00 4.928863626514897595e-03
7.071143112994193871e+03 1.056572055364146001e+00 4.882560638928960285e-03
7.078214256107190522e+03 1.053587648601742366e+00 4.853476340754619631e-03
7.085292470363300708e+03 1.049587494050810310e+00 4.835304502975113286e-03
7.092377762833665656e+03 1.047391434545619449e+00 5.005863620474778480e-03
7.099470140596501551e+03 1.044586671992404847e+00 4.700500204484430074e-03
7.106569610737100447e+03 1.037693733220660608e+00 4.492548845245923454e-03
7.113676180347840273e+03 1.031966454776699793e+00 4.492650691776295044e-03
7.120789856528190285e+03 1.021445121489859220e+00 4.626193531198927525e-03
7.127910646384721076e+03 1.015527348937265151e+00 4.607537940896046930e-03
7.135038557031108212e+03 1.011875515084962096e+00 4.740345146909765578e-03
7.142173595588141325e+03 1.010994174980476501e+00 4.810834803721671625e-03
7.149315769183732300e+03 1.011510619839023573e+00 4.967327224771649757e-03
7.156465084952918005e+03 1.013176814150835714e+00 4.948738087526164536e-03
7.163621550037873021e+03 1.016933132837054332e+00 4.906557143518627297e-03
7.170785171587913283e+03 1.022881040157330057e+00 4.880992174757836470e-03
7.177955956759504261e+03 1.032066206573453160e+00 5.028144620006627652e-03
7.185133912716265513e+03 1.040486953580245677e+00 4.021166012668535121e-03
7.192319046628984324e+03 1.045733682816495813e+00 4.378782005689192507e-03
7.199511365675615707e+03 1.045619862688301538e+00 4.282860662502871452e-03
7.206710877041294225e+03 1.038251346722272261e+00 5.266939941890466659e-03
7.213917587918337631e+03 1.032693295269489830e+00 5.730446618502802944e-03
7.221131505506257781e+03 1.022302449895655219e+00 5.713154576642550352e-03
7.228352637011767001e+03 1.013300363521452807e+00 5.737113296595019660e-03
7.235580989648780815e+03 1.007099689658848218e+00 5.316833877741997116e-03
7.242816570638432495e+03 1.008935465971161349e+00 5.910448484584546539e-03
7.250059387209073066e+03 1.010079681484711944e+00 5.835118394471761928e-03
7.257309446596284033e+03 1.013106203673974193e+00 5.982554161306500445e-03
7.264566756042882844e+03 1.022088200296066285e+00 5.876174201700457185e-03
7.271831322798928340e+03 1.025884838805131816e+00 5.946578499435533835e-03
7.279103154121729858e+03 1.034706732830828591e+00 5.703154475347858507e-03
7.286382257275853590e+03 1.038959282910977056e+00 5.683108793318795288e-03
7.293668639533132591e+03 1.043563742509282299e+00 5.439516535508544769e-03
7.300962308172667690e+03 1.042769185223769934e+00 5.369482034841043319e-03
7.308263270480842948e+03 1.039992405623226146e+00 5.284018927268877702e-03
7.315571533751325660e+03 1.034435907178667291e+00 5.244017367945780737e-03
7.322887105285079997e+03 1.027340738594614278e+00 5.124996458555637624e-03
7.330209992390367006e+03 1.023526326340014281e+00 5.103001569915472692e-03
7.337540202382760071e+03 1.017469814718413579e+00 4.919937409241309338e-03
7.344877742585144915e+03 1.007404677331533716e+00 5.016293076490550666e-03
7.352222620327733239e+03 9.965014013903559231e-01 4.890568989669109336e-03
7.359574842948062724e+03 9.901075400098643398e-01 4.548454877448320118e-03
7.366934417791013402e+03 9.801275967308624715e-01 4.232525233656783160e-03
7.374301352208806748e+03 9.732038886424554391e-01 4.255008053441061699e-03
7.381675653561018407e+03 9.687009093355563039e-01 4.210069028601633526e-03
7.389057329214581841e+03 9.677750923218282342e-01 3.995204273278174859e-03
7.396446386543798326e+03 9.698857152614512867e-01 3.849563059227678607e-03
7.403842832930345139e+03 9.749509181428296367e-01 3.882965475013731849e-03
7.411246675763277381e+03 9.815273169195877223e-01 3.576212118930242444e-03
7.418657922439043432e+03 9.906027631826398450e-01 3.651887016407261762e-03
7.426076580361484957e+03 1.001130691770360848e+00 3.662247573701386729e-03
7.433502656941848727e+03 1.006469593041007693e+00 3.657395090772678787e-03
7.440936159598792983e+03 1.011995328891512891e+00 3.390789890589737763e-03
7.448377095758394717e+03 1.014474028474294798e+00 3.990526693013678010e-03
7.455825472854155123e+03 1.013563722242848186e+00 3.928254610598640173e-03
7.463281298327012337e+03 1.014191475429430334e+00 4.044259367883746605e-03
7.470744579625341430e+03 1.013841594519512723e+00 4.064468182579406355e-03
7.478215324204968965e+03 1.013583997247563540e+00 4.157805359485421126e-03
7.485693539529176633e+03 1.010670547491547833e+00 4.180666496724221200e-03
7.493179233068708527e+03 1.005694858462771402e+00 4.111819848971956168e-03
7.500672412301779332e+03 1.001693439681194286e+00 4.252349219425176699e-03
7.508173084714083416e+03 9.984096869450905798e-01 4.202623774350659931e-03
7.515681257798800289e+03 1.000395402475804607e+00 4.861486857291024560e-03
7.523196939056601877e+03 9.952766953537015571e-01 5.010054736723466851e-03
7.530720135995660712e+03 9.895655839927713915e-01 5.291229457711201997e-03
7.538250856131659020e+03 9.808034226840660619e-01 5.331795050399682108e-03
7.545789106987793275e+03 9.692650372230808831e-01 5.573105055947512321e-03
7.553334896094783289e+03 9.572264590549410812e-01 5.915360081504972625e-03
7.560888230990880402e+03 9.469550946579642359e-01 6.889603504891437906e-03
7.568449119221873843e+03 9.372899348820918908e-01 7.724867577873376599e-03
7.576017568341098013e+03 9.271682573960599028e-01 8.737901826723119825e-03
7.583593585909441572e+03 9.195504976986300649e-01 9.327220222255808157e-03
7.591177179495353812e+03 9.080221899752343173e-01 1.009967751933330167e-02
7.598768356674851930e+03 9.030275542013953549e-01 9.303837332670993748e-03
7.606367125031529213e+03 9.044546549484620002e-01 8.858525104903345465e-03
7.613973492156563225e+03 9.036940090790828162e-01 8.612230887868015453e-03
7.621587465648722173e+03 9.056163057318022958e-01 8.498571413961640911e-03
7.629209053114373091e+03 9.176518781364366717e-01 8.015316588980298321e-03
7.636838262167490029e+03 9.458333200919358807e-01 9.519843691122884671e-03
7.644475100429660415e+03 9.635702248761444100e-01 1.007846687291455955e-02
7.652119575530092334e+03 9.768255786859180168e-01 1.010920492389675435e-02
7.659771695105625440e+03 9.792985061276784364e-01 9.135785598124220724e-03
7.667431466800733688e+03 9.677174574973955723e-01 8.910662017563183296e-03
7.675098898267536242e+03 9.415371551523552540e-01 1.014816160034814896e-02
7.682773997165806577e+03 9.136902990636873723e-01 1.141052173878956237e-02
7.690456771162975201e+03 8.822718181582099861e-01 1.164896446799656461e-02
7.698147227934140574e+03 8.570795551110312882e-01 1.079784792392615364e-02
7.705845375162077289e+03 8.369222311864058517e-01 9.641272341439096824e-03
7.713551220537241534e+03 8.311570313232565788e-01 9.176748623199688232e-03
7.721264771757782000e+03 8.406720653560438850e-01 9.319818727564887356e-03
7.728986036529541707e+03 8.664430411645359653e-01 1.024084250681056053e-02
7.736715022566074367e+03 8.984535622052794990e-01 1.086559117255868866e-02
7.744451737588642573e+03 9.430705931319266488e-01 9.069314240729842505e-03
7.752196189326234162e+03 9.797601766794297173e-01 6.616416426345370430e-03
7.759948385515562222e+03 1.005169490751272932e+00 5.631880627485774844e-03
7.767708333901080550e+03 1.014208104396867149e+00 7.100056821593014530e-03
7.775476042234984561e+03 1.012483708354532830e+00 5.928929678773822189e-03
7.783251518277222203e+03 1.005706389233176345e+00 6.085349638618870773e-03
7.791034769795502143e+03 9.912867103893762133e-01 6.188405286739398839e-03
7.798825804565300132e+03 9.772834983688023502e-01 6.056678576383810707e-03
7.806624630369868100e+03 9.619834365681446675e-01 6.002367915448507570e-03
7.814431255000240526e+03 9.466719068589192210e-01 5.988292683429055629e-03
7.822245686255242617e+03 9.338499646919109498e-01 5.825881614429572093e-03
7.830067931941501229e+03 9.247190134126527239e-01 5.873199440841547249e-03
7.837897999873444860e+03 9.180732217967880748e-01 5.678692090136508441e-03
7.845735897873320937e+03 9.175956367962578852e-01 5.315008315780112534e-03
7.853581633771196721e+03 9.163291499732658663e-01 5.342886444525457926e-03
7.861435215404970222e+03 9.184600029859849579e-01 5.204806489766851396e-03
7.869296650620378387e+03 9.187140233780173304e-01 5.221173967681789693e-03
7.877165947271001642e+03 9.166400983324652918e-01 5.422933822836048870e-03
7.885043113218274812e+03 9.166587175904883367e-01 5.576753351282513760e-03
7.892928156331495302e+03 9.168846936511855228e-01 5.544409988064275506e-03
7.900821084487829467e+03 9.165587980400999868e-01 5.583355546610846779e-03
7.908721905572319884e+03 9.153148567657877210e-01 5.412216206859604174e-03
7.916630627477895359e+03 9.109806456989995027e-01 5.185912688570590290e-03
7.924547258105375477e+03 9.085149281202943294e-01 4.816294985407964906e-03
7.932471805363483327e+03 9.054553788945544079e-01 4.648926326978210406e-03
7.940404277168850058e+03 9.027785672778172454e-01 4.661592489036981042e-03
7.948344681446021241e+03 9.017311575325146489e-01 4.576143439605533797e-03
7.956293026127469602e+03 9.001054862181044891e-01 4.553381557031543729e-03
7.964249319153599572e+03 9.005101207308023881e-01 4.272950163211808837e-03
7.972213568472756378e+03 8.972947766233518863e-01 4.175296983566486285e-03
7.980185782041231505e+03 8.938897481130464451e-01 4.279322584344015350e-03
7.988165967823275423e+03 8.894671723089375703e-01 4.461822654080161397e-03
7.996154133791101231e+03 8.841555083421743788e-01 4.491112815330676467e-03
8.004150287924895565e+03 8.782996187427132284e-01 4.536124602427096808e-03
8.012154438212822242e+03 8.773132133718727355e-01 4.828919821557855693e-03
8.020166592651037718e+03 8.758894059615575101e-01 4.731391477452320457e-03
8.028186759243691995e+03 8.718997963461825318e-01 4.716318961535950413e-03
8.036214946002938632e+03 8.663244836978196695e-01 4.613201381592152775e-03
8.044251160948943834e+03 8.633726119203462002e-01 4.486310145651421777e-03
8.052295412109895551e+03 8.621866764366072911e-01 4.488860178124933972e-03
8.060347707522008022e+03 8.639226573212336335e-01 4.588947914404661703e-03
8.068408055229532692e+03 8.641803125627209869e-01 4.547287231774228833e-03
8.076476463284764577e+03 8.612495868792414688e-01 4.769315619418817119e-03
8.084552939748052268e+03 8.594344015047988838e-01 4.925492772875605593e-03
8.092637492687803388e+03 8.556641523665521332e-01 4.742899324601251333e-03
8.100730130180493688e+03 8.463822784758411322e-01 4.954896681224723633e-03
8.108830860310677053e+03 8.412038040965201802e-01 5.087050716547649419e-03
8.116939691170990045e+03 8.336699526614841371e-01 5.141569142655195296e-03
8.125056630862163729e+03 8.280624024643156167e-01 5.320023158450654620e-03
8.133181687493028221e+03 8.187391094823800453e-01 5.340205733153916695e-03
8.141314869180524511e+03 8.098485130608467086e-01 5.220612417662388524e-03
8.149456184049707190e+03 8.036360425263040508e-01 5.117368090182128001e-03
8.157605640233759914e+03 7.998143823620059711e-01 5.231290341494116390e-03
8.165763245873996311e+03 8.011497835391803157e-01 4.575080189131781015e-03
8.173929009119872717e+03 8.016841892714157147e-01 4.598269934133907694e-03
8.182102938128995447e+03 8.028949312148345729e-01 5.124765024490593457e-03
8.190285041067127167e+03 8.079334528616631816e-01 5.209447059680376822e-03
8.198475326108196896e+03 8.157705713972067674e-01 5.535428351599451166e-03
8.206673801434308189e+03 8.211560542025866383e-01 5.926316963933686392e-03
8.214880475235744598e+03 8.226288311801250863e-01 5.910637693180359302e-03
8.223095355710984222e+03 8.245510468355901068e-01 5.826234957563648613e-03
8.231318451066697889e+03 8.234636520232034851e-01 5.951450598767837018e-03
8.239549769517767345e+03 8.237135986568038248e-01 5.683033681957116307e-03
8.247789319287287071e+03 8.206797710382686128e-01 5.970480636166058432e-03
8.256037108606577021e+03 8.155686676450765171e-01 5.789697007860404067e-03
8.264293145715186256e+03 8.142021478910947963e-01 6.079774438701589408e-03
8.272557438860903858e+03 8.098137065867924145e-01 5.866252682890821767e-03
8.280829996299768027e+03 8.122255741027900600e-01 5.850078085952306779e-03
8.289110826296069718e+03 8.219536690204446439e-01 6.432227103780980768e-03
8.297399937122369010e+03 8.367752133109371826e-01 8.964410696034279605e-03
8.305697337059495112e+03 8.442900567312642268e-01 1.077736507036704261e-02
8.314003034396557268e+03 8.434541228984189232e-01 1.004915504396622881e-02
8.322317037430955679e+03 8.141123077406589026e-01 9.020425425716314949e-03
8.330639354468388774e+03 7.659370880529726699e-01 8.192967539920111009e-03
8.338969993822860488e+03 6.854576630712976293e-01 1.051000954257587036e-02
8.347308963816685718e+03 5.916411091073754402e-01 1.221622288700485379e-02
8.355656272780506697e+03 4.920803867876188953e-01 1.282186402254023236e-02
8.364011929053289350e+03 3.898323343763432369e-01 1.258111369020612977e-02
8.372375940982345128e+03 2.931860043952658756e-01 1.078779082771194435e-02
8.380748316923331004e+03 2.165704935760402183e-01 9.314093684724024727e-03
8.389129065240256750e+03 1.595795729771714022e-01 9.306397637650010157e-03
8.397518194305499492e+03 1.252474490510409044e-01 9.509992016783951063e-03
8.405915712499807341e+03 1.216270910836182439e-01 9.485497999413526615e-03
8.414321628212310316e+03 1.384861567634682600e-01 9.071769292433806697e-03
8.422735949840525791e+03 1.817195664828739066e-01 9.422032712755139955e-03
8.431158685790369418e+03 2.415451936095448782e-01 1.029064202644432331e-02
8.439589844476162398e+03 3.237689647718602348e-01 9.605876834280473869e-03
8.448029434320640576e+03 4.307673200194421237e-01 1.137854997413731244e-02
8.456477463754963537e+03 5.492211881091545456e-01 1.497456108217905778e-02
8.464933941218721884e+03 6.698572831627349622e-01 1.809722592241130162e-02
8.473398875159942691e+03 7.789088893604270147e-01 1.781298744246041441e-02
8.481872274035105875e+03 8.628303963624420758e-01 1.542345876997130300e-02
8.490354146309144198e+03 9.082187009318452020e-01 1.228623871905147949e-02
8.498844500455456000e+03 9.118076147379137186e-01 1.231155609486673901e-02
8.507343344955914290e+03 8.720209497880619942e-01 1.531586514044547265e-02
8.515850688300872207e+03 7.934874039755791530e-01 1.821639497507824418e-02
8.524366538989177570e+03 7.013359678539191622e-01 1.889025986416840650e-02
8.532890905528169242e+03 6.051690459589479376e-01 1.496237896669333316e-02
8.541423796433698953e+03 5.209451195699676962e-01 1.134873701267166517e-02
8.549965220230136765e+03 4.759494564126366400e-01 8.126083603091778865e-03
8.558515185450369245e+03 4.762761303992512074e-01 7.564604417209445757e-03
8.567073700635823116e+03 5.299307797337073911e-01 9.808476991021160968e-03
8.575640774336461618e+03 6.195379705361581113e-01 1.296229239509726246e-02
8.584216415110800881e+03 7.383438889788030979e-01 1.241665137716531191e-02
8.592800631525913559e+03 8.617386609236183936e-01 1.258494281479701458e-02
8.601393432157443385e+03 9.893144456019633548e-01 1.114015448733518716e-02
8.609994825589603352e+03 1.106427547649388332e+00 9.543705222869122012e-03
8.618604820415195718e+03 1.209913482296804732e+00 7.771659322072243213e-03
8.627223425235613831e+03 1.284788398056603942e+00 7.997322220804330833e-03
8.635850648660851220e+03 1.327367175413384670e+00 9.575753763132258123e-03
8.644486499309516148e+03 1.347672909169367772e+00 9.883217101828625090e-03
8.653130985808827973e+03 1.350878641783770151e+00 8.696516631942171824e-03
8.661784116794638976e+03 1.338726931415917809e+00 7.640248934637342004e-03
8.670445900911438002e+03 1.319076735204023132e+00 7.552271295970472247e-03
8.679116346812352276e+03 1.287233193253105812e+00 7.375265603228086178e-03
8.687795463159167412e+03 1.254520400632637589e+00 7.408723407134822254e-03
8.696483258622329231e+03 1.218164391541435521e+00 7.393611235464836451e-03
8.705179741880954680e+03 1.181006220305313548e+00 7.128501809364434609e-03
8.713884921622837282e+03 1.144240374297046836e+00 7.673632085603000058e-03
8.722598806544463514e+03 1.102320711290195598e+00 7.459215248661279878e-03
8.731321405351010981e+03 1.060009649871763049e+00 7.903980494954630787e-03
8.740052726756364791e+03 1.015355127308989802e+00 7.948415899190840184e-03
8.748792779483124832e+03 9.762720899485620718e-01 7.823343717119056809e-03
8.757541572262609407e+03 9.434250240886529193e-01 7.874070297989116396e-03
8.766299113834875243e+03 9.159047394745640780e-01 8.975560716591600777e-03
8.775065412948713856e+03 8.828084505013941152e-01 8.725894976617668344e-03
8.783840478361664282e+03 8.460178319583628870e-01 8.890281488276670710e-03
8.792624318840029446e+03 8.099200701281151771e-01 9.013159351057087668e-03
8.801416943158872527e+03 7.777804363945598487e-01 9.404354299670144787e-03
8.810218360102035149e+03 7.498369420611546987e-01 9.635825989421005836e-03
8.819028578462139194e+03 7.275450958936978685e-01 9.469977135373662883e-03
8.827847607040604998e+03 7.091382153245044950e-01 9.265144735321112490e-03
8.836675454647647712e+03 6.966330824931661336e-01 8.967959134523317138e-03
8.845512130102299125e+03 6.911716340357021426e-01 9.060912768666632908e-03
8.854357642232404032e+03 6.891523013094585925e-01 9.372334713774587572e-03
8.863211999874638423e+03 6.912964253892647237e-01 9.396521084330190093e-03
8.872075211874516754e+03 6.993745417449002133e-01 9.321911118832062679e-03
8.880947287086393771e+03 7.048615515907191709e-01 9.305629872450553799e-03
8.889828234373482701e+03 7.111295979188778649e-01 9.048943459699806263e-03
8.898718062607858883e+03 7.205316936871315470e-01 9.061027509517718959e-03
8.907616780670470689e+03 7.272824919081839479e-01 9.374724226884437531e-03
8.916524397451143159e+03 7.327721284883510489e-01 9.309818729984807931e-03
8.925440921848598009e+03 7.324990707087336572e-01 9.300757769879652859e-03
8.934366362770449996e+03 7.317224331464690090e-01 8.916208808825737409e-03
8.943300729133223285e+03 7.261863494450845335e-01 9.021796608785779062e-03
8.952244029862358730e+03 7.108589327555415727e-01 9.190995452824011341e-03
8.961196273892224781e+03 6.894075591395640856e-01 9.250679845722213981e-03
8.970157470166119310e+03 6.662642018785291942e-01 8.283858156026497124e-03
8.979127627636287798e+03 6.423854129783810318e-01 7.730888942346688525e-03
8.988106755263928790e+03 6.241902469191932257e-01 7.686140726596858361e-03
8.997094862019195716e+03 6.141145078994018069e-01 7.393478295652378650e-03
9.006091956881216902e+03 6.113759430316212384e-01 7.348626769100863321e-03
9.015098048838101022e+03 6.155481065884006453e-01 8.031793342547680070e-03
9.024113146886942559e+03 6.172459283327621504e-01 8.570135573809345084e-03
9.033137260033832717e+03 6.184577798726654807e-01 8.654176567270945031e-03
9.042170397293868518e+03 6.177311177804194475e-01 8.875317447923556508e-03
9.051212567691165532e+03 6.221737406501410828e-01 9.508869360746791469e-03
9.060263780258859697e+03 6.201615523541403885e-01 9.808105368721347847e-03
9.069324044039121873e+03 6.222807977242251765e-01 1.006873743300556318e-02
9.078393368083163296e+03 6.213983700944747390e-01 1.056724996131727136e-02
9.087471761451250131e+03 6.231235950966886872e-01 1.106688573456176584e-02
9.096559233212705294e+03 6.215447823982550579e-01 1.184202867909679366e-02
9.105655792445919360e+03 6.224848532535887102e-01 1.204483254890841883e-02
9.114761448238368757e+03 6.161822533173914040e-01 1.309001033250223323e-02
9.123876209686610309e+03 6.060799634775226874e-01 1.454688090681033850e-02
9.133000085896299424e+03 5.915465540389703847e-01 1.519187486014002102e-02
9.142133085982199191e+03 5.726903737947053319e-01 1.789285782745974121e-02
9.151275219068184015e+03 5.533244748112272626e-01 2.114822055838701600e-02
9.160426494287255991e+03 5.353899716065647629e-01 2.490119594779139842e-02
9.169586920781546723e+03 5.304630061527844109e-01 3.210692457147872741e-02
9.178756507702330055e+03 5.432126800895415997e-01 3.994618826497629838e-02
9.187935264210036621e+03 5.716698138989739775e-01 5.326877126584531053e-02
9.197123199474248395e+03 6.191564182222040191e-01 7.259474864306947328e-02
