# starting wavelength: 4065.900
# ending wavelength: 10737.200
# wav flux eflux
4.068597997085794304e+03 1.225456738000420209e+00 3.817380454415519875e-01
4.072666595082881486e+03 1.041855728065912423e+00 2.816176425280051410e-01
4.076739261677965715e+03 9.371565424258544441e-01 2.123871675680289173e-01
4.080816000939644709e+03 8.836444054003759208e-01 1.632405386285409044e-01
4.084896816940585722e+03 8.531913491218794388e-01 1.274082646294560084e-01
4.088981713757527814e+03 8.425669256703447463e-01 1.020671025161078299e-01
4.093070695471286854e+03 8.376346911886410895e-01 8.263949178266538631e-02
4.097163766166759160e+03 8.367982163702426535e-01 6.852789440397430432e-02
4.101260929932927866e+03 8.355930116935680330e-01 5.836906953921595920e-02
4.105362190862862008e+03 8.338630684816481509e-01 5.013541699898063642e-02
4.109467553053726078e+03 8.296035130680979863e-01 4.426505120122974091e-02
4.113577020606780934e+03 8.249387629902860120e-01 3.963443820772894616e-02
4.117690597627389252e+03 8.171285116419059191e-01 3.629256970504430441e-02
4.121808288225018259e+03 8.056784040274146408e-01 3.389025735437029702e-02
4.125930096513244280e+03 7.919723354361832834e-01 3.197409566327555352e-02
4.130056026609759101e+03 7.792929948205409296e-01 3.055360676040687340e-02
4.134186082636369974e+03 7.669198606061011780e-01 2.923802169698960784e-02
4.138320268719007800e+03 7.516856020546652806e-01 2.817001117879210093e-02
4.142458588987728035e+03 7.350049560586895403e-01 2.756651247733377108e-02
4.146601047576717065e+03 7.094763505747021526e-01 2.686483750813928664e-02
4.150747648624294925e+03 6.549759553570320136e-01 1.762010647471946856e-02
4.154898396272920763e+03 6.335498538003778712e-01 1.662549853743964384e-02
4.159053294669195566e+03 6.389545024504632575e-01 1.110194284733961000e-02
4.163212347963865795e+03 6.341369118596832388e-01 9.782106028188608179e-03
4.167375560311830668e+03 6.169567968798502777e-01 9.947256193686086073e-03
4.171542935872143971e+03 5.985122394119073430e-01 9.605754174013669128e-03
4.175714478808017702e+03 5.819862902442218822e-01 9.378989759687105660e-03
4.179890193286827525e+03 5.662479539412733631e-01 9.417873596900617691e-03
4.184070083480115500e+03 5.591920085100114957e-01 8.163847698814027595e-03
4.188254153563597356e+03 5.418781852501912688e-01 7.699545961787265629e-03
4.192442407717161586e+03 5.240667038304055447e-01 7.133466854461306163e-03
4.196634850124880359e+03 5.111436834089471137e-01 7.291928453355927056e-03
4.200831484975006788e+03 5.057190907898467813e-01 7.114609925847685014e-03
4.205032316459983122e+03 4.984008787841196497e-01 7.082642614411731666e-03
4.209237348776444378e+03 4.909329958046654840e-01 6.440967643252156101e-03
4.213446586125221984e+03 4.925743346044397231e-01 6.466308505814564317e-03
4.217660032711349231e+03 4.960057714711394450e-01 6.353216936441852085e-03
4.221877692744061278e+03 5.024954354841905113e-01 5.979008045126496355e-03
4.226099570436806971e+03 5.150584159085698222e-01 6.055972786003791311e-03
4.230325670007245208e+03 5.318369338328985396e-01 6.350603556991765881e-03
4.234555995677254032e+03 5.515822497545338488e-01 6.713221183172008930e-03
4.238790551672932452e+03 5.742266931050505896e-01 7.075770847710691897e-03
4.243029342224606808e+03 6.008629056049703543e-01 7.535970989040409809e-03
4.247272371566832589e+03 6.281060883958005103e-01 7.651626323074624259e-03
4.251519643938400804e+03 6.522521144222572786e-01 7.709607317963997411e-03
4.255771163582340705e+03 6.755264146272879078e-01 7.268176982771131292e-03
4.260026934745924336e+03 6.971136054927322689e-01 7.105404564041620762e-03
4.264286961680671993e+03 7.192275033295434383e-01 6.820235127232830187e-03
4.268551248642354039e+03 7.354979720602857762e-01 6.902797626034742721e-03
4.272819799890998183e+03 7.527217357290688637e-01 6.886346776082124567e-03
4.277092619690890388e+03 7.669205411965542840e-01 6.925276214205058380e-03
4.281369712310583054e+03 7.798752440580311029e-01 6.927269077159748864e-03
4.285651082022895025e+03 7.874326993994102963e-01 6.745210272615634675e-03
4.289936733104918858e+03 7.910533556562093782e-01 6.362157072447354768e-03
4.294226669838025373e+03 7.911971546866679583e-01 6.061411237051404603e-03
4.298520896507864563e+03 7.889399350131767186e-01 5.935188364941297763e-03
4.302819417404373780e+03 7.865479795263788931e-01 5.856423282518990331e-03
4.307122236821779552e+03 7.844141687685657338e-01 5.685924593619662293e-03
4.311429359058603040e+03 7.791424959800219430e-01 5.039209927590794329e-03
4.315740788417662770e+03 7.830214045629736441e-01 4.629058083256427925e-03
4.320056529206081905e+03 7.896055379416643261e-01 4.434287051199877101e-03
4.324376585735290064e+03 7.955068449049184087e-01 4.435232116744523660e-03
4.328700962321026054e+03 8.039087760979557462e-01 4.373521868869084325e-03
4.333029663283348782e+03 8.133509350653820302e-01 4.534736605724181031e-03
4.337362692946633615e+03 8.189274558873993470e-01 4.622280025969057078e-03
4.341700055639581478e+03 8.266467497608747106e-01 4.733818740555444972e-03
4.346041755695222491e+03 8.327518183660838069e-01 4.732776223798083534e-03
4.350387797450919606e+03 8.358345916291766153e-01 4.772943254834536263e-03
4.354738185248371337e+03 8.369773157221426230e-01 4.779762104240322003e-03
4.359092923433621763e+03 8.385298577701133516e-01 4.949046301530164033e-03
4.363452016357056891e+03 8.385067694199818122e-01 5.077885135527170947e-03
4.367815468373414660e+03 8.350148097623633081e-01 5.010211139004701504e-03
4.372183283841789489e+03 8.277535783028496796e-01 5.031290970959508869e-03
4.376555467125633186e+03 8.203954736941860837e-01 4.948973709536404197e-03
4.380932022592760404e+03 8.116927814836772948e-01 4.675823344304448625e-03
4.385312954615354101e+03 7.983560143934299580e-01 4.697172912824090080e-03
4.389698267569970994e+03 7.790632188098379762e-01 4.468197561643232063e-03
4.394087965837542470e+03 7.585412394238360001e-01 4.229026052784595584e-03
4.398482053803381859e+03 7.385560713273875422e-01 4.111713080974625789e-03
4.402880535857186260e+03 7.166238479002120521e-01 3.706875837168225902e-03
4.407283416393044718e+03 6.949333155885235591e-01 3.644748479281108896e-03
4.411690699809440048e+03 6.731424299638288922e-01 3.502094038766455190e-03
4.416102390509250654e+03 6.570071456839339241e-01 3.371503739813870408e-03
4.420518492899761441e+03 6.463846885626741701e-01 3.179541624304171431e-03
4.424939011392662906e+03 6.372449593977556059e-01 3.344533863929946040e-03
4.429363950404056595e+03 6.298850996860488882e-01 3.656160611955486164e-03
4.433793314354462382e+03 6.216625644242030901e-01 3.682914361310633995e-03
4.438227107668818462e+03 6.135138373926755095e-01 4.394564308963410521e-03
4.442665334776488635e+03 6.058042249755868358e-01 5.632510690423753186e-03
4.447108000111265937e+03 6.045265772215063782e-01 6.297880890044338202e-03
4.451555108111379013e+03 6.131126464821443633e-01 6.189597662840828907e-03
4.456006663219492111e+03 6.290275846171377028e-01 5.965010555198229161e-03
4.460462669882713271e+03 6.522209360604639405e-01 5.987531819473181950e-03
4.464923132552597053e+03 6.812651820057362695e-01 6.011236693015624584e-03
4.469388055685150903e+03 7.223564616180395692e-01 6.831434374807186967e-03
4.473857443740837880e+03 7.713956909383592464e-01 8.639685117284693489e-03
4.478331301184580298e+03 8.195872857835370118e-01 9.233385945070194181e-03
4.482809632485766087e+03 8.724765637508311578e-01 9.008824388712104517e-03
4.487292442118253348e+03 9.245651990469556658e-01 8.384119833252677567e-03
4.491779734560373072e+03 9.720923528251332879e-01 8.260858579473485952e-03
4.496271514294934605e+03 1.018508129219516833e+00 8.346281156179195110e-03
4.500767785809231100e+03 1.065347445236853652e+00 8.112816621755969751e-03
4.505268553595042249e+03 1.107197954457842748e+00 8.055810855104567070e-03
4.509773822148638828e+03 1.141800038133960582e+00 8.431400716550073102e-03
4.514283595970789065e+03 1.171939340919292860e+00 8.926068683881571708e-03
4.518797879566761367e+03 1.198216505544853261e+00 9.165659652725565917e-03
4.523316677446328868e+03 1.224467945249105627e+00 8.944516696229160707e-03
4.527839994123776705e+03 1.246760606883671185e+00 8.301326433400132987e-03
4.532367834117902021e+03 1.267771469361078873e+00 8.216349762554179051e-03
4.536900201952022144e+03 1.286258439537581788e+00 8.310004737038943073e-03
4.541437102153975502e+03 1.308732246183055725e+00 8.086250089478622116e-03
4.545978539256130716e+03 1.331583919035514540e+00 7.203037390645704828e-03
4.550524517795388419e+03 1.351318206025738711e+00 6.708363272659171456e-03
4.555075042313184895e+03 1.366245167971752661e+00 6.774994242826360043e-03
4.559630117355500261e+03 1.375784946160986566e+00 6.815693499635030669e-03
4.564189747472856652e+03 1.384556395891044733e+00 6.878821313511859076e-03
4.568753937220330954e+03 1.390945308850938478e+00 6.956382554198207828e-03
4.573322691157552981e+03 1.393812286544613421e+00 6.575320116699636883e-03
4.577896013848711846e+03 1.395391869039871668e+00 6.098609575328225660e-03
4.582473909862562323e+03 1.395984976504121233e+00 6.287405986852908669e-03
4.587056383772426670e+03 1.401117153848455699e+00 5.603710201120663988e-03
4.591643440156200086e+03 1.400996169050696016e+00 5.373836674841483800e-03
4.596235083596357981e+03 1.394830340723991702e+00 5.525933210167027244e-03
4.600831318679955984e+03 1.386781484245045437e+00 5.558879851028327747e-03
4.605432149998637215e+03 1.378130401210201139e+00 5.630201050371937133e-03
4.610037582148637739e+03 1.370026867754460698e+00 5.314014475088170777e-03
4.614647619730787483e+03 1.356126813638182771e+00 5.276950290803736864e-03
4.619262267350520233e+03 1.335194591417956822e+00 5.062690113499962799e-03
4.623881529617872729e+03 1.310128357292487111e+00 4.561753449173424138e-03
4.628505411147491941e+03 1.282172788967685495e+00 4.583614640150581593e-03
4.633133916558640522e+03 1.254108236705927748e+00 4.543898363829741716e-03
4.637767050475200449e+03 1.222609131693293438e+00 4.316763274012346170e-03
4.642404817525677572e+03 1.186093339408987202e+00 3.882982611977167826e-03
4.647047222343205249e+03 1.144021861478263125e+00 3.970832232912164909e-03
4.651694269565549803e+03 1.097918010038663850e+00 4.233050776192271401e-03
4.656345963835116891e+03 1.047782659437639596e+00 5.053958890993248687e-03
4.661002309798953320e+03 9.961263775866308068e-01 5.627340464900312464e-03
4.665663312108753416e+03 9.478345404985941691e-01 5.260823903065864685e-03
4.670328975420864481e+03 9.035655886268345593e-01 4.012775135227773099e-03
4.674999304396286789e+03 8.672411264479480408e-01 3.600717644601923294e-03
4.679674303700684504e+03 8.420274600087106487e-01 4.274691059656282252e-03
4.684353978004386590e+03 8.236182948148549343e-01 4.157948073680136497e-03
4.689038331982392265e+03 8.093135212762296860e-01 4.153381375703704519e-03
4.693727370314376458e+03 7.976021925897261999e-01 4.158921321640992805e-03
4.698421097684692540e+03 7.854211405839768290e-01 4.176281044974671126e-03
4.703119518782378691e+03 7.743558915011882204e-01 3.552400252562287752e-03
4.707822638301162442e+03 7.606700738476989132e-01 2.518905520605027506e-03
4.712530460939465229e+03 7.378152181732822168e-01 2.482967568990776790e-03
4.717242991400406027e+03 7.083016962489505630e-01 3.234065929304439334e-03
4.721960234391808626e+03 6.764775218083992625e-01 5.429151999907400918e-03
4.726682194626201635e+03 6.441562616285666509e-01 6.552710482436049227e-03
4.731408876820829391e+03 6.240538074891595066e-01 7.247798186803520309e-03
4.736140285697651962e+03 6.213493988744335228e-01 6.487506431891094591e-03
4.740876425983350600e+03 6.443500075153903994e-01 6.107882099199058931e-03
4.745617302409335934e+03 6.877310845054217525e-01 6.272834272743305073e-03
4.750362919711747054e+03 7.507509582906936041e-01 6.625803809356474623e-03
4.755113282631459697e+03 8.320246685773221573e-01 8.176877190706975315e-03
4.759868395914093526e+03 9.269142929604365921e-01 9.082277104976634735e-03
4.764628264310008490e+03 1.027018390751593957e+00 8.478574219684646349e-03
4.769392892574320285e+03 1.124532306347906907e+00 6.973452600522827421e-03
4.774162285466896719e+03 1.212460560327345283e+00 4.247632870904202371e-03
4.778936447752364984e+03 1.276199677813037114e+00 3.751169675484919679e-03
4.783715384200118933e+03 1.317760268227236464e+00 4.145794572267953032e-03
4.788499099584319993e+03 1.336718726316932226e+00 4.689930090335304481e-03
4.793287598683906253e+03 1.336914382062370121e+00 5.149342533823597634e-03
4.798080886282591564e+03 1.324182317267813991e+00 6.181939466206499631e-03
4.802878967168876443e+03 1.309213972758697331e+00 7.113109713201980384e-03
4.807681846136046261e+03 1.306995093096075200e+00 6.597244983827309922e-03
4.812489527982183972e+03 1.310396583283398142e+00 6.188676805633256880e-03
4.817302017510168298e+03 1.320982297039761777e+00 6.015145936525242293e-03
4.822119319527679181e+03 1.343201512525198149e+00 6.677165441407726006e-03
4.826941438847208701e+03 1.372788065059457940e+00 7.018721938312879986e-03
4.831768380286057436e+03 1.411934360592681070e+00 6.001407397702832741e-03
4.836600148666345376e+03 1.452952215738412267e+00 5.263753451918794408e-03
4.841436748815013743e+03 1.489704451437673161e+00 5.112942334736004200e-03
4.846278185563829538e+03 1.522087529196943345e+00 4.513264185621434360e-03
4.851124463749395545e+03 1.543485699556920387e+00 4.154067666022551349e-03
4.855975588213146693e+03 1.551230396223236774e+00 4.199420782733470636e-03
4.860831563801360971e+03 1.545858168227212559e+00 4.348964848264763421e-03
4.865692395365163975e+03 1.524539732961139649e+00 4.352612532861174083e-03
4.870558087760530725e+03 1.489389677989757743e+00 4.536509822605068465e-03
4.875428645848292945e+03 1.443899915697234748e+00 5.087445867597472499e-03
4.880304074494142696e+03 1.391860861107360403e+00 5.918940273227566579e-03
4.885184378568638749e+03 1.334147204712041068e+00 6.961894957875756733e-03
4.890069562947209306e+03 1.278505791820764959e+00 6.275803455224882900e-03
4.894959632510157462e+03 1.227700321269343142e+00 4.134482601409121376e-03
4.899854592142669389e+03 1.191667316973441970e+00 3.177388630821612134e-03
4.904754446734813428e+03 1.174740957833838140e+00 2.949328804073321573e-03
4.909659201181550088e+03 1.175415688864059449e+00 3.262946890316091326e-03
4.914568860382732964e+03 1.195912049096331753e+00 3.453366461027227927e-03
4.919483429243117826e+03 1.230715148593864994e+00 3.903521057561487768e-03
4.924402912672362618e+03 1.274809345759516210e+00 4.472121166989315513e-03
4.929327315585036558e+03 1.326752342292216502e+00 3.517439013120706587e-03
4.934256642900622865e+03 1.373091611153663072e+00 2.645212115062812661e-03
4.939190899543525120e+03 1.413397297672862596e+00 2.180914225767718265e-03
4.944130090443070912e+03 1.444526362108801809e+00 2.269523354867113412e-03
4.949074220533515472e+03 1.465645865568778738e+00 2.803739643016864552e-03
4.954023294754050767e+03 1.480489693581677368e+00 3.332254240771886575e-03
4.958977318048806410e+03 1.487497944345050005e+00 3.423352919366007968e-03
4.963936295366856939e+03 1.488844139891569940e+00 3.195046527951424763e-03
4.968900231662225451e+03 1.483895554521965421e+00 3.026428731339257227e-03
4.973869131893889062e+03 1.474751525741410552e+00 2.853991895470467475e-03
4.978843001025784361e+03 1.463411872385331547e+00 2.852888554437408349e-03
4.983821844026811959e+03 1.452368939988822216e+00 2.886339353076843289e-03
4.988805665870840130e+03 1.436606951819852762e+00 2.689732495335724494e-03
4.993794471536712990e+03 1.415054939004499968e+00 2.446513343867372497e-03
4.998788266008251412e+03 1.387305145298347586e+00 2.288966655054863134e-03
5.003787054274261209e+03 1.351583891514819946e+00 2.208335083105902440e-03
5.008790841328536771e+03 1.308971935003688358e+00 2.231438309372552400e-03
5.013799632169867436e+03 1.260392181827457270e+00 2.239599903124314152e-03
5.018813431802038394e+03 1.208372147166282939e+00 2.225600737931203443e-03
5.023832245233842514e+03 1.152834169980340828e+00 2.394145141593673719e-03
5.028856077479077612e+03 1.096453896695354757e+00 2.566440544943265553e-03
5.033884933556558281e+03 1.043653436889961705e+00 2.614096621262917627e-03
5.038918818490116792e+03 9.965264217350638942e-01 2.611963197854387086e-03
5.043957737308608557e+03 9.564529117510799372e-01 2.558774678137201979e-03
5.049001695045918495e+03 9.247706335431101765e-01 2.358851715493579231e-03
5.054050696740966487e+03 9.060564658431627949e-01 2.461906449911815953e-03
5.059104747437709193e+03 9.055052811756441056e-01 2.512725176255924293e-03
5.064163852185148244e+03 9.208849577033717537e-01 2.656052686224582692e-03
5.069228016037335692e+03 9.468640575315463437e-01 2.931502827185809758e-03
5.074297244053374015e+03 9.859460263002524094e-01 3.102061908651008310e-03
5.079371541297429758e+03 1.031536155133871535e+00 3.123641145233936774e-03
5.084450912838728073e+03 1.082523531108289694e+00 2.872024268199344175e-03
5.089535363751569093e+03 1.135931097764774522e+00 2.709995485048438679e-03
5.094624899115322478e+03 1.185737509914779331e+00 2.279768337469010794e-03
5.099719524014439230e+03 1.225925873061905591e+00 2.618027944459697283e-03
5.104819243538455339e+03 1.260028337785536579e+00 3.409194696117654778e-03
5.109924062781995417e+03 1.289261786918118657e+00 3.485768934165906722e-03
5.115033986844779065e+03 1.313392712638253190e+00 3.339576732461936072e-03
5.120149020831625421e+03 1.333840806843463511e+00 3.119520048470710277e-03
5.125269169852458617e+03 1.347031235661560133e+00 2.782324602917473407e-03
5.130394439022313236e+03 1.358750431878807730e+00 2.771149224362254564e-03
5.135524833461337039e+03 1.370798069113071449e+00 2.764606795739970192e-03
5.140660358294800062e+03 1.382964967232104492e+00 2.722658626462795030e-03
5.145801018653096435e+03 1.391562781952891070e+00 2.717006900930929794e-03
5.150946819671751655e+03 1.396800181760892379e+00 2.705647617332353032e-03
5.156097766491425318e+03 1.403635961197510440e+00 2.845918708016074820e-03
5.161253864257918394e+03 1.407761674881535363e+00 2.987605436678275952e-03
5.166415118122177773e+03 1.407428493268942926e+00 2.974185440612042361e-03
5.171581533240301724e+03 1.402140969427009498e+00 2.973772356809885418e-03
5.176753114773543530e+03 1.390726592828800623e+00 3.372480220828477215e-03
5.181929867888318768e+03 1.377981733108937901e+00 3.860790893022145610e-03
5.187111797756208944e+03 1.370168111782708031e+00 3.996650684678189173e-03
5.192298909553966951e+03 1.365970016088738248e+00 4.039757354693548561e-03
5.197491208463522526e+03 1.365335426506506966e+00 3.787284966261748702e-03
5.202688699671987706e+03 1.366260126114597018e+00 3.064170524163943327e-03
5.207891388371661378e+03 1.376493358704115266e+00 3.274097946993973374e-03
5.213099279760034733e+03 1.392723527791174032e+00 3.763922799689374890e-03
5.218312379039796724e+03 1.414170274604432009e+00 3.298442007232677085e-03
5.223530691418837705e+03 1.435459263748061876e+00 2.939083894287453005e-03
5.228754222110258524e+03 1.455615094837090728e+00 2.732002839025164317e-03
5.233982976332370527e+03 1.473548623954398229e+00 2.474051758034933983e-03
5.239216959308704645e+03 1.485845942627312066e+00 3.361300736145175858e-03
5.244456176268015042e+03 1.495711343169041863e+00 3.275843933790804300e-03
5.249700632444284565e+03 1.503563452981432125e+00 2.505124820658045058e-03
5.254950333076731113e+03 1.512244676560410950e+00 2.254298282496513661e-03
5.260205283409809454e+03 1.521294570420081538e+00 2.408693153003162168e-03
5.265465488693221232e+03 1.531086948893182420e+00 2.442620474875668683e-03
5.270730954181915877e+03 1.540307822779650282e+00 2.430835059651251066e-03
5.276001685136099695e+03 1.543244327289118090e+00 2.569190476809344887e-03
5.281277686821237694e+03 1.545866587260510183e+00 2.619131128083678449e-03
5.286558964508059944e+03 1.546696669461582019e+00 2.741502632177602629e-03
5.291845523472569766e+03 1.544425212329048058e+00 3.133102607949824186e-03
5.297137368996044643e+03 1.544370463068569732e+00 3.095007668391180824e-03
5.302434506365042580e+03 1.543588738349761069e+00 2.919443240910573906e-03
5.307736940871409388e+03 1.543219164110188224e+00 2.860446125598509453e-03
5.313044677812282316e+03 1.544943546118459521e+00 3.099749024178206479e-03
5.318357722490096421e+03 1.544154060946603790e+00 3.104934001194153449e-03
5.323676080212588204e+03 1.545455099907125929e+00 2.983846130825963845e-03
5.328999756292802886e+03 1.544914772019246429e+00 2.791138596269429530e-03
5.334328756049097137e+03 1.543349696450730724e+00 2.678374201474017884e-03
5.339663084805148173e+03 1.537488759472225075e+00 2.516442622205327002e-03
5.345002747889954662e+03 1.532362529158541431e+00 2.557681231720071099e-03
5.350347750637846730e+03 1.525088349931230436e+00 2.765207787838441181e-03
5.355698098388485960e+03 1.512258938328253199e+00 2.736183817792445412e-03
5.361053796486876308e+03 1.497625920437894109e+00 2.745883143113257100e-03
5.366414850283365013e+03 1.481268144429445544e+00 2.829514513365531062e-03
5.371781265133649867e+03 1.466962371152326527e+00 2.732262808937307823e-03
5.377153046398785591e+03 1.450614152042405625e+00 2.692526084252904340e-03
5.382530199445186554e+03 1.434891695974361836e+00 2.666908185911796327e-03
5.387912729644633146e+03 1.420924844637206030e+00 2.602121057540551959e-03
5.393300642374279960e+03 1.405094261785543308e+00 2.110434685929868034e-03
5.398693943016655794e+03 1.393392174583041321e+00 2.158980034245018293e-03
5.404092636959673655e+03 1.386910817078317093e+00 2.127062730026939817e-03
5.409496729596635305e+03 1.385403603378636106e+00 2.181462480611491474e-03
5.414906226326233991e+03 1.389711716428122745e+00 2.149484480330813869e-03
5.420321132552561721e+03 1.396943025947683159e+00 2.086175236739113564e-03
5.425741453685116539e+03 1.406080222911159527e+00 1.899680342185917350e-03
5.431167195138803436e+03 1.413354870611444269e+00 1.886082932147832960e-03
5.436598362333943442e+03 1.423917601417557632e+00 1.887385075079768678e-03
5.442034960696279086e+03 1.434317767795452614e+00 1.903202682089818760e-03
5.447476995656978033e+03 1.445809176100059545e+00 1.958767948239936805e-03
5.452924472652636723e+03 1.456797141272597518e+00 1.548434013330581439e-03
5.458377397125291282e+03 1.463941847358079862e+00 1.516338571822145511e-03
5.463835774522417523e+03 1.468106334815644454e+00 1.540132755111548856e-03
5.469299610296941864e+03 1.467634832824050273e+00 1.466277902613479390e-03
5.474768909907241323e+03 1.464497148449663833e+00 1.606834107886517989e-03
5.480243678817149885e+03 1.460511900042082312e+00 1.686952493598280114e-03
5.485723922495968509e+03 1.454457191617583023e+00 1.795932643666049581e-03
5.491209646418466946e+03 1.444906713253592434e+00 1.753171717868505942e-03
5.496700856064887375e+03 1.432487337659064330e+00 1.723351592039340215e-03
5.502197556920953502e+03 1.415177757889475751e+00 1.652677803355703107e-03
5.507699754477876013e+03 1.396235867989101376e+00 1.689306675483496188e-03
5.513207454232356213e+03 1.373256230335441197e+00 2.572484945177199844e-03
5.518720661686590574e+03 1.353071894847679868e+00 2.792969849070802129e-03
5.524239382348278923e+03 1.335542044556635721e+00 2.818927113280452878e-03
5.529763621730628984e+03 1.323003492134914083e+00 2.841441306358296909e-03
5.535293385352360929e+03 1.312120677733186191e+00 2.790537266049932137e-03
5.540828678737715563e+03 1.304805276001450798e+00 2.780046420704013286e-03
5.546369507416455235e+03 1.301706659070583028e+00 2.810356629468152047e-03
5.551915876923872929e+03 1.303493392996913913e+00 2.724331411967653976e-03
5.557467792800798634e+03 1.306432635066741454e+00 2.651597877511668259e-03
5.563025260593602070e+03 1.312908714351257000e+00 2.540144408648609565e-03
5.568588285854197238e+03 1.319458384348962010e+00 2.619538878629200894e-03
5.574156874140053333e+03 1.327898521127260034e+00 2.600822201559575917e-03
5.579731031014194741e+03 1.333626228680329984e+00 2.507308429098139158e-03
5.585310762045211050e+03 1.340315416426104855e+00 2.601931809038392739e-03
5.590896072807257951e+03 1.345472454775076709e+00 2.705745046241250697e-03
5.596486968880067252e+03 1.346589312320236820e+00 2.723391084538843293e-03
5.602083455848949598e+03 1.346806313234950592e+00 2.693509668491047421e-03
5.607685539304799931e+03 1.345214396658318323e+00 2.341873887029142370e-03
5.613293224844106589e+03 1.340293082617203257e+00 2.095658309260085665e-03
5.618906518068952209e+03 1.327715013038963887e+00 2.047644770755061711e-03
5.624525424587023736e+03 1.307173082513032991e+00 2.189699663041453151e-03
5.630149950011612418e+03 1.282170651767168268e+00 2.788622471450360237e-03
5.635780099961625638e+03 1.255769201178569050e+00 3.412968314074595923e-03
5.641415880061589633e+03 1.232258539327272695e+00 3.587009640286532072e-03
5.647057295941652228e+03 1.211186736086679039e+00 3.235323141491582358e-03
5.652704353237596479e+03 1.198691742757523215e+00 3.102508676259754274e-03
5.658357057590835211e+03 1.194153691073775114e+00 3.234396698412341474e-03
5.664015414648428305e+03 1.195100673560534732e+00 3.432925859627271141e-03
5.669679430063079053e+03 1.201533510899835955e+00 3.710147102160319711e-03
5.675349109493143260e+03 1.211330437455683695e+00 3.993090374887230988e-03
5.681024458602638333e+03 1.224558403122665950e+00 3.729009274625542068e-03
5.686705483061243285e+03 1.233526907965157626e+00 3.237180683754373525e-03
5.692392188544306009e+03 1.239581715310634547e+00 2.948648795548204464e-03
5.698084580732852373e+03 1.241873798693103881e+00 2.756064032701887549e-03
5.703782665313587131e+03 1.236239767227932385e+00 2.604602461001217367e-03
5.709486447978903016e+03 1.226414383611766024e+00 2.461577376457136680e-03
5.715195934426883468e+03 1.212495722229111283e+00 1.756983318837521861e-03
5.720911130361312644e+03 1.198868902435790806e+00 1.773275186154965729e-03
5.726632041491675409e+03 1.182843751600753945e+00 1.887117150900069788e-03
5.732358673533169167e+03 1.167772059200423485e+00 2.136379296532971671e-03
5.738091032206703858e+03 1.153590527367411189e+00 2.268875165814964248e-03
5.743829123238912871e+03 1.143599295836998930e+00 2.266007927967938172e-03
5.749572952362153046e+03 1.138259885514396386e+00 2.140451424594651351e-03
5.755322525314517407e+03 1.138940701356861540e+00 1.972808078846301390e-03
5.761077847839834249e+03 1.146594567891785488e+00 1.966628547534480208e-03
5.766838925687675328e+03 1.159782346790794616e+00 1.961854443091013821e-03
5.772605764613364954e+03 1.180224964468161053e+00 2.280483649323630704e-03
5.778378370377980900e+03 1.206554807843000399e+00 2.691698734854008120e-03
5.784156748748360769e+03 1.233989775936923827e+00 2.482561027727136875e-03
5.789940905497111089e+03 1.260991081666667624e+00 2.155020146865517690e-03
5.795730846402610041e+03 1.287869733049555654e+00 2.182807959680300655e-03
5.801526577249013826e+03 1.314098398231293263e+00 2.413546806616517857e-03
5.807328103826264851e+03 1.334286357565431347e+00 2.446825856171625044e-03
5.813135431930093546e+03 1.347680586800237279e+00 2.628870976862111332e-03
5.818948567362025642e+03 1.358681088636606749e+00 2.579509040972916261e-03
5.824767515929389447e+03 1.368509119234692095e+00 2.756801938198171625e-03
5.830592283445320390e+03 1.372680359921978788e+00 2.701779877784518755e-03
5.836422875728768304e+03 1.369655844763908670e+00 2.738856955487201962e-03
5.842259298604498326e+03 1.362060816326088553e+00 2.802213979119738858e-03
5.848101557903105459e+03 1.350602417377951392e+00 3.081627284817297328e-03
5.853949659461010015e+03 1.337685320669936617e+00 3.467768196382680496e-03
5.859803609120473084e+03 1.327220015851608315e+00 3.511400833312318913e-03
5.865663412729595620e+03 1.319826677928190417e+00 3.355074967834856085e-03
5.871529076142326630e+03 1.316428817350518532e+00 3.142744627822343859e-03
5.877400605218471355e+03 1.319152683407482485e+00 3.339307490403721230e-03
5.883278005823691274e+03 1.327897481213106579e+00 3.783540603838855820e-03
5.889161283829516833e+03 1.341068570477842670e+00 3.750705292657435189e-03
5.895050445113348360e+03 1.351628943328183396e+00 3.403738103977932070e-03
5.900945495558464245e+03 1.358155315831418797e+00 3.372392737648462376e-03
5.906846441054024581e+03 1.363936252756730472e+00 3.230112769794165738e-03
5.912753287495080258e+03 1.368783620527821432e+00 2.947259369926994235e-03
5.918666040782577511e+03 1.369329804870803358e+00 2.936635303700377286e-03
5.924584706823361557e+03 1.362057329564707597e+00 2.359854993223783372e-03
5.930509291530187511e+03 1.353149834392397999e+00 2.009796449541708004e-03
5.936439800821719473e+03 1.349628909108207209e+00 2.205577146677486361e-03
5.942376240622543264e+03 1.346073503655965453e+00 2.379936399300325474e-03
5.948318616863167335e+03 1.340576201537189593e+00 2.366187413355382105e-03
5.954266935480032771e+03 1.337675273630618999e+00 2.214644995392812867e-03
5.960221202415515108e+03 1.336328279767188265e+00 2.056838077625877583e-03
5.966181423617932523e+03 1.333582624284685991e+00 2.081129209169468343e-03
5.972147605041552197e+03 1.330881995149840735e+00 2.072262686588016104e-03
5.978119752646595771e+03 1.327298830399812113e+00 2.063376223102833095e-03
5.984097872399243897e+03 1.322645573369990002e+00 1.987660633649926834e-03
5.990081970271645332e+03 1.319638036858912900e+00 1.947090912311650549e-03
5.996072052241918755e+03 1.317624978522838441e+00 1.972410435964591646e-03
6.002068124294162772e+03 1.318672136521900962e+00 1.947921053289897913e-03
6.008070192418459555e+03 1.319847692196918443e+00 1.943706880801372933e-03
6.014078262610879392e+03 1.321267627495325891e+00 1.940972437095411091e-03
6.020092340873492503e+03 1.322526065179350674e+00 1.918082346931282954e-03
6.026112433214368139e+03 1.325837195397770119e+00 1.918794450642591310e-03
6.032138545647584579e+03 1.329398664080754910e+00 1.796068004928402578e-03
6.038170684193233683e+03 1.331638896892447965e+00 1.781273609941151290e-03
6.044208854877429076e+03 1.332066110837873518e+00 1.517633852724684053e-03
6.050253063732308874e+03 1.337308452520309832e+00 1.717200228231221572e-03
6.056303316796042964e+03 1.341587182781710741e+00 1.605899423326061096e-03
6.062359620112841185e+03 1.342233046938617447e+00 1.710624525310918895e-03
6.068421979732956061e+03 1.340102803396961972e+00 1.732565162998779117e-03
6.074490401712690982e+03 1.335177079842483350e+00 1.770347097219710170e-03
6.080564892114405666e+03 1.327983270562182350e+00 2.041907097370440193e-03
6.086645457006521610e+03 1.320561180188451589e+00 2.158875752760783164e-03
6.092732102463530282e+03 1.313150214017556383e+00 2.313579491079369947e-03
6.098824834565995843e+03 1.306557137565489635e+00 2.151947521920860237e-03
6.104923659400564247e+03 1.303575589874171659e+00 2.028443931058698888e-03
6.111028583059966877e+03 1.302926386339081866e+00 1.831870650677974591e-03
6.117139611643028729e+03 1.306636470879829925e+00 1.984189045049722551e-03
6.123256751254673873e+03 1.312956521050182568e+00 2.021852596968020787e-03
6.129380008005929994e+03 1.320890206984753013e+00 1.943180090324578843e-03
6.135509388013938405e+03 1.332113535696352713e+00 1.866663429096240270e-03
6.141644897401954040e+03 1.344499543221709281e+00 1.513113199285058032e-03
6.147786542299358189e+03 1.353798698768004849e+00 1.445091894457434462e-03
6.153934328841659408e+03 1.359989195645070259e+00 1.525164700168879983e-03
6.160088263170503524e+03 1.363318817820717399e+00 1.335380483694113786e-03
6.166248351433675452e+03 1.364864549057897447e+00 1.321158049917712336e-03
6.172414599785111022e+03 1.364494153313410507e+00 1.476349823425618987e-03
6.178587014384898794e+03 1.359449197023575362e+00 1.484334454845442257e-03
6.184765601399285515e+03 1.350905671429062593e+00 1.540136199944485990e-03
6.190950367000687038e+03 1.338431735386557131e+00 1.834003519263382141e-03
6.197141317367689226e+03 1.324675073281788462e+00 1.848306979002920045e-03
6.203338458685059777e+03 1.310715401484768838e+00 1.801452920547326995e-03
6.209541797143746408e+03 1.295162543234734676e+00 1.699797971685974374e-03
6.215751338940892310e+03 1.278864614895700358e+00 1.556552788398581555e-03
6.221967090279835247e+03 1.262932044407569565e+00 1.574950326563026278e-03
6.228189057370116643e+03 1.246551594566954302e+00 1.860767387826374030e-03
6.234417246427488863e+03 1.233560119576632141e+00 1.892243330006644240e-03
6.240651663673918847e+03 1.220725605208385245e+00 1.897365719054688003e-03
6.246892315337594482e+03 1.209560626803696248e+00 2.288217308520283481e-03
6.253139207652934601e+03 1.199625161241321569e+00 3.153456366135056962e-03
6.259392346860589896e+03 1.184969318596789112e+00 3.490670526489362060e-03
6.265651739207452010e+03 1.162831831916530945e+00 3.577632952936558516e-03
6.271917390946661726e+03 1.129006162047811346e+00 3.475728404749294388e-03
6.278189308337610782e+03 1.083732771463557398e+00 3.266463425853873698e-03
6.284467497645950061e+03 1.027366582072827716e+00 3.676471370683768568e-03
6.290751965143597772e+03 9.638320191749825128e-01 4.230785940900433882e-03
6.297042717108744000e+03 8.945671568969174592e-01 4.667098554354876840e-03
6.303339759825854344e+03 8.216320646274518635e-01 4.423979575027361423e-03
6.309643099585682648e+03 7.529710328113251583e-01 3.498545288381991070e-03
6.315952742685270096e+03 6.918068539431160291e-01 2.641594380995488777e-03
6.322268695427957937e+03 6.416358195310345458e-01 2.487691112618462073e-03
6.328590964123387494e+03 6.047208379639403830e-01 2.715865722474950991e-03
6.334919555087512890e+03 5.824328427162736022e-01 2.848538367006951157e-03
6.341254474642602872e+03 5.737973084436829296e-01 2.357243538760010314e-03
6.347595729117247174e+03 5.750153167616114391e-01 2.049674768314213493e-03
6.353943324846366522e+03 5.824936600863711567e-01 1.476826025728705284e-03
6.360297268171215364e+03 5.949205535692323465e-01 1.664250806190862913e-03
6.366657565439388236e+03 6.152763814323419789e-01 2.556900019657725939e-03
6.373024223004829764e+03 6.473792673229179506e-01 3.512511743372858774e-03
6.379397247227837397e+03 6.939498722021627541e-01 3.864901817954434233e-03
6.385776644475066860e+03 7.600086881843117759e-01 3.786963499110457786e-03
6.392162421119543978e+03 8.481877220969984421e-01 3.305653792552056946e-03
6.398554583540665590e+03 9.602907516772327678e-01 2.973550554423353299e-03
6.404953138124208635e+03 1.093958038951950318e+00 3.346018621917576548e-03
6.411358091262334710e+03 1.248333939312505025e+00 4.294183445630327806e-03
6.417769449353599157e+03 1.417754098564533161e+00 5.200412606222067947e-03
6.424187218802954703e+03 1.593557640905770345e+00 5.180485280356967974e-03
6.430611406021760558e+03 1.768067938299910713e+00 4.025112626856792997e-03
6.437042017427784231e+03 1.935076551368644537e+00 2.512597558737307817e-03
6.443479059445214261e+03 2.088101070800321146e+00 2.069097783031889539e-03
6.449922538504661134e+03 2.223106434694190892e+00 2.136973542632462746e-03
6.456372461043168187e+03 2.339031908179256103e+00 2.024925954229053315e-03
6.462828833504213435e+03 2.432570996399923580e+00 1.887959251296875487e-03
6.469291662337719572e+03 2.503471135719518514e+00 1.853074529278703241e-03
6.475760954000059428e+03 2.552196216130484085e+00 1.942318393174655112e-03
6.482236714954061426e+03 2.579845884341326556e+00 2.373574945245505389e-03
6.488718951669017770e+03 2.590641284039405967e+00 2.763787862275540221e-03
6.495207670620688987e+03 2.586556296877335015e+00 2.944926772239944354e-03
6.501702878291312118e+03 2.570527683170177102e+00 2.886344784178865829e-03
6.508204581169605262e+03 2.544091268555690455e+00 2.800329152343223812e-03
6.514712785750777584e+03 2.511954208447862769e+00 2.426989399980875733e-03
6.521227498536530220e+03 2.476736889310549472e+00 2.409142042960714380e-03
6.527748726035069012e+03 2.438329313205237270e+00 2.514231390509702284e-03
6.534276474761106329e+03 2.398344926362970142e+00 2.493528727826871318e-03
6.540810751235869247e+03 2.359284005785171168e+00 2.009134524982985129e-03
6.547351561987107743e+03 2.319282537959717061e+00 1.640897566622026311e-03
6.553898913549096505e+03 2.277661313671414334e+00 1.392027012702267514e-03
6.560452812462647671e+03 2.231931982807320303e+00 1.379853136109216458e-03
6.567013265275112644e+03 2.182856741384917587e+00 1.362074951250561187e-03
6.573580278540390282e+03 2.131993138462742632e+00 1.234649299222710401e-03
6.580153858818932349e+03 2.082851726315694929e+00 1.224556237605529561e-03
6.586734012677753526e+03 2.034329720171720979e+00 1.219297756210644713e-03
6.593320746690433225e+03 1.985447961557148311e+00 1.223379356658390888e-03
6.599914067437126505e+03 1.938320886377346008e+00 1.224834418588206146e-03
6.606513981504565891e+03 1.891229197078638125e+00 1.233160661778720437e-03
6.613120495486072286e+03 1.846843574988471071e+00 1.276959313365093026e-03
6.619733615981560433e+03 1.804162371147852051e+00 1.385266998550824941e-03
6.626353349597544366e+03 1.763055095637099168e+00 1.403066558358986773e-03
6.632979702947143778e+03 1.720462828102017783e+00 1.363709444617562877e-03
6.639612682650093120e+03 1.679451757519776711e+00 1.340711241882673686e-03
6.646252295332745234e+03 1.640059362974992663e+00 1.344380566506453347e-03
6.652898547628080451e+03 1.602244698589393668e+00 1.449320761081244070e-03
6.659551446175711135e+03 1.565808629906115357e+00 1.339058829197078146e-03
6.666210997621888964e+03 1.532098840100150960e+00 1.244266418239990332e-03
6.672877208619513112e+03 1.500600150943979250e+00 1.221434319902160075e-03
6.679550085828134797e+03 1.472711239451397924e+00 1.297023088649955878e-03
6.686229635913964557e+03 1.445543774093053901e+00 1.287580435516964480e-03
6.692915865549881346e+03 1.421186200683715262e+00 1.281850695988074641e-03
6.699608781415433441e+03 1.398749858005546631e+00 1.261019565161367951e-03
6.706308390196851178e+03 1.379318227243833128e+00 1.185349555784498757e-03
6.713014698587049679e+03 1.361061566719408811e+00 1.209495682522062840e-03
6.719727713285638856e+03 1.344153147500468659e+00 1.221132588081738678e-03
6.726447440998927050e+03 1.329140684874088318e+00 1.201145769438944667e-03
6.733173888439928305e+03 1.315943605077261269e+00 1.035707338704788686e-03
6.739907062328370557e+03 1.305195547661081257e+00 1.195298827554612097e-03
6.746646969390701088e+03 1.295877166209303821e+00 1.175384217184769538e-03
6.753393616360093802e+03 1.288243520713560963e+00 9.850732419867391787e-04
6.760147009976456502e+03 1.280072941068429948e+00 8.949840293025318992e-04
6.766907156986434529e+03 1.271270978516586325e+00 9.606485102786785054e-04
6.773674064143423493e+03 1.261875464670775271e+00 1.140659304679171029e-03
6.780447738207569273e+03 1.252386472296406650e+00 9.777330806766159395e-04
6.787228185945778932e+03 1.244139643762949943e+00 9.260157259644522659e-04
6.794015414131727084e+03 1.236942121795955529e+00 9.078042279051809580e-04
6.800809429545861349e+03 1.230793517616728394e+00 9.392054001266093941e-04
6.807610238975408720e+03 1.225556200835917986e+00 9.472215588161086650e-04
6.814417849214386479e+03 1.219554199954530960e+00 9.328735758306832366e-04
6.821232267063603103e+03 1.214955346223341781e+00 9.033612152142557992e-04
6.828053499330669183e+03 1.211985943109945341e+00 9.070341314138868558e-04
6.834881552830001965e+03 1.209611761225483750e+00 9.293149221387328723e-04
6.841716434382834450e+03 1.206579484572430028e+00 9.665179784704704081e-04
6.848558150817219939e+03 1.204379792136887062e+00 1.092190047594981820e-03
6.855406708968039311e+03 1.200638405432834954e+00 1.151125276840126582e-03
6.862262115677009206e+03 1.195327629484532528e+00 1.331079240829874692e-03
6.869124377792688392e+03 1.191034227974410165e+00 1.437412642923655394e-03
6.875993502170483225e+03 1.187815154919836358e+00 1.405416642758562130e-03
6.882869495672656740e+03 1.186570954896821073e+00 1.371701580011886303e-03
6.889752365168331380e+03 1.186251777565710652e+00 1.328513233510119143e-03
6.896642117533501732e+03 1.187960299304641421e+00 1.388985737230948730e-03
6.903538759651037253e+03 1.189905643217031850e+00 1.472469613627423735e-03
6.910442298410691365e+03 1.191707700892589372e+00 1.450803520482361062e-03
6.917352740709104182e+03 1.194040966293483441e+00 1.419777797850067368e-03
6.924270093449815249e+03 1.196402725849214255e+00 1.384377384044010138e-03
6.931194363543267173e+03 1.199640602070747963e+00 1.315223333938407655e-03
6.938125557906812901e+03 1.201651285862022522e+00 1.234345364011117663e-03
6.945063683464722089e+03 1.201598911881205156e+00 1.229979287430682739e-03
6.952008747148189286e+03 1.200125042185253399e+00 1.169773373895803244e-03
6.958960755895339389e+03 1.197200310135615675e+00 1.153773685861357373e-03
6.965919716651237650e+03 1.193153721074093010e+00 1.125413782756148982e-03
6.972885636367890584e+03 1.188142209475754552e+00 1.037077814416654739e-03
6.979858522004260521e+03 1.184282248423203177e+00 9.759763947859459400e-04
6.986838380526267429e+03 1.181190785414708344e+00 9.415150589372560906e-04
6.993825218906796181e+03 1.177969485593252763e+00 9.727380902206367438e-04
7.000819044125705659e+03 1.174510016623406816e+00 1.088490787945945153e-03
7.007819863169833297e+03 1.169607225674668793e+00 1.128609524326327617e-03
7.014827683033005087e+03 1.165379884952914669e+00 1.129988832498448822e-03
7.021842510716041033e+03 1.161322227879214131e+00 1.098416493461163270e-03
7.028864353226758794e+03 1.158987804925652121e+00 1.066934572878161644e-03
7.035893217579988232e+03 1.157676522501612570e+00 1.015532127844857510e-03
7.042929110797570502e+03 1.156164386738132377e+00 1.025725594647072369e-03
7.049972039908370789e+03 1.155982265187410984e+00 1.007594906020436304e-03
7.057022011948281033e+03 1.158257329995642682e+00 1.358799656821103310e-03
7.064079033960231754e+03 1.160562589462056149e+00 1.553578528915672665e-03
7.071143112994193871e+03 1.161509964489918945e+00 1.532125847646841239e-03
7.078214256107190522e+03 1.161580502551004201e+00 1.492575299937448467e-03
7.085292470363300708e+03 1.161589959773622782e+00 1.437222872403783264e-03
7.092377762833665656e+03 1.160925308309655124e+00 1.421344577980581531e-03
7.099470140596501551e+03 1.158407186049394966e+00 1.542077635489585638e-03
7.106569610737100447e+03 1.155098778504368706e+00 1.601708397914870189e-03
7.113676180347840273e+03 1.152406512332548871e+00 1.394270719840290428e-03
7.120789856528190285e+03 1.151111842981395794e+00 1.321430155562468680e-03
7.127910646384721076e+03 1.151115774996583463e+00 1.333847029558426654e-03
7.135038557031108212e+03 1.153014390394420330e+00 1.326846782248726096e-03
7.142173595588141325e+03 1.155224187685621740e+00 1.439371443544936293e-03
7.149315769183732300e+03 1.158139133526794540e+00 1.404140480292357220e-03
7.156465084952918005e+03 1.160433380610354392e+00 1.336231516496638868e-03
7.163621550037873021e+03 1.162085202864929778e+00 1.352112921133316473e-03
7.170785171587913283e+03 1.163431261179235454e+00 1.373115260321981692e-03
7.177955956759504261e+03 1.163534399434660749e+00 1.264481603318201629e-03
7.185133912716265513e+03 1.162285512324002346e+00 1.075381627233811584e-03
7.192319046628984324e+03 1.162298815133280261e+00 1.037144084332259969e-03
7.199511365675615707e+03 1.163164631180592545e+00 9.916677938447767023e-04
7.206710877041294225e+03 1.162571053863225456e+00 9.207350347925473150e-04
7.213917587918337631e+03 1.163325798492231611e+00 9.554381224389127099e-04
7.221131505506257781e+03 1.163003393303592814e+00 9.768737654792349675e-04
7.228352637011767001e+03 1.163514784566733962e+00 9.428211143614042894e-04
7.235580989648780815e+03 1.163155805158315070e+00 9.133484673142154521e-04
7.242816570638432495e+03 1.161939136209998447e+00 8.781887094896731905e-04
7.250059387209073066e+03 1.161137036699291691e+00 9.420887949728055715e-04
7.257309446596284033e+03 1.159452916146815893e+00 8.986171909173722898e-04
7.264566756042882844e+03 1.155602222862618600e+00 9.510047562808636489e-04
7.271831322798928340e+03 1.150991747808443266e+00 1.085660669275748981e-03
7.279103154121729858e+03 1.149094141051137941e+00 1.109860723564676330e-03
7.286382257275853590e+03 1.146499125850742873e+00 1.123687580775263768e-03
7.293668639533132591e+03 1.142645369009704925e+00 1.133556708760741260e-03
7.300962308172667690e+03 1.140492240343764507e+00 1.024576830247607559e-03
7.308263270480842948e+03 1.140125478492059363e+00 1.013216310821858646e-03
7.315571533751325660e+03 1.141384504532739319e+00 9.776941507195630043e-04
7.322887105285079997e+03 1.142663162415935352e+00 9.716809171053580668e-04
7.330209992390367006e+03 1.145443413644996689e+00 1.000830401087518095e-03
7.337540202382760071e+03 1.149838590303841723e+00 1.173568226801995421e-03
7.344877742585144915e+03 1.152826597031606060e+00 1.201720312935615010e-03
7.352222620327733239e+03 1.153435958435799158e+00 1.144097976220063506e-03
7.359574842948062724e+03 1.152099922729156400e+00 1.187371249141231083e-03
7.366934417791013402e+03 1.149290779006968632e+00 1.265877790103072699e-03
7.374301352208806748e+03 1.145405144894777960e+00 1.269511723802447525e-03
7.381675653561018407e+03 1.141857212651885112e+00 1.218211767627644252e-03
7.389057329214581841e+03 1.138961257191453802e+00 1.222081231115752916e-03
7.396446386543798326e+03 1.136332458046792171e+00 1.288360323843697197e-03
7.403842832930345139e+03 1.132525700253427026e+00 1.275503292408060102e-03
7.411246675763277381e+03 1.127537889501610602e+00 1.250017389003853403e-03
7.418657922439043432e+03 1.124377937580228304e+00 1.154164799809338825e-03
7.426076580361484957e+03 1.121690300718531041e+00 1.086080796478740718e-03
7.433502656941848727e+03 1.117726686598911501e+00 1.068495500101332776e-03
7.440936159598792983e+03 1.113965043250609188e+00 1.078323190911363496e-03
7.448377095758394717e+03 1.109118180669411480e+00 1.268620395166851099e-03
7.455825472854155123e+03 1.105706301395392499e+00 1.238684991872565080e-03
7.463281298327012337e+03 1.102557350535972924e+00 1.241724490606747758e-03
7.470744579625341430e+03 1.098724916048943401e+00 1.212842583189776419e-03
7.478215324204968965e+03 1.096947306022432400e+00 1.275142787153565145e-03
7.485693539529176633e+03 1.097065314032476868e+00 1.529290897582503755e-03
7.493179233068708527e+03 1.092227287768839483e+00 1.559732891002891348e-03
7.500672412301779332e+03 1.086201178719585103e+00 1.698948126560829780e-03
7.508173084714083416e+03 1.078428646140161984e+00 1.931907311694395623e-03
7.515681257798800289e+03 1.069720325458631383e+00 2.112466310809997441e-03
7.523196939056601877e+03 1.062592756067830324e+00 2.074984869579864048e-03
7.530720135995660712e+03 1.057135732409593576e+00 2.157466109287922273e-03
7.538250856131659020e+03 1.052972495335033676e+00 2.459190799936954771e-03
7.545789106987793275e+03 1.046882039881463777e+00 2.952030180083108166e-03
7.553334896094783289e+03 1.036142209719844498e+00 3.220813266862393616e-03
7.560888230990880402e+03 1.021836278307691748e+00 3.426796148118461689e-03
7.568449119221873843e+03 1.006095942087321005e+00 3.619007034928724015e-03
7.576017568341098013e+03 9.872672055915524547e-01 4.511921899936122485e-03
7.583593585909441572e+03 9.637640566588909774e-01 5.368123359277349009e-03
7.591177179495353812e+03 9.364293743441354234e-01 5.262139405825077415e-03
7.598768356674851930e+03 9.134574319957600164e-01 4.795470444554134418e-03
7.606367125031529213e+03 8.999133257412411657e-01 4.162052809077682741e-03
7.613973492156563225e+03 8.965574293206277634e-01 3.599062240411077859e-03
7.621587465648722173e+03 9.014143963005232241e-01 3.520928966511889177e-03
7.629209053114373091e+03 9.148883874641750014e-01 2.428247679621283860e-03
7.636838262167490029e+03 9.329008656615821460e-01 1.685988641016017637e-03
7.644475100429660415e+03 9.555800468332061870e-01 1.367489683772484975e-03
7.652119575530092334e+03 9.813512930899428444e-01 1.384337425433855920e-03
7.659771695105625440e+03 1.006463576535974624e+00 1.496933385419702868e-03
7.667431466800733688e+03 1.027357318904219552e+00 1.467014999221089109e-03
7.675098898267536242e+03 1.045387030354611113e+00 1.452952329285208018e-03
7.682773997165806577e+03 1.060873106564032664e+00 1.466813939490509882e-03
7.690456771162975201e+03 1.071634838191027894e+00 1.455097083369096380e-03
7.698147227934140574e+03 1.077577556485673105e+00 1.716426318796001813e-03
7.705845375162077289e+03 1.080415684192066905e+00 1.832603368236411122e-03
7.713551220537241534e+03 1.082044253128514377e+00 1.789147556315669359e-03
7.721264771757782000e+03 1.080421462767879870e+00 1.693176507014046211e-03
7.728986036529541707e+03 1.077260018371758887e+00 1.555325033745076158e-03
7.736715022566074367e+03 1.075225990165262546e+00 1.534342461234947759e-03
7.744451737588642573e+03 1.073844910191447122e+00 1.579592834301002087e-03
7.752196189326234162e+03 1.072857526219669344e+00 1.631408975299998955e-03
7.759948385515562222e+03 1.072847589214227071e+00 1.476782953441090019e-03
7.767708333901080550e+03 1.073821533381129623e+00 1.298337492201352694e-03
7.775476042234984561e+03 1.073184800393304883e+00 1.354957853825274755e-03
7.783251518277222203e+03 1.068194850840211929e+00 1.380892266550493366e-03
7.791034769795502143e+03 1.060909748400941766e+00 1.503593878580847297e-03
7.798825804565300132e+03 1.053153721030829937e+00 1.523325208086806319e-03
7.806624630369868100e+03 1.046227645117056904e+00 1.491257171926000736e-03
7.814431255000240526e+03 1.036343531369629423e+00 1.526182339046476717e-03
7.822245686255242617e+03 1.026023555058530379e+00 1.553927114055226938e-03
7.830067931941501229e+03 1.019262622466940549e+00 1.582749899912436501e-03
7.837897999873444860e+03 1.014356328452155065e+00 1.620512193636262574e-03
7.845735897873320937e+03 1.010144258142855689e+00 1.711663196003562759e-03
7.853581633771196721e+03 1.007122725926024254e+00 1.813008421334886102e-03
7.861435215404970222e+03 1.005857719374128267e+00 1.565137194391789640e-03
7.869296650620378387e+03 1.003033320107431736e+00 1.594582848703546881e-03
7.877165947271001642e+03 1.001330152067664292e+00 1.570151427844450939e-03
7.885043113218274812e+03 9.986566137605766835e-01 1.580762145848162636e-03
7.892928156331495302e+03 9.966730178155389641e-01 1.583748965523306762e-03
7.900821084487829467e+03 9.930996662636611960e-01 1.555054306600381310e-03
7.908721905572319884e+03 9.891376773358616648e-01 1.406214133341709450e-03
7.916630627477895359e+03 9.860633330852336398e-01 1.433157039928053926e-03
7.924547258105375477e+03 9.832202131063572104e-01 1.388548405559338148e-03
7.932471805363483327e+03 9.793270201231092376e-01 1.458351302743419835e-03
7.940404277168850058e+03 9.759414279397221614e-01 1.418810549088363702e-03
7.948344681446021241e+03 9.747729943061623770e-01 1.440803490081723950e-03
7.956293026127469602e+03 9.742009192909435455e-01 1.314068439163275240e-03
7.964249319153599572e+03 9.727321126296587517e-01 1.294445244523217400e-03
7.972213568472756378e+03 9.707893098181060720e-01 1.394976110176989305e-03
7.980185782041231505e+03 9.668261330355321093e-01 1.382596372793026959e-03
7.988165967823275423e+03 9.631550474832192288e-01 1.405055229656581401e-03
7.996154133791101231e+03 9.600043351180264084e-01 1.427927854713114579e-03
8.004150287924895565e+03 9.588295597978533369e-01 1.537528235886070037e-03
8.012154438212822242e+03 9.559583584507257425e-01 1.593248272660543249e-03
8.020166592651037718e+03 9.495796295800376097e-01 1.633336196775504517e-03
8.028186759243691995e+03 9.419246791283986120e-01 1.785612865013890601e-03
8.036214946002938632e+03 9.343564918970964639e-01 1.823099977904083999e-03
8.044251160948943834e+03 9.278584028575140863e-01 1.786754118000783830e-03
8.052295412109895551e+03 9.215837339033470244e-01 1.785352740296779856e-03
8.060347707522008022e+03 9.164371558510158167e-01 1.831242045251315134e-03
8.068408055229532692e+03 9.132986028871814543e-01 1.940676076339179022e-03
8.076476463284764577e+03 9.128827808457107285e-01 1.932076887200514462e-03
8.084552939748052268e+03 9.140873057542189262e-01 1.949321767257616552e-03
8.092637492687803388e+03 9.170487182171431773e-01 1.986277355160106020e-03
8.100730130180493688e+03 9.224617521463891467e-01 2.029018916421938823e-03
8.108830860310677053e+03 9.266794825809492320e-01 2.083413322362724727e-03
8.116939691170990045e+03 9.318665680411548635e-01 2.077728806351011176e-03
8.125056630862163729e+03 9.369967727088477361e-01 1.762317006041013833e-03
8.133181687493028221e+03 9.367034841311506765e-01 2.182898939337324026e-03
8.141314869180524511e+03 9.331062529085569768e-01 2.060501049023716249e-03
8.149456184049707190e+03 9.300062813513515492e-01 1.866154346853910904e-03
8.157605640233759914e+03 9.264300059049087599e-01 1.857528487689249878e-03
8.165763245873996311e+03 9.210645979917149173e-01 1.854494965970090526e-03
8.173929009119872717e+03 9.110403918527507638e-01 1.999321845705193026e-03
8.182102938128995447e+03 8.958611567307439572e-01 2.638478567697784272e-03
8.190285041067127167e+03 8.754020932100943231e-01 3.083986514176477369e-03
8.198475326108196896e+03 8.439548763542776832e-01 2.599888309741245958e-03
8.206673801434308189e+03 8.010225750710174841e-01 2.243609605333701709e-03
8.214880475235744598e+03 7.457249932297027595e-01 2.598846778151686892e-03
8.223095355710984222e+03 6.808206726826688815e-01 3.039313242095227196e-03
8.231318451066697889e+03 6.120070246078866960e-01 3.037197898019664000e-03
8.239549769517767345e+03 5.415406081369090741e-01 2.907907970314950723e-03
8.247789319287287071e+03 4.716329881271725810e-01 2.530754839131313123e-03
8.256037108606577021e+03 4.074162188735736545e-01 2.141415801188488628e-03
8.264293145715186256e+03 3.538745067813754974e-01 1.858870600927952027e-03
8.272557438860903858e+03 3.156031021847102158e-01 1.865191186405918680e-03
8.280829996299768027e+03 2.910794746507213704e-01 1.864406988224998453e-03
8.289110826296069718e+03 2.783631482365357956e-01 1.838554347077165675e-03
8.297399937122369010e+03 2.819836586474828710e-01 1.809244570948810582e-03
8.305697337059495112e+03 3.009877423603517510e-01 1.737614625538634302e-03
8.314003034396557268e+03 3.300908634011489040e-01 1.873941120659613439e-03
8.322317037430955679e+03 3.675184841220748844e-01 2.253544699498248507e-03
8.330639354468388774e+03 4.095088907424967450e-01 2.426558182203478534e-03
8.338969993822860488e+03 4.568475676181310563e-01 2.356671023742306151e-03
8.347308963816685718e+03 5.053644731815500890e-01 1.796021157986463180e-03
8.355656272780506697e+03 5.486482890572240700e-01 1.287013268117542537e-03
8.364011929053289350e+03 5.832023915710435880e-01 1.239702807368047712e-03
8.372375940982345128e+03 6.098716934782980603e-01 1.317455364303426329e-03
8.380748316923331004e+03 6.280096828930392672e-01 1.233924148411144660e-03
8.389129065240256750e+03 6.392983786640566990e-01 1.259933677804505421e-03
8.397518194305499492e+03 6.433616932284300649e-01 1.352566496933808263e-03
8.405915712499807341e+03 6.406577810191320665e-01 1.557033162618873430e-03
8.414321628212310316e+03 6.350297701094794744e-01 1.846033887719174824e-03
8.422735949840525791e+03 6.319977449752994803e-01 1.716369945489637462e-03
8.431158685790369418e+03 6.349265988408073769e-01 1.710930609107259035e-03
8.439589844476162398e+03 6.428996791992326321e-01 1.887671182555443038e-03
8.448029434320640576e+03 6.593635639047304986e-01 1.628994100312179715e-03
8.456477463754963537e+03 6.875811636274151706e-01 1.443340599486660821e-03
8.464933941218721884e+03 7.288545475239236460e-01 2.007584242816432083e-03
8.473398875159942691e+03 7.791033745256507048e-01 2.121204172735925621e-03
8.481872274035105875e+03 8.382043956242727356e-01 2.065642655364060241e-03
8.490354146309144198e+03 9.025509035436245497e-01 2.096472462567921299e-03
8.498844500455456000e+03 9.725187260002686740e-01 2.355557795820882594e-03
8.507343344955914290e+03 1.041392146614895653e+00 1.937181121996674974e-03
8.515850688300872207e+03 1.104825202133095985e+00 1.651514726810207482e-03
8.524366538989177570e+03 1.161293178293335338e+00 1.675866001209463767e-03
8.532890905528169242e+03 1.210760655820601217e+00 1.680511381693305852e-03
8.541423796433698953e+03 1.250432361454959285e+00 1.840626870112944957e-03
8.549965220230136765e+03 1.283684839481550988e+00 1.883137859706210089e-03
8.558515185450369245e+03 1.308283987465420850e+00 1.946650236807108934e-03
8.567073700635823116e+03 1.322909711911407493e+00 2.014052351248415886e-03
8.575640774336461618e+03 1.330704097946912912e+00 1.860083342564233496e-03
8.584216415110800881e+03 1.334981415550935413e+00 1.841133553924730959e-03
8.592800631525913559e+03 1.333067173484565160e+00 1.946388072963524179e-03
8.601393432157443385e+03 1.325947539832824207e+00 1.939856136893169328e-03
8.609994825589603352e+03 1.316620291113941743e+00 1.881434560009172035e-03
8.618604820415195718e+03 1.305486624107796700e+00 1.882760233825405034e-03
8.627223425235613831e+03 1.294257366200344261e+00 1.783581699452205802e-03
8.635850648660851220e+03 1.280692107997469131e+00 1.744763540095899948e-03
8.644486499309516148e+03 1.264554722223361072e+00 1.764495868258930504e-03
8.653130985808827973e+03 1.247373113196242667e+00 1.846742654391955729e-03
8.661784116794638976e+03 1.230863483824277793e+00 1.709973108812862632e-03
8.670445900911438002e+03 1.209654619586528534e+00 1.713039128419710814e-03
8.679116346812352276e+03 1.186795082556052705e+00 1.724517155891196283e-03
8.687795463159167412e+03 1.162940494885861265e+00 1.738265381025976301e-03
8.696483258622329231e+03 1.137950719723501924e+00 1.807714921858564290e-03
8.705179741880954680e+03 1.110517711879031477e+00 1.856078727804977898e-03
8.713884921622837282e+03 1.085583773192221102e+00 1.787253192366484002e-03
8.722598806544463514e+03 1.064315126903782938e+00 1.845829309763685842e-03
8.731321405351010981e+03 1.042393579390131997e+00 1.807565947533403862e-03
8.740052726756364791e+03 1.023839165464754952e+00 1.873447953800409186e-03
8.748792779483124832e+03 1.005884072429249709e+00 1.883903352421298230e-03
8.757541572262609407e+03 9.899600047991783391e-01 1.902091329892743616e-03
8.766299113834875243e+03 9.753266705210559273e-01 1.893666545591728926e-03
8.775065412948713856e+03 9.637202698296772896e-01 1.763608940743110207e-03
8.783840478361664282e+03 9.500282772029572387e-01 1.901423598761989167e-03
8.792624318840029446e+03 9.404996496607691547e-01 2.017191283163744398e-03
8.801416943158872527e+03 9.318476040657617254e-01 2.171617145460146784e-03
8.810218360102035149e+03 9.213993996694984645e-01 2.279124070663497183e-03
8.819028578462139194e+03 9.144056068916723845e-01 2.287821002297153131e-03
8.827847607040604998e+03 9.114655137235782023e-01 2.478235336933206669e-03
8.836675454647647712e+03 9.049584023748697970e-01 2.562524625401689255e-03
8.845512130102299125e+03 8.986722618743088198e-01 2.520812728704199292e-03
8.854357642232404032e+03 8.931407496437867577e-01 2.600325794645807174e-03
8.863211999874638423e+03 8.882487812199914012e-01 2.566889484399252630e-03
8.872075211874516754e+03 8.794372186983446804e-01 2.518014690409944769e-03
8.880947287086393771e+03 8.730735245900782537e-01 2.487117167860849846e-03
8.889828234373482701e+03 8.706516038989020601e-01 2.524723903442887760e-03
8.898718062607858883e+03 8.747217773269961860e-01 2.682914428781867869e-03
8.907616780670470689e+03 8.812348925130357724e-01 3.017919182326367529e-03
8.916524397451143159e+03 8.861017339733486819e-01 3.110296254745817130e-03
8.925440921848598009e+03 8.931905030392327527e-01 3.093801255831434352e-03
8.934366362770449996e+03 9.018429826748775024e-01 3.130239663630625217e-03
8.943300729133223285e+03 9.070223109926841554e-01 3.178418699581860452e-03
8.952244029862358730e+03 9.060117046001068264e-01 3.263201934231704012e-03
8.961196273892224781e+03 9.058272671719340696e-01 3.062977906638185682e-03
8.970157470166119310e+03 8.998069794972798352e-01 3.026079461673749239e-03
8.979127627636287798e+03 8.849569713738256738e-01 2.579806253412441231e-03
8.988106755263928790e+03 8.698765462796798076e-01 2.542479431594797494e-03
8.997094862019195716e+03 8.516169506967103953e-01 2.709033659687395436e-03
9.006091956881216902e+03 8.316019768234044207e-01 3.168768224070380498e-03
9.015098048838101022e+03 8.136392019448743795e-01 3.025845684347324132e-03
9.024113146886942559e+03 7.998070707711258942e-01 3.080203040752835242e-03
9.033137260033832717e+03 7.924505246760792376e-01 3.186072680943119895e-03
9.042170397293868518e+03 7.823331292270706561e-01 3.421248609149007709e-03
9.051212567691165532e+03 7.750288657971938777e-01 3.468738480351262529e-03
9.060263780258859697e+03 7.748801503255842160e-01 3.453797115575424435e-03
9.069324044039121873e+03 7.855432029375517544e-01 3.844573347175483241e-03
9.078393368083163296e+03 7.960086570108086956e-01 3.741568891723889845e-03
9.087471761451250131e+03 8.055210014859811585e-01 3.985799052087298823e-03
9.096559233212705294e+03 8.208196208666729277e-01 4.066194524287899091e-03
9.105655792445919360e+03 8.421597298671733567e-01 4.314350849503084846e-03
9.114761448238368757e+03 8.644642466885427146e-01 4.431036785499094764e-03
9.123876209686610309e+03 8.799504861711149317e-01 4.476893012272235330e-03
9.133000085896299424e+03 8.931091643978092964e-01 4.479557152624411703e-03
9.142133085982199191e+03 9.036821438831222908e-01 4.493185882725044336e-03
9.151275219068184015e+03 9.124022425606463926e-01 4.419452794980715735e-03
9.160426494287255991e+03 9.161886989102483447e-01 4.029974276769742944e-03
9.169586920781546723e+03 9.088024323588379527e-01 4.219152945844097807e-03
9.178756507702330055e+03 8.898088715785816838e-01 4.394922493981482346e-03
9.187935264210036621e+03 8.757735339614659553e-01 4.445952407542662355e-03
9.197123199474248395e+03 8.632545388465037162e-01 4.420407284217264636e-03
9.206320322673725968e+03 8.539082930200774246e-01 4.458146959344484565e-03
9.215526642996403098e+03 8.403284492899453229e-01 4.168961320256550987e-03
9.224742169639403073e+03 8.294283150106201985e-01 4.073747251163755551e-03
9.233966911809044177e+03 8.271272840908230339e-01 4.209505945379278871e-03
9.243200878720857872e+03 8.313750882115735763e-01 3.558291156862832504e-03
9.252444079599581528e+03 8.298404221283400828e-01 3.568218729788032260e-03
9.261696523679183883e+03 8.246140564580061172e-01 3.750463494871878606e-03
9.270958220202865050e+03 8.206367351060513959e-01 3.947107213284293051e-03
9.280229178423071062e+03 8.222058161185380465e-01 3.988402699374820476e-03
9.289509407601497514e+03 8.200226500685716680e-01 4.454335178293266674e-03
9.298798917009102297e+03 8.111834989746521396e-01 4.854156745003521643e-03
9.308097715926114688e+03 7.934455623821857762e-01 5.195515921201213777e-03
9.317405813642044450e+03 7.776326993157529621e-01 5.545010377371837294e-03
9.326723219455689105e+03 7.773814426122992449e-01 5.618981243168748481e-03
9.336049942675148486e+03 7.770327210962262310e-01 5.478477345253701322e-03
9.345385992617826560e+03 7.847029454048736197e-01 5.185008918072021682e-03
9.354731378610447791e+03 7.824845506129136652e-01 4.534070230608740724e-03
9.364086109989060787e+03 7.856966968278515928e-01 4.376800084731608149e-03
9.373450196099052846e+03 7.966967243971648793e-01 4.526136896997288994e-03
9.382823646295155413e+03 8.071176716703647447e-01 4.597983452995887260e-03
9.392206469941453179e+03 8.166148295155177816e-01 4.651120973704873582e-03
9.401598676411396809e+03 8.190366026146359557e-01 5.183651619835719267e-03
9.411000275087812042e+03 8.218205545712105042e-01 5.682122691291901714e-03
9.420411275362903325e+03 8.267757379566128551e-01 5.692644443982297284e-03
9.429831686638268366e+03 8.314016996794780789e-01 5.641249453881509723e-03
9.439261518324910867e+03 8.348268169925814330e-01 5.685415005961440629e-03
9.448700779843238706e+03 8.332981602636164720e-01 5.528121183199490724e-03
9.458149480623085765e+03 8.328507952644464973e-01 5.508690951217079176e-03
9.467607630103711926e+03 8.347859467182378035e-01 5.294123259087990183e-03
9.477075237733817630e+03 8.410589239059971245e-01 4.571556164538735992e-03
9.486552312971554784e+03 8.382459956727371653e-01 4.555369226206687147e-03
9.496038865284530402e+03 8.299492692011299910e-01 4.547285236610233879e-03
9.505534904149817521e+03 8.227266719417132279e-01 4.426855083683474586e-03
9.515040439053969749e+03 8.105716069849138172e-01 4.551550445328440483e-03
9.524555479493026724e+03 8.003638157341600445e-01 4.495761758270566157e-03
9.534080034972523208e+03 7.905979673036894750e-01 4.280067549763299367e-03
9.543614115007500004e+03 7.819731630054660432e-01 3.920702802433356608e-03
9.553157729122509409e+03 7.800794964740705995e-01 3.745540547569760261e-03
9.562710886851635223e+03 7.758476630677475505e-01 3.637390880526845342e-03
9.572273597738490935e+03 7.747258020748570839e-01 3.319783996909847403e-03
9.581845871336232449e+03 7.737526294371904756e-01 3.423192527059737249e-03
9.591427717207570822e+03 7.684064444934735061e-01 3.477379995006736352e-03
9.601019144924781358e+03 7.628936835946668049e-01 3.470304797157370939e-03
9.610620164069710881e+03 7.546475336809537193e-01 3.518172422248106671e-03
9.620230784233783197e+03 7.432551065584486194e-01 4.185036418435522827e-03
9.629851015018019098e+03 7.343226297863743035e-01 4.108358151897993638e-03
9.639480866033041821e+03 7.270778391406020891e-01 3.837405278606782506e-03
9.649120346899077049e+03 7.240291628598882756e-01 3.967553220062924012e-03
9.658769467245980195e+03 7.231669911845044485e-01 4.475146625354093320e-03
9.668428236713229126e+03 7.192747329544681989e-01 4.327168912821081036e-03
9.678096664949945989e+03 7.143605993398861598e-01 4.433367923358770210e-03
9.687774761614899035e+03 7.116865103838425632e-01 4.497454691632303200e-03
9.697462536376517164e+03 7.074452663365068394e-01 4.641940220381877459e-03
9.707159998912895389e+03 7.089470261118523409e-01 4.808864451007705508e-03
9.716867158911813021e+03 7.098388729188321866e-01 4.921501962006659230e-03
9.726584026070726395e+03 7.116798927574975453e-01 5.007630180337613660e-03
9.736310610096801611e+03 7.126741341241535910e-01 5.039870745186688511e-03
9.746046920706901801e+03 7.091120249736531100e-01 4.866125838005538017e-03
9.755792967627610778e+03 7.049791098816954316e-01 4.869300374816419238e-03
9.765548760595242129e+03 7.029568839996821472e-01 4.754930058691139716e-03
9.775314309355841033e+03 7.048399954259018108e-01 4.386966371838141830e-03
9.785089623665198815e+03 7.029217144913516568e-01 4.374941294400428761e-03
9.794874713288867497e+03 6.984030703346348901e-01 4.434201705143757215e-03
9.804669588002159799e+03 6.846935764247208400e-01 4.107197341232928130e-03
9.814474257590165507e+03 6.789493359023182073e-01 3.702492557215000639e-03
9.824288731847758754e+03 6.770024523483501033e-01 3.454109703960969724e-03
9.834113020579610748e+03 6.862503602049518925e-01 3.756237462571227360e-03
9.843947133600193411e+03 7.024463037062208537e-01 3.933255138104940762e-03
9.853791080733795752e+03 7.114301390567432382e-01 3.923002137980905434e-03
9.863644871814532962e+03 7.184223613661333552e-01 3.988139967495243562e-03
9.873508516686351868e+03 7.254474946904868604e-01 3.996252798718942165e-03
9.883382025203040030e+03 7.270902640414439455e-01 4.183843991609615190e-03
9.893265407228247568e+03 7.330679017638881412e-01 4.124327627302589762e-03
9.903158672635478069e+03 7.374461177292458425e-01 4.074471733887412295e-03
9.913061831308117689e+03 7.336055636663091351e-01 3.929797489873485157e-03
9.922974893139427877e+03 7.328345170974147615e-01 4.190129949633373575e-03
9.932897868032570841e+03 7.298940620772447208e-01 4.659779982130880273e-03
9.942830765900607730e+03 7.273753875442600103e-01 5.439274629151847826e-03
9.952773596666511366e+03 7.285701353480831255e-01 6.822741873298494505e-03
9.962726370263180797e+03 7.296562356005407146e-01 9.213280171690324191e-03
9.972689096633446752e+03 7.245223199702141015e-01 1.193991934229183052e-02
9.982661785730084375e+03 7.137296279980243074e-01 1.798194208652332746e-02
9.992644447515816864e+03 7.090030018123223421e-01 2.698609317017741996e-02
