# starting wavelength: 3357.600
# ending wavelength: 7697.890
# wav flux eflux
3.358164025657908041e+03 -3.868674566975640605e-01 5.022401483058327010e+00
3.361522189683567376e+03 2.914178966586373765e-01 3.531414337195521558e+00
3.364883711873251741e+03 4.221699713617114158e-01 2.880535385499169099e+00
3.368248595585126168e+03 6.981346469309817060e-01 2.172719644225387992e+00
3.371616844180712633e+03 8.498197570969456827e-01 1.679940376802101509e+00
3.374988461024894150e+03 9.203400921327681283e-01 1.320262277296858411e+00
3.378363449485920228e+03 9.876174833379604001e-01 1.065276449490380362e+00
3.381741812935407324e+03 1.065038490071638311e+00 8.747936423136809525e-01
3.385123554748343849e+03 1.122828385341455792e+00 7.193487977748416196e-01
3.388508678303093347e+03 9.991536891391410435e-01 6.835892173484117151e-01
3.391897186981397681e+03 9.906650213457618426e-01 6.031919288208482666e-01
3.395289084168380214e+03 8.741808636967249857e-01 5.416997065781129495e-01
3.398684373252549449e+03 8.034862610483426426e-01 4.921388093936062136e-01
3.402083057625803121e+03 7.556609693932877514e-01 4.543134068250269664e-01
3.405485140683430018e+03 8.649465811418541872e-01 4.472479654063813981e-01
3.408890625824114522e+03 8.651386652628618723e-01 4.232229147524091961e-01
3.412299516449939802e+03 8.071773882572872427e-01 4.134165759146971042e-01
3.415711815966390986e+03 6.817267873115876453e-01 4.001369734718300819e-01
3.419127527782358356e+03 5.654537097992009542e-01 3.911378864066873962e-01
3.422546655310141887e+03 5.231747607528778321e-01 3.881490089336758209e-01
3.425969201965453522e+03 5.096775972390508169e-01 4.018510277612413750e-01
3.429395171167419903e+03 6.534266587156448702e-01 3.810896097770645752e-01
3.432824566338588284e+03 7.360265861922601349e-01 3.715144786505174546e-01
3.436257390904928343e+03 6.515870011306045262e-01 3.722064797590102225e-01
3.439693648295834464e+03 7.122060255789476324e-01 3.809810572409979557e-01
3.443133341944131189e+03 7.377360036360480766e-01 3.924415867057104435e-01
3.446576475286076402e+03 6.419038384715139989e-01 3.924303597684410394e-01
3.450023051761363604e+03 8.021473444943417741e-01 3.999054992412262588e-01
3.453473074813126004e+03 7.447468496322353637e-01 4.036219679187402765e-01
3.456926547887940615e+03 7.448493356560745848e-01 4.036559993638171306e-01
3.460383474435829612e+03 7.925878463647616501e-01 3.929379446115749408e-01
3.463843857910266706e+03 7.275207388436304434e-01 3.824944065200109877e-01
3.467307701768178049e+03 6.288909239063573686e-01 3.825577346127663758e-01
3.470775009469947236e+03 7.276649926432448012e-01 3.860943946311094499e-01
3.474245784479418489e+03 7.327043402426760554e-01 3.829797242417055658e-01
3.477720030263898934e+03 6.335998037764001278e-01 3.411562411133138295e-01
3.481197750294164052e+03 7.683418779335233761e-01 3.678457426451366974e-01
3.484678948044459503e+03 7.388037454427415218e-01 3.681962944689472494e-01
3.488163626992504760e+03 8.341375193903856067e-01 3.516656747972879971e-01
3.491651790619498570e+03 7.280879625776339736e-01 3.482085526530006581e-01
3.495143442410119405e+03 6.763098162712809502e-01 3.516812700773300215e-01
3.498638585852530468e+03 6.943737098354982873e-01 3.479598727140776337e-01
3.502137224438384237e+03 6.861347906318122636e-01 3.608785084513509989e-01
3.505639361662823831e+03 5.465864869027721173e-01 3.311097156087978721e-01
3.509145001024487556e+03 5.979651499368738854e-01 3.247556509280470349e-01
3.512654146025513455e+03 6.394817569540308666e-01 3.162354171667969283e-01
3.516166800171540217e+03 5.565484176357707868e-01 3.245851677088847920e-01
3.519682966971712631e+03 6.451626819725837514e-01 3.234733513510719138e-01
3.523202649938685681e+03 7.751605538298601550e-01 2.955579115858316674e-01
3.526725852588625457e+03 6.567137967121174924e-01 2.998309177425728111e-01
3.530252578441215064e+03 3.743797714573049440e-01 3.174181820024849499e-01
3.533782831019657806e+03 2.242437523859327486e-01 3.228814951852254644e-01
3.537316613850678550e+03 -1.357297127986323293e-02 3.518060409792365673e-01
3.540853930464530094e+03 -1.162895875814485835e-01 3.501290788669779719e-01
3.544394784394995895e+03 -4.417601666939002802e-02 3.478287162009879863e-01
3.547939179179392340e+03 -5.892981224802357199e-02 3.626507032064326674e-01
3.551487118358572843e+03 -9.092472642829602103e-02 3.543838026186357792e-01
3.555038605476932389e+03 1.809394332850339238e-02 3.391038209735010578e-01
3.558593644082410719e+03 7.280602517277787178e-02 3.391917543189242323e-01
3.562152237726494150e+03 2.268179914181336077e-01 3.146882358746021513e-01
3.565714389964221937e+03 2.174036233843920085e-01 3.181939100612541371e-01
3.569280104354187188e+03 2.769265132717952937e-01 3.176128884169113209e-01
3.572849384458542772e+03 3.891318161728197778e-01 3.236376095831555721e-01
3.576422233843002232e+03 4.310482565869248051e-01 3.117228139676890830e-01
3.579998656076846601e+03 3.743732127511600893e-01 3.249557571726697236e-01
3.583578654732924406e+03 4.301334474852620549e-01 3.159723143751199670e-01
3.587162233387658489e+03 3.896153884802512346e-01 3.058666111184722980e-01
3.590749395621047370e+03 2.165362963112673622e-01 3.846043162738725929e-01
3.594340145016669794e+03 8.572945244176838342e-02 3.921386506164409314e-01
3.597934485161687462e+03 -7.989786613366967050e-03 3.910434712196206863e-01
3.601532419646850485e+03 -6.867388542040250843e-02 3.711241123340904835e-01
3.605133952066498296e+03 -2.017336030286009385e-01 3.593383615722139934e-01
3.608739086018566013e+03 -2.780890693504917133e-01 3.388917827674259864e-01
3.612347825104585809e+03 -1.505533885792699200e-01 3.709411000472238595e-01
3.615960172929691907e+03 -1.338756632598894769e-01 3.705735410153453424e-01
3.619576133102622407e+03 7.859278484194065495e-02 3.803816898978694683e-01
3.623195709235726554e+03 3.508220706091988994e-01 3.607113611269153752e-01
3.626818904944963379e+03 4.671104355991758106e-01 3.388622937665238255e-01
3.630445723849909427e+03 5.244213895421617755e-01 3.446158529478843269e-01
3.634076169573760581e+03 5.790946150609563858e-01 3.581268288383022691e-01
3.637710245743335690e+03 5.381338082359981012e-01 3.534879660699750126e-01
3.641347955989080219e+03 6.522145358428454998e-01 3.544739410837925986e-01
3.644989303945070333e+03 8.165612258379535415e-01 3.544721108050981062e-01
3.648634293249016537e+03 6.299274054052472760e-01 3.748460530154141268e-01
3.652282927542266862e+03 5.206742161525775847e-01 3.820256335536548753e-01
3.655935210469810499e+03 3.966629918254538367e-01 3.779094293888903278e-01
3.659591145680281443e+03 3.775551656730293248e-01 3.615045828022069307e-01
3.663250736825963031e+03 2.819127769835524377e-01 3.557341494420362404e-01
3.666913987562790226e+03 1.485537446421971164e-01 3.561940999516498008e-01
3.670580901550354156e+03 1.652904851186661195e-01 3.679727551634375260e-01
3.674251482451905758e+03 2.517727498104175843e-01 3.539612967302931956e-01
3.677925733934358959e+03 3.169786464856195196e-01 3.448914017800041032e-01
3.681603659668294313e+03 3.022564859563998119e-01 3.431708449104953762e-01
3.685285263327964003e+03 2.388122938717078259e-01 2.925534338099889387e-01
3.688970548591293209e+03 3.114221702297674255e-01 3.070688785385353170e-01
3.692659519139885560e+03 4.877798502388875357e-01 3.015414750835321844e-01
3.696352178659026777e+03 5.230928809775570176e-01 2.776353315773660291e-01
3.700048530837686940e+03 6.736068697894677104e-01 2.883976161437955543e-01
3.703748579368525952e+03 8.477208949098398172e-01 2.592488184341016355e-01
3.707452327947895355e+03 1.014328373348730050e+00 2.528001847693529536e-01
3.711159780275844696e+03 1.082348925587105271e+00 2.388602322846609116e-01
3.714870940056121526e+03 1.210609162750185153e+00 2.231281735424581192e-01
3.718585810996179134e+03 1.012234026139596121e+00 2.169123230079312570e-01
3.722304396807176545e+03 7.349683438769099020e-01 2.535073524314576110e-01
3.726026701203984885e+03 5.458501433737489306e-01 2.629175190987823041e-01
3.729752727905190113e+03 3.816866338698104988e-01 2.678357285106570673e-01
3.733482480633096657e+03 2.919265883252598059e-01 2.662137364624836966e-01
3.737215963113731050e+03 -5.154836332753154338e-03 1.811355206115193017e-01
3.740953179076846027e+03 -1.362199880473192182e-01 1.745965477983659475e-01
3.744694132255923705e+03 -2.750767058541714327e-02 2.092120569652000661e-01
3.748438826388181042e+03 3.287037491116928667e-02 2.133257390003606147e-01
3.752187265214570289e+03 9.443798849450180111e-02 2.128632750423725684e-01
3.755939452479786269e+03 2.609319935623058972e-01 1.899583545206601498e-01
3.759695391932267285e+03 3.552937822761710329e-01 1.890936136430413361e-01
3.763455087324201031e+03 4.504824919876090350e-01 1.873326246136153561e-01
3.767218542411526414e+03 5.539514720124603109e-01 1.968683670356884963e-01
3.770985760953939007e+03 6.085983591597738940e-01 1.958013699916304473e-01
3.774756746714894234e+03 6.609355458751681178e-01 2.083091095138151494e-01
3.778531503461610555e+03 5.117938749198970294e-01 2.202193913910857337e-01
3.782310034965073100e+03 3.313620544783000277e-01 2.369570415266896435e-01
3.786092345000039586e+03 2.274800447437606565e-01 2.186000940618011423e-01
3.789878437345040766e+03 1.704543075847936295e-01 2.337372850707586103e-01
3.793668315782387253e+03 2.158911251673288900e-01 2.187700821628852099e-01
3.797461984098170888e+03 2.304252458731765874e-01 2.172566588473692495e-01
3.801259446082270188e+03 2.558854400717928135e-01 2.299493485147494631e-01
3.805060705528353537e+03 2.180498654521041968e-01 2.310987456567701881e-01
3.808865766233883278e+03 2.837970523423037905e-01 2.197704010927027662e-01
3.812674632000118436e+03 2.555723640098860883e-01 2.183899163553325307e-01
3.816487306632119726e+03 2.368683173485830462e-01 2.163791494577037844e-01
3.820303793938753188e+03 3.120962317177520262e-01 1.984594763713256882e-01
3.824124097732693372e+03 3.052315840421708226e-01 1.985650918449132496e-01
3.827948221830427428e+03 1.996428598281338451e-01 2.160344285066805037e-01
3.831776170052258749e+03 1.767403815020959779e-01 2.125794466484136058e-01
3.835607946222312421e+03 1.258643855513949528e-01 2.058145130418360391e-01
3.839443554168536139e+03 8.021627878902660991e-02 2.029291202570138730e-01
3.843282997722705659e+03 8.917584530099476048e-02 1.977111985785133252e-01
3.847126280720429804e+03 1.456826958403390215e-01 1.735397754736561216e-01
3.850973407001151372e+03 2.087799804227811196e-01 1.772993075004758723e-01
3.854824380408153957e+03 1.815423005502267706e-01 1.685399957345573019e-01
3.858679204788563311e+03 1.755185742247060698e-01 1.632621693095708815e-01
3.862537883993353262e+03 1.442804991340797538e-01 1.543575601765985184e-01
3.866400421877347981e+03 9.891919251917999367e-02 1.440850633818377691e-01
3.870266822299226533e+03 9.166794479748406610e-02 1.533382886011019630e-01
3.874137089121526969e+03 1.616506896958247452e-01 1.408079799510242314e-01
3.878011226210649966e+03 1.105021935634833141e-01 1.358033884527831692e-01
3.881889237436861549e+03 2.174097526445442630e-02 1.528124685430185536e-01
3.885771126674299921e+03 -1.060145168916736269e-01 1.851431803914108110e-01
3.889656897800975457e+03 -4.057609526486544160e-02 1.888357779636850309e-01
3.893546554698777527e+03 9.485768528366245178e-02 2.056447784594982175e-01
3.897440101253477678e+03 1.309220975409891852e-01 2.040042788035855426e-01
3.901337541354732366e+03 1.534638676977506666e-01 1.923093064251139295e-01
3.905238878896088409e+03 2.338847942260773027e-01 1.855570597031445668e-01
3.909144117774985716e+03 2.144018014585513388e-01 1.778142205886349969e-01
3.913053261892762293e+03 1.153310511794880810e-01 1.901442531843173245e-01
3.916966315154656058e+03 -4.562118066145065542e-03 1.919400709206720013e-01
3.920883281469812118e+03 -1.698237454311012085e-01 1.849768648597592269e-01
3.924804164751283224e+03 -2.090697707764366531e-01 1.960648500659570581e-01
3.928728968916035683e+03 -2.686311399145541179e-01 1.887757904725117231e-01
3.932657697884953450e+03 -3.213921542369870266e-01 1.722393445924955691e-01
3.936590355582839493e+03 -2.934244640129776149e-01 1.658414721446054008e-01
3.940526945938423523e+03 -1.796463839934142603e-01 1.648059537089676119e-01
3.944467472884363360e+03 9.600476085376716262e-02 1.507868914612719435e-01
3.948411940357249023e+03 3.453453465315420301e-01 1.518955025319444485e-01
3.952360352297607733e+03 6.603001562614938535e-01 9.927712356279413952e-02
3.956312712649906643e+03 8.194469905146455346e-01 9.832278283286195741e-02
3.960269025362557841e+03 8.376311863002122715e-01 8.820911333020553524e-02
3.964229294387921527e+03 8.684691055329556431e-01 8.886593172496552728e-02
3.968193523682310570e+03 8.166956025377776207e-01 1.106617218930715379e-01
3.972161717205994591e+03 7.698982822744638854e-01 1.022648307693510283e-01
3.976133878923201792e+03 7.218272676602174309e-01 9.873268422352378393e-02
3.980110012802126221e+03 6.293737725039612041e-01 1.100913946739321692e-01
3.984090122814929600e+03 5.567591849027830886e-01 1.044720304068373629e-01
3.988074212937745870e+03 5.198578544906016230e-01 9.620942924910638738e-02
3.992062287150684824e+03 5.217178220615661388e-01 1.018548670273033419e-01
3.996054349437837118e+03 6.050207379080343451e-01 1.226850246121528321e-01
4.000050403787276082e+03 6.555375644869412266e-01 1.258191648189092571e-01
4.004050454191064546e+03 7.227004796465910097e-01 1.064467482089966194e-01
4.008054504645257111e+03 7.254763809870978797e-01 9.638397053547333171e-02
4.012062559149903791e+03 6.559368530164362276e-01 1.024749208313919940e-01
4.016074621709055009e+03 5.153458474767800279e-01 9.584132070434557560e-02
4.020090696330765240e+03 3.798949290581589144e-01 9.413448338071450650e-02
4.024110787027097558e+03 2.620837214997838727e-01 9.393839010179702576e-02
4.028134897814125907e+03 1.104395509467030190e-01 9.544894739913815929e-02
4.032163032711941469e+03 -1.982604711981406087e-02 9.842236463860443152e-02
4.036195195744654484e+03 -1.073263905391250717e-01 9.412215634248451146e-02
4.040231390940400615e+03 -1.562603425115461908e-01 9.169834141392155247e-02
4.044271622331342314e+03 -1.286527714474785533e-01 9.278724458692146071e-02
4.048315893953675186e+03 -1.687348858798565221e-03 8.301065157320904053e-02
4.052364209847629809e+03 1.448033524796828730e-01 6.398685301587445085e-02
4.056416574057479011e+03 2.611937023409967029e-01 5.885057136200090577e-02
4.060472990631537868e+03 4.498336677187532162e-01 8.192508373203055694e-02
4.064533463622170530e+03 5.862406579016699038e-01 8.477665385426608191e-02
4.068597997085794304e+03 6.648778113485641628e-01 7.920168847427798420e-02
4.072666595082881486e+03 7.163601396689538436e-01 8.275846882383479375e-02
4.076739261677965715e+03 7.319704979357282149e-01 9.512547474339085041e-02
4.080816000939644709e+03 7.399114834428108800e-01 9.657278557460410862e-02
4.084896816940585722e+03 7.583769861367199994e-01 9.378376236470907512e-02
4.088981713757527814e+03 7.318254382493745158e-01 8.395223508816872238e-02
4.093070695471286854e+03 6.995977263762600540e-01 8.675997857714268235e-02
4.097163766166759160e+03 6.953476844394137490e-01 8.941898905004200260e-02
4.101260929932927866e+03 7.130528911584730345e-01 8.431563470812819538e-02
4.105362190862862008e+03 7.078484467826318127e-01 8.694194303543135993e-02
4.109467553053726078e+03 6.705489351682826227e-01 8.377781581587957771e-02
4.113577020606780934e+03 5.760711203047630402e-01 9.623010974589429889e-02
4.117690597627389252e+03 4.746738551199385925e-01 9.968143015566448273e-02
4.121808288225018259e+03 3.774149913789047184e-01 1.096071113756691418e-01
4.125930096513244280e+03 3.072834863384379944e-01 1.027063370408913406e-01
4.130056026609759101e+03 2.693109431596234504e-01 1.025327342998104546e-01
4.134186082636369974e+03 2.339993276297933078e-01 1.052769538232053992e-01
4.138320268719007800e+03 2.581014609913278024e-01 9.497354470809525606e-02
4.142458588987728035e+03 2.870263392018386206e-01 8.505978768665375944e-02
4.146601047576717065e+03 2.838141925245298292e-01 8.604490859471108921e-02
4.150747648624294925e+03 2.725731287906748013e-01 8.803004768551768444e-02
4.154898396272920763e+03 2.612152276659829298e-01 8.583476443064853856e-02
4.159053294669195566e+03 2.624943420108003522e-01 8.536858620591963875e-02
4.163212347963865795e+03 2.578585988235332360e-01 8.490049322184663183e-02
4.167375560311830668e+03 2.278737014102190095e-01 8.066961545494856500e-02
4.171542935872143971e+03 2.303149838822257656e-01 8.968493711914600486e-02
4.175714478808017702e+03 1.781291173931908167e-01 8.559863345028959070e-02
4.179890193286827525e+03 1.288065818826662490e-01 9.065699386378568703e-02
4.184070083480115500e+03 1.423157053774465330e-01 8.641303198116159767e-02
4.188254153563597356e+03 1.739871647016276723e-01 8.383892253459619692e-02
4.192442407717161586e+03 1.869880655297808669e-01 8.447686994271980110e-02
4.196634850124880359e+03 1.765392584594511205e-01 8.458600256621910674e-02
4.200831484975006788e+03 1.384957687538917459e-01 7.344663934057135690e-02
4.205032316459983122e+03 1.555891701450259068e-01 7.310329959431897950e-02
4.209237348776444378e+03 2.150349147053522147e-01 6.830294699551424376e-02
4.213446586125221984e+03 2.758637662224062148e-01 6.786382475049761165e-02
4.217660032711349231e+03 3.496748618730672331e-01 6.764505572429627134e-02
4.221877692744061278e+03 4.057986313732865891e-01 6.366826137564869648e-02
4.226099570436806971e+03 3.840317594550793356e-01 6.649714186689799356e-02
4.230325670007245208e+03 3.754218576888932457e-01 6.599409415108278831e-02
4.234555995677254032e+03 3.402411542694520619e-01 6.565905690106230153e-02
4.238790551672932452e+03 2.999950289085401844e-01 6.535391085742393857e-02
4.243029342224606808e+03 2.419349688225784223e-01 6.478776499630670149e-02
4.247272371566832589e+03 2.002693065866585909e-01 6.532951640715395358e-02
4.251519643938400804e+03 1.951783866276032564e-01 6.126111625792634435e-02
4.255771163582340705e+03 1.811372701012330388e-01 6.293266264877769856e-02
4.260026934745924336e+03 1.585707238195199209e-01 6.928965283902989436e-02
4.264286961680671993e+03 1.165531276764001228e-01 6.877488969618036907e-02
4.268551248642354039e+03 8.004682266747223385e-02 7.121970259529210312e-02
4.272819799890998183e+03 9.735980729762340469e-02 6.382066919355376677e-02
4.277092619690890388e+03 9.339794660603319143e-02 6.395976735852292039e-02
4.281369712310583054e+03 4.867091885220398151e-02 7.478349482367649403e-02
4.285651082022895025e+03 3.956124715120140634e-02 7.457928367896642097e-02
4.289936733104918858e+03 3.221789023297358390e-02 7.180195976809516933e-02
4.294226669838025373e+03 1.041016160030607818e-01 7.576118429941880450e-02
4.298520896507864563e+03 2.174103538871537122e-01 8.736941909923651162e-02
4.302819417404373780e+03 3.408911080656543691e-01 1.008035009772184631e-01
4.307122236821779552e+03 3.991817517486642153e-01 9.949699578321068161e-02
4.311429359058603040e+03 4.445379842324719277e-01 9.483050848115102960e-02
4.315740788417662770e+03 4.616727620459752934e-01 9.043852720789898048e-02
4.320056529206081905e+03 4.594509408664613215e-01 9.249072429156569852e-02
4.324376585735290064e+03 4.232668450569782026e-01 9.199509961871264740e-02
4.328700962321026054e+03 3.804437568825208005e-01 8.464287734282464892e-02
4.333029663283348782e+03 3.150535218934982229e-01 7.854068361661116493e-02
4.337362692946633615e+03 3.006567687483045481e-01 7.814635021902041623e-02
4.341700055639581478e+03 3.353633124295326562e-01 8.643345890516515584e-02
4.346041755695222491e+03 3.263094005534704078e-01 8.557964772088415273e-02
4.350387797450919606e+03 3.117902757032564587e-01 8.602422936825669664e-02
4.354738185248371337e+03 3.680837795887011987e-01 7.720091174436426174e-02
4.359092923433621763e+03 4.159753249773943673e-01 7.024563937557472271e-02
4.363452016357056891e+03 4.236991238217211464e-01 7.030829631508601907e-02
4.367815468373414660e+03 4.608901826678115099e-01 7.172431730725531418e-02
4.372183283841789489e+03 4.551023411900270155e-01 6.449275833802960156e-02
4.376555467125633186e+03 4.469368569600051799e-01 6.497720208642299156e-02
4.380932022592760404e+03 4.730157803026300289e-01 6.673435349359899127e-02
4.385312954615354101e+03 5.039556084679920334e-01 5.965549413032428250e-02
4.389698267569970994e+03 4.676676343637871658e-01 6.048134685234514418e-02
4.394087965837542470e+03 4.047137694639896255e-01 6.057505918109397369e-02
4.398482053803381859e+03 3.359087330303879848e-01 6.376041931739920288e-02
4.402880535857186260e+03 2.798705818650089050e-01 6.662961797110894535e-02
4.407283416393044718e+03 2.262606409656572337e-01 6.824345788854487005e-02
4.411690699809440048e+03 1.746879222548323729e-01 6.791526922282531409e-02
4.416102390509250654e+03 1.208742401289313595e-01 6.009945247980988392e-02
4.420518492899761441e+03 1.270393432693820435e-01 6.202505829783810237e-02
4.424939011392662906e+03 1.874002491740706933e-01 5.406954116203491201e-02
4.429363950404056595e+03 2.191755658834196319e-01 5.157119287280455960e-02
4.433793314354462382e+03 2.638421582577197277e-01 5.115513760233297846e-02
4.438227107668818462e+03 3.465750842410565413e-01 5.050921985547457416e-02
4.442665334776488635e+03 4.060072558516926167e-01 5.172072772220046022e-02
4.447108000111265937e+03 4.364711221813303288e-01 5.156670751846635647e-02
4.451555108111379013e+03 4.653960968919034769e-01 5.011313883076808084e-02
4.456006663219492111e+03 4.718451382980276554e-01 5.046730342340921549e-02
4.460462669882713271e+03 4.720513337991749658e-01 4.670752569962286632e-02
4.464923132552597053e+03 4.872178228594108429e-01 4.655872569138573558e-02
4.469388055685150903e+03 4.435817837626542803e-01 5.879661225182186701e-02
4.473857443740837880e+03 4.175397359017057330e-01 5.777908537340656348e-02
4.478331301184580298e+03 3.911342625021246300e-01 5.727460818764405076e-02
4.482809632485766087e+03 3.473159253965242832e-01 5.533984232487904054e-02
4.487292442118253348e+03 3.274263822509835276e-01 5.606018416747831495e-02
4.491779734560373072e+03 3.239391757070817501e-01 5.297885847343852123e-02
4.496271514294934605e+03 2.980879850834028399e-01 5.198106469369605243e-02
4.500767785809231100e+03 3.148359995271193257e-01 5.617893564224381298e-02
4.505268553595042249e+03 3.115427204631884273e-01 5.456429328608064511e-02
4.509773822148638828e+03 3.039115199449917704e-01 5.715333253247691786e-02
4.514283595970789065e+03 3.155264784549689505e-01 5.678307390972993363e-02
4.518797879566761367e+03 3.135921667845673610e-01 5.747433111464773231e-02
4.523316677446328868e+03 3.557231453395972576e-01 5.759674339733214521e-02
4.527839994123776705e+03 3.881675251383370773e-01 5.675326712564005005e-02
4.532367834117902021e+03 4.001474054813055625e-01 5.807501663556454558e-02
4.536900201952022144e+03 4.291068467230421679e-01 5.573879922312248436e-02
4.541437102153975502e+03 4.943042790940591624e-01 5.594921485570226311e-02
4.545978539256130716e+03 5.894477721090513045e-01 5.234256516315543423e-02
4.550524517795388419e+03 6.850777256918295643e-01 5.288863595435833176e-02
4.555075042313184895e+03 7.615977222055362317e-01 4.379638227910453985e-02
4.559630117355500261e+03 9.173505047411047997e-01 4.539559503594398776e-02
4.564189747472856652e+03 1.054656109829126942e+00 4.863299996359199406e-02
4.568753937220330954e+03 1.186669152189328447e+00 5.756195042239837384e-02
4.573322691157552981e+03 1.282461954867084808e+00 5.341230574303598017e-02
4.577896013848711846e+03 1.327524601266663051e+00 5.286135389972206056e-02
4.582473909862562323e+03 1.335967812290635548e+00 5.377913051984084536e-02
4.587056383772426670e+03 1.333728737948804310e+00 5.334174972947132443e-02
4.591643440156200086e+03 1.251112160166425014e+00 6.629984094405788619e-02
4.596235083596357981e+03 1.173297342335787974e+00 5.778009690919360536e-02
4.600831318679955984e+03 1.145810514284347770e+00 5.377172411737163316e-02
4.605432149998637215e+03 1.151797228302048337e+00 6.076676960034962938e-02
4.610037582148637739e+03 1.189257557018177813e+00 6.199836793299294546e-02
4.614647619730787483e+03 1.229953535137604526e+00 6.681355565055846490e-02
4.619262267350520233e+03 1.263282713564216175e+00 6.680750257926298952e-02
4.623881529617872729e+03 1.292011133494538777e+00 6.162314112675962990e-02
4.628505411147491941e+03 1.324325088539044293e+00 5.810820804203482848e-02
4.633133916558640522e+03 1.345487481631637783e+00 6.262832276662141928e-02
4.637767050475200449e+03 1.358691812807391930e+00 6.259599077813039758e-02
4.642404817525677572e+03 1.359736610439825188e+00 5.826889155830219935e-02
4.647047222343205249e+03 1.388933180015149871e+00 5.411111516306529867e-02
4.651694269565549803e+03 1.429398446098185893e+00 6.537691444208700020e-02
4.656345963835116891e+03 1.504188541314625871e+00 6.313495939403836188e-02
4.661002309798953320e+03 1.545387869245783641e+00 6.036515567568585122e-02
4.665663312108753416e+03 1.585474846238355662e+00 5.374788157997878457e-02
4.670328975420864481e+03 1.620544979039866273e+00 4.818532538221546868e-02
4.674999304396286789e+03 1.620430223415148419e+00 4.806562348211063096e-02
4.679674303700684504e+03 1.563794885478388519e+00 5.088943597575502215e-02
4.684353978004386590e+03 1.497548666096900849e+00 4.735019341576192364e-02
4.689038331982392265e+03 1.443289946497299248e+00 4.446770510750165661e-02
4.693727370314376458e+03 1.397199869197640831e+00 4.373583434700352435e-02
4.698421097684692540e+03 1.374860595911521877e+00 4.385826196227936985e-02
4.703119518782378691e+03 1.382142713261341971e+00 4.531678433972103487e-02
4.707822638301162442e+03 1.385672773833619198e+00 4.002244592972711151e-02
4.712530460939465229e+03 1.371029762924552919e+00 3.874345212486782208e-02
4.717242991400406027e+03 1.359809634407272316e+00 3.731908701570461201e-02
4.721960234391808626e+03 1.332438869997484288e+00 3.700800246622307915e-02
4.726682194626201635e+03 1.277770423721311666e+00 4.144829771746781633e-02
4.731408876820829391e+03 1.209424507774393698e+00 3.818837267010202763e-02
4.736140285697651962e+03 1.165120883074248326e+00 3.568682816236940641e-02
4.740876425983350600e+03 1.143081490846577619e+00 3.570102199931738524e-02
4.745617302409335934e+03 1.136691947715858353e+00 3.853012053943229154e-02
4.750362919711747054e+03 1.122177404979083359e+00 4.074472332959590271e-02
4.755113282631459697e+03 1.120451155251264597e+00 4.086009010876578279e-02
4.759868395914093526e+03 1.139250204169446778e+00 3.589293485355736502e-02
4.764628264310008490e+03 1.140533168870859981e+00 3.471216443262600121e-02
4.769392892574320285e+03 1.136545212552145134e+00 3.464548421042406429e-02
4.774162285466896719e+03 1.131829482897722006e+00 3.492841052998096191e-02
4.778936447752364984e+03 1.120753618108031313e+00 3.957713112168849412e-02
4.783715384200118933e+03 1.066465510136826556e+00 4.092492414562883679e-02
4.788499099584319993e+03 9.840838484846281542e-01 4.141394825330737411e-02
4.793287598683906253e+03 8.874800747943289991e-01 4.167815934986203452e-02
4.798080886282591564e+03 7.550977926256683403e-01 4.528980918734447358e-02
4.802878967168876443e+03 6.040775204893991113e-01 5.831632970821468837e-02
4.807681846136046261e+03 4.788120513485045193e-01 6.336983965993370216e-02
4.812489527982183972e+03 4.273856918414997708e-01 6.119155075899655044e-02
4.817302017510168298e+03 4.092957179537715651e-01 5.603579051087041740e-02
4.822119319527679181e+03 4.431148067163753757e-01 5.563541093379126279e-02
4.826941438847208701e+03 5.319540746432217526e-01 6.119819917604980841e-02
4.831768380286057436e+03 6.600917560738108758e-01 6.941933724988980092e-02
4.836600148666345376e+03 8.271952232954968842e-01 5.821125022813140870e-02
4.841436748815013743e+03 9.914140955827887014e-01 4.845469413558059490e-02
4.846278185563829538e+03 1.150173838424308759e+00 4.183257911965813231e-02
4.851124463749395545e+03 1.283575406261004748e+00 3.834140575765829922e-02
4.855975588213146693e+03 1.363105575160825866e+00 3.785880079988503816e-02
4.860831563801360971e+03 1.413317693153521404e+00 3.798341615568201490e-02
4.865692395365163975e+03 1.405786935937813231e+00 3.433251843408032661e-02
4.870558087760530725e+03 1.362195270315888829e+00 3.575763225981460486e-02
4.875428645848292945e+03 1.281625154910996933e+00 4.148310968604525251e-02
4.880304074494142696e+03 1.188995123077528859e+00 5.103789551260735913e-02
4.885184378568638749e+03 1.102000009803428826e+00 5.698299035033647236e-02
4.890069562947209306e+03 1.040668884251366721e+00 5.878642972093602731e-02
4.894959632510157462e+03 9.867088288129925999e-01 5.396154398503449218e-02
4.899854592142669389e+03 1.013834163792328269e+00 4.989730114531997635e-02
4.904754446734813428e+03 1.096870550161099800e+00 6.401779969979934370e-02
4.909659201181550088e+03 1.220564368764528007e+00 7.196097758885572349e-02
4.914568860382732964e+03 1.369381754791058947e+00 7.492039489134035002e-02
4.919483429243117826e+03 1.531787384644074157e+00 6.945648854301697539e-02
4.924402912672362618e+03 1.649156460320553963e+00 5.458595705725315106e-02
4.929327315585036558e+03 1.685847111030951639e+00 5.597579770315144060e-02
4.934256642900622865e+03 1.690055457372442671e+00 6.436660981301045581e-02
4.939190899543525120e+03 1.643304477803054331e+00 6.446069012803617992e-02
4.944130090443070912e+03 1.562824100487106849e+00 5.575219398408753219e-02
4.949074220533515472e+03 1.447866700496577952e+00 4.633294577907969003e-02
4.954023294754050767e+03 1.335032426564967789e+00 4.690978277954253178e-02
4.958977318048806410e+03 1.216316251738506660e+00 4.940552886258973986e-02
4.963936295366856939e+03 1.091616635878246200e+00 5.066354298384138227e-02
4.968900231662225451e+03 1.001626878658085751e+00 5.226177478033136592e-02
4.973869131893889062e+03 9.273870423239003458e-01 5.177150393371805076e-02
4.978843001025784361e+03 8.757815197730898227e-01 5.227092910077252297e-02
4.983821844026811959e+03 8.054171090359302232e-01 6.583853369393322108e-02
4.988805665870840130e+03 8.143554047962646703e-01 5.596993557748024262e-02
4.993794471536712990e+03 8.943151272227184423e-01 5.338313804639597399e-02
4.998788266008251412e+03 1.038310649556099197e+00 6.659020217677105724e-02
5.003787054274261209e+03 1.213199124693484121e+00 7.128047124240192989e-02
5.008790841328536771e+03 1.425975409716187414e+00 7.302252820164774338e-02
5.013799632169867436e+03 1.650923229876631870e+00 6.002129238054831895e-02
5.018813431802038394e+03 1.804610224978131283e+00 5.204032473985756996e-02
5.023832245233842514e+03 1.883548861090939441e+00 4.877608574272605801e-02
5.028856077479077612e+03 1.880450676263528242e+00 5.438660098686735889e-02
5.033884933556558281e+03 1.829254076176352051e+00 5.644210316454915943e-02
5.038918818490116792e+03 1.681787325831259006e+00 6.911031207481366234e-02
5.043957737308608557e+03 1.543441858528019628e+00 6.736776607678938988e-02
5.049001695045918495e+03 1.423198754384977338e+00 6.239631993933242998e-02
5.054050696740966487e+03 1.333577205032288493e+00 5.849588598366281533e-02
5.059104747437709193e+03 1.247393462827479871e+00 5.562326890398920642e-02
5.064163852185148244e+03 1.265147282845089372e+00 6.240666793827862741e-02
5.069228016037335692e+03 1.268319713738681687e+00 5.233145369419149595e-02
5.074297244053374015e+03 1.275410048578407674e+00 4.349729530883752332e-02
5.079371541297429758e+03 1.262223474728354500e+00 4.429166276802828928e-02
5.084450912838728073e+03 1.244049652290584396e+00 4.837052428354104289e-02
5.089535363751569093e+03 1.245928916043590240e+00 4.679830482554994675e-02
5.094624899115322478e+03 1.210655681907316206e+00 4.679185276232789015e-02
5.099719524014439230e+03 1.148458535363118038e+00 4.427184992127990160e-02
5.104819243538455339e+03 1.074328671042292571e+00 4.412724606283494055e-02
5.109924062781995417e+03 9.864617007692368933e-01 4.221828226467705392e-02
5.115033986844779065e+03 8.908754030882499730e-01 4.382310113117313111e-02
5.120149020831625421e+03 7.928188242530364027e-01 4.455271567194118293e-02
5.125269169852458617e+03 7.209147241786385552e-01 4.348867831619841751e-02
5.130394439022313236e+03 6.675533013647253489e-01 4.169011922418284360e-02
5.135524833461337039e+03 5.947285104826847135e-01 4.106778339668579192e-02
5.140660358294800062e+03 5.166140150116698138e-01 3.280961318655763875e-02
5.145801018653096435e+03 4.838072277645872332e-01 2.824243628557819921e-02
5.150946819671751655e+03 5.119159469564473763e-01 2.764051665547537923e-02
5.156097766491425318e+03 6.221432079139215254e-01 3.898676952569812837e-02
5.161253864257918394e+03 7.478735711860373669e-01 4.278055304735731840e-02
5.166415118122177773e+03 8.757966928156915021e-01 3.914599213950081813e-02
5.171581533240301724e+03 9.814792885970902159e-01 3.766820488061345396e-02
5.176753114773543530e+03 1.066504071355894201e+00 3.729033572992788981e-02
5.181929867888318768e+03 1.110864713541738436e+00 3.727647075680114858e-02
5.187111797756208944e+03 1.150371170019608869e+00 3.973665918395492130e-02
5.192298909553966951e+03 1.160035190639912450e+00 4.409494460759601220e-02
5.197491208463522526e+03 1.165126857033756069e+00 4.633840348579110202e-02
5.202688699671987706e+03 1.197716321484553870e+00 4.939288400978350535e-02
5.207891388371661378e+03 1.199462382973876862e+00 4.951827277943993133e-02
5.213099279760034733e+03 1.177662260085175383e+00 5.058688835134556722e-02
5.218312379039796724e+03 1.171249389552769138e+00 5.092370767141154997e-02
5.223530691418837705e+03 1.165805805040117438e+00 4.842721180237814088e-02
5.228754222110258524e+03 1.180412517908856040e+00 4.629683242418208139e-02
5.233982976332370527e+03 1.200641040697794981e+00 4.688692977400566592e-02
5.239216959308704645e+03 1.209759434880707474e+00 4.907206657752207629e-02
5.244456176268015042e+03 1.235033438538080786e+00 4.372277830656046138e-02
5.249700632444284565e+03 1.262251346837659716e+00 4.379159458109327385e-02
5.254950333076731113e+03 1.299566479180716660e+00 4.848702455906761521e-02
5.260205283409809454e+03 1.366173521302882721e+00 5.674960153913782140e-02
5.265465488693221232e+03 1.372091540005951238e+00 5.429015260379500135e-02
5.270730954181915877e+03 1.371595519705088417e+00 5.041732983209690905e-02
5.276001685136099695e+03 1.346846114877141565e+00 5.080255885247450531e-02
5.281277686821237694e+03 1.297021866943253610e+00 6.011718323024257266e-02
5.286558964508059944e+03 1.200029154527140429e+00 6.424627606972559135e-02
5.291845523472569766e+03 1.142514246529384048e+00 5.250683772809319749e-02
5.297137368996044643e+03 1.115096376143610346e+00 4.128493158522383161e-02
5.302434506365042580e+03 1.140762654827074618e+00 5.062587660358051217e-02
5.307736940871409388e+03 1.213168347814658210e+00 5.667425478904832697e-02
5.313044677812282316e+03 1.279306664105163582e+00 5.740817766051147658e-02
5.318357722490096421e+03 1.351993328756512236e+00 4.999532034847016526e-02
5.323676080212588204e+03 1.422810916815344884e+00 4.380036815152112128e-02
5.328999756292802886e+03 1.476872686462599615e+00 4.098880201125105344e-02
5.334328756049097137e+03 1.487769817880776113e+00 4.538088437344787313e-02
5.339663084805148173e+03 1.474805185559111109e+00 4.801872856582089372e-02
5.345002747889954662e+03 1.462347811058153146e+00 4.463657532707460823e-02
5.350347750637846730e+03 1.441795097572122319e+00 3.763462748504931704e-02
5.355698098388485960e+03 1.449572043491751172e+00 4.008463519498106642e-02
5.361053796486876308e+03 1.480223628583446693e+00 4.181582454558908923e-02
5.366414850283365013e+03 1.494577467078821220e+00 4.090643974689347345e-02
5.371781265133649867e+03 1.526830746149369311e+00 3.142716347115394326e-02
5.377153046398785591e+03 1.528959574381528075e+00 3.386076213324105966e-02
5.382530199445186554e+03 1.521393197258557706e+00 3.725122319373446594e-02
5.387912729644633146e+03 1.508444784009693507e+00 3.765759307511725579e-02
5.393300642374279960e+03 1.490350048910485725e+00 3.142722013750111343e-02
5.398693943016655794e+03 1.502665977786665996e+00 3.053439220314627806e-02
5.404092636959673655e+03 1.539637653742308210e+00 2.907293867098918044e-02
5.409496729596635305e+03 1.595254952856460573e+00 3.100307043255036421e-02
5.414906226326233991e+03 1.687066147258003079e+00 4.450345771210541257e-02
5.420321132552561721e+03 1.764612831003789850e+00 4.842775305144607356e-02
5.425741453685116539e+03 1.829215982791033035e+00 3.964379483980270957e-02
5.431167195138803436e+03 1.872355513976719843e+00 3.207679947963074096e-02
5.436598362333943442e+03 1.877254418620764254e+00 3.578308606697075400e-02
5.442034960696279086e+03 1.827324795307730954e+00 3.657040526559186822e-02
5.447476995656978033e+03 1.773449421297200068e+00 3.318169934818177708e-02
5.452924472652636723e+03 1.717794972026106759e+00 3.449235509938405192e-02
5.458377397125291282e+03 1.648993937555307987e+00 3.289579595416494695e-02
5.463835774522417523e+03 1.582415343714115297e+00 3.290628848032603471e-02
5.469299610296941864e+03 1.526853455110375402e+00 3.519985102612730593e-02
5.474768909907241323e+03 1.470949979869707214e+00 3.670314670812603597e-02
5.480243678817149885e+03 1.399898602699660710e+00 4.218547069009893902e-02
5.485723922495968509e+03 1.381674343169366104e+00 4.289455164164304724e-02
5.491209646418466946e+03 1.399349422716386737e+00 4.308925871755553416e-02
5.496700856064887375e+03 1.432449072220533859e+00 4.375478304138473440e-02
5.502197556920953502e+03 1.496857395357080733e+00 4.425897806681880486e-02
5.507699754477876013e+03 1.569534825777460840e+00 4.405525004183537263e-02
5.513207454232356213e+03 1.680445600478054358e+00 4.751101723964427231e-02
5.518720661686590574e+03 1.807985298298717014e+00 4.287015574850647909e-02
5.524239382348278923e+03 1.911061269669943830e+00 3.807198685925644588e-02
5.529763621730628984e+03 1.987268673018785847e+00 3.400409513235763681e-02
5.535293385352360929e+03 2.028198783384203008e+00 3.520862276189859474e-02
5.540828678737715563e+03 2.011652261762387095e+00 4.323369666767445246e-02
5.546369507416455235e+03 1.976252535916539710e+00 4.453677064224934729e-02
5.551915876923872929e+03 1.893409582182244311e+00 3.770223689705241854e-02
5.557467792800798634e+03 1.838740580669713465e+00 3.715980297092177226e-02
5.563025260593602070e+03 1.785774028755577225e+00 3.457389849287420547e-02
5.568588285854197238e+03 1.740475039344430153e+00 3.282769371580291501e-02
5.574156874140053333e+03 1.730486416607742939e+00 2.917306388054478200e-02
5.579731031014194741e+03 1.711414863508369466e+00 3.145396343413113527e-02
5.585310762045211050e+03 1.685188851808150590e+00 3.330351226174949747e-02
5.590896072807257951e+03 1.650852316876014081e+00 2.878865817934175494e-02
5.596486968880067252e+03 1.593633043399327764e+00 2.677039069345996114e-02
5.602083455848949598e+03 1.503342818008160053e+00 2.813198678064734656e-02
5.607685539304799931e+03 1.408244250648746032e+00 3.642681557143703092e-02
5.613293224844106589e+03 1.308176930232166857e+00 3.370727843602954604e-02
5.618906518068952209e+03 1.230265482006207112e+00 2.793758895863814734e-02
5.624525424587023736e+03 1.166017484711524999e+00 2.746391311517631939e-02
5.630149950011612418e+03 1.137371368205777333e+00 2.755150644865476256e-02
5.635780099961625638e+03 1.167095890856968410e+00 2.689538475173830837e-02
5.641415880061589633e+03 1.241434991789390985e+00 2.699745507405880429e-02
5.647057295941652228e+03 1.353934645404479831e+00 3.490897415640766693e-02
5.652704353237596479e+03 1.534183273291789273e+00 4.890051091740350853e-02
5.658357057590835211e+03 1.676133123675777048e+00 4.479094199550736483e-02
5.664015414648428305e+03 1.813597521363518927e+00 4.309860973959487446e-02
5.669679430063079053e+03 1.915763819692432035e+00 3.869770722589236517e-02
5.675349109493143260e+03 1.968477157502264818e+00 4.208928621613598070e-02
5.681024458602638333e+03 1.986965021451600810e+00 4.373006602225295442e-02
5.686705483061243285e+03 1.978582808428609674e+00 4.751178123470915782e-02
5.692392188544306009e+03 1.958093546671597851e+00 4.719581121391357159e-02
5.698084580732852373e+03 1.907314090754146374e+00 4.340593660414007737e-02
5.703782665313587131e+03 1.854226677701719783e+00 4.237665421265004312e-02
5.709486447978903016e+03 1.811706770942203004e+00 4.296304611418580444e-02
5.715195934426883468e+03 1.748126921981017601e+00 4.099709300856507060e-02
5.720911130361312644e+03 1.728626720938575945e+00 4.022068412241831120e-02
5.726632041491675409e+03 1.737209347869505205e+00 3.412665107574033158e-02
5.732358673533169167e+03 1.729384619536741718e+00 3.448265644912605621e-02
5.738091032206703858e+03 1.714932316807634471e+00 3.455257463861122896e-02
5.743829123238912871e+03 1.707884218234203555e+00 3.423262074850558223e-02
5.749572952362153046e+03 1.691970733794003090e+00 3.444291769740611547e-02
5.755322525314517407e+03 1.686187153921999471e+00 3.331695776092626765e-02
5.761077847839834249e+03 1.676463803691066179e+00 2.911351314073931315e-02
5.766838925687675328e+03 1.640280764721526729e+00 3.009340342504554858e-02
5.772605764613364954e+03 1.598430859413604743e+00 2.863504123206263297e-02
5.778378370377980900e+03 1.532077866768555952e+00 2.678461390111918153e-02
5.784156748748360769e+03 1.431901281161166883e+00 2.872432176913803509e-02
5.789940905497111089e+03 1.326225400243184138e+00 3.327752387415568169e-02
5.795730846402610041e+03 1.211239918467923005e+00 2.757668251680297361e-02
5.801526577249013826e+03 1.117186340844610548e+00 2.921436388893541847e-02
5.807328103826264851e+03 1.032205384235630241e+00 2.935218766997123654e-02
5.813135431930093546e+03 9.275240198169611983e-01 3.094846837292537442e-02
5.818948567362025642e+03 8.437439720808761479e-01 2.979269475748429555e-02
5.824767515929389447e+03 7.600774158333127861e-01 2.888021899428484807e-02
5.830592283445320390e+03 7.076749612116490784e-01 2.972761248963344191e-02
5.836422875728768304e+03 6.481024784741444833e-01 4.096341244015992006e-02
5.842259298604498326e+03 6.412681596382812099e-01 3.978385672761753505e-02
5.848101557903105459e+03 6.615851343808916152e-01 3.155669513572242901e-02
5.853949659461010015e+03 7.568864218483160045e-01 3.108316833053649531e-02
5.859803609120473084e+03 8.920377183717460579e-01 3.130755679030033239e-02
5.865663412729595620e+03 1.065368719506430528e+00 3.332725074672612808e-02
5.871529076142326630e+03 1.304659872521285013e+00 4.527735571977922063e-02
5.877400605218471355e+03 1.552779833405132148e+00 4.810286550662631194e-02
5.883278005823691274e+03 1.773697863962485410e+00 3.848676201873274527e-02
5.889161283829516833e+03 1.947163108825041178e+00 3.513175750370276657e-02
5.895050445113348360e+03 2.077248089160009581e+00 3.711820774596879396e-02
5.900945495558464245e+03 2.149906290396100594e+00 3.512933509256770115e-02
5.906846441054024581e+03 2.185066043794256174e+00 3.699056941638147189e-02
5.912753287495080258e+03 2.156844679253265618e+00 3.726355883487014742e-02
5.918666040782577511e+03 2.112953752493038628e+00 3.560950607878476948e-02
5.924584706823361557e+03 2.028828870173236432e+00 3.279190489974758566e-02
5.930509291530187511e+03 1.944888846350077527e+00 3.172521972315744954e-02
5.936439800821719473e+03 1.853544154552094980e+00 3.310996741363651796e-02
5.942376240622543264e+03 1.755090697273983258e+00 3.794576238954783937e-02
5.948318616863167335e+03 1.680098961461097717e+00 3.569047204092716530e-02
5.954266935480032771e+03 1.635449367804673759e+00 3.445405000679831881e-02
5.960221202415515108e+03 1.639516433911784254e+00 4.050384893771799555e-02
5.966181423617932523e+03 1.632258548429223577e+00 4.178670921357678647e-02
5.972147605041552197e+03 1.608250136438337696e+00 4.251432526901410824e-02
5.978119752646595771e+03 1.610012902512374389e+00 4.396047030352854407e-02
5.984097872399243897e+03 1.627090046228475195e+00 4.210797611609715108e-02
5.990081970271645332e+03 1.656596361716295318e+00 3.624087478667510631e-02
5.996072052241918755e+03 1.647297493011623093e+00 3.589295258179372311e-02
6.002068124294162772e+03 1.629295611436890168e+00 3.696620348306717957e-02
6.008070192418459555e+03 1.601258045985999745e+00 3.689195558277256343e-02
6.014078262610879392e+03 1.569974832711344526e+00 3.635383343223638763e-02
6.020092340873492503e+03 1.523303225217476520e+00 3.195674530705870653e-02
6.026112433214368139e+03 1.505198312840525077e+00 3.142857807500061551e-02
6.032138545647584579e+03 1.499848661666372207e+00 3.241588700100452025e-02
6.038170684193233683e+03 1.487889167711647476e+00 3.143352221859138651e-02
6.044208854877429076e+03 1.493547717455473434e+00 3.130396987491902011e-02
6.050253063732308874e+03 1.503262346512133307e+00 3.052190559971697942e-02
6.056303316796042964e+03 1.512603843726341379e+00 2.957641690460717163e-02
6.062359620112841185e+03 1.525087327066510179e+00 3.495938844324467804e-02
6.068421979732956061e+03 1.535894477449107232e+00 3.842194843680738631e-02
6.074490401712690982e+03 1.540241844449922848e+00 2.936569999836646100e-02
6.080564892114405666e+03 1.476396429840979518e+00 3.291679673685289631e-02
6.086645457006521610e+03 1.401391206955749480e+00 3.209265394134531990e-02
6.092732102463530282e+03 1.310495148184219749e+00 4.393268032410839463e-02
6.098824834565995843e+03 1.240339578791515018e+00 4.691185932399774550e-02
6.104923659400564247e+03 1.186999130324045693e+00 4.515971034942867224e-02
6.111028583059966877e+03 1.198642757754553978e+00 4.411861461928237582e-02
6.117139611643028729e+03 1.218565572127703778e+00 4.468067890244848545e-02
6.123256751254673873e+03 1.297328833235392942e+00 4.962283101616698361e-02
6.129380008005929994e+03 1.376909175425944820e+00 5.191198812655484218e-02
6.135509388013938405e+03 1.493027796248501460e+00 5.009927998447499115e-02
6.141644897401954040e+03 1.601056725891518484e+00 4.254198292413760574e-02
6.147786542299358189e+03 1.710844184604200180e+00 2.730168819981294154e-02
6.153934328841659408e+03 1.741215794002213935e+00 3.089625761595768058e-02
6.160088263170503524e+03 1.714054132781824835e+00 3.776740478953493491e-02
6.166248351433675452e+03 1.681696103000585918e+00 3.452448204562837131e-02
6.172414599785111022e+03 1.619941255669824498e+00 3.080170267517173821e-02
6.178587014384898794e+03 1.534861066054130418e+00 2.691065921912344505e-02
6.184765601399285515e+03 1.456076973537148156e+00 2.695433865259956249e-02
6.190950367000687038e+03 1.374135139908723158e+00 2.789130056682085496e-02
6.197141317367689226e+03 1.301343253504844144e+00 2.896399202075548851e-02
6.203338458685059777e+03 1.252873810358717588e+00 3.081245050185760226e-02
6.209541797143746408e+03 1.224617591170714670e+00 3.016592275424274938e-02
6.215751338940892310e+03 1.209026131393509784e+00 2.843569498736857326e-02
6.221967090279835247e+03 1.214526920208679694e+00 2.861138883994965645e-02
6.228189057370116643e+03 1.252481253028322028e+00 2.852209227463403315e-02
6.234417246427488863e+03 1.301555898319821214e+00 2.981201637441905847e-02
6.240651663673918847e+03 1.362166969966203123e+00 3.108286671425506201e-02
6.246892315337594482e+03 1.409760259051409115e+00 2.972578521811768473e-02
6.253139207652934601e+03 1.436783942094490341e+00 2.858663522609718177e-02
6.259392346860589896e+03 1.463622698288479240e+00 2.892221410207842722e-02
6.265651739207452010e+03 1.472378805977480498e+00 2.888733796601711951e-02
6.271917390946661726e+03 1.451105310728590059e+00 2.499582411267263493e-02
6.278189308337610782e+03 1.426612261704877982e+00 1.883334833261299940e-02
6.284467497645950061e+03 1.396959629101815814e+00 1.891757938130652836e-02
6.290751965143597772e+03 1.368397833204319181e+00 1.823043958610098478e-02
6.297042717108744000e+03 1.352018163844925791e+00 1.922226441169265498e-02
6.303339759825854344e+03 1.345513051197133381e+00 1.836723149937452559e-02
6.309643099585682648e+03 1.341362235470286324e+00 1.999038539759248265e-02
6.315952742685270096e+03 1.324389576564064974e+00 2.024274110836716406e-02
6.322268695427957937e+03 1.306644781256865562e+00 1.998065708734420368e-02
6.328590964123387494e+03 1.280377602548789406e+00 2.693084480456745672e-02
6.334919555087512890e+03 1.292633260175226617e+00 2.783947204158258512e-02
6.341254474642602872e+03 1.308769871951843466e+00 3.135612947099095799e-02
6.347595729117247174e+03 1.313565501829957016e+00 3.261582390849282476e-02
6.353943324846366522e+03 1.313520869619476450e+00 3.230695331488528388e-02
6.360297268171215364e+03 1.310507201234859087e+00 3.172229734177990645e-02
6.366657565439388236e+03 1.305015672032672436e+00 3.138390987274490562e-02
6.373024223004829764e+03 1.290950659836969105e+00 3.147662822334410665e-02
6.379397247227837397e+03 1.264918006702422604e+00 3.098957168162221054e-02
6.385776644475066860e+03 1.233870039261996565e+00 3.159290071208521039e-02
6.392162421119543978e+03 1.198945368925944610e+00 3.368442311102408382e-02
6.398554583540665590e+03 1.181076482504860303e+00 3.455647595251359200e-02
6.404953138124208635e+03 1.178762960609800681e+00 3.585002736066188883e-02
6.411358091262334710e+03 1.177634239162893559e+00 3.743745385306142953e-02
6.417769449353599157e+03 1.196439855745104808e+00 4.168407830568869599e-02
6.424187218802954703e+03 1.180319410608044350e+00 4.232818483314556429e-02
6.430611406021760558e+03 1.186564586073550309e+00 3.195493276075338229e-02
6.437042017427784231e+03 1.135245124428557739e+00 3.082084327966307796e-02
6.443479059445214261e+03 1.043775912483596136e+00 3.307965054587781728e-02
6.449922538504661134e+03 9.080229003611565153e-01 3.056608739649878739e-02
6.456372461043168187e+03 7.886952685011886510e-01 3.199854565520336008e-02
6.462828833504213435e+03 6.842040286796274851e-01 3.084266061787341306e-02
6.469291662337719572e+03 5.752703299931700709e-01 3.107543082712671545e-02
6.475760954000059428e+03 4.776519998661958311e-01 2.882861700275173023e-02
6.482236714954061426e+03 4.159124167880878797e-01 2.327564362199439560e-02
6.488718951669017770e+03 4.188118788962341688e-01 2.332490388258740693e-02
6.495207670620688987e+03 4.738532065715733710e-01 2.355754876703494358e-02
6.501702878291312118e+03 5.912925987138872852e-01 2.240217312072570466e-02
6.508204581169605262e+03 7.446282711128318077e-01 2.285883722990090378e-02
6.514712785750777584e+03 9.243784996216449779e-01 2.567413426455088590e-02
6.521227498536530220e+03 1.121297401008076289e+00 2.865396036026274587e-02
6.527748726035069012e+03 1.331582369525422749e+00 2.816320457781789841e-02
6.534276474761106329e+03 1.565584396871455120e+00 2.931880136261555067e-02
6.540810751235869247e+03 1.777989457778176741e+00 2.904909736712143337e-02
6.547351561987107743e+03 1.971328922560038333e+00 2.802422880961083149e-02
6.553898913549096505e+03 2.137071338538950371e+00 2.733007513886365897e-02
6.560452812462647671e+03 2.266728327342633964e+00 2.657493382968355994e-02
6.567013265275112644e+03 2.342130664556882014e+00 2.725919268160669276e-02
6.573580278540390282e+03 2.368915218998680849e+00 2.533536629674452978e-02
6.580153858818932349e+03 2.369143525311309340e+00 2.564135446571189081e-02
6.586734012677753526e+03 2.334616250480240573e+00 2.498130447579287663e-02
6.593320746690433225e+03 2.252513353945225560e+00 2.611537431470303816e-02
6.599914067437126505e+03 2.150750693934066149e+00 2.624201822157657543e-02
6.606513981504565891e+03 2.023580619254604862e+00 2.611872581448630368e-02
6.613120495486072286e+03 1.892097133056581226e+00 2.632291590584584159e-02
6.619733615981560433e+03 1.740254861072362047e+00 2.313081776798526709e-02
6.626353349597544366e+03 1.604846937332133017e+00 2.254127377781980218e-02
6.632979702947143778e+03 1.488733197529960917e+00 2.281419403013512648e-02
6.639612682650093120e+03 1.387219252493689048e+00 2.169130641961456926e-02
6.646252295332745234e+03 1.320674909707773459e+00 1.994155320789543773e-02
6.652898547628080451e+03 1.252784151389907397e+00 1.732421532871956590e-02
6.659551446175711135e+03 1.214833566800249898e+00 1.803348957868364591e-02
6.666210997621888964e+03 1.190066418595880249e+00 1.474233659371213326e-02
6.672877208619513112e+03 1.160665514265671217e+00 1.728692002926427232e-02
6.679550085828134797e+03 1.150975118976776290e+00 1.829207384803023181e-02
6.686229635913964557e+03 1.149697996168516978e+00 1.763432475506214459e-02
6.692915865549881346e+03 1.146173050615930666e+00 1.621699223185014277e-02
6.699608781415433441e+03 1.163966378010117264e+00 1.752777785541617672e-02
6.706308390196851178e+03 1.168061868345435794e+00 1.870026014001623105e-02
6.713014698587049679e+03 1.191267830738768740e+00 1.982404012184446271e-02
6.719727713285638856e+03 1.212119453261947699e+00 2.062920276998290656e-02
6.726447440998927050e+03 1.227752721490943388e+00 2.060726425685475288e-02
6.733173888439928305e+03 1.229251796205240277e+00 1.988690932636281647e-02
6.739907062328370557e+03 1.227771228719930052e+00 1.966496538515261419e-02
6.746646969390701088e+03 1.219174067874406076e+00 1.965336611369202305e-02
6.753393616360093802e+03 1.186621572967991201e+00 1.994810116052867996e-02
6.760147009976456502e+03 1.159127107596746864e+00 2.007779684124523165e-02
6.766907156986434529e+03 1.135048584127635429e+00 2.000999532614140819e-02
6.773674064143423493e+03 1.108381449687459996e+00 2.071244742903448344e-02
6.780447738207569273e+03 1.076993150458354309e+00 2.117354399529938411e-02
6.787228185945778932e+03 1.040898690683420558e+00 2.126594592598380490e-02
6.794015414131727084e+03 1.005808669446674575e+00 2.161317154087807196e-02
6.800809429545861349e+03 9.724992399165073298e-01 2.319728370504408818e-02
6.807610238975408720e+03 9.303064601564869918e-01 2.089432374229057907e-02
6.814417849214386479e+03 9.145348835236205565e-01 2.146501163188039782e-02
6.821232267063603103e+03 9.027341882919255323e-01 2.189347361663509725e-02
6.828053499330669183e+03 8.949932881727060696e-01 2.128615264353264994e-02
6.834881552830001965e+03 8.820895975166576086e-01 1.661533649545779770e-02
6.841716434382834450e+03 9.074369470732089882e-01 1.706978932142748720e-02
6.848558150817219939e+03 9.431919585366562719e-01 2.028726892843981874e-02
6.855406708968039311e+03 9.736739251029837838e-01 2.000233285830118127e-02
6.862262115677009206e+03 9.892978952853490604e-01 2.150706127418086644e-02
6.869124377792688392e+03 1.008683030939836245e+00 2.140609591852107169e-02
6.875993502170483225e+03 1.012869545033581842e+00 2.141644458247858596e-02
6.882869495672656740e+03 1.004267187230395431e+00 2.068416519451174093e-02
6.889752365168331380e+03 9.925267865740282636e-01 1.989868904179313558e-02
6.896642117533501732e+03 9.817475310541121658e-01 1.926737442250689436e-02
6.903538759651037253e+03 9.849641249950996658e-01 1.943188034591866384e-02
6.910442298410691365e+03 9.782155557634710785e-01 1.996340187227614582e-02
6.917352740709104182e+03 9.802107093218772604e-01 2.179791189933466891e-02
6.924270093449815249e+03 9.746851187170083586e-01 2.247128970079742202e-02
6.931194363543267173e+03 9.536374443666562062e-01 2.181833888233232141e-02
6.938125557906812901e+03 9.337405133016907222e-01 2.164274966359344340e-02
6.945063683464722089e+03 9.172233357271610821e-01 2.259120556340012825e-02
6.952008747148189286e+03 8.896647884643239523e-01 2.453077328041277511e-02
6.958960755895339389e+03 8.711814715306465118e-01 2.246772701816823412e-02
6.965919716651237650e+03 8.566182540823277236e-01 2.036000654757733064e-02
6.972885636367890584e+03 8.585794086589573215e-01 1.936595422555801096e-02
6.979858522004260521e+03 8.878429508796119585e-01 1.937517406367259692e-02
6.986838380526267429e+03 9.178059408736449765e-01 2.143534671006758902e-02
6.993825218906796181e+03 9.507016261224854325e-01 2.384694695759408123e-02
7.000819044125705659e+03 9.775313008644169743e-01 2.340271706395920942e-02
7.007819863169833297e+03 9.986331048261271048e-01 2.250567161002283920e-02
7.014827683033005087e+03 1.013819896231339834e+00 2.299843513877740386e-02
7.021842510716041033e+03 1.007327269114806301e+00 2.450546346874594300e-02
7.028864353226758794e+03 9.981247196760312246e-01 2.383000405719693654e-02
7.035893217579988232e+03 9.681719918786477752e-01 2.364286155364309430e-02
7.042929110797570502e+03 9.539203496668683391e-01 2.163184306707579066e-02
7.049972039908370789e+03 9.496738245489689811e-01 2.221437470559983404e-02
7.057022011948281033e+03 9.578546342639074895e-01 2.358232070142363482e-02
7.064079033960231754e+03 9.521211384800637445e-01 2.314801037299989150e-02
7.071143112994193871e+03 9.407630124358149493e-01 2.321783810685992128e-02
7.078214256107190522e+03 9.224969524755428640e-01 2.323879362708175522e-02
7.085292470363300708e+03 9.042469840714186802e-01 2.247246631438731476e-02
7.092377762833665656e+03 8.869798715457221094e-01 2.289683787774499449e-02
7.099470140596501551e+03 8.437803449912162357e-01 2.686440998094371396e-02
7.106569610737100447e+03 8.204535012443285868e-01 2.484780313032899923e-02
7.113676180347840273e+03 8.006174844178849392e-01 2.401876936678686708e-02
7.120789856528190285e+03 7.975906939814275676e-01 2.481007480857816416e-02
7.127910646384721076e+03 8.137034500626058042e-01 2.591427871297640947e-02
7.135038557031108212e+03 8.265085478375814310e-01 2.587405411218631976e-02
7.142173595588141325e+03 8.260789375411851099e-01 2.315721666496908110e-02
7.149315769183732300e+03 8.370974522509867510e-01 2.211750824316043376e-02
7.156465084952918005e+03 8.277206967724926034e-01 2.252736206422856907e-02
7.163621550037873021e+03 8.157332465833389001e-01 2.423733365440577589e-02
7.170785171587913283e+03 7.956635176383421992e-01 2.219953373483215045e-02
7.177955956759504261e+03 7.714188421575114418e-01 2.221948724548366422e-02
7.185133912716265513e+03 7.834696283930644434e-01 2.377270710058147773e-02
7.192319046628984324e+03 7.945950736136256909e-01 2.439668367570910212e-02
7.199511365675615707e+03 8.110068799985311605e-01 2.545607299932910531e-02
7.206710877041294225e+03 8.102933031056495095e-01 2.609978071257112661e-02
7.213917587918337631e+03 8.177755301538813804e-01 2.590536117435546237e-02
7.221131505506257781e+03 8.456286081636080754e-01 2.589213356129431778e-02
7.228352637011767001e+03 8.693537934015121982e-01 2.479931284954293644e-02
7.235580989648780815e+03 8.648655894503201047e-01 2.406283935262830756e-02
7.242816570638432495e+03 8.645597497244371654e-01 2.368772094950051532e-02
7.250059387209073066e+03 8.532683562377739728e-01 2.307697080911302878e-02
7.257309446596284033e+03 8.414861107048384747e-01 2.204814727291663778e-02
7.264566756042882844e+03 8.416853716459398171e-01 2.087421153878458654e-02
7.271831322798928340e+03 8.568373394733367343e-01 2.208248258806488201e-02
7.279103154121729858e+03 8.751688204449566966e-01 2.278405857599329759e-02
7.286382257275853590e+03 8.988236427769407122e-01 2.419698560183542596e-02
7.293668639533132591e+03 8.894544822182979260e-01 2.525965277312517548e-02
7.300962308172667690e+03 9.105584882837207683e-01 2.550920056312080964e-02
7.308263270480842948e+03 8.958320777782708966e-01 2.641599554482159870e-02
7.315571533751325660e+03 8.937213022908083726e-01 2.542951527715870894e-02
7.322887105285079997e+03 8.866712498947130205e-01 2.399473940452545584e-02
7.330209992390367006e+03 8.732955057182968384e-01 2.486129012738532221e-02
7.337540202382760071e+03 8.803221360019899411e-01 2.393473549101512998e-02
7.344877742585144915e+03 8.827232901463584192e-01 2.336768014999723517e-02
7.352222620327733239e+03 8.882058597012862933e-01 2.293679334856447288e-02
7.359574842948062724e+03 8.804179921351137361e-01 2.203400403177399949e-02
7.366934417791013402e+03 8.826060117813999684e-01 2.137898140136279546e-02
7.374301352208806748e+03 8.665801763993355999e-01 2.199006647863306629e-02
7.381675653561018407e+03 8.576618333893782919e-01 2.124425199039202058e-02
7.389057329214581841e+03 8.566244175073348677e-01 2.022791580821242663e-02
7.396446386543798326e+03 8.562805923586698231e-01 1.975176320239378086e-02
7.403842832930345139e+03 8.566149020116076152e-01 1.900556615174846253e-02
7.411246675763277381e+03 8.695371964039696477e-01 2.033517863937912493e-02
7.418657922439043432e+03 8.762750393607106059e-01 2.077252702909480886e-02
7.426076580361484957e+03 8.653875154380437085e-01 2.160100604261155216e-02
7.433502656941848727e+03 8.528863271943967206e-01 2.241497722014931110e-02
7.440936159598792983e+03 8.485126446273224543e-01 2.226238175095527141e-02
7.448377095758394717e+03 8.630473553759477889e-01 2.329174642979857379e-02
7.455825472854155123e+03 8.740149821647945627e-01 2.405832874193254353e-02
7.463281298327012337e+03 8.861999405682744468e-01 2.380842891842195261e-02
7.470744579625341430e+03 8.947790853289830926e-01 2.477769787612179100e-02
7.478215324204968965e+03 8.910013151068654214e-01 2.519396993600417009e-02
7.485693539529176633e+03 8.921689501356246943e-01 2.337597669102438325e-02
7.493179233068708527e+03 8.653774836512176938e-01 2.340864713420032217e-02
7.500672412301779332e+03 8.290072584071783712e-01 2.608215283131946893e-02
7.508173084714083416e+03 7.960230316464181888e-01 2.825067528236214695e-02
7.515681257798800289e+03 7.588339439098060746e-01 3.195997068739814956e-02
7.523196939056601877e+03 7.195352337177154389e-01 3.269784668479082390e-02
7.530720135995660712e+03 6.759135625459662400e-01 3.315107909447336659e-02
7.538250856131659020e+03 6.399198079344521339e-01 3.532667100639211299e-02
7.545789106987793275e+03 5.920043766113687322e-01 3.757707515693349543e-02
7.553334896094783289e+03 5.538964317415642213e-01 3.774334291988975382e-02
7.560888230990880402e+03 5.509912724118486427e-01 3.698925219117380619e-02
7.568449119221873843e+03 5.577735035553162968e-01 3.799695495749628310e-02
7.576017568341098013e+03 5.676537677050776942e-01 3.760316233846575790e-02
7.583593585909441572e+03 5.798710571169094496e-01 3.845888646431388364e-02
7.591177179495353812e+03 5.933505408611138288e-01 3.870805278810937611e-02
7.598768356674851930e+03 6.122320449910956253e-01 3.901150895361083643e-02
7.606367125031529213e+03 6.468497698991013678e-01 4.081580663960474725e-02
7.613973492156563225e+03 6.888886476802673631e-01 4.381659638639289617e-02
7.621587465648722173e+03 7.355938321046844308e-01 4.796325580233767177e-02
7.629209053114373091e+03 7.879374767703138938e-01 5.432818080291686169e-02
7.636838262167490029e+03 8.429476174097556562e-01 6.138436343177405136e-02
7.644475100429660415e+03 8.860658860669037296e-01 6.899463099735082816e-02
7.652119575530092334e+03 9.086440916253122335e-01 6.692597442738222602e-02
7.659771695105625440e+03 9.170145388534556297e-01 8.416574458263852143e-02
7.667431466800733688e+03 9.234085136880623157e-01 1.074056939611806732e-01
7.675098898267536242e+03 9.375644026690367339e-01 1.406157022990438821e-01
7.682773997165806577e+03 9.528001539108903462e-01 1.926051381193536749e-01
7.690456771162975201e+03 9.755058370627680553e-01 2.591421009300104439e-01
