# starting wavelength: 3582.090
# ending wavelength: 9936.310
# wav flux eflux
3.583578654732924406e+03 2.875659776513415089e-01 6.898372066700597660e-01
3.587162233387658489e+03 2.207103901341992969e-01 5.517987431975757140e-01
3.590749395621047370e+03 2.078506677482627463e-01 4.185362257651332740e-01
3.594340145016669794e+03 2.656017135120377071e-01 3.586583383462363939e-01
3.597934485161687462e+03 2.940936235189840486e-01 2.829614473195342095e-01
3.601532419646850485e+03 3.007090727763656601e-01 2.284193776022030720e-01
3.605133952066498296e+03 3.202049430797759277e-01 1.863405697908328551e-01
3.608739086018566013e+03 3.404692212627856707e-01 1.559358321434655692e-01
3.612347825104585809e+03 3.572155738616278886e-01 1.288760514840173454e-01
3.615960172929691907e+03 3.661335071862139579e-01 1.118751278793517906e-01
3.619576133102622407e+03 3.712409379853486846e-01 9.901385332327485023e-02
3.623195709235726554e+03 3.582785824839229694e-01 9.186509223821377745e-02
3.626818904944963379e+03 3.438658843945588406e-01 8.598310906124638497e-02
3.630445723849909427e+03 3.444353053619091387e-01 7.981147422995708840e-02
3.634076169573760581e+03 3.501622259320064101e-01 7.562328500800573339e-02
3.637710245743335690e+03 3.696843713372152673e-01 7.279819128593195687e-02
3.641347955989080219e+03 3.958721387969265093e-01 7.204451073363253577e-02
3.644989303945070333e+03 4.097748153079806555e-01 6.992107402272730587e-02
3.648634293249016537e+03 4.127222345004125659e-01 6.772849111678705403e-02
3.652282927542266862e+03 4.003134206418087482e-01 6.673634375376372163e-02
3.655935210469810499e+03 3.836365234182526618e-01 6.708443944783387680e-02
3.659591145680281443e+03 3.940762055040207823e-01 6.724844319511771862e-02
3.663250736825963031e+03 3.985400750108816226e-01 6.538105643933071753e-02
3.666913987562790226e+03 4.160713826723280717e-01 6.514194840061321434e-02
3.670580901550354156e+03 4.424576568286142653e-01 6.305809461409957184e-02
3.674251482451905758e+03 4.722021512378507535e-01 5.980441014966616370e-02
3.677925733934358959e+03 4.647647587554681881e-01 6.170868123186909471e-02
3.681603659668294313e+03 4.621751884868768867e-01 6.350263127463601220e-02
3.685285263327964003e+03 4.842368617793939567e-01 5.963255760257750449e-02
3.688970548591293209e+03 4.569479418669484261e-01 6.145948436682164423e-02
3.692659519139885560e+03 3.840956643208459642e-01 5.657675227375077304e-02
3.696352178659026777e+03 3.403286571268351879e-01 5.716247692686445003e-02
3.700048530837686940e+03 3.128711192927988716e-01 5.934548694014733783e-02
3.703748579368525952e+03 2.826746657403474416e-01 5.774026789672795368e-02
3.707452327947895355e+03 2.656175743153590396e-01 5.751437403396094522e-02
3.711159780275844696e+03 2.480897149926790113e-01 5.778707534721530537e-02
3.714870940056121526e+03 2.267526209722678932e-01 5.857689587686472354e-02
3.718585810996179134e+03 1.933675842913162302e-01 5.765823769554574707e-02
3.722304396807176545e+03 1.597602804780829944e-01 5.658031316213847639e-02
3.726026701203984885e+03 1.226719130526125190e-01 5.062647943462313810e-02
3.729752727905190113e+03 1.265571130643969033e-01 5.251498586424609150e-02
3.733482480633096657e+03 1.573430558214667929e-01 4.959819420062367562e-02
3.737215963113731050e+03 1.748804270428390983e-01 4.917885065513276366e-02
3.740953179076846027e+03 1.849331070797184673e-01 4.957104269187300599e-02
3.744694132255923705e+03 2.098289846715823692e-01 4.960470841450934781e-02
3.748438826388181042e+03 2.253711956759992252e-01 5.152370579856768024e-02
3.752187265214570289e+03 2.429531188312453183e-01 4.998546934044367090e-02
3.755939452479786269e+03 2.397421771083411979e-01 4.803147524998993556e-02
3.759695391932267285e+03 2.498508586463829562e-01 4.798733191452625446e-02
3.763455087324201031e+03 2.841223241793846555e-01 4.750901714870637421e-02
3.767218542411526414e+03 3.249587945562069646e-01 4.276617818475283300e-02
3.770985760953939007e+03 3.578779703242804811e-01 4.063033758180192162e-02
3.774756746714894234e+03 3.821817404017002762e-01 4.228148616499569773e-02
3.778531503461610555e+03 3.897646030263754446e-01 4.140548320278744643e-02
3.782310034965073100e+03 4.000302425333220335e-01 4.083754698772509850e-02
3.786092345000039586e+03 4.013635683960020129e-01 3.910653812643503230e-02
3.789878437345040766e+03 4.009545113889022572e-01 3.819133220547193258e-02
3.793668315782387253e+03 4.021722911314705717e-01 3.876110502957490905e-02
3.797461984098170888e+03 4.015853367585046629e-01 3.909305727773106087e-02
3.801259446082270188e+03 4.112252969980601525e-01 3.855290153346701415e-02
3.805060705528353537e+03 4.316561594923108980e-01 2.989918805379990913e-02
3.808865766233883278e+03 4.314332886324396266e-01 2.892004258419849164e-02
3.812674632000118436e+03 4.403259656796615906e-01 2.619098611548988098e-02
3.816487306632119726e+03 4.139027465371839520e-01 2.452412830826513832e-02
3.820303793938753188e+03 3.862572923043438577e-01 2.465753184810259846e-02
3.824124097732693372e+03 3.744868660604948607e-01 2.501322397417801019e-02
3.827948221830427428e+03 3.608248792459310961e-01 2.558698874933438422e-02
3.831776170052258749e+03 3.470317141339172573e-01 2.634719603090970516e-02
3.835607946222312421e+03 3.273126445525370576e-01 2.731750686405500644e-02
3.839443554168536139e+03 3.096164569647515963e-01 2.467634204050318109e-02
3.843282997722705659e+03 2.990495047625519875e-01 2.390518274548900091e-02
3.847126280720429804e+03 2.960951033477424721e-01 2.510498396740289823e-02
3.850973407001151372e+03 3.041386617894095701e-01 2.538468115112691922e-02
3.854824380408153957e+03 3.095271551551822542e-01 2.549111623245550740e-02
3.858679204788563311e+03 3.096355174833458346e-01 2.656358864351152788e-02
3.862537883993353262e+03 3.233985583911677675e-01 2.771137163052789579e-02
3.866400421877347981e+03 3.407663662542976812e-01 2.412367354240429682e-02
3.870266822299226533e+03 3.414983103400178743e-01 2.473024540138476363e-02
3.874137089121526969e+03 3.382695380644690220e-01 2.539297921030210861e-02
3.878011226210649966e+03 3.362811723525241936e-01 2.643163198944041906e-02
3.881889237436861549e+03 3.330008603473850748e-01 2.834997375608121900e-02
3.885771126674299921e+03 3.215503107603647770e-01 2.615064351344831978e-02
3.889656897800975457e+03 3.230934083252722799e-01 2.617170676507692140e-02
3.893546554698777527e+03 3.119709696988359204e-01 2.257178059710336637e-02
3.897440101253477678e+03 3.152014289394557967e-01 2.381835792935058441e-02
3.901337541354732366e+03 3.155080745451205315e-01 2.391674211434274139e-02
3.905238878896088409e+03 3.136157904996437207e-01 2.397355634751993994e-02
3.909144117774985716e+03 3.171490456589935447e-01 2.411994980365015154e-02
3.913053261892762293e+03 3.216461455541557157e-01 2.426577323739285627e-02
3.916966315154656058e+03 3.200741601784945489e-01 2.393322601207657427e-02
3.920883281469812118e+03 3.310364427340944937e-01 2.410958751943513556e-02
3.924804164751283224e+03 3.557090606288983992e-01 2.249467577460753653e-02
3.928728968916035683e+03 3.799453205603525729e-01 2.158955393071053039e-02
3.932657697884953450e+03 3.983482192032402058e-01 2.206642141277838365e-02
3.936590355582839493e+03 4.158669532961161153e-01 2.280413609605941305e-02
3.940526945938423523e+03 4.308758784335194880e-01 2.252231674639994588e-02
3.944467472884363360e+03 4.348848158619076920e-01 2.252358998277036520e-02
3.948411940357249023e+03 4.299818564422990264e-01 2.146217307803964525e-02
3.952360352297607733e+03 4.328897442024828290e-01 2.189238445685752141e-02
3.956312712649906643e+03 4.361428684465638028e-01 2.214147438402818552e-02
3.960269025362557841e+03 4.399317825366061419e-01 2.305447921510217837e-02
3.964229294387921527e+03 4.451974818850161220e-01 2.314060788588431783e-02
3.968193523682310570e+03 4.526003216298827292e-01 2.322600788302853214e-02
3.972161717205994591e+03 4.663879361688675895e-01 2.167441840011990681e-02
3.976133878923201792e+03 4.743924502008491917e-01 2.181369767348591629e-02
3.980110012802126221e+03 4.799903429865549631e-01 2.192659854310649928e-02
3.984090122814929600e+03 4.896409099526315978e-01 2.369111145714866348e-02
3.988074212937745870e+03 4.824579430570031802e-01 2.310118356615846816e-02
3.992062287150684824e+03 4.686063880320507358e-01 2.295294745718901366e-02
3.996054349437837118e+03 4.664307466649968426e-01 2.277089683131737485e-02
4.000050403787276082e+03 4.737824221755159160e-01 2.126201568441755604e-02
4.004050454191064546e+03 4.768818047159685269e-01 2.044349118123794939e-02
4.008054504645257111e+03 4.753424673637544062e-01 2.054635833379550580e-02
4.012062559149903791e+03 4.735551115396699484e-01 2.062081897621892770e-02
4.016074621709055009e+03 4.662853800512843372e-01 2.072853360180753474e-02
4.020090696330765240e+03 4.386380556979686540e-01 2.497734967072115508e-02
4.024110787027097558e+03 4.101797977682736240e-01 2.498388532988348940e-02
4.028134897814125907e+03 4.207097277751228326e-01 3.359811507170571560e-02
4.032163032711941469e+03 4.354210296898935462e-01 4.207039689612828565e-02
4.036195195744654484e+03 4.347564735797598834e-01 4.131961354395007752e-02
4.040231390940400615e+03 4.368626932435830668e-01 4.184682183016133483e-02
4.044271622331342314e+03 4.292753224167280557e-01 4.278228440748466782e-02
4.048315893953675186e+03 4.214323792125159174e-01 4.483384084585566309e-02
4.052364209847629809e+03 4.125032901691188525e-01 4.756167242646398841e-02
4.056416574057479011e+03 4.089228627437578867e-01 4.923765723053482452e-02
4.060472990631537868e+03 4.219314284730500964e-01 4.897902435621154238e-02
4.064533463622170530e+03 4.506515326574992986e-01 4.956536722753232538e-02
4.068597997085794304e+03 4.814225153994244333e-01 5.012774819497077539e-02
4.072666595082881486e+03 5.152490802425678806e-01 5.137507257796150584e-02
4.076739261677965715e+03 5.587664524645911124e-01 5.310233641832350776e-02
4.080816000939644709e+03 6.096928513291663965e-01 5.179301741910342927e-02
4.084896816940585722e+03 6.534431548780021970e-01 4.978412116328420622e-02
4.088981713757527814e+03 6.844764764343063135e-01 5.211311506776455243e-02
4.093070695471286854e+03 7.021124924505307563e-01 5.245711557096666144e-02
4.097163766166759160e+03 7.156028132360706673e-01 5.273821669696869552e-02
4.101260929932927866e+03 7.227528112468514232e-01 5.313541523563403840e-02
4.105362190862862008e+03 7.243775068136372175e-01 5.366592570989033723e-02
4.109467553053726078e+03 7.113161193605178623e-01 5.518389497739766697e-02
4.113577020606780934e+03 6.859559281298296396e-01 5.250381727974798296e-02
4.117690597627389252e+03 6.413997852255605148e-01 3.929178013603783909e-02
4.121808288225018259e+03 6.102169319156857119e-01 3.653042652821834185e-02
4.125930096513244280e+03 6.229983740375668599e-01 2.724147138692439157e-02
4.130056026609759101e+03 6.291992425989832993e-01 1.779916904090599744e-02
4.134186082636369974e+03 6.169900091602581460e-01 2.251585568867479903e-02
4.138320268719007800e+03 6.182755274986212468e-01 2.269678164174925711e-02
4.142458588987728035e+03 6.216382875488106752e-01 2.405982593546734938e-02
4.146601047576717065e+03 6.090621797493199763e-01 2.281076343338111698e-02
4.150747648624294925e+03 6.058947636652778357e-01 2.393583187069387927e-02
4.154898396272920763e+03 6.043935737317919221e-01 2.516883437250403560e-02
4.159053294669195566e+03 5.993014642154756988e-01 2.687015789631594376e-02
4.163212347963865795e+03 5.856163579289298537e-01 2.621298695737440607e-02
4.167375560311830668e+03 5.662115928041464574e-01 2.555045090122014251e-02
4.171542935872143971e+03 5.398762257725612246e-01 2.636933488738364695e-02
4.175714478808017702e+03 5.057419683255477416e-01 2.917997383355321397e-02
4.179890193286827525e+03 4.746061927094369914e-01 2.988095139319112484e-02
4.184070083480115500e+03 4.450115183986128042e-01 2.946119134878246240e-02
4.188254153563597356e+03 4.244736405520274092e-01 2.839252138280822305e-02
4.192442407717161586e+03 4.115723529619464971e-01 2.795753670679959613e-02
4.196634850124880359e+03 3.993269089025736074e-01 2.659438508390061032e-02
4.200831484975006788e+03 4.073580173770330881e-01 2.697027318688510755e-02
4.205032316459983122e+03 4.288520632821607448e-01 2.446623176897714039e-02
4.209237348776444378e+03 4.606998095469363452e-01 2.039048743779646455e-02
4.213446586125221984e+03 4.917616943526454398e-01 1.638847090774026016e-02
4.217660032711349231e+03 5.076674265218396043e-01 1.698134526314324169e-02
4.221877692744061278e+03 5.093947762448859384e-01 1.214178868388957749e-02
4.226099570436806971e+03 5.160372484354787126e-01 1.215822559351335992e-02
4.230325670007245208e+03 5.214101970838145306e-01 1.242803180822045842e-02
4.234555995677254032e+03 5.141207343045709477e-01 1.183464908611676220e-02
4.238790551672932452e+03 5.067972770573674346e-01 1.261920281902598542e-02
4.243029342224606808e+03 5.071128236537499889e-01 1.225453062304024052e-02
4.247272371566832589e+03 5.075346332557967299e-01 1.305503957561807669e-02
4.251519643938400804e+03 5.068966189427783764e-01 1.335844279461132801e-02
4.255771163582340705e+03 4.973997713251361863e-01 1.335865020451608952e-02
4.260026934745924336e+03 4.783746593281003601e-01 1.318331869938814405e-02
4.264286961680671993e+03 4.584949183885363988e-01 1.350397060702999974e-02
4.268551248642354039e+03 4.461062981422077578e-01 1.341853471976662410e-02
4.272819799890998183e+03 4.390907674812705164e-01 1.352776855403771752e-02
4.277092619690890388e+03 4.350342143870939982e-01 1.244156580450296069e-02
4.281369712310583054e+03 4.287096439468642273e-01 1.247161449234121706e-02
4.285651082022895025e+03 4.230233817282469944e-01 1.256268982155735008e-02
4.289936733104918858e+03 4.167014527067483542e-01 1.263488655902337242e-02
4.294226669838025373e+03 4.118601000402466461e-01 1.271426912447861171e-02
4.298520896507864563e+03 4.181953193672679481e-01 1.294338606908319519e-02
4.302819417404373780e+03 4.327237416018845373e-01 1.356143664752011181e-02
4.307122236821779552e+03 4.473692056167261066e-01 1.364775437412750134e-02
4.311429359058603040e+03 4.652812524923823911e-01 1.500535335878550210e-02
4.315740788417662770e+03 4.822564139950319406e-01 1.580232048669484579e-02
4.320056529206081905e+03 5.105887485486455546e-01 1.626040653267566902e-02
4.324376585735290064e+03 5.454476458995276555e-01 2.238626720527664427e-02
4.328700962321026054e+03 5.805644956336213358e-01 2.359714735274398567e-02
4.333029663283348782e+03 6.026327200008965157e-01 2.115991468800881153e-02
4.337362692946633615e+03 6.087200928481116824e-01 1.972216279464941713e-02
4.341700055639581478e+03 5.994100968328011092e-01 1.970234470144152303e-02
4.346041755695222491e+03 5.695999523419533750e-01 2.137818303658381783e-02
4.350387797450919606e+03 5.305236324852702356e-01 2.502452289930955434e-02
4.354738185248371337e+03 4.886418552778578617e-01 2.528070212227697539e-02
4.359092923433621763e+03 4.517378869789257512e-01 2.340259175771464834e-02
4.363452016357056891e+03 4.252455161683734164e-01 2.257752016839544712e-02
4.367815468373414660e+03 4.082648191056176268e-01 2.217035479665328129e-02
4.372183283841789489e+03 4.061347423855135030e-01 2.357518488018164882e-02
4.376555467125633186e+03 4.139378039651452901e-01 2.388599970566674877e-02
4.380932022592760404e+03 4.400621605335828801e-01 2.008617885040048234e-02
4.385312954615354101e+03 4.809757881944082825e-01 1.418509666818077580e-02
4.389698267569970994e+03 5.102360997078486671e-01 1.410791830863813295e-02
4.394087965837542470e+03 5.318279222280907215e-01 1.361281985761759843e-02
4.398482053803381859e+03 5.475343663214869983e-01 9.908723737434845316e-03
4.402880535857186260e+03 5.700411948230854620e-01 1.065891108315826855e-02
4.407283416393044718e+03 5.916229777497331588e-01 1.104818423156379500e-02
4.411690699809440048e+03 6.043486985441317572e-01 1.122226154633347919e-02
4.416102390509250654e+03 6.014132058160270855e-01 1.177028401157727104e-02
4.420518492899761441e+03 5.888861497732066352e-01 1.619374885160651187e-02
4.424939011392662906e+03 5.769224758145932164e-01 2.138657942279686974e-02
4.429363950404056595e+03 5.659744365540916311e-01 2.313154396267841709e-02
4.433793314354462382e+03 5.666584370537566251e-01 2.025779035154387508e-02
4.438227107668818462e+03 5.855955177801808187e-01 2.038644337998608835e-02
4.442665334776488635e+03 6.166763701926096797e-01 2.323508087340565853e-02
4.447108000111265937e+03 6.563316321822021404e-01 2.660479563174578815e-02
4.451555108111379013e+03 6.964592894877167373e-01 2.670461584913167569e-02
4.456006663219492111e+03 7.348118866488437817e-01 2.365470053091519795e-02
4.460462669882713271e+03 7.643450090833876498e-01 2.133414244822732370e-02
4.464923132552597053e+03 7.728620856935495276e-01 2.159320326872131088e-02
4.469388055685150903e+03 7.712408960864738372e-01 2.296233421804196040e-02
4.473857443740837880e+03 7.462430644700104310e-01 2.549573107572400410e-02
4.478331301184580298e+03 7.143112579816556229e-01 2.153066796730639110e-02
4.482809632485766087e+03 6.828733526905038653e-01 1.667549485424039968e-02
4.487292442118253348e+03 6.600927135396240653e-01 1.783558592937616386e-02
4.491779734560373072e+03 6.475120260722695420e-01 2.091816381108305492e-02
4.496271514294934605e+03 6.385391001983016235e-01 1.792113652303811352e-02
4.500767785809231100e+03 6.259233391962298887e-01 1.412964387326530284e-02
4.505268553595042249e+03 6.057297417428851860e-01 1.312739508695060821e-02
4.509773822148638828e+03 5.756162895961782766e-01 1.493313465331442581e-02
4.514283595970789065e+03 5.415215993108976056e-01 1.514186237675512088e-02
4.518797879566761367e+03 5.105303952794921774e-01 1.396126326231817566e-02
4.523316677446328868e+03 4.893161865048641923e-01 1.395049582583446704e-02
4.527839994123776705e+03 4.752713407354850483e-01 1.383859111019722886e-02
4.532367834117902021e+03 4.702152158460284892e-01 1.432645734394491846e-02
4.536900201952022144e+03 4.689907939708740092e-01 1.411429989029114318e-02
4.541437102153975502e+03 4.777521646063321858e-01 1.411887652597755734e-02
4.545978539256130716e+03 5.059709514215910975e-01 1.223138072030177485e-02
4.550524517795388419e+03 5.447026315376253258e-01 1.400869481044851941e-02
4.555075042313184895e+03 5.806281228733937150e-01 2.200353828803554984e-02
4.559630117355500261e+03 6.336347773366444169e-01 2.269869347924492395e-02
4.564189747472856652e+03 7.166374594424584910e-01 1.883125368635775107e-02
4.568753937220330954e+03 8.411534301101031286e-01 2.580712002134650726e-02
4.573322691157552981e+03 9.968156351650572233e-01 5.288637196393439904e-02
4.577896013848711846e+03 1.137469183075379364e+00 6.104892416189130339e-02
4.582473909862562323e+03 1.233116084761041842e+00 5.687676525451486331e-02
4.587056383772426670e+03 1.281359898895733984e+00 5.357060097433580248e-02
4.591643440156200086e+03 1.284257076750546567e+00 6.010007417370604593e-02
4.596235083596357981e+03 1.249983248121338875e+00 7.166515475651236144e-02
4.600831318679955984e+03 1.199391984308997294e+00 7.783136013527060248e-02
4.605432149998637215e+03 1.148568003106080315e+00 7.630811602084167089e-02
4.610037582148637739e+03 1.073235048697843697e+00 6.657689450487029592e-02
4.614647619730787483e+03 1.083175681129280532e+00 7.359536133071781228e-02
4.619262267350520233e+03 1.073834544531451662e+00 7.692376613681804753e-02
4.623881529617872729e+03 1.074496415191908971e+00 7.629813323436204775e-02
4.628505411147491941e+03 1.083792345733888496e+00 7.137041787663876702e-02
4.633133916558640522e+03 1.102074292020664092e+00 6.841782559158553212e-02
4.637767050475200449e+03 1.126100149194426026e+00 7.092102928828734887e-02
4.642404817525677572e+03 1.147983435431517485e+00 7.417844682509452947e-02
4.647047222343205249e+03 1.173644294509679442e+00 7.181767681931428005e-02
4.651694269565549803e+03 1.205286021978617006e+00 6.603834019078855255e-02
4.656345963835116891e+03 1.237417424721739101e+00 6.116410293469014270e-02
4.661002309798953320e+03 1.308256372488192598e+00 6.894596227699463509e-02
4.665663312108753416e+03 1.406610861975254645e+00 5.655619314768311340e-02
4.670328975420864481e+03 1.465652490741693681e+00 4.862176499554850956e-02
4.674999304396286789e+03 1.506116690184747586e+00 4.590054013363765312e-02
4.679674303700684504e+03 1.518037035281798008e+00 4.797573026001976382e-02
4.684353978004386590e+03 1.494159344229811337e+00 4.834404840244858892e-02
4.689038331982392265e+03 1.441113908503625973e+00 4.336998162192564482e-02
4.693727370314376458e+03 1.377376108902328200e+00 3.443083904597568634e-02
4.698421097684692540e+03 1.334832828576627550e+00 2.479332732475051509e-02
4.703119518782378691e+03 1.326443154492385812e+00 2.608678907043756809e-02
4.707822638301162442e+03 1.347386452967240356e+00 3.290530073049686283e-02
4.712530460939465229e+03 1.406451789897138704e+00 2.971115331516078345e-02
4.717242991400406027e+03 1.442472452213801715e+00 2.566350291525529986e-02
4.721960234391808626e+03 1.453276167407360653e+00 2.264589359593691120e-02
4.726682194626201635e+03 1.436033806644616551e+00 2.376367513934261530e-02
4.731408876820829391e+03 1.393279726570006316e+00 2.567235825004605607e-02
4.736140285697651962e+03 1.324078520924947489e+00 2.852315812446221122e-02
4.740876425983350600e+03 1.263816727590228117e+00 2.855095891135686625e-02
4.745617302409335934e+03 1.208268324878359001e+00 2.803420483188064083e-02
4.750362919711747054e+03 1.159253609927169748e+00 2.787485539145840088e-02
4.755113282631459697e+03 1.100091184199454064e+00 2.526882163979888435e-02
4.759868395914093526e+03 1.058019921781951478e+00 2.426295017808014626e-02
4.764628264310008490e+03 1.033636954184200318e+00 2.453269828999492946e-02
4.769392892574320285e+03 1.039921115171776433e+00 2.257763679006896326e-02
4.774162285466896719e+03 1.050259106812284848e+00 1.661800190436272737e-02
4.778936447752364984e+03 1.055712189582560523e+00 1.213695563029912675e-02
4.783715384200118933e+03 1.049016232678221971e+00 1.227140631651101217e-02
4.788499099584319993e+03 1.032998556003072999e+00 1.207148353208555534e-02
4.793287598683906253e+03 1.000543848619892762e+00 9.613580988605914188e-03
4.798080886282591564e+03 9.725585749762561960e-01 9.649083490430414300e-03
4.802878967168876443e+03 9.431632283726244514e-01 8.821511620477229254e-03
4.807681846136046261e+03 9.121180342460077917e-01 8.403673887342576546e-03
4.812489527982183972e+03 8.764426791286289431e-01 9.027338355845694259e-03
4.817302017510168298e+03 8.387681462020394330e-01 9.955707609742070474e-03
4.822119319527679181e+03 8.067141517258542560e-01 1.219174164906523805e-02
4.826941438847208701e+03 7.824413868068600397e-01 1.217188632010909530e-02
4.831768380286057436e+03 7.674236139850330041e-01 7.525173770188552276e-03
4.836600148666345376e+03 7.776750032919453881e-01 7.725944927642553264e-03
4.841436748815013743e+03 8.050840969237195166e-01 8.388932362260455994e-03
4.846278185563829538e+03 8.446502116093279611e-01 8.427470638743163669e-03
4.851124463749395545e+03 8.913921077453873520e-01 9.964517542655001656e-03
4.855975588213146693e+03 9.406749662773404852e-01 1.363668989996741875e-02
4.860831563801360971e+03 9.982125727998361064e-01 1.849136320660386273e-02
4.865692395365163975e+03 1.042520009894578381e+00 1.301299536622240252e-02
4.870558087760530725e+03 1.055744706834672364e+00 1.188901753749804086e-02
4.875428645848292945e+03 1.041122840643958547e+00 9.520915416177031659e-03
4.880304074494142696e+03 9.930075606421674417e-01 1.376908986528681614e-02
4.885184378568638749e+03 9.180025836393432837e-01 2.735054952674493417e-02
4.890069562947209306e+03 8.101834211932865681e-01 4.893454512465901518e-02
4.894959632510157462e+03 7.566660070247388514e-01 4.884408881383472956e-02
4.899854592142669389e+03 7.315406904836262436e-01 3.996847830110890343e-02
4.904754446734813428e+03 7.835816665988424301e-01 3.862686578593030329e-02
4.909659201181550088e+03 8.887162170137239414e-01 4.466465200935850616e-02
4.914568860382732964e+03 1.035611908582461327e+00 5.230249289673293694e-02
4.919483429243117826e+03 1.230680423745147190e+00 5.708689431113500579e-02
4.924402912672362618e+03 1.415350936145524985e+00 5.245656471578763469e-02
4.929327315585036558e+03 1.614219812668707066e+00 3.937140715241633365e-02
4.934256642900622865e+03 1.759609018309168604e+00 3.410483176219711310e-02
4.939190899543525120e+03 1.856789421982263821e+00 3.409828601422239258e-02
4.944130090443070912e+03 1.901329102831928797e+00 3.446286189010310669e-02
4.949074220533515472e+03 1.884848552384118303e+00 3.194846340296420006e-02
4.954023294754050767e+03 1.813024706878068937e+00 2.877157163095316050e-02
4.958977318048806410e+03 1.694341135967984080e+00 2.424094559503283536e-02
4.963936295366856939e+03 1.546054460764615390e+00 2.316396650420968206e-02
4.968900231662225451e+03 1.397610090777235525e+00 2.346065393160841339e-02
4.973869131893889062e+03 1.234679498425536259e+00 2.723843189953062752e-02
4.978843001025784361e+03 1.086503564720830095e+00 3.022124782426964182e-02
4.983821844026811959e+03 9.500763239323393172e-01 3.216576473344914811e-02
4.988805665870840130e+03 8.254727705462658882e-01 2.059867385457693142e-02
4.993794471536712990e+03 7.766895764351651188e-01 1.347287804563001082e-02
4.998788266008251412e+03 8.070154629872624552e-01 1.502280797016788093e-02
5.003787054274261209e+03 8.979579432833129093e-01 2.113804854399034885e-02
5.008790841328536771e+03 1.045428689433620661e+00 2.870382227722537843e-02
5.013799632169867436e+03 1.231231107079587606e+00 3.556332661471997558e-02
5.018813431802038394e+03 1.450802137196626207e+00 3.537217613273259398e-02
5.023832245233842514e+03 1.645203866636401280e+00 3.745844890899454466e-02
5.028856077479077612e+03 1.763264818725272853e+00 3.110470702841506077e-02
5.033884933556558281e+03 1.816629337679418477e+00 2.944788682931134480e-02
5.038918818490116792e+03 1.805301220074610580e+00 3.783657530859972640e-02
5.043957737308608557e+03 1.737438298399902159e+00 5.092004031715021556e-02
5.049001695045918495e+03 1.586393910910427696e+00 6.022238489828611596e-02
5.054050696740966487e+03 1.468849786204147634e+00 5.409763456845833457e-02
5.059104747437709193e+03 1.361282071630347090e+00 4.303402195871832564e-02
5.064163852185148244e+03 1.281303608758598056e+00 3.705112213171776747e-02
5.069228016037335692e+03 1.238363720538577573e+00 4.332517686589507089e-02
5.074297244053374015e+03 1.261785313123440444e+00 5.243505930005397386e-02
5.079371541297429758e+03 1.264433967242526435e+00 4.823590027536349412e-02
5.084450912838728073e+03 1.270108345593426558e+00 4.133132922968012907e-02
5.089535363751569093e+03 1.271797290941751646e+00 3.608169989536548494e-02
5.094624899115322478e+03 1.258471546189122048e+00 3.296230174486110276e-02
5.099719524014439230e+03 1.219053354284712176e+00 3.366628410313243086e-02
5.104819243538455339e+03 1.147242146950274266e+00 3.066503174095590312e-02
5.109924062781995417e+03 1.065006248507709863e+00 2.578212759630775508e-02
5.115033986844779065e+03 9.826542294514213349e-01 2.718012809202729335e-02
5.120149020831625421e+03 8.931448283513858666e-01 2.661949398382389836e-02
5.125269169852458617e+03 8.067113822464996309e-01 2.743603476175573985e-02
5.130394439022313236e+03 7.235479517066528699e-01 2.865015155552374723e-02
5.135524833461337039e+03 6.508009999372956766e-01 3.057721305384024021e-02
5.140660358294800062e+03 5.868688437622275877e-01 3.062485097353665614e-02
5.145801018653096435e+03 5.490807980423303425e-01 2.942612050741454099e-02
5.150946819671751655e+03 5.168954289955605130e-01 2.421557008731317281e-02
5.156097766491425318e+03 5.256664275481723880e-01 2.304487629460179321e-02
5.161253864257918394e+03 5.798603247675885308e-01 2.724856830393977344e-02
5.166415118122177773e+03 6.540530411560707691e-01 2.866622322445168056e-02
5.171581533240301724e+03 7.446767999119398018e-01 2.575174581126705650e-02
5.176753114773543530e+03 8.436239861078659308e-01 1.721156379112639273e-02
5.181929867888318768e+03 9.073441163076971794e-01 1.735807106273689823e-02
5.187111797756208944e+03 9.482164215537396412e-01 2.013106014279318623e-02
5.192298909553966951e+03 9.852217917943921766e-01 2.093407149818015886e-02
5.197491208463522526e+03 1.000202577232392809e+00 2.001660840421913556e-02
5.202688699671987706e+03 1.002933944861269300e+00 1.309524699644152960e-02
5.207891388371661378e+03 1.017766855662886050e+00 1.653842683824727905e-02
5.213099279760034733e+03 1.022649434419288017e+00 1.558505200989587780e-02
5.218312379039796724e+03 1.012782628166332799e+00 1.556165801253825941e-02
5.223530691418837705e+03 9.948941354251490399e-01 1.589359953942721948e-02
5.228754222110258524e+03 9.498886447048944248e-01 2.463087968982601711e-02
5.233982976332370527e+03 9.205899385256105516e-01 3.201979732265542583e-02
5.239216959308704645e+03 9.095101547560002775e-01 3.688734046558355545e-02
5.244456176268015042e+03 9.157270668642077949e-01 3.530494560424377731e-02
5.249700632444284565e+03 9.858604401508865855e-01 3.944233328041765047e-02
5.254950333076731113e+03 1.064500169172056365e+00 4.837789023822484935e-02
5.260205283409809454e+03 1.148834418719255401e+00 5.673842970382440148e-02
5.265465488693221232e+03 1.260263098093127532e+00 5.679091343124354624e-02
5.270730954181915877e+03 1.312365023639028516e+00 4.853385060401683992e-02
5.276001685136099695e+03 1.326869387071337503e+00 4.350407147297392918e-02
5.281277686821237694e+03 1.294008190725813634e+00 5.028043944920852770e-02
5.286558964508059944e+03 1.202007449911633108e+00 6.757657453282800430e-02
5.291845523472569766e+03 1.105945328068789202e+00 6.910289602972320699e-02
5.297137368996044643e+03 1.032169037590335181e+00 6.011064386577021079e-02
5.302434506365042580e+03 9.865758124674102181e-01 5.002476222894947089e-02
5.307736940871409388e+03 9.974033431144929684e-01 5.168848460871657696e-02
5.313044677812282316e+03 1.032491496634877048e+00 5.989401639408161587e-02
5.318357722490096421e+03 1.109260925318885205e+00 6.071891524756147657e-02
5.323676080212588204e+03 1.202959982765690938e+00 5.271107535411720391e-02
5.328999756292802886e+03 1.275557265132871265e+00 3.862362001705191283e-02
5.334328756049097137e+03 1.331953988791525267e+00 3.442796662580982492e-02
5.339663084805148173e+03 1.332130799242780439e+00 4.057276334126860839e-02
5.345002747889954662e+03 1.299414130926156652e+00 4.261453674437847700e-02
5.350347750637846730e+03 1.279259366371829909e+00 3.834428695313666507e-02
5.355698098388485960e+03 1.236384131504175921e+00 2.967252581480177981e-02
5.361053796486876308e+03 1.215345878265225110e+00 2.962715198715898737e-02
5.366414850283365013e+03 1.216867278989669288e+00 3.459727360909316957e-02
5.371781265133649867e+03 1.211329994737178062e+00 3.438574806747483198e-02
5.377153046398785591e+03 1.229079133064877594e+00 2.392392214682138168e-02
5.382530199445186554e+03 1.209040508399657154e+00 2.545254021958085269e-02
5.387912729644633146e+03 1.196446439635484582e+00 2.805038780759276304e-02
5.393300642374279960e+03 1.175210484009009626e+00 2.869786047015221095e-02
5.398693943016655794e+03 1.166590781500978835e+00 2.682361510485090431e-02
5.404092636959673655e+03 1.161138868801708135e+00 2.641332522646702013e-02
5.409496729596635305e+03 1.196805128176662070e+00 2.087485295805783722e-02
5.414906226326233991e+03 1.260697351605805316e+00 1.932532641689074793e-02
5.420321132552561721e+03 1.395327506331091261e+00 3.526460985308577101e-02
5.425741453685116539e+03 1.526466713251295015e+00 3.867456149235309892e-02
5.431167195138803436e+03 1.645486409816794726e+00 3.722466924163198021e-02
5.436598362333943442e+03 1.752882404077874989e+00 2.590184798003583935e-02
5.442034960696279086e+03 1.799358677584970589e+00 2.660244420938845042e-02
5.447476995656978033e+03 1.804116213528592194e+00 3.261164358897976345e-02
5.452924472652636723e+03 1.774621917771418644e+00 3.760924611388070937e-02
5.458377397125291282e+03 1.725069613536659663e+00 3.507992729158907613e-02
5.463835774522417523e+03 1.664250765892665296e+00 3.322617623049718000e-02
5.469299610296941864e+03 1.590429485588807701e+00 3.400576270761552361e-02
5.474768909907241323e+03 1.501889657701679814e+00 3.441677443803450170e-02
5.480243678817149885e+03 1.403374347074098916e+00 3.507178019099003313e-02
5.485723922495968509e+03 1.311828464858733057e+00 3.771926483097362559e-02
5.491209646418466946e+03 1.237743060128288164e+00 4.369424899659370837e-02
5.496700856064887375e+03 1.217734109666090525e+00 4.537690289139909711e-02
5.502197556920953502e+03 1.237634342239287477e+00 4.590726001712558402e-02
5.507699754477876013e+03 1.305209851617279204e+00 4.444889268978721025e-02
5.513207454232356213e+03 1.387170458646103333e+00 4.738910840917313211e-02
5.518720661686590574e+03 1.503557306223612722e+00 5.029087012133775375e-02
5.524239382348278923e+03 1.662408598708611684e+00 5.575645385074680382e-02
5.529763621730628984e+03 1.828374066646514251e+00 4.845781878585273678e-02
5.535293385352360929e+03 1.960429801309032438e+00 3.993989615353247397e-02
5.540828678737715563e+03 2.048139365134271639e+00 3.310088588452808622e-02
5.546369507416455235e+03 2.092760849844813809e+00 3.689850832341101672e-02
5.551915876923872929e+03 2.069007671382410152e+00 4.139980159092480905e-02
5.557467792800798634e+03 2.011558892315895353e+00 3.917869541869933164e-02
5.563025260593602070e+03 1.933447707769551105e+00 3.147804943072909922e-02
5.568588285854197238e+03 1.854571019638393103e+00 1.694729238849329578e-02
5.574156874140053333e+03 1.810968192187762726e+00 2.050993143416081355e-02
5.579731031014194741e+03 1.789943862935132746e+00 2.961405466704166572e-02
5.585310762045211050e+03 1.768267963264759990e+00 2.957410625063097362e-02
5.590896072807257951e+03 1.736902136713811107e+00 2.915927714142878269e-02
5.596486968880067252e+03 1.670305575495013795e+00 2.476958083093731139e-02
5.602083455848949598e+03 1.584616084678560632e+00 2.158371273844232954e-02
5.607685539304799931e+03 1.441057496947363958e+00 3.196729195843443089e-02
5.613293224844106589e+03 1.308380903325950362e+00 3.669075811525025071e-02
5.618906518068952209e+03 1.166766862129319460e+00 3.693700472044607330e-02
5.624525424587023736e+03 1.025698300666775697e+00 3.250580178742858151e-02
5.630149950011612418e+03 9.392483677139580323e-01 2.682930245274121883e-02
5.635780099961625638e+03 8.906420669714186777e-01 1.435260772591129622e-02
5.641415880061589633e+03 9.318451837513817004e-01 1.687972632721224803e-02
5.647057295941652228e+03 1.033655220018444787e+00 2.338507723177179684e-02
5.652704353237596479e+03 1.187789242310920201e+00 2.933919620609635667e-02
5.658357057590835211e+03 1.401244833485970176e+00 3.506184496315008225e-02
5.664015414648428305e+03 1.588862244384430022e+00 3.284969277705247770e-02
5.669679430063079053e+03 1.756596739565825516e+00 2.862260737540896563e-02
5.675349109493143260e+03 1.894121054802287762e+00 2.066874948071189752e-02
5.681024458602638333e+03 1.973347624656264898e+00 2.229538558595592010e-02
5.686705483061243285e+03 2.006885544778356234e+00 2.566418900791652552e-02
5.692392188544306009e+03 1.970370292064285156e+00 3.168372815771912376e-02
5.698084580732852373e+03 1.932882263688058710e+00 3.127342804795802539e-02
5.703782665313587131e+03 1.875268817177968561e+00 2.753547269249578128e-02
5.709486447978903016e+03 1.806152046389583710e+00 2.201544552953064310e-02
5.715195934426883468e+03 1.746668170569654510e+00 1.846585581761019113e-02
5.720911130361312644e+03 1.710487146451967311e+00 2.046775350761822695e-02
5.726632041491675409e+03 1.684381780694969022e+00 1.770949453650495775e-02
5.732358673533169167e+03 1.664340725505720986e+00 1.532570790418597353e-02
5.738091032206703858e+03 1.659082140518978177e+00 1.042940747970905538e-02
5.743829123238912871e+03 1.642953617211027284e+00 9.972831102172532297e-03
5.749572952362153046e+03 1.616914015134510718e+00 1.182340639924641876e-02
5.755322525314517407e+03 1.585252284528066546e+00 1.178166811370857416e-02
5.761077847839834249e+03 1.563737206212487463e+00 1.015168736795513289e-02
5.766838925687675328e+03 1.551547402714219759e+00 1.206926662245095920e-02
5.772605764613364954e+03 1.536366677153505167e+00 1.483248835030592100e-02
5.778378370377980900e+03 1.517262728943582273e+00 1.855082332747436807e-02
5.784156748748360769e+03 1.488060781677664979e+00 2.191634701424939602e-02
5.789940905497111089e+03 1.432213196136618905e+00 1.791325154860812577e-02
5.795730846402610041e+03 1.329896088791536979e+00 1.851404935812938496e-02
5.801526577249013826e+03 1.208734204407617918e+00 2.097769286468144367e-02
5.807328103826264851e+03 1.067091568890120801e+00 2.453579886664625925e-02
5.813135431930093546e+03 9.184753849436363415e-01 2.442141364820366381e-02
5.818948567362025642e+03 7.738830844496739081e-01 2.246291836649159934e-02
5.824767515929389447e+03 6.365313573438733386e-01 2.061714740193948403e-02
5.830592283445320390e+03 5.297437349213248714e-01 2.006665846957364843e-02
5.836422875728768304e+03 4.493790015818972527e-01 2.134034789370344368e-02
5.842259298604498326e+03 4.347615824232057280e-01 2.016417338034091900e-02
5.848101557903105459e+03 4.865273505452903935e-01 2.091398535452759083e-02
5.853949659461010015e+03 6.034669827216422311e-01 2.133029493485934930e-02
5.859803609120473084e+03 7.902430036243329736e-01 2.367965469084999316e-02
5.865663412729595620e+03 1.019596441823434674e+00 2.874651484900943993e-02
5.871529076142326630e+03 1.303178151967035792e+00 3.717097686385165828e-02
5.877400605218471355e+03 1.579859992047645045e+00 3.987039689611752979e-02
5.883278005823691274e+03 1.869081865032500511e+00 3.927757438368487813e-02
5.889161283829516833e+03 2.115206175619453344e+00 3.403260613967531295e-02
5.895050445113348360e+03 2.316946105826200419e+00 2.725943704888086211e-02
5.900945495558464245e+03 2.460620460028899004e+00 2.414873411268408585e-02
5.906846441054024581e+03 2.524875004552731284e+00 2.980041975110119673e-02
5.912753287495080258e+03 2.509858116520614413e+00 2.872320841216250212e-02
5.918666040782577511e+03 2.464267602835885196e+00 2.217040619710497831e-02
5.924584706823361557e+03 2.386473838770681866e+00 1.654179351788837363e-02
5.930509291530187511e+03 2.285930219705532451e+00 1.472998432139667122e-02
5.936439800821719473e+03 2.172340791913780933e+00 1.481335564523273557e-02
5.942376240622543264e+03 2.048492166279170412e+00 1.821949810225381022e-02
5.948318616863167335e+03 1.943929027808992904e+00 1.925912475668040136e-02
5.954266935480032771e+03 1.872652408134599433e+00 1.840011547837193048e-02
5.960221202415515108e+03 1.815045295431856776e+00 1.867608279205526176e-02
5.966181423617932523e+03 1.779578965014149139e+00 1.982020782049945598e-02
5.972147605041552197e+03 1.775630551176064831e+00 2.377560581876976553e-02
5.978119752646595771e+03 1.774800454290877516e+00 2.480085975896608244e-02
5.984097872399243897e+03 1.780749952905945843e+00 2.349531034359364848e-02
5.990081970271645332e+03 1.792213601975214621e+00 2.205055636779458192e-02
5.996072052241918755e+03 1.791782361803064383e+00 2.098786870841597846e-02
6.002068124294162772e+03 1.796970312086446198e+00 2.059046295528428605e-02
6.008070192418459555e+03 1.788297363862582756e+00 2.082065276690710232e-02
6.014078262610879392e+03 1.768972439637548577e+00 2.017406884218622687e-02
6.020092340873492503e+03 1.728180423902342611e+00 1.567209834347401895e-02
6.026112433214368139e+03 1.686603699685862878e+00 1.414983734518467616e-02
6.032138545647584579e+03 1.646834467487028997e+00 1.441097055538448704e-02
6.038170684193233683e+03 1.616715158786521833e+00 1.657204837382453624e-02
6.044208854877429076e+03 1.605770839399865757e+00 1.812989446837169269e-02
6.050253063732308874e+03 1.617063904355706461e+00 1.997468422897646229e-02
6.056303316796042964e+03 1.633605669147935258e+00 2.513451963570545802e-02
6.062359620112841185e+03 1.667470490602265709e+00 4.022690827911575701e-02
6.068421979732956061e+03 1.661002042357954123e+00 4.376709274946507383e-02
6.074490401712690982e+03 1.632464991477776683e+00 4.170936211598402776e-02
6.080564892114405666e+03 1.548830296179421362e+00 3.897464891109183455e-02
6.086645457006521610e+03 1.438568676255084666e+00 4.305411653425494228e-02
6.092732102463530282e+03 1.280052057749468952e+00 6.214708877764595768e-02
6.098824834565995843e+03 1.153561608898130642e+00 6.760084689561102200e-02
6.104923659400564247e+03 1.018603600967192602e+00 6.326423084025210863e-02
6.111028583059966877e+03 9.741250165435533237e-01 5.563422423817900031e-02
6.117139611643028729e+03 9.904166079857434912e-01 5.158829286315261275e-02
6.123256751254673873e+03 1.076510791449932114e+00 5.802669575185579603e-02
6.129380008005929994e+03 1.240895152306162874e+00 6.919909149639758006e-02
6.135509388013938405e+03 1.439363656396367652e+00 6.455539283264323525e-02
6.141644897401954040e+03 1.634213694228029645e+00 5.420698522038300965e-02
6.147786542299358189e+03 1.824132327913476015e+00 3.290214922529771657e-02
6.153934328841659408e+03 1.938550448089144673e+00 2.903066079667913565e-02
6.160088263170503524e+03 1.967587171425575043e+00 3.566318346550390733e-02
6.166248351433675452e+03 1.961078435231952577e+00 3.340105664847410616e-02
6.172414599785111022e+03 1.891872960094857392e+00 2.377127807533991818e-02
6.178587014384898794e+03 1.794179396372942659e+00 2.075656082838545774e-02
6.184765601399285515e+03 1.664326594430040718e+00 2.138591863607123417e-02
6.190950367000687038e+03 1.519907347470966563e+00 2.723135752114713704e-02
6.197141317367689226e+03 1.381261094570581438e+00 3.556924643569697730e-02
6.203338458685059777e+03 1.288594285851578869e+00 3.720376868840770401e-02
6.209541797143746408e+03 1.238698642606002709e+00 3.540027319469194605e-02
6.215751338940892310e+03 1.210927569279176108e+00 3.576280870620842517e-02
6.221967090279835247e+03 1.241732526116668067e+00 4.153424540611524302e-02
6.228189057370116643e+03 1.280385824079473434e+00 4.477364657210133186e-02
6.234417246427488863e+03 1.344956161880765055e+00 4.393102271909535284e-02
6.240651663673918847e+03 1.425393039550840291e+00 4.181244814831536899e-02
6.246892315337594482e+03 1.494815235378661233e+00 3.706345736778971639e-02
6.253139207652934601e+03 1.557676928355305135e+00 3.429375079563277973e-02
6.259392346860589896e+03 1.575154450846749432e+00 3.648344186004355560e-02
6.265651739207452010e+03 1.574448866853499940e+00 3.825916234277012412e-02
6.271917390946661726e+03 1.546823302531148192e+00 3.364575263222085999e-02
6.278189308337610782e+03 1.523919643280356118e+00 2.490888737886953752e-02
6.284467497645950061e+03 1.508719431415795009e+00 2.045550842871378394e-02
6.290751965143597772e+03 1.512501884649015249e+00 2.167555193103986449e-02
6.297042717108744000e+03 1.540714604161424139e+00 1.833478002951288710e-02
6.303339759825854344e+03 1.556967718511256260e+00 1.287097417228151922e-02
6.309643099585682648e+03 1.562230045412147161e+00 1.128197642383716240e-02
6.315952742685270096e+03 1.551673506782118572e+00 1.243839785990536601e-02
6.322268695427957937e+03 1.530717618269076929e+00 1.522634419844454134e-02
6.328590964123387494e+03 1.520103512590530226e+00 1.574080185400472676e-02
6.334919555087512890e+03 1.502849738198171803e+00 1.440001497069588743e-02
6.341254474642602872e+03 1.502933726970570261e+00 1.448655800062269641e-02
6.347595729117247174e+03 1.507581842864069932e+00 1.669594500495360373e-02
6.353943324846366522e+03 1.506982714627524311e+00 1.918116947396511854e-02
6.360297268171215364e+03 1.510852669209610033e+00 1.909514535179124631e-02
6.366657565439388236e+03 1.502116770261854306e+00 1.713949821711145682e-02
6.373024223004829764e+03 1.490349561455350580e+00 1.369508729525541896e-02
6.379397247227837397e+03 1.456412591663833744e+00 1.352515528282871062e-02
6.385776644475066860e+03 1.412346687682186408e+00 1.427805087518107911e-02
6.392162421119543978e+03 1.341601529958288852e+00 1.762871755767907861e-02
6.398554583540665590e+03 1.265378611977347578e+00 1.940066291685860200e-02
6.404953138124208635e+03 1.205161624948452470e+00 1.897287297021488933e-02
6.411358091262334710e+03 1.160966776968567427e+00 1.817976744758003152e-02
6.417769449353599157e+03 1.150676122264214785e+00 2.722231277627740545e-02
6.424187218802954703e+03 1.132886553332263624e+00 2.940935416004005626e-02
6.430611406021760558e+03 1.115133448314173936e+00 2.816254923650121297e-02
6.437042017427784231e+03 1.086958140733007783e+00 2.495436755483482899e-02
6.443479059445214261e+03 1.031950821525648987e+00 2.253367517688241450e-02
6.449922538504661134e+03 9.639667693491172917e-01 2.204099638198284486e-02
6.456372461043168187e+03 8.645509353072544645e-01 2.260589278361099103e-02
6.462828833504213435e+03 7.417102925966951865e-01 2.685326165882543151e-02
6.469291662337719572e+03 6.314458828338038732e-01 3.085962613911538699e-02
6.475760954000059428e+03 5.255336886014952968e-01 3.132291692907155506e-02
6.482236714954061426e+03 4.716474501319762869e-01 2.752325510541438897e-02
6.488718951669017770e+03 4.666846789658866124e-01 3.424161008102979270e-02
6.495207670620688987e+03 5.110995265083958516e-01 3.647634842933863975e-02
6.501702878291312118e+03 5.916149706092973526e-01 3.921873895965429652e-02
6.508204581169605262e+03 7.335895988987181093e-01 4.565610024245611576e-02
6.514712785750777584e+03 9.321999707255377299e-01 5.251372333789167818e-02
6.521227498536530220e+03 1.200601659486872919e+00 5.008008771331455555e-02
6.527748726035069012e+03 1.572136151305200569e+00 5.900458454599822461e-02
6.534276474761106329e+03 2.006254740516054458e+00 7.963721945922756784e-02
6.540810751235869247e+03 2.383320580667181332e+00 8.331842287731430763e-02
6.547351561987107743e+03 2.746061846842426935e+00 8.150329035451960025e-02
6.553898913549096505e+03 2.990214012816345246e+00 7.794615583432656925e-02
6.560452812462647671e+03 3.147005412239309852e+00 7.642478926539005013e-02
6.567013265275112644e+03 3.208044313304183603e+00 7.978309427362764716e-02
6.573580278540390282e+03 3.162014235112693861e+00 8.927554811816787450e-02
6.580153858818932349e+03 3.069351942597007721e+00 8.693640098849830800e-02
6.586734012677753526e+03 2.900551607428938805e+00 8.516625382859055460e-02
6.593320746690433225e+03 2.693167509734793352e+00 7.509549051005838527e-02
6.599914067437126505e+03 2.440587587833902727e+00 6.266838855753155413e-02
6.606513981504565891e+03 2.242540777108601002e+00 6.302124627050866013e-02
6.613120495486072286e+03 2.083405383513224685e+00 6.134101693257277416e-02
6.619733615981560433e+03 1.991786229355045457e+00 3.513165393327974395e-02
6.626353349597544366e+03 1.869839297642161391e+00 3.143576670138015922e-02
6.632979702947143778e+03 1.757290938111239376e+00 3.266455341252999522e-02
6.639612682650093120e+03 1.648205361241183997e+00 2.984996353342885336e-02
6.646252295332745234e+03 1.543412841284975467e+00 2.292930194243363376e-02
6.652898547628080451e+03 1.477939026118177956e+00 2.269861221314825594e-02
6.659551446175711135e+03 1.444612609152891247e+00 2.491253743840722568e-02
6.666210997621888964e+03 1.426904675434315539e+00 2.281275384894191141e-02
6.672877208619513112e+03 1.419376469821882703e+00 1.897988786662371807e-02
6.679550085828134797e+03 1.425491096388612711e+00 1.666624999470371626e-02
6.686229635913964557e+03 1.417832524622509416e+00 1.711179941907157998e-02
6.692915865549881346e+03 1.404324304232269283e+00 1.555139151712375302e-02
6.699608781415433441e+03 1.388976203192521242e+00 1.223070203612344233e-02
6.706308390196851178e+03 1.388912055929395484e+00 1.109359056461637315e-02
6.713014698587049679e+03 1.385952974651157854e+00 1.143972426125841081e-02
6.719727713285638856e+03 1.385346559929281796e+00 1.171338099843584162e-02
6.726447440998927050e+03 1.378858811879885682e+00 1.163781361476007824e-02
6.733173888439928305e+03 1.375081210176619884e+00 1.101188581635876781e-02
6.739907062328370557e+03 1.372155167382400176e+00 1.045820151708893100e-02
6.746646969390701088e+03 1.368774095629768039e+00 1.067296306111015225e-02
6.753393616360093802e+03 1.356009246988336248e+00 1.043999633323064273e-02
6.760147009976456502e+03 1.336438616108098110e+00 9.807133793964117538e-03
6.766907156986434529e+03 1.317539552355539989e+00 9.855395032569743211e-03
6.773674064143423493e+03 1.304302491632325367e+00 1.074634726353074221e-02
6.780447738207569273e+03 1.301648014599124714e+00 1.073067673261984822e-02
6.787228185945778932e+03 1.303139640272632960e+00 1.064121306910199329e-02
6.794015414131727084e+03 1.303752054119547754e+00 1.078097734651582706e-02
6.800809429545861349e+03 1.304346905324864858e+00 1.040321232761798852e-02
6.807610238975408720e+03 1.311244263504165231e+00 1.007025220541557173e-02
6.814417849214386479e+03 1.314342820824053293e+00 1.045163555910882253e-02
6.821232267063603103e+03 1.315451116429791512e+00 1.085779961928720790e-02
6.828053499330669183e+03 1.297098440593695612e+00 1.396617601133552135e-02
6.834881552830001965e+03 1.287425432150889337e+00 1.453733988275643027e-02
6.841716434382834450e+03 1.285783458997648898e+00 1.528048901392732757e-02
6.848558150817219939e+03 1.287184054565200464e+00 1.515636456999475655e-02
6.855406708968039311e+03 1.277118322906902748e+00 1.484261399202643598e-02
6.862262115677009206e+03 1.267685092069950281e+00 1.434997413319012011e-02
6.869124377792688392e+03 1.266246774271522657e+00 1.389905228247139551e-02
6.875993502170483225e+03 1.272324653077273604e+00 1.265309429708038128e-02
6.882869495672656740e+03 1.275078012203558098e+00 1.220065890813511536e-02
6.889752365168331380e+03 1.272787977263388770e+00 1.217772198892060759e-02
6.896642117533501732e+03 1.268931356520560660e+00 1.215737986000137855e-02
6.903538759651037253e+03 1.263620817935890317e+00 1.142076596589903376e-02
6.910442298410691365e+03 1.270512766240428082e+00 1.185632117173846672e-02
6.917352740709104182e+03 1.277521478923988152e+00 1.326569513007384502e-02
6.924270093449815249e+03 1.290013271621615276e+00 1.744392890935388477e-02
6.931194363543267173e+03 1.286086101054966679e+00 1.826979823594636690e-02
6.938125557906812901e+03 1.263848388327576844e+00 1.786493963847272590e-02
6.945063683464722089e+03 1.231820863008908473e+00 2.039814385019383253e-02
6.952008747148189286e+03 1.189951957955739381e+00 2.666913823748879100e-02
6.958960755895339389e+03 1.159737202595541028e+00 2.713075541240955388e-02
6.965919716651237650e+03 1.134375827051216756e+00 2.346061233953475669e-02
6.972885636367890584e+03 1.140680240796600131e+00 2.396832203178312151e-02
6.979858522004260521e+03 1.158157776747293255e+00 2.500506499633983401e-02
6.986838380526267429e+03 1.190019023343501736e+00 2.774022168579292832e-02
6.993825218906796181e+03 1.231930935446021280e+00 2.865125466445526611e-02
7.000819044125705659e+03 1.265348125095391740e+00 2.713115496292644452e-02
7.007819863169833297e+03 1.305642420173196872e+00 2.271057350466360730e-02
7.014827683033005087e+03 1.323337063101682087e+00 2.245991279690968609e-02
7.021842510716041033e+03 1.330431071875076920e+00 2.336874612195674258e-02
7.028864353226758794e+03 1.314983428099322227e+00 2.383325010945896646e-02
7.035893217579988232e+03 1.293415218142648149e+00 2.109328974053678238e-02
7.042929110797570502e+03 1.261211972799609171e+00 1.456443312437625572e-02
7.049972039908370789e+03 1.236776731823024278e+00 1.307523326158363010e-02
7.057022011948281033e+03 1.232138809939637314e+00 1.439213176191314787e-02
7.064079033960231754e+03 1.234373517645591445e+00 1.159745655006399340e-02
7.071143112994193871e+03 1.239871134198880842e+00 7.099204543194752651e-03
7.078214256107190522e+03 1.233625274125516258e+00 7.339525000391213493e-03
7.085292470363300708e+03 1.225626556113934784e+00 7.662695096163956755e-03
7.092377762833665656e+03 1.211962927997172645e+00 6.165013351265492825e-03
7.099470140596501551e+03 1.204517782995069952e+00 5.884299308057548174e-03
7.106569610737100447e+03 1.194903190877496968e+00 5.603023887410111051e-03
7.113676180347840273e+03 1.186687333552394863e+00 5.480632332471627524e-03
7.120789856528190285e+03 1.181676084400151039e+00 5.711398516770533826e-03
7.127910646384721076e+03 1.181784830115902185e+00 5.283099445895379082e-03
7.135038557031108212e+03 1.183569946496848990e+00 5.642519109157444722e-03
7.142173595588141325e+03 1.182307486175338207e+00 5.017030003849036988e-03
7.149315769183732300e+03 1.175154229470482870e+00 4.727624507706786917e-03
7.156465084952918005e+03 1.154262286152803796e+00 9.151206844931552079e-03
7.163621550037873021e+03 1.137192737659951991e+00 1.184238592561136401e-02
7.170785171587913283e+03 1.118374428858617931e+00 1.299181178782298982e-02
7.177955956759504261e+03 1.114644603648219379e+00 1.127679535379188733e-02
7.185133912716265513e+03 1.133388252725435086e+00 1.133696666233862012e-02
7.192319046628984324e+03 1.164213791238226658e+00 1.232938103017290447e-02
7.199511365675615707e+03 1.210897433039239024e+00 1.617624172564653684e-02
7.206710877041294225e+03 1.263805862664546531e+00 1.878087491466497519e-02
7.213917587918337631e+03 1.298859045863164807e+00 1.793231300452134344e-02
7.221131505506257781e+03 1.328453298659145965e+00 1.624818681886718713e-02
7.228352637011767001e+03 1.342311759262415860e+00 1.481185874575192095e-02
7.235580989648780815e+03 1.337147971577515193e+00 1.522898230981489104e-02
7.242816570638432495e+03 1.321514297444297492e+00 1.718074868064613583e-02
7.250059387209073066e+03 1.280651313101132782e+00 1.979826336057877167e-02
7.257309446596284033e+03 1.247835694650398342e+00 2.012969812687960200e-02
7.264566756042882844e+03 1.222729024222971805e+00 1.278685131632072668e-02
7.271831322798928340e+03 1.225327372728599817e+00 1.042529706009884954e-02
7.279103154121729858e+03 1.268712266461691662e+00 1.790096800659827722e-02
7.286382257275853590e+03 1.318634005566293288e+00 1.921456030261388392e-02
7.293668639533132591e+03 1.376044422042853155e+00 1.718123369119048047e-02
7.300962308172667690e+03 1.422966711836479270e+00 1.499173743092913937e-02
7.308263270480842948e+03 1.453399760543466757e+00 1.370053203749108973e-02
7.315571533751325660e+03 1.472941244939170558e+00 1.421309030509010536e-02
7.322887105285079997e+03 1.479082482852324132e+00 1.452802741845831899e-02
7.330209992390367006e+03 1.469881212562935247e+00 1.428710708345257326e-02
7.337540202382760071e+03 1.451491496444102580e+00 1.351752647870381636e-02
7.344877742585144915e+03 1.420832301169092426e+00 1.280484236848144011e-02
7.352222620327733239e+03 1.378926835245509963e+00 1.130496618215309258e-02
7.359574842948062724e+03 1.341299468713680776e+00 1.104488785092941350e-02
7.366934417791013402e+03 1.312566220983880871e+00 1.129767730610087284e-02
7.374301352208806748e+03 1.294204592771019735e+00 1.089942629030790991e-02
7.381675653561018407e+03 1.270662164433730812e+00 8.348627494914145214e-03
7.389057329214581841e+03 1.233499316931564893e+00 9.099754395332573798e-03
7.396446386543798326e+03 1.194035687764174680e+00 1.014698119975033716e-02
7.403842832930345139e+03 1.150547238945114792e+00 1.055890687819753017e-02
7.411246675763277381e+03 1.118762765502860468e+00 1.237967934454409398e-02
7.418657922439043432e+03 1.120223430851893243e+00 1.206239205226992614e-02
7.426076580361484957e+03 1.133030281205134937e+00 1.254469187816679120e-02
7.433502656941848727e+03 1.168082708429958094e+00 1.443593523033778053e-02
7.440936159598792983e+03 1.216301049313698535e+00 1.760237719889003877e-02
7.448377095758394717e+03 1.258760600857060208e+00 1.801728536292896907e-02
7.455825472854155123e+03 1.297676212431747356e+00 1.763755657810236327e-02
7.463281298327012337e+03 1.329920840412979421e+00 1.618256635524229284e-02
7.470744579625341430e+03 1.347719691478102444e+00 1.661170144425309220e-02
7.478215324204968965e+03 1.351780605258170009e+00 1.889724371984776927e-02
7.485693539529176633e+03 1.347400438550263146e+00 2.141263197201235743e-02
7.493179233068708527e+03 1.333873036881631835e+00 1.933480686607532903e-02
7.500672412301779332e+03 1.317932451122858950e+00 1.374879688263893826e-02
7.508173084714083416e+03 1.324779181511499093e+00 1.770067200126149848e-02
7.515681257798800289e+03 1.328473076982036538e+00 2.015182403289803026e-02
7.523196939056601877e+03 1.336183933657813405e+00 2.022218674043929632e-02
7.530720135995660712e+03 1.338892721154605336e+00 1.839551355814213196e-02
7.538250856131659020e+03 1.320530758326389220e+00 1.641910306618624485e-02
7.545789106987793275e+03 1.292053173270391708e+00 1.654291226205154008e-02
7.553334896094783289e+03 1.235395960858300501e+00 2.248848392364055648e-02
7.560888230990880402e+03 1.166131711289303263e+00 2.696468838616426777e-02
7.568449119221873843e+03 1.081080184051457893e+00 2.593006192969579682e-02
7.576017568341098013e+03 1.014075049824137320e+00 2.365173984257946255e-02
7.583593585909441572e+03 9.589035704517178127e-01 2.166396017744547792e-02
7.591177179495353812e+03 9.309363044175242852e-01 2.077321514714482176e-02
7.598768356674851930e+03 9.252800650267472005e-01 1.858237901075028217e-02
7.606367125031529213e+03 9.452181880705620154e-01 1.608568979685642483e-02
7.613973492156563225e+03 9.774504812606582549e-01 1.443683670540169862e-02
7.621587465648722173e+03 1.026621173728731851e+00 1.283109555263820846e-02
7.629209053114373091e+03 1.067968026687704075e+00 1.262762702505494140e-02
7.636838262167490029e+03 1.085824064500329422e+00 1.247071135012700789e-02
7.644475100429660415e+03 1.094184589572740451e+00 1.398451090411664648e-02
7.652119575530092334e+03 1.103010815098448782e+00 1.669380194851964247e-02
7.659771695105625440e+03 1.124009889480339419e+00 1.667542699512186005e-02
7.667431466800733688e+03 1.148484515815399565e+00 1.495310994895535962e-02
7.675098898267536242e+03 1.190934423208338311e+00 1.575740721768027763e-02
7.682773997165806577e+03 1.247525587556181703e+00 1.992766295209209837e-02
7.690456771162975201e+03 1.298987166848442287e+00 2.388753535907761627e-02
7.698147227934140574e+03 1.330081762741673668e+00 2.463109648984377134e-02
7.705845375162077289e+03 1.340850206925270127e+00 2.379430726714557021e-02
7.713551220537241534e+03 1.325864745299790037e+00 2.441115725107305054e-02
7.721264771757782000e+03 1.290257768588373155e+00 2.703269686651894183e-02
7.728986036529541707e+03 1.249131577742525590e+00 2.949695302130582106e-02
7.736715022566074367e+03 1.198901258591214658e+00 2.996851237649342942e-02
7.744451737588642573e+03 1.146093096687947455e+00 2.580770390416364454e-02
7.752196189326234162e+03 1.105858046771120984e+00 2.069712502411020019e-02
7.759948385515562222e+03 1.082303686977506896e+00 2.072121854958734050e-02
7.767708333901080550e+03 1.088852460639265551e+00 2.317283984793545859e-02
7.775476042234984561e+03 1.117223140411470084e+00 2.274475585927186738e-02
7.783251518277222203e+03 1.151565353480135556e+00 1.850277048979217034e-02
7.791034769795502143e+03 1.177232299700523122e+00 1.308338954501667324e-02
7.798825804565300132e+03 1.181062404607347460e+00 1.065363051049556670e-02
7.806624630369868100e+03 1.157088955523252416e+00 1.328477992783430595e-02
7.814431255000240526e+03 1.121283563492302626e+00 1.437950285107825014e-02
7.822245686255242617e+03 1.060651703479925878e+00 1.209104478778434168e-02
7.830067931941501229e+03 1.006837023955380106e+00 9.514509631738696932e-03
7.837897999873444860e+03 9.696662908271468373e-01 7.830619042286371054e-03
7.845735897873320937e+03 9.528180953206912829e-01 8.155649508002403222e-03
7.853581633771196721e+03 9.546103279600457459e-01 1.022292826011708677e-02
7.861435215404970222e+03 9.635968972899137119e-01 1.206423164426920734e-02
7.869296650620378387e+03 9.780959694350750411e-01 1.265312177479611770e-02
7.877165947271001642e+03 9.980318844313338378e-01 1.069762068373252516e-02
7.885043113218274812e+03 1.016088255895868819e+00 9.042610543313791063e-03
7.892928156331495302e+03 1.027943337731853202e+00 8.519053448286210625e-03
7.900821084487829467e+03 1.032300001725610317e+00 9.358557102708839684e-03
7.908721905572319884e+03 1.029187850858955144e+00 9.830606078294073027e-03
7.916630627477895359e+03 1.025073379574477306e+00 9.168235159235049031e-03
7.924547258105375477e+03 1.016173452762416662e+00 7.041267944128958532e-03
7.932471805363483327e+03 1.009321045019583085e+00 5.270486356506734298e-03
7.940404277168850058e+03 1.009228096169562550e+00 5.374578489915143691e-03
7.948344681446021241e+03 1.016547954089438877e+00 5.245802028652397225e-03
7.956293026127469602e+03 1.026461398493595301e+00 4.347648017060551720e-03
7.964249319153599572e+03 1.037411672215138303e+00 3.130322238766400800e-03
7.972213568472756378e+03 1.041026572249430515e+00 2.430726802184258496e-03
7.980185782041231505e+03 1.038660461649222766e+00 2.676019647248124422e-03
7.988165967823275423e+03 1.029032260349326267e+00 3.328481049058635080e-03
7.996154133791101231e+03 1.016309091049572677e+00 3.309475877997464319e-03
8.004150287924895565e+03 1.004332119183823258e+00 3.082421901734634130e-03
8.012154438212822242e+03 9.949593054561095551e-01 2.934323303469381101e-03
8.020166592651037718e+03 9.886392463148214738e-01 2.921712423931786297e-03
8.028186759243691995e+03 9.847844374511298682e-01 3.259466665809979558e-03
8.036214946002938632e+03 9.819173506460378009e-01 3.416035259633728137e-03
8.044251160948943834e+03 9.794379882499859580e-01 3.423131620383476625e-03
8.052295412109895551e+03 9.774076327967547995e-01 3.445346293814987703e-03
8.060347707522008022e+03 9.760653828199790105e-01 3.303931661722698306e-03
8.068408055229532692e+03 9.750500116346573209e-01 2.949897774148226796e-03
8.076476463284764577e+03 9.708039807022867951e-01 2.503349959594476128e-03
8.084552939748052268e+03 9.599990316394723111e-01 2.866584477218279796e-03
8.092637492687803388e+03 9.449558084795953716e-01 2.660305290132566371e-03
8.100730130180493688e+03 9.288580537448537511e-01 2.563292900912135259e-03
8.108830860310677053e+03 9.124911584072574744e-01 3.059051704214232632e-03
8.116939691170990045e+03 8.931634710931454224e-01 2.922672043112931918e-03
8.125056630862163729e+03 8.715671313760625649e-01 3.506438106368489713e-03
8.133181687493028221e+03 8.481528227674119957e-01 5.404993634954674206e-03
8.141314869180524511e+03 8.278312246111745321e-01 6.515197280918105967e-03
8.149456184049707190e+03 8.170196395339810458e-01 6.044545119190564662e-03
8.157605640233759914e+03 8.173066907443820028e-01 5.814720424656287349e-03
8.165763245873996311e+03 8.266483688636447891e-01 6.559817076294788968e-03
8.173929009119872717e+03 8.422218297503583084e-01 6.909776058800068399e-03
8.182102938128995447e+03 8.637929317309525068e-01 6.679602121329630132e-03
8.190285041067127167e+03 8.920356660647645874e-01 6.454770733809906368e-03
8.198475326108196896e+03 9.222061354641278852e-01 6.267684694910920402e-03
8.206673801434308189e+03 9.498301811598800493e-01 6.056755928477983338e-03
8.214880475235744598e+03 9.725647620315353015e-01 5.792899199008204672e-03
8.223095355710984222e+03 9.925814813707029005e-01 5.642135602823718406e-03
8.231318451066697889e+03 1.008174161858772067e+00 5.869924281830617326e-03
8.239549769517767345e+03 1.014936778203251677e+00 6.837107053525619087e-03
8.247789319287287071e+03 1.008984330119026440e+00 7.003598856517394972e-03
8.256037108606577021e+03 9.923337792417636916e-01 7.575993296838076305e-03
8.264293145715186256e+03 9.699111192527687386e-01 9.389518287459101137e-03
8.272557438860903858e+03 9.480041779655762335e-01 1.067358594696778129e-02
8.280829996299768027e+03 9.300621808111277922e-01 1.078433815844835782e-02
8.289110826296069718e+03 9.156630081454141257e-01 9.899164326330180119e-03
8.297399937122369010e+03 9.068655672300720560e-01 8.292974972499058545e-03
8.305697337059495112e+03 9.091973159967122742e-01 7.454845616551092173e-03
8.314003034396557268e+03 9.263499476473212590e-01 7.832669313779442102e-03
8.322317037430955679e+03 9.562488552336169123e-01 8.661277508778136153e-03
8.330639354468388774e+03 9.910370344918136842e-01 9.476680138477053955e-03
8.338969993822860488e+03 1.022570121652760067e+00 9.679283069417621288e-03
8.347308963816685718e+03 1.045240890011512880e+00 8.053424144859433476e-03
8.355656272780506697e+03 1.051034648206860433e+00 5.623735375016668259e-03
8.364011929053289350e+03 1.031986476430930555e+00 4.970983988087413104e-03
8.372375940982345128e+03 9.866005248741729350e-01 4.841053294409151248e-03
8.380748316923331004e+03 9.136952157557196585e-01 4.892471086704401270e-03
8.389129065240256750e+03 8.184176026911637036e-01 6.956976614962802168e-03
8.397518194305499492e+03 7.111760384283176695e-01 9.971080107616533961e-03
8.405915712499807341e+03 5.983531389478833340e-01 1.159672329660508573e-02
8.414321628212310316e+03 4.878674411452016413e-01 1.051877212202238093e-02
8.422735949840525791e+03 3.897927517195159952e-01 7.917921714880409717e-03
8.431158685790369418e+03 3.131145221214612362e-01 7.445553204219163002e-03
8.439589844476162398e+03 2.624534384556835298e-01 8.393862062329853282e-03
8.448029434320640576e+03 2.354827146259887982e-01 8.292050151414393638e-03
8.456477463754963537e+03 2.306568176816373161e-01 1.210819883866416473e-02
8.464933941218721884e+03 2.564669775725559875e-01 1.826438116923135777e-02
8.473398875159942691e+03 3.268380812780486422e-01 2.113489448667677309e-02
8.481872274035105875e+03 4.517837485013738164e-01 2.024037149044159364e-02
8.490354146309144198e+03 6.307769763645992844e-01 2.075229532693448342e-02
8.498844500455456000e+03 8.687452817127871985e-01 3.260418544851981931e-02
8.507343344955914290e+03 1.114329661231143964e+00 4.367599539929526570e-02
8.515850688300872207e+03 1.345620697534747334e+00 4.939633950560641529e-02
8.524366538989177570e+03 1.529057619503012333e+00 4.646211356336710924e-02
8.532890905528169242e+03 1.639719636439534778e+00 3.802586814874543697e-02
8.541423796433698953e+03 1.662107698439744929e+00 3.479726865729069335e-02
8.549965220230136765e+03 1.593251959942716844e+00 4.188023816088394524e-02
8.558515185450369245e+03 1.443694745916445310e+00 5.039071379002770662e-02
8.567073700635823116e+03 1.238250436866067172e+00 5.304918871689754539e-02
8.575640774336461618e+03 1.015630196006468866e+00 4.654663857012837636e-02
8.584216415110800881e+03 8.197015576255466396e-01 3.264289310535029021e-02
8.592800631525913559e+03 6.886431246029026676e-01 2.005145414813501101e-02
8.601393432157443385e+03 6.441338926922141050e-01 2.097235372536433717e-02
8.609994825589603352e+03 6.877216908614879332e-01 2.577645388278497832e-02
8.618604820415195718e+03 8.044138479399465247e-01 2.643762841252693743e-02
8.627223425235613831e+03 9.726139119124372900e-01 2.306814730461365440e-02
8.635850648660851220e+03 1.167736909923767774e+00 1.716455594128650508e-02
8.644486499309516148e+03 1.364954303061093110e+00 1.099554017084916104e-02
8.653130985808827973e+03 1.545086000532784221e+00 7.263505930785686335e-03
8.661784116794638976e+03 1.685852585410934523e+00 5.735566476975214635e-03
8.670445900911438002e+03 1.782880990271221266e+00 5.349924510320271109e-03
8.679116346812352276e+03 1.828898650005052584e+00 8.823998740021274725e-03
8.687795463159167412e+03 1.827343699700071600e+00 1.230303487079222914e-02
8.696483258622329231e+03 1.787256642494888581e+00 1.262094404276880612e-02
8.705179741880954680e+03 1.719298867060246483e+00 1.076730212318772334e-02
8.713884921622837282e+03 1.630187550677461683e+00 9.572662839975452920e-03
8.722598806544463514e+03 1.524186779769070466e+00 9.273728594418807758e-03
8.731321405351010981e+03 1.408244816458811055e+00 9.141816615740967419e-03
8.740052726756364791e+03 1.296169286963610112e+00 8.178746682156814302e-03
8.748792779483124832e+03 1.200676601062276916e+00 7.490168094632438343e-03
8.757541572262609407e+03 1.128656163879240282e+00 8.300843406287543996e-03
8.766299113834875243e+03 1.071856959705915546e+00 8.252366479776793509e-03
8.775065412948713856e+03 1.028720854589114886e+00 7.791506218168002887e-03
8.783840478361664282e+03 9.978507457833791783e-01 7.589631746510427587e-03
8.792624318840029446e+03 9.796795770552279015e-01 7.592949075849376138e-03
8.801416943158872527e+03 9.738904339632399321e-01 8.314509433780809325e-03
8.810218360102035149e+03 9.770372913817808591e-01 1.013213177080787147e-02
8.819028578462139194e+03 9.833382694879161390e-01 1.132172568571102045e-02
8.827847607040604998e+03 9.858533052863954760e-01 1.026694430561861902e-02
8.836675454647647712e+03 9.764529663496535061e-01 8.432203503731928659e-03
8.845512130102299125e+03 9.439796896071288579e-01 1.049817883733047096e-02
8.854357642232404032e+03 8.986348450193533122e-01 1.245304752595085933e-02
8.863211999874638423e+03 8.534817733236417236e-01 1.271000807197169430e-02
8.872075211874516754e+03 8.190029926216589873e-01 1.250319905021408592e-02
8.880947287086393771e+03 7.924984777327556129e-01 1.280253096921074585e-02
8.889828234373482701e+03 7.677774103440738740e-01 1.309227592029579140e-02
8.898718062607858883e+03 7.431608781199472435e-01 1.295167140063156752e-02
8.907616780670470689e+03 7.243633034049309360e-01 1.266917785538716583e-02
8.916524397451143159e+03 7.181935814762209214e-01 1.281954177021929486e-02
8.925440921848598009e+03 7.255250872238765414e-01 1.264241316847333936e-02
8.934366362770449996e+03 7.460461148758059657e-01 1.257201040860893120e-02
8.943300729133223285e+03 7.687634784110951580e-01 1.265163208424398104e-02
8.952244029862358730e+03 7.920695355201775589e-01 1.255534253870948733e-02
8.961196273892224781e+03 8.136897819431755385e-01 1.288893298863006374e-02
8.970157470166119310e+03 8.331216616462724378e-01 1.423134846031228438e-02
8.979127627636287798e+03 8.521769115799480154e-01 1.543269810673106833e-02
8.988106755263928790e+03 8.542138822569241841e-01 1.407193651172968483e-02
8.997094862019195716e+03 8.389644501476758442e-01 1.137624499101220002e-02
9.006091956881216902e+03 8.034401666964894329e-01 1.147688891385711431e-02
9.015098048838101022e+03 7.486693129425711080e-01 1.479351843228320779e-02
9.024113146886942559e+03 6.718207697436106018e-01 1.508552462285329618e-02
9.033137260033832717e+03 5.924862734605651493e-01 1.204923203540404428e-02
9.042170397293868518e+03 5.314799195348345329e-01 8.621948668051115233e-03
9.051212567691165532e+03 4.940807389576457598e-01 6.030230028895445203e-03
9.060263780258859697e+03 4.861691529831112524e-01 5.272417809513101246e-03
9.069324044039121873e+03 5.088407049137088078e-01 7.418714532919612817e-03
9.078393368083163296e+03 5.589747492111137861e-01 1.045695682072485255e-02
9.087471761451250131e+03 6.316537209427101063e-01 1.208648752485982046e-02
9.096559233212705294e+03 7.101407559544723469e-01 9.870709640930685341e-03
9.105655792445919360e+03 7.804053085853004390e-01 8.383628727554352442e-03
9.114761448238368757e+03 8.371230132276276104e-01 6.705156595401842723e-03
9.123876209686610309e+03 8.697272842178349617e-01 4.826286046602413712e-03
9.133000085896299424e+03 8.677785616042618111e-01 6.074159043479659091e-03
9.142133085982199191e+03 8.399958612217165443e-01 8.836218087201398730e-03
9.151275219068184015e+03 7.922831238847616309e-01 1.144195827695414051e-02
9.160426494287255991e+03 7.294350669509878093e-01 1.347634983500544531e-02
9.169586920781546723e+03 6.663350388295441462e-01 1.407901353237516438e-02
9.178756507702330055e+03 6.126693796928247560e-01 1.207283312457571589e-02
9.187935264210036621e+03 5.835496222474483297e-01 8.805146984089068721e-03
9.197123199474248395e+03 5.832381866504892098e-01 9.861970329714784406e-03
9.206320322673725968e+03 6.076724354409805962e-01 1.281012226869047282e-02
9.215526642996403098e+03 6.532985010763460165e-01 1.502056520738656760e-02
9.224742169639403073e+03 7.082407828906746028e-01 1.615810104244410489e-02
9.233966911809044177e+03 7.590068151929428852e-01 1.514632026160057758e-02
9.243200878720857872e+03 8.006627943736955855e-01 1.254157360867510715e-02
9.252444079599581528e+03 8.268284569329374945e-01 1.200580823339328189e-02
9.261696523679183883e+03 8.328348911386856956e-01 1.734065439446235563e-02
9.270958220202865050e+03 8.048380543937869724e-01 2.224661661700751483e-02
9.280229178423071062e+03 7.812088206968823556e-01 2.032562930243472094e-02
9.289509407601497514e+03 7.667126990353745342e-01 1.769517387384312787e-02
9.298798917009102297e+03 7.695021331019663569e-01 2.031339504483097719e-02
9.308097715926114688e+03 7.952144782253751654e-01 2.636470566800652726e-02
9.317405813642044450e+03 8.122887426123306387e-01 2.641254674142870865e-02
9.326723219455689105e+03 8.203460031332014957e-01 2.177740141524373355e-02
9.336049942675148486e+03 8.131633649900493754e-01 1.941601755479675437e-02
9.345385992617826560e+03 7.874345660780641687e-01 2.217681359054564719e-02
9.354731378610447791e+03 7.697615819062956222e-01 2.304754774614697563e-02
9.364086109989060787e+03 7.633576059778615086e-01 2.204025435669517211e-02
9.373450196099052846e+03 7.627165883133912860e-01 2.070463591457043229e-02
9.382823646295155413e+03 7.684227463344266429e-01 2.066134645560891922e-02
9.392206469941453179e+03 7.864051360384023415e-01 2.193831860504999454e-02
9.401598676411396809e+03 8.054757188334206175e-01 2.346643221385303138e-02
9.411000275087812042e+03 8.322069790400613565e-01 2.411464879605445394e-02
9.420411275362903325e+03 8.542848047806007594e-01 2.220012677191244774e-02
9.429831686638268366e+03 8.589192357425400326e-01 2.037145517681627008e-02
9.439261518324910867e+03 8.556815046237296052e-01 1.946601947558605772e-02
9.448700779843238706e+03 8.508448796295614569e-01 2.059667029934894589e-02
9.458149480623085765e+03 8.361261419204996104e-01 2.160828764715284553e-02
9.467607630103711926e+03 8.229107695398809597e-01 2.012202220496281738e-02
9.477075237733817630e+03 8.102208588849508786e-01 1.848324786712565032e-02
9.486552312971554784e+03 7.995151449816911837e-01 1.840879928027021675e-02
9.496038865284530402e+03 7.753799104868909220e-01 1.812241083435450414e-02
9.505534904149817521e+03 7.447740702760498044e-01 1.761461158844451758e-02
9.515040439053969749e+03 7.203912138364245710e-01 1.722283585989706212e-02
9.524555479493026724e+03 7.076566124131370428e-01 1.674275393044440119e-02
9.534080034972523208e+03 7.009060540671542272e-01 1.576015972682799637e-02
9.543614115007500004e+03 6.918845762905722063e-01 1.487651788370443658e-02
9.553157729122509409e+03 6.821916891958967888e-01 1.484588763002960519e-02
9.562710886851635223e+03 6.688711168245604632e-01 1.503002066206615348e-02
9.572273597738490935e+03 6.605566705471730415e-01 1.437347638890719773e-02
9.581845871336232449e+03 6.609652184002459130e-01 1.381838114283625435e-02
9.591427717207570822e+03 6.729006411100787455e-01 1.400651144735106865e-02
9.601019144924781358e+03 6.826545242549699744e-01 1.449345133645699168e-02
9.610620164069710881e+03 6.912284191940617495e-01 1.433313007384151572e-02
9.620230784233783197e+03 6.940238165656216207e-01 1.384144961109769027e-02
9.629851015018019098e+03 6.989936190830422502e-01 1.363200514654585097e-02
9.639480866033041821e+03 7.110093659965891488e-01 1.337174677966954106e-02
9.649120346899077049e+03 7.256661577669060170e-01 1.301453495200817316e-02
9.658769467245980195e+03 7.334586928235462544e-01 1.203633254929080583e-02
9.668428236713229126e+03 7.337808685126677721e-01 1.139598683010955953e-02
9.678096664949945989e+03 7.304725213282255991e-01 1.138606504138369932e-02
9.687774761614899035e+03 7.223471156219276601e-01 1.148341528386378173e-02
9.697462536376517164e+03 7.095406660988772263e-01 1.170603605229572457e-02
9.707159998912895389e+03 6.860041534414410558e-01 1.226149042068300742e-02
9.716867158911813021e+03 6.596099304669784669e-01 1.254198071380137336e-02
9.726584026070726395e+03 6.414771649855021129e-01 1.138664038777170359e-02
9.736310610096801611e+03 6.360875512201237258e-01 1.095087968439101625e-02
9.746046920706901801e+03 6.434693616291765617e-01 1.333542370475635473e-02
9.755792967627610778e+03 6.477601466481154313e-01 1.422304299911117918e-02
9.765548760595242129e+03 6.526901900688505398e-01 1.439214922230410559e-02
9.775314309355841033e+03 6.488874535304999247e-01 1.459493438129161498e-02
9.785089623665198815e+03 6.400792120935957508e-01 1.505460069696325232e-02
9.794874713288867497e+03 6.301025529222231691e-01 1.566531986564009479e-02
9.804669588002159799e+03 6.225601922403340982e-01 1.636416302669412015e-02
9.814474257590165507e+03 6.138010869369826539e-01 1.723725038295365747e-02
9.824288731847758754e+03 6.076659356575193627e-01 1.788391577955443512e-02
9.834113020579610748e+03 5.978508089723887364e-01 1.869123121511003308e-02
9.843947133600193411e+03 5.813033075186742060e-01 2.022949047589432323e-02
9.853791080733795752e+03 5.575582247272972136e-01 2.292690106647851667e-02
9.863644871814532962e+03 5.282520487303219436e-01 2.708448320955984465e-02
9.873508516686351868e+03 4.964418964388979116e-01 3.300904502531309959e-02
9.883382025203040030e+03 4.651614877899888922e-01 4.102935708339731924e-02
9.893265407228247568e+03 4.359303379363508313e-01 5.135646553281367210e-02
9.903158672635478069e+03 4.118294543148578457e-01 6.370212426744104039e-02
9.913061831308117689e+03 4.028062483209301492e-01 7.779900584220608706e-02
9.922974893139427877e+03 4.296997922116410629e-01 9.562062084941545803e-02
9.932897868032570841e+03 5.207542604027848299e-01 1.250738317999814941e-01
