# starting wavelength: 3348.450
# ending wavelength: 9532.900
# wav flux eflux
3.351457758682781787e+03 1.109751698602600284e-01 5.103488127368924765e-01
3.354809216441465651e+03 9.310875611265100049e-02 3.866718741720089891e-01
3.358164025657908041e+03 6.210977133607110956e-02 2.944834567071717424e-01
3.361522189683567376e+03 4.459020879395032833e-02 2.262370105344261029e-01
3.364883711873251741e+03 1.657351688741484641e-02 1.846494970987340167e-01
3.368248595585126168e+03 2.201156631948755771e-02 1.546602979196186611e-01
3.371616844180712633e+03 1.536183600287069351e-02 1.274502946129344449e-01
3.374988461024894150e+03 8.204544692517606874e-03 1.056329494531109137e-01
3.378363449485920228e+03 1.722455809588652187e-02 9.360051001705747831e-02
3.381741812935407324e+03 2.432465436368663747e-02 8.102936952364665768e-02
3.385123554748343849e+03 2.785241760202102068e-02 7.238295584840337415e-02
3.388508678303093347e+03 4.541968673276799984e-02 6.549464840750214567e-02
3.391897186981397681e+03 8.371499178705768540e-02 6.189257696272212894e-02
3.395289084168380214e+03 9.204154600890351867e-02 5.873430821010318381e-02
3.398684373252549449e+03 1.119860518887507844e-01 5.539419120563478932e-02
3.402083057625803121e+03 1.439325498156827088e-01 5.331079268583279601e-02
3.405485140683430018e+03 1.916471697911635019e-01 5.606002762921001581e-02
3.408890625824114522e+03 2.156471374392913976e-01 5.457307963588262090e-02
3.412299516449939802e+03 2.198962819676671399e-01 5.425700684303161325e-02
3.415711815966390986e+03 2.357316134050219114e-01 5.474522922943365899e-02
3.419127527782358356e+03 2.840362357436374552e-01 4.942657572739387467e-02
3.422546655310141887e+03 2.787849262864001698e-01 4.916152034431781753e-02
3.425969201965453522e+03 2.727052270765978892e-01 4.925798586668393708e-02
3.429395171167419903e+03 2.419215947906654951e-01 5.018778632006885843e-02
3.432824566338588284e+03 2.180982874170045438e-01 5.116791795435605972e-02
3.436257390904928343e+03 2.159227777613516863e-01 5.116940593620084715e-02
3.439693648295834464e+03 2.094184890425454526e-01 5.241204865062403656e-02
3.443133341944131189e+03 2.066634888217110111e-01 5.248246058681673570e-02
3.446576475286076402e+03 1.900703453044716162e-01 5.360659003538083278e-02
3.450023051761363604e+03 1.815863302718415673e-01 5.316692675860541784e-02
3.453473074813126004e+03 1.672231471598155106e-01 5.135821374977311143e-02
3.456926547887940615e+03 1.607634920365963727e-01 5.389831844249417386e-02
3.460383474435829612e+03 1.554679393016936972e-01 5.331840910145037998e-02
3.463843857910266706e+03 1.518559156805341093e-01 5.321509099393893771e-02
3.467307701768178049e+03 1.343044167287145152e-01 5.116193146380532825e-02
3.470775009469947236e+03 1.452221950711715115e-01 5.118932514815930507e-02
3.474245784479418489e+03 1.489166184987372188e-01 5.247688664685915688e-02
3.477720030263898934e+03 1.489369147692394257e-01 5.378852463599738398e-02
3.481197750294164052e+03 1.713302994377596533e-01 5.234925927614323543e-02
3.484678948044459503e+03 1.734475710811631821e-01 5.266934062156362895e-02
3.488163626992504760e+03 1.806962934117621322e-01 5.258980166445811899e-02
3.491651790619498570e+03 2.044724467043757266e-01 5.266836278027646479e-02
3.495143442410119405e+03 1.903526806670628180e-01 5.248373581610840666e-02
3.498638585852530468e+03 1.870412523443231168e-01 5.157463795093946562e-02
3.502137224438384237e+03 1.986135331396925996e-01 5.113396874840992617e-02
3.505639361662823831e+03 1.914360699804200094e-01 4.948565702366810454e-02
3.509145001024487556e+03 1.814137617659579704e-01 4.895473966317744757e-02
3.512654146025513455e+03 1.797826759445641520e-01 5.026525445164996969e-02
3.516166800171540217e+03 1.739986374613411158e-01 5.022346016983311734e-02
3.519682966971712631e+03 1.490822448309497561e-01 4.684037656369794550e-02
3.523202649938685681e+03 1.489072499685959172e-01 4.700327287566681556e-02
3.526725852588625457e+03 1.638763511534828965e-01 4.475809225954260895e-02
3.530252578441215064e+03 1.430909265025903931e-01 4.337236613840915467e-02
3.533782831019657806e+03 1.337571829846012361e-01 4.307285764445215742e-02
3.537316613850678550e+03 1.477914943457609154e-01 3.905097683071737102e-02
3.540853930464530094e+03 1.518741462994250002e-01 3.887965064950066330e-02
3.544394784394995895e+03 1.477478258201057881e-01 3.984301768134615451e-02
3.547939179179392340e+03 1.327447100990591378e-01 3.899749989819297630e-02
3.551487118358572843e+03 1.225272651829725779e-01 3.832055824092521490e-02
3.555038605476932389e+03 1.149216506682374378e-01 3.816735508872534655e-02
3.558593644082410719e+03 1.049143689254259798e-01 3.770191499001194352e-02
3.562152237726494150e+03 1.117107781444034442e-01 3.790817329393009194e-02
3.565714389964221937e+03 1.174353616026613534e-01 3.941887135927880231e-02
3.569280104354187188e+03 1.374861418944421654e-01 3.739778852582557184e-02
3.572849384458542772e+03 1.477551898873338820e-01 3.602482421728661621e-02
3.576422233843002232e+03 1.308430191014097188e-01 3.535468752729242076e-02
3.579998656076846601e+03 1.318906996718013369e-01 3.575069977804965632e-02
3.583578654732924406e+03 1.201859170917852770e-01 3.514156380908230182e-02
3.587162233387658489e+03 1.270618670829648800e-01 3.571476137272488333e-02
3.590749395621047370e+03 1.351245389678361886e-01 3.500782313559788056e-02
3.594340145016669794e+03 1.151218618824568773e-01 3.510886858590490239e-02
3.597934485161687462e+03 1.254515202029292953e-01 3.507790746333812326e-02
3.601532419646850485e+03 1.164964003599202880e-01 3.370651108173580712e-02
3.605133952066498296e+03 1.285137686864324946e-01 3.360085912799408436e-02
3.608739086018566013e+03 9.791335261927576472e-02 3.035623612770033813e-02
3.612347825104585809e+03 8.626049126348847573e-02 2.948554181510484526e-02
3.615960172929691907e+03 9.006717219708407218e-02 3.019513831858907510e-02
3.619576133102622407e+03 9.690221366008996973e-02 3.098219923786199592e-02
3.623195709235726554e+03 1.006032970017763095e-01 3.097514587859554261e-02
3.626818904944963379e+03 1.112501181628071795e-01 3.053360386872561866e-02
3.630445723849909427e+03 1.266434643838595664e-01 3.078744630438294549e-02
3.634076169573760581e+03 1.368022511139182495e-01 3.158214304663067157e-02
3.637710245743335690e+03 1.410058782369194852e-01 3.113296436769912370e-02
3.641347955989080219e+03 1.469862967510159324e-01 3.106275167898285214e-02
3.644989303945070333e+03 1.624063806547977606e-01 3.079851357284641225e-02
3.648634293249016537e+03 1.803061564718274334e-01 3.149192262128641673e-02
3.652282927542266862e+03 1.909767966738493139e-01 3.125933061408012192e-02
3.655935210469810499e+03 1.965757752986910245e-01 3.158382074290599223e-02
3.659591145680281443e+03 2.050901920191505468e-01 3.080569067266137814e-02
3.663250736825963031e+03 2.014519379526873988e-01 3.135606149573441637e-02
3.666913987562790226e+03 1.869707245781501714e-01 3.136002774873138804e-02
3.670580901550354156e+03 1.880043370584479345e-01 3.160670049984656838e-02
3.674251482451905758e+03 1.945457663019521111e-01 3.053662652408153586e-02
3.677925733934358959e+03 1.999043486181547868e-01 3.055821686117124458e-02
3.681603659668294313e+03 1.961438237447346578e-01 2.948560338571303008e-02
3.685285263327964003e+03 2.025307044892144803e-01 2.996542218698112700e-02
3.688970548591293209e+03 2.053944410283830568e-01 2.968441898797678086e-02
3.692659519139885560e+03 2.113180894319640346e-01 2.965120031458227598e-02
3.696352178659026777e+03 2.215099415989779108e-01 2.940937901019929218e-02
3.700048530837686940e+03 2.141407672296115339e-01 2.747561384643137927e-02
3.703748579368525952e+03 2.273892835192381778e-01 2.682831547536956504e-02
3.707452327947895355e+03 2.417636879917629267e-01 2.735101335700052330e-02
3.711159780275844696e+03 2.509040909980621570e-01 2.756078520371306462e-02
3.714870940056121526e+03 2.443797306324131113e-01 2.745339375356868616e-02
3.718585810996179134e+03 2.319150601340530804e-01 2.760233718821809498e-02
3.722304396807176545e+03 2.310844781031630435e-01 2.779545655023523548e-02
3.726026701203984885e+03 2.269154888688053873e-01 2.681589632882613872e-02
3.729752727905190113e+03 2.217996794898082491e-01 2.794766068140900478e-02
3.733482480633096657e+03 2.317844817778659250e-01 2.832803692948325167e-02
3.737215963113731050e+03 2.319954815798612457e-01 2.831727995388271316e-02
3.740953179076846027e+03 2.192658087462494021e-01 2.768667878125462972e-02
3.744694132255923705e+03 2.109396378302600961e-01 2.743429675875273463e-02
3.748438826388181042e+03 2.215928524438592617e-01 2.830669715308673298e-02
3.752187265214570289e+03 2.308873969123715619e-01 2.891330947466084697e-02
3.755939452479786269e+03 2.391163337884066875e-01 3.001765858557370673e-02
3.759695391932267285e+03 2.544101418380452784e-01 2.794830656504289357e-02
3.763455087324201031e+03 2.645576631360899156e-01 2.762495156259522910e-02
3.767218542411526414e+03 2.641350285294601363e-01 2.782568195686954335e-02
3.770985760953939007e+03 2.707738806190689296e-01 2.636119456380063217e-02
3.774756746714894234e+03 2.601255061588792494e-01 2.607363905718900962e-02
3.778531503461610555e+03 2.475796200456409912e-01 2.688046913076103800e-02
3.782310034965073100e+03 2.318486739882130165e-01 2.949373333662344901e-02
3.786092345000039586e+03 2.223112251359334324e-01 2.955479132412481766e-02
3.789878437345040766e+03 2.161833917905550684e-01 2.880529258750480145e-02
3.793668315782387253e+03 2.087570955181627108e-01 2.912183666854389202e-02
3.797461984098170888e+03 2.115420017417496135e-01 3.013310275715341130e-02
3.801259446082270188e+03 2.049013044711080200e-01 2.897748577329840869e-02
3.805060705528353537e+03 2.424417470468505087e-01 2.640246350883021162e-02
3.808865766233883278e+03 2.396192595596116637e-01 2.731533915200255389e-02
3.812674632000118436e+03 2.360999889813603370e-01 2.735246821080492691e-02
3.816487306632119726e+03 2.371204448656198949e-01 2.830425653353371013e-02
3.820303793938753188e+03 2.392927748772405994e-01 2.750837284489514312e-02
3.824124097732693372e+03 2.244752651567412105e-01 2.898334464325002385e-02
3.827948221830427428e+03 2.316809385045077441e-01 2.904023233284917793e-02
3.831776170052258749e+03 2.263056131292033868e-01 2.886114263069131450e-02
3.835607946222312421e+03 2.176498103775175164e-01 2.741956938632210058e-02
3.839443554168536139e+03 1.960536779255090956e-01 2.524022924922218053e-02
3.843282997722705659e+03 1.936936389685012805e-01 2.453831413937822975e-02
3.847126280720429804e+03 2.003611614170794086e-01 2.521759160440810790e-02
3.850973407001151372e+03 2.151011402719102683e-01 3.017066451409810071e-02
3.854824380408153957e+03 2.257028849188059960e-01 2.956993781300256557e-02
3.858679204788563311e+03 2.354231183466545252e-01 2.925480396074163492e-02
3.862537883993353262e+03 2.738944372839197117e-01 2.943500069612408135e-02
3.866400421877347981e+03 2.716935738796009692e-01 3.104940411998937874e-02
3.870266822299226533e+03 2.648732035727652812e-01 3.257651029109566443e-02
3.874137089121526969e+03 2.460905914244255199e-01 3.186957457988923159e-02
3.878011226210649966e+03 2.299343064549607685e-01 3.250653484560356299e-02
3.881889237436861549e+03 2.187590259298799744e-01 3.085408629012069415e-02
3.885771126674299921e+03 2.009481461511372080e-01 3.304239981646440311e-02
3.889656897800975457e+03 1.969245293144371578e-01 3.265895691771630860e-02
3.893546554698777527e+03 2.046233018982536733e-01 3.381416771232509388e-02
3.897440101253477678e+03 2.096269742233951572e-01 3.210571942563941739e-02
3.901337541354732366e+03 2.196061570170135535e-01 3.151147030142413541e-02
3.905238878896088409e+03 2.368890455537819018e-01 3.175778887309053250e-02
3.909144117774985716e+03 2.539092340744320553e-01 3.228351853058999271e-02
3.913053261892762293e+03 2.603376391494448550e-01 3.229181706600496582e-02
3.916966315154656058e+03 2.790348932549943650e-01 3.043376963315777214e-02
3.920883281469812118e+03 2.873640542384345298e-01 3.077256393961455908e-02
3.924804164751283224e+03 2.883170398827473724e-01 3.031542011979834750e-02
3.928728968916035683e+03 2.780803944080799672e-01 2.942698880896750524e-02
3.932657697884953450e+03 2.883894189588175339e-01 2.816546661024090306e-02
3.936590355582839493e+03 2.857818823726812618e-01 2.696920233209570278e-02
3.940526945938423523e+03 2.819792144529016942e-01 2.677508971444293728e-02
3.944467472884363360e+03 3.044129555496061235e-01 2.030081524130657525e-02
3.948411940357249023e+03 2.991916355493974278e-01 1.902980080438647012e-02
3.952360352297607733e+03 2.980087102695070933e-01 1.910177602786455875e-02
3.956312712649906643e+03 3.045468784887515601e-01 1.830215763737252227e-02
3.960269025362557841e+03 3.045134428735510879e-01 1.877235802217454286e-02
3.964229294387921527e+03 3.049999516711427439e-01 1.856245354511007820e-02
3.968193523682310570e+03 2.901121152495746425e-01 1.338734491573504055e-02
3.972161717205994591e+03 2.972390310266682656e-01 1.371848775657655978e-02
3.976133878923201792e+03 3.101251839900112661e-01 1.681762322494059422e-02
3.980110012802126221e+03 3.171178120346160312e-01 1.683319723875233501e-02
3.984090122814929600e+03 3.134450995834908160e-01 1.750390201058243944e-02
3.988074212937745870e+03 3.146698609905683175e-01 1.716698938656474258e-02
3.992062287150684824e+03 3.149626669387433631e-01 1.662582401769380908e-02
3.996054349437837118e+03 3.093025537818809290e-01 1.790380780072963265e-02
4.000050403787276082e+03 3.012359404487431891e-01 1.793946916489940965e-02
4.004050454191064546e+03 3.090349031795485701e-01 1.864531314571595683e-02
4.008054504645257111e+03 3.067913860925956526e-01 1.917740086459902155e-02
4.012062559149903791e+03 3.140888426034093572e-01 1.917059752733247732e-02
4.016074621709055009e+03 3.197840838492330140e-01 1.838563318404705729e-02
4.020090696330765240e+03 3.272559160098607034e-01 1.842138777366136848e-02
4.024110787027097558e+03 3.469074207333505688e-01 1.757448909716940663e-02
4.028134897814125907e+03 3.595630517031204731e-01 1.753573875562198028e-02
4.032163032711941469e+03 3.684742965234047984e-01 1.747889704974547181e-02
4.036195195744654484e+03 3.710461427548235047e-01 1.770414738020604714e-02
4.040231390940400615e+03 3.608040583776398469e-01 1.907695238648911620e-02
4.044271622331342314e+03 3.439118172549036623e-01 1.747024131885606055e-02
4.048315893953675186e+03 3.291235640319854494e-01 1.765223448469617484e-02
4.052364209847629809e+03 3.210719278119649189e-01 1.851600195212225672e-02
4.056416574057479011e+03 3.196511158316256429e-01 1.852836946969782517e-02
4.060472990631537868e+03 3.175945595980984582e-01 1.782596530325769590e-02
4.064533463622170530e+03 3.264012383189637267e-01 2.071841197674610321e-02
4.068597997085794304e+03 3.362520762897741045e-01 2.099629182599142829e-02
4.072666595082881486e+03 3.442832022627827504e-01 2.087064257557645630e-02
4.076739261677965715e+03 3.382240930756584274e-01 2.079743794597932807e-02
4.080816000939644709e+03 3.321390274187172031e-01 2.025416180179697573e-02
4.084896816940585722e+03 3.228914238845980167e-01 1.997165132633059448e-02
4.088981713757527814e+03 3.127304099487118738e-01 2.008703960634820873e-02
4.093070695471286854e+03 2.930817174206344355e-01 1.945624640136799088e-02
4.097163766166759160e+03 2.671829285642271512e-01 1.890066506860549680e-02
4.101260929932927866e+03 2.541074131153284732e-01 1.666381928136224932e-02
4.105362190862862008e+03 2.574821411075539634e-01 1.644339067900103812e-02
4.109467553053726078e+03 2.795272692819297800e-01 2.232733699553498402e-02
4.113577020606780934e+03 2.980390441990859451e-01 2.285638134833765586e-02
4.117690597627389252e+03 3.062838197286145703e-01 2.270211166610629910e-02
4.121808288225018259e+03 3.237159674814188981e-01 2.201605578402904620e-02
4.125930096513244280e+03 3.372552971081209661e-01 2.235142247548818628e-02
4.130056026609759101e+03 3.337646200641441463e-01 2.037069732731570243e-02
4.134186082636369974e+03 3.431534478578729952e-01 2.171450844155585480e-02
4.138320268719007800e+03 3.411323992723135912e-01 2.316018363501852473e-02
4.142458588987728035e+03 3.315711210333924241e-01 2.485578872941947987e-02
4.146601047576717065e+03 3.235848616857175397e-01 2.483620689786070548e-02
4.150747648624294925e+03 3.117218258306380108e-01 2.465411700281311402e-02
4.154898396272920763e+03 3.060450574904381438e-01 2.560710165773951927e-02
4.159053294669195566e+03 3.025624169609888447e-01 2.467950668773314163e-02
4.163212347963865795e+03 2.962707335256636876e-01 2.468843181916849025e-02
4.167375560311830668e+03 2.971030247479575781e-01 2.557726948975988859e-02
4.171542935872143971e+03 3.056656557416662645e-01 2.580193661633112256e-02
4.175714478808017702e+03 2.980348653170590834e-01 2.583218647204562832e-02
4.179890193286827525e+03 2.828434621682886507e-01 2.544626190427617604e-02
4.184070083480115500e+03 2.762896439392847348e-01 2.547272112584931386e-02
4.188254153563597356e+03 2.887943581645768254e-01 2.360135247121978447e-02
4.192442407717161586e+03 3.006735196946275224e-01 2.267995908515453574e-02
4.196634850124880359e+03 3.027979568942656408e-01 2.270100692494063724e-02
4.200831484975006788e+03 2.918327716643265290e-01 2.203154646708825604e-02
4.205032316459983122e+03 2.790720494219412484e-01 2.088509249240030549e-02
4.209237348776444378e+03 2.762523186944091935e-01 2.098810043171652276e-02
4.213446586125221984e+03 2.812676911831250015e-01 2.047450549018476132e-02
4.217660032711349231e+03 2.974092588008279137e-01 1.980242681376198285e-02
4.221877692744061278e+03 3.072159391313644683e-01 1.966154251328219860e-02
4.226099570436806971e+03 3.198882243549505677e-01 1.909906511218568623e-02
4.230325670007245208e+03 3.222608002230105684e-01 2.004658200523273121e-02
4.234555995677254032e+03 3.306430342326325267e-01 1.976609020767948824e-02
4.238790551672932452e+03 3.426850232985909073e-01 2.007940807320774540e-02
4.243029342224606808e+03 3.429734743467734437e-01 2.012864858659548645e-02
4.247272371566832589e+03 3.510665108655058320e-01 2.092778987983279909e-02
4.251519643938400804e+03 3.575258148218292131e-01 1.986874792046068941e-02
4.255771163582340705e+03 3.629206543051781142e-01 1.887856043245425899e-02
4.260026934745924336e+03 3.553851504234200598e-01 1.873196764460255750e-02
4.264286961680671993e+03 3.431146467559459401e-01 1.815384531088553438e-02
4.268551248642354039e+03 3.239583546092193456e-01 1.833211336219650947e-02
4.272819799890998183e+03 3.158650403001588836e-01 1.765666617771082664e-02
4.277092619690890388e+03 3.078839935336075140e-01 1.833649730208939191e-02
4.281369712310583054e+03 2.977636628379931594e-01 1.825367275318349330e-02
4.285651082022895025e+03 2.959022879699430009e-01 1.736685365573591849e-02
4.289936733104918858e+03 2.945092622919842085e-01 1.777470564790326751e-02
4.294226669838025373e+03 2.884137458877417681e-01 1.693658890537848641e-02
4.298520896507864563e+03 2.853285278261039615e-01 1.705021014710349919e-02
4.302819417404373780e+03 2.830846401815641511e-01 1.583638584415903230e-02
4.307122236821779552e+03 2.867871129642088901e-01 1.639076862734785076e-02
4.311429359058603040e+03 2.684979349230179890e-01 1.723762693262878218e-02
4.315740788417662770e+03 2.620492090950342079e-01 1.742576866268574429e-02
4.320056529206081905e+03 2.642479496079692125e-01 1.808692111283006013e-02
4.324376585735290064e+03 2.552355286529207068e-01 1.703796520503557399e-02
4.328700962321026054e+03 2.521073292803869270e-01 1.780970037011171681e-02
4.333029663283348782e+03 2.508809714428743010e-01 1.586012088088042254e-02
4.337362692946633615e+03 2.567270220519186630e-01 1.603330419911764768e-02
4.341700055639581478e+03 2.742832138202556669e-01 1.724661520511042156e-02
4.346041755695222491e+03 2.898974427169346280e-01 1.709710993735815560e-02
4.350387797450919606e+03 3.111200182940171421e-01 1.821232722053528832e-02
4.354738185248371337e+03 3.330193155824845430e-01 1.759555380477464612e-02
4.359092923433621763e+03 3.430518157657100331e-01 1.830523350917854716e-02
4.363452016357056891e+03 3.518648680124688566e-01 1.763309305707530181e-02
4.367815468373414660e+03 3.555720906173627238e-01 1.769671370333763746e-02
4.372183283841789489e+03 3.587578099945327725e-01 1.748262266853169156e-02
4.376555467125633186e+03 3.511045427146783915e-01 1.870866109895005097e-02
4.380932022592760404e+03 3.407084493307270812e-01 1.850904324507980647e-02
4.385312954615354101e+03 3.339386185394987994e-01 1.851376197703261811e-02
4.389698267569970994e+03 3.242633890046596745e-01 1.975973189021384274e-02
4.394087965837542470e+03 3.177103116498370405e-01 1.892206653033769170e-02
4.398482053803381859e+03 3.171689031903831557e-01 1.861373996393957814e-02
4.402880535857186260e+03 3.235914384252191467e-01 1.817773215438161019e-02
4.407283416393044718e+03 3.331037452506059315e-01 1.772820385136754384e-02
4.411690699809440048e+03 3.341242270179691221e-01 1.854435751902978879e-02
4.416102390509250654e+03 3.418314147096817024e-01 1.746855005691894808e-02
4.420518492899761441e+03 3.399163242511956673e-01 1.773011742435264687e-02
4.424939011392662906e+03 3.443615729407991100e-01 1.771953644649414128e-02
4.429363950404056595e+03 3.489340598787672443e-01 1.697528376917369422e-02
4.433793314354462382e+03 3.577533287997052835e-01 1.674641330485614199e-02
4.438227107668818462e+03 3.538647346055652232e-01 1.634419437702322106e-02
4.442665334776488635e+03 3.427666083843124434e-01 1.676199675133977982e-02
4.447108000111265937e+03 3.356937145786857424e-01 1.653577370727254275e-02
4.451555108111379013e+03 3.355493479930954925e-01 1.716427617235297826e-02
4.456006663219492111e+03 3.239953950481289646e-01 2.048077730839322277e-02
4.460462669882713271e+03 3.283969884610994372e-01 2.006397214854128627e-02
4.464923132552597053e+03 3.593124672938147190e-01 2.118275168967745370e-02
4.469388055685150903e+03 3.813777436117155584e-01 2.195238356027800694e-02
4.473857443740837880e+03 3.937117329565748003e-01 2.111068408345158701e-02
4.478331301184580298e+03 4.110982725681499028e-01 2.122355813529144819e-02
4.482809632485766087e+03 4.292085769687912222e-01 2.018220096959668156e-02
4.487292442118253348e+03 4.414117441323154867e-01 1.902731141100813539e-02
4.491779734560373072e+03 4.392795423803693700e-01 1.904619605532994683e-02
4.496271514294934605e+03 4.335840225058705810e-01 1.904923925656461237e-02
4.500767785809231100e+03 4.144142719526053842e-01 1.873714291158942030e-02
4.505268553595042249e+03 3.906065873809673183e-01 1.838469184360904188e-02
4.509773822148638828e+03 3.397891499673661997e-01 2.098933361831161262e-02
4.514283595970789065e+03 3.224511552108956236e-01 2.116695994882268964e-02
4.518797879566761367e+03 3.110068348678427519e-01 2.101985085509167073e-02
4.523316677446328868e+03 3.085547852324149742e-01 2.103705612760025517e-02
4.527839994123776705e+03 3.250470415418840187e-01 2.149824204940732619e-02
4.532367834117902021e+03 3.480376820688340089e-01 2.106267971237524642e-02
4.536900201952022144e+03 3.772534244670340819e-01 2.302447233500619361e-02
4.541437102153975502e+03 4.099108811162724408e-01 2.149808663530364608e-02
4.545978539256130716e+03 4.669989949666895068e-01 2.274094054767846276e-02
4.550524517795388419e+03 5.186232202934174529e-01 2.158233570814308347e-02
4.555075042313184895e+03 5.727159902797382962e-01 2.058822849807366226e-02
4.559630117355500261e+03 6.000226560252459596e-01 2.254346911746628324e-02
4.564189747472856652e+03 6.176401084016295284e-01 2.842004431675973844e-02
4.568753937220330954e+03 6.519822762006856065e-01 2.754837367173543911e-02
4.573322691157552981e+03 6.751772253938580493e-01 2.728386240442403146e-02
4.577896013848711846e+03 7.229244514028024815e-01 2.822260084732313226e-02
4.582473909862562323e+03 7.710619834125074235e-01 3.023371495016349830e-02
4.587056383772426670e+03 8.168036561382626681e-01 3.049175398489959929e-02
4.591643440156200086e+03 8.606418901347983041e-01 3.085286926232225224e-02
4.596235083596357981e+03 8.585198714439479240e-01 3.093358443978874370e-02
4.600831318679955984e+03 8.705861888833122952e-01 3.080105876867452949e-02
4.605432149998637215e+03 8.602967935547738421e-01 3.142555391939393095e-02
4.610037582148637739e+03 8.581282691356412196e-01 3.258542803701358626e-02
4.614647619730787483e+03 8.410784589725042171e-01 3.263434750441877169e-02
4.619262267350520233e+03 8.191089991928869329e-01 3.244442529978390499e-02
4.623881529617872729e+03 7.930071456582984402e-01 2.920052344290460095e-02
4.628505411147491941e+03 7.737482212926802827e-01 2.914990311084606628e-02
4.633133916558640522e+03 7.681304805772702915e-01 2.929684580546443318e-02
4.637767050475200449e+03 7.752005713238312445e-01 2.871702196720234829e-02
4.642404817525677572e+03 7.999630579147087861e-01 2.724835391919148628e-02
4.647047222343205249e+03 8.177588726795387286e-01 2.794103812333109671e-02
4.651694269565549803e+03 8.448925662445443407e-01 2.672818588949450042e-02
4.656345963835116891e+03 9.063445205526197146e-01 3.249191603499547443e-02
4.661002309798953320e+03 9.288341075224139098e-01 3.264487345606534308e-02
4.665663312108753416e+03 9.862340019679493031e-01 3.874094620054480131e-02
4.670328975420864481e+03 1.011194286915715335e+00 3.765949490271581351e-02
4.674999304396286789e+03 1.002540708650862644e+00 3.741933129583325385e-02
4.679674303700684504e+03 9.865040362714616595e-01 4.272351056074363135e-02
4.684353978004386590e+03 9.599789951719815972e-01 4.517609935049195224e-02
4.689038331982392265e+03 9.464676659926188895e-01 4.565433920203836732e-02
4.693727370314376458e+03 9.125897643892891820e-01 4.524528650592170298e-02
4.698421097684692540e+03 8.745789991154258036e-01 4.358601106445450513e-02
4.703119518782378691e+03 8.467963657797482613e-01 4.192930153005772903e-02
4.707822638301162442e+03 8.462243968555218654e-01 4.098820546583244184e-02
4.712530460939465229e+03 8.630822040682386564e-01 3.989225337614026035e-02
4.717242991400406027e+03 9.041319359061545935e-01 4.050882164121052953e-02
4.721960234391808626e+03 9.560255512328661442e-01 3.904352726149164926e-02
4.726682194626201635e+03 1.013020503425647867e+00 3.970833737563025240e-02
4.731408876820829391e+03 1.043615650162701636e+00 4.117113491148284565e-02
4.736140285697651962e+03 1.066176928191628015e+00 4.113496226431999359e-02
4.740876425983350600e+03 1.057486192920944701e+00 3.936594451316392101e-02
4.745617302409335934e+03 1.060663416850195384e+00 3.891298082627297344e-02
4.750362919711747054e+03 1.067479945889086013e+00 3.981001287578436743e-02
4.755113282631459697e+03 1.096116782094066266e+00 3.782457778931695019e-02
4.759868395914093526e+03 1.112274236849345677e+00 3.652802312318884775e-02
4.764628264310008490e+03 1.103446699299871936e+00 3.522019544797010127e-02
4.769392892574320285e+03 1.082403514592338079e+00 3.469782602757413847e-02
4.774162285466896719e+03 1.050554407224556508e+00 3.207259739239963492e-02
4.778936447752364984e+03 1.053586306133691419e+00 2.249257161596638840e-02
4.783715384200118933e+03 1.025632101081089820e+00 2.327326295550085841e-02
4.788499099584319993e+03 9.873570648913434500e-01 2.432798690215100951e-02
4.793287598683906253e+03 9.409225635516664799e-01 2.817944038206668736e-02
4.798080886282591564e+03 9.096423521305285753e-01 2.670253456322837365e-02
4.802878967168876443e+03 8.780124231378240163e-01 2.456763544674317457e-02
4.807681846136046261e+03 8.711497097999145733e-01 3.411275891055479820e-02
4.812489527982183972e+03 8.753940173143864856e-01 3.813187689118630042e-02
4.817302017510168298e+03 8.836249098798680812e-01 3.802671944400727588e-02
4.822119319527679181e+03 8.477800199593561459e-01 4.260635211293600094e-02
4.826941438847208701e+03 7.965775775092773792e-01 5.641245996273121927e-02
4.831768380286057436e+03 7.865400924035927943e-01 5.821101236218846620e-02
4.836600148666345376e+03 7.927593030733448565e-01 5.571612296094965999e-02
4.841436748815013743e+03 8.303854133159380702e-01 5.722690408014245028e-02
4.846278185563829538e+03 8.707785771697902355e-01 5.762730791296388072e-02
4.851124463749395545e+03 9.227587994031908325e-01 5.851436864737281918e-02
4.855975588213146693e+03 9.865632913414323912e-01 5.955160652636973251e-02
4.860831563801360971e+03 1.042447784937093225e+00 6.081954635607564330e-02
4.865692395365163975e+03 1.101337740120619024e+00 5.889521072327986301e-02
4.870558087760530725e+03 1.117026613619618081e+00 5.467248205465381761e-02
4.875428645848292945e+03 1.099236053543074076e+00 5.287708045999570811e-02
4.880304074494142696e+03 1.021172337526582652e+00 5.467736575498077789e-02
4.885184378568638749e+03 9.078518453079345019e-01 5.319359418448508375e-02
4.890069562947209306e+03 7.340670177050782064e-01 5.189519671495369108e-02
4.894959632510157462e+03 6.226756042203465125e-01 4.365061623147375308e-02
4.899854592142669389e+03 5.672577687070301522e-01 4.374524502218817695e-02
4.904754446734813428e+03 5.762553125297049661e-01 4.524319203534680339e-02
4.909659201181550088e+03 6.417666370930077413e-01 4.202730822950414419e-02
4.914568860382732964e+03 6.975101405810786304e-01 4.314498314389070277e-02
4.919483429243117826e+03 7.822510105633202482e-01 4.722363366191449641e-02
4.924402912672362618e+03 8.715888723971041419e-01 4.862428778614532460e-02
4.929327315585036558e+03 9.558653559288177171e-01 4.153594371271402547e-02
4.934256642900622865e+03 1.032546845186561368e+00 3.106242406377261039e-02
4.939190899543525120e+03 1.049054104731084625e+00 3.288522899012028683e-02
4.944130090443070912e+03 1.015082865829191938e+00 3.394641405875834655e-02
4.949074220533515472e+03 9.556606109197675059e-01 3.461074480780385043e-02
4.954023294754050767e+03 8.732451165745795940e-01 3.196135189245750269e-02
4.958977318048806410e+03 7.905184932163189515e-01 3.293277791063044940e-02
4.963936295366856939e+03 7.079850514754392199e-01 2.309407103846565154e-02
4.968900231662225451e+03 6.652108158562793916e-01 2.321349373054320403e-02
4.973869131893889062e+03 6.643413245123004351e-01 2.535631877660747893e-02
4.978843001025784361e+03 6.779308687294989255e-01 2.283020244843584831e-02
4.983821844026811959e+03 6.801130676656528262e-01 2.314186101187149652e-02
4.988805665870840130e+03 6.861249918394256575e-01 2.218147504287563618e-02
4.993794471536712990e+03 7.245200149160986314e-01 1.944758845246649312e-02
4.998788266008251412e+03 7.418354334536521044e-01 1.783354023682392694e-02
5.003787054274261209e+03 7.460258773588084313e-01 1.931391566395923923e-02
5.008790841328536771e+03 7.330325958376811002e-01 1.972990801580623219e-02
5.013799632169867436e+03 7.337990258049728043e-01 2.106465544828818592e-02
5.018813431802038394e+03 7.129869710930156756e-01 2.496118991692579392e-02
5.023832245233842514e+03 7.243216831325200999e-01 2.317973962884251060e-02
5.028856077479077612e+03 7.369465244930799575e-01 2.304000292643807249e-02
5.033884933556558281e+03 7.775666150021625089e-01 2.949012085218630577e-02
5.038918818490116792e+03 8.105318414929765236e-01 3.048068868613259749e-02
5.043957737308608557e+03 8.480204234244315131e-01 2.904565989060495929e-02
5.049001695045918495e+03 8.634909841856356350e-01 2.708014201918723662e-02
5.054050696740966487e+03 8.412149415365952621e-01 2.710211994577401903e-02
5.059104747437709193e+03 8.133050820404480463e-01 2.909146682203370485e-02
5.064163852185148244e+03 7.653466032845447353e-01 3.030028090398334539e-02
5.069228016037335692e+03 7.061567407132010032e-01 3.310089927864899584e-02
5.074297244053374015e+03 6.307786345338447509e-01 3.484308625260221920e-02
5.079371541297429758e+03 5.876977480709071333e-01 3.168435616243971825e-02
5.084450912838728073e+03 5.806007242786874745e-01 3.256483414094834411e-02
5.089535363751569093e+03 5.887668107051167166e-01 3.346125782146035232e-02
5.094624899115322478e+03 6.077280981349462152e-01 3.381506489109192132e-02
5.099719524014439230e+03 6.441338660896915869e-01 3.337974972586853911e-02
5.104819243538455339e+03 6.932397569751634903e-01 2.606607049938144960e-02
5.109924062781995417e+03 7.212696238735087917e-01 2.471218939519681523e-02
5.115033986844779065e+03 7.245594036386721060e-01 2.414607970357328381e-02
5.120149020831625421e+03 6.986531714945596327e-01 2.526892420716391613e-02
5.125269169852458617e+03 6.497691063803340272e-01 2.615461494332239553e-02
5.130394439022313236e+03 6.069608130076431518e-01 2.736603762913404972e-02
5.135524833461337039e+03 5.490053565501494814e-01 2.641445337004337535e-02
5.140660358294800062e+03 5.053719436547537969e-01 2.375208330194410883e-02
5.145801018653096435e+03 4.756919310439634563e-01 2.362773394915755262e-02
5.150946819671751655e+03 4.601963935729945221e-01 2.407120393162094987e-02
5.156097766491425318e+03 4.625784148193173295e-01 2.399024209168958491e-02
5.161253864257918394e+03 4.759601423013730681e-01 2.097896080611067957e-02
5.166415118122177773e+03 4.865383271899694773e-01 2.171988578578378654e-02
5.171581533240301724e+03 4.837266945944879160e-01 1.977432957479282466e-02
5.176753114773543530e+03 5.160889553580765288e-01 1.852578361779977367e-02
5.181929867888318768e+03 5.538280599052900488e-01 1.709759276465924391e-02
5.187111797756208944e+03 5.866467473875563998e-01 1.712436046606103518e-02
5.192298909553966951e+03 6.171714648863249053e-01 1.813137025565836682e-02
5.197491208463522526e+03 6.427278765674986349e-01 1.863777852628955775e-02
5.202688699671987706e+03 6.563262907699491944e-01 1.972102244848010846e-02
5.207891388371661378e+03 6.585623852481363727e-01 1.859770290312576235e-02
5.213099279760034733e+03 6.560804167115068530e-01 1.535882194279985027e-02
5.218312379039796724e+03 6.487559438625776220e-01 1.461016426316059068e-02
5.223530691418837705e+03 6.188573229416887145e-01 2.123295707846815580e-02
5.228754222110258524e+03 5.593941340389784189e-01 3.164409278927491492e-02
5.233982976332370527e+03 5.392202170688151774e-01 3.528714478405609034e-02
5.239216959308704645e+03 5.594572370832243680e-01 3.065862894989131171e-02
5.244456176268015042e+03 6.263285161300646831e-01 3.287963258035967590e-02
5.249700632444284565e+03 7.496551998107878756e-01 4.633179959914231899e-02
5.254950333076731113e+03 8.838467849424995748e-01 5.211223307516568704e-02
5.260205283409809454e+03 1.015017216610872408e+00 4.930077435272489650e-02
5.265465488693221232e+03 1.109951595510858979e+00 4.568577551272159920e-02
5.270730954181915877e+03 1.133852827889389570e+00 4.377551424923203233e-02
5.276001685136099695e+03 1.113938920744242500e+00 4.883295543620039952e-02
5.281277686821237694e+03 1.045739415846988152e+00 5.547402543699290339e-02
5.286558964508059944e+03 9.692284832934185967e-01 5.782627951651457543e-02
5.291845523472569766e+03 8.706769262348688088e-01 5.455746264960449621e-02
5.297137368996044643e+03 7.759849319386599165e-01 4.763348204633358063e-02
5.302434506365042580e+03 7.090579940112727853e-01 4.377229250037702885e-02
5.307736940871409388e+03 6.706011485631180324e-01 4.202002285059423109e-02
5.313044677812282316e+03 6.679614534199356246e-01 4.394408230684961753e-02
5.318357722490096421e+03 7.462997332910612514e-01 3.573767576243945532e-02
5.323676080212588204e+03 8.230778846986097630e-01 2.544943701949513651e-02
5.328999756292802886e+03 8.458479184610558921e-01 2.362854253965376156e-02
5.334328756049097137e+03 8.474896970945740016e-01 2.552235154993254956e-02
5.339663084805148173e+03 8.304628481577690513e-01 2.557015921324964566e-02
5.345002747889954662e+03 8.075519667946634561e-01 2.454458405367453133e-02
5.350347750637846730e+03 7.852340701406811396e-01 2.375849835441746008e-02
5.355698098388485960e+03 7.470069656130767788e-01 2.280527789456544135e-02
5.361053796486876308e+03 7.228977478555055347e-01 2.237301081433472338e-02
5.366414850283365013e+03 7.292438156430104401e-01 2.305248319239282945e-02
5.371781265133649867e+03 7.177350533882339567e-01 2.316420001095481282e-02
5.377153046398785591e+03 7.133833723065565735e-01 2.446027033795444491e-02
5.382530199445186554e+03 7.043109837873214873e-01 2.420106760268857585e-02
5.387912729644633146e+03 6.839367551461329464e-01 2.488384460768162249e-02
5.393300642374279960e+03 6.697359176156394422e-01 2.357624129999824625e-02
5.398693943016655794e+03 6.485237632786937656e-01 2.748001328557387116e-02
5.404092636959673655e+03 6.398762329558810302e-01 2.932288651579246369e-02
5.409496729596635305e+03 6.352583503111067786e-01 2.382087936762610283e-02
5.414906226326233991e+03 6.429482856535138069e-01 1.979450595916624339e-02
5.420321132552561721e+03 7.055199611935759618e-01 2.331667189601925247e-02
5.425741453685116539e+03 7.913481657691815441e-01 2.608969861506255442e-02
5.431167195138803436e+03 8.806987931137301162e-01 3.132350715340160435e-02
5.436598362333943442e+03 9.631440892332550074e-01 3.345689262667835007e-02
5.442034960696279086e+03 1.012300249951963771e+00 3.229440077073590654e-02
5.447476995656978033e+03 1.050215790936374738e+00 2.735621262648532323e-02
5.452924472652636723e+03 1.040602542308926681e+00 3.535591401784975163e-02
5.458377397125291282e+03 1.001148797324057371e+00 4.475766720602430970e-02
5.463835774522417523e+03 9.475249753259938901e-01 5.079887637613147988e-02
5.469299610296941864e+03 9.812862002800972760e-01 4.901808282508461623e-02
5.474768909907241323e+03 1.021182741159519569e+00 4.673180531595038517e-02
5.480243678817149885e+03 1.116980687046532195e+00 5.387307044713252058e-02
5.485723922495968509e+03 1.244364112788840515e+00 5.953738031269755621e-02
5.491209646418466946e+03 1.368932577505158843e+00 5.670068501214643730e-02
5.496700856064887375e+03 1.494191353064205474e+00 5.347581977468174319e-02
5.502197556920953502e+03 1.624353496414086218e+00 5.069590297246454741e-02
5.507699754477876013e+03 1.743847206892454205e+00 5.131811239167945182e-02
5.513207454232356213e+03 1.837683897963099611e+00 5.092044930525756880e-02
5.518720661686590574e+03 1.882501284223422555e+00 4.976188188675668284e-02
5.524239382348278923e+03 1.894417970378062144e+00 4.804370665461601270e-02
5.529763621730628984e+03 1.862457897910051896e+00 4.668431394187298744e-02
5.535293385352360929e+03 1.810950384815420922e+00 4.488116839603976949e-02
5.540828678737715563e+03 1.772824845139796102e+00 4.590325738623367291e-02
5.546369507416455235e+03 1.734033515366265377e+00 4.438085039333207471e-02
5.551915876923872929e+03 1.667143050645648161e+00 4.854003006925648733e-02
5.557467792800798634e+03 1.629926389182617008e+00 4.916481687597949735e-02
5.563025260593602070e+03 1.591756808336418638e+00 4.894642801086503819e-02
5.568588285854197238e+03 1.514846360034050710e+00 3.724010256802203628e-02
5.574156874140053333e+03 1.484369013350026023e+00 3.681021118631638139e-02
5.579731031014194741e+03 1.485537716486562632e+00 3.553643021385643336e-02
5.585310762045211050e+03 1.508268362353947900e+00 3.399796246124225235e-02
5.590896072807257951e+03 1.552323722041063059e+00 2.676589826580219947e-02
5.596486968880067252e+03 1.574331921226603592e+00 2.760702642092531522e-02
5.602083455848949598e+03 1.598726105554413968e+00 3.232547874993209336e-02
5.607685539304799931e+03 1.582359460080259961e+00 3.165590266855471818e-02
5.613293224844106589e+03 1.527931655911306308e+00 3.382401504636758927e-02
5.618906518068952209e+03 1.459360371261213762e+00 3.623303818926458530e-02
5.624525424587023736e+03 1.392930428917810159e+00 3.928830734627922899e-02
5.630149950011612418e+03 1.334836773603131688e+00 3.858339140281587254e-02
5.635780099961625638e+03 1.280686709061759521e+00 3.761794544561020137e-02
5.641415880061589633e+03 1.246473365063110572e+00 3.709828329061396618e-02
5.647057295941652228e+03 1.249534660238147854e+00 3.841523747120159649e-02
5.652704353237596479e+03 1.266617082019351859e+00 3.829725186966607270e-02
5.658357057590835211e+03 1.286286248229149720e+00 4.029147516118804229e-02
5.664015414648428305e+03 1.322489776933438499e+00 3.773745690193300306e-02
5.669679430063079053e+03 1.374458975673732875e+00 3.322130369819477347e-02
5.675349109493143260e+03 1.424847733759478041e+00 3.275531550515905360e-02
5.681024458602638333e+03 1.461658782496716213e+00 3.417573909173082097e-02
5.686705483061243285e+03 1.479190121898288357e+00 3.409984996196414181e-02
5.692392188544306009e+03 1.500623861940348913e+00 3.287676109047562439e-02
5.698084580732852373e+03 1.507135165261106913e+00 3.108697238919084019e-02
5.703782665313587131e+03 1.499118235899219442e+00 2.772125692110700979e-02
5.709486447978903016e+03 1.511829895660176337e+00 2.548915148022997193e-02
5.715195934426883468e+03 1.519183304073801644e+00 2.431220001168927711e-02
5.720911130361312644e+03 1.529524395396055336e+00 2.437071289252246489e-02
5.726632041491675409e+03 1.522914805067563604e+00 2.432160840918784483e-02
5.732358673533169167e+03 1.497483925456174036e+00 2.484573467285600135e-02
5.738091032206703858e+03 1.484104623648752508e+00 2.490927844447826320e-02
5.743829123238912871e+03 1.459664644864187677e+00 2.469374992647784678e-02
5.749572952362153046e+03 1.428860437806772632e+00 2.325239649346173484e-02
5.755322525314517407e+03 1.409724879724650215e+00 2.553209589531544102e-02
5.761077847839834249e+03 1.379720741517744820e+00 2.895307716135946813e-02
5.766838925687675328e+03 1.349686577253623510e+00 2.331925741650238415e-02
5.772605764613364954e+03 1.264388476571047137e+00 2.323341921783261821e-02
5.778378370377980900e+03 1.144557602802487306e+00 2.695793564462120595e-02
5.784156748748360769e+03 1.015963397893662412e+00 2.759112553103280560e-02
5.789940905497111089e+03 8.619097718324330026e-01 2.760113227410370546e-02
5.795730846402610041e+03 7.118414302320802411e-01 2.620542137223404525e-02
5.801526577249013826e+03 5.788568633007820097e-01 2.522596777941459381e-02
5.807328103826264851e+03 4.643984230312240835e-01 2.505224325690109943e-02
5.813135431930093546e+03 3.836360901654232713e-01 2.509077280380683783e-02
5.818948567362025642e+03 3.237211914781418232e-01 2.531686636526642858e-02
5.824767515929389447e+03 3.052673596594157601e-01 2.968559985120131431e-02
5.830592283445320390e+03 3.382620019826407809e-01 2.782606952943965720e-02
5.836422875728768304e+03 3.774815816609798924e-01 2.241107099807346237e-02
5.842259298604498326e+03 4.028234572113226220e-01 2.385731754074549640e-02
5.848101557903105459e+03 4.144052193347542157e-01 4.141291444282407808e-02
5.853949659461010015e+03 4.578437716575048944e-01 5.071231200380458409e-02
5.859803609120473084e+03 5.441654844258244639e-01 5.120057241523001679e-02
5.865663412729595620e+03 7.127274119981172884e-01 4.601741658170090121e-02
5.871529076142326630e+03 9.761389943155998061e-01 5.359840651065917588e-02
5.877400605218471355e+03 1.301798188733947814e+00 6.900514088702633386e-02
5.883278005823691274e+03 1.626203338173873192e+00 7.550599326374055065e-02
5.889161283829516833e+03 1.929347303364904231e+00 7.406040427275006888e-02
5.895050445113348360e+03 2.206936941624225046e+00 6.795184552129100719e-02
5.900945495558464245e+03 2.383412407435468783e+00 6.335915367316841129e-02
5.906846441054024581e+03 2.475810610848449667e+00 6.454072070823689555e-02
5.912753287495080258e+03 2.469454919862839049e+00 7.189506467308492965e-02
5.918666040782577511e+03 2.384812061255451532e+00 7.055586550698753068e-02
5.924584706823361557e+03 2.236390113606671282e+00 6.122965777747277349e-02
5.930509291530187511e+03 2.052275832963097013e+00 4.876032663737253636e-02
5.936439800821719473e+03 1.878843404492513969e+00 4.521978007620923445e-02
5.942376240622543264e+03 1.706232905803407807e+00 4.433277469020154016e-02
5.948318616863167335e+03 1.589602099003747160e+00 4.353485506664644955e-02
5.954266935480032771e+03 1.533316411822901681e+00 3.942192402296638976e-02
5.960221202415515108e+03 1.514331768520677635e+00 3.864797644992069153e-02
5.966181423617932523e+03 1.508532925330325014e+00 3.859068165050118238e-02
5.972147605041552197e+03 1.519964595615755254e+00 4.065203038881006620e-02
5.978119752646595771e+03 1.534489221839798745e+00 4.208628587028911266e-02
5.984097872399243897e+03 1.559554693489995536e+00 4.177439119199978512e-02
5.990081970271645332e+03 1.614403787032115734e+00 4.106406584828643097e-02
5.996072052241918755e+03 1.648303161429826469e+00 3.962728173233735773e-02
6.002068124294162772e+03 1.667698306082368687e+00 3.910372609051020881e-02
6.008070192418459555e+03 1.654795094877907324e+00 3.713325183530628154e-02
6.014078262610879392e+03 1.588046021654847539e+00 4.097536905241707522e-02
6.020092340873492503e+03 1.495479633393985708e+00 4.228876724347524485e-02
6.026112433214368139e+03 1.409031463564747844e+00 3.802486949575289293e-02
6.032138545647584579e+03 1.322499902527461080e+00 2.997685147846410395e-02
6.038170684193233683e+03 1.278288931550407126e+00 2.967267253525295717e-02
6.044208854877429076e+03 1.277831381293425217e+00 3.180195380994779719e-02
6.050253063732308874e+03 1.312321523282973246e+00 3.689453674532389843e-02
6.056303316796042964e+03 1.328405442635802514e+00 4.221066897256841449e-02
6.062359620112841185e+03 1.319850441952422404e+00 4.080423381300218172e-02
6.068421979732956061e+03 1.278416214671937334e+00 3.945522344128066239e-02
6.074490401712690982e+03 1.198293636114980742e+00 3.831620932213701536e-02
6.080564892114405666e+03 1.082330614527662771e+00 4.020173543334094879e-02
6.086645457006521610e+03 9.343772181306391200e-01 5.063325839841854165e-02
6.092732102463530282e+03 7.574635105532853130e-01 5.938108097881402564e-02
6.098824834565995843e+03 5.864646756673497219e-01 4.955596375794277947e-02
6.104923659400564247e+03 5.210364633907056398e-01 4.205868961728066041e-02
6.111028583059966877e+03 5.337118424135185446e-01 3.823536611034848015e-02
6.117139611643028729e+03 6.587023333623830412e-01 5.050484893980905499e-02
6.123256751254673873e+03 8.339274180339830700e-01 5.664831519111530184e-02
6.129380008005929994e+03 1.062783245990257530e+00 6.172112854356190392e-02
6.135509388013938405e+03 1.294134096809998136e+00 5.649571762041871725e-02
6.141644897401954040e+03 1.492866472951272172e+00 4.239975274315219839e-02
6.147786542299358189e+03 1.631103391005017667e+00 3.700138732227985922e-02
6.153934328841659408e+03 1.682206041874001246e+00 4.251225291772171150e-02
6.160088263170503524e+03 1.662649489579818285e+00 4.349247516796744123e-02
6.166248351433675452e+03 1.610727261734135274e+00 4.257629299902036812e-02
6.172414599785111022e+03 1.523678792154831596e+00 3.803694735842001046e-02
6.178587014384898794e+03 1.415692718201508660e+00 2.757324365852570694e-02
6.184765601399285515e+03 1.333618421864551706e+00 2.960559945754292002e-02
6.190950367000687038e+03 1.265043077413958494e+00 2.967066945108866316e-02
6.197141317367689226e+03 1.204165307297183185e+00 2.920645952299095668e-02
6.203338458685059777e+03 1.160694445262284047e+00 3.011019703598692351e-02
6.209541797143746408e+03 1.126230289565476106e+00 3.317208371912298837e-02
6.215751338940892310e+03 1.124310924082858598e+00 3.153604371749268998e-02
6.221967090279835247e+03 1.154419083040635785e+00 3.157659340789725072e-02
6.228189057370116643e+03 1.208752384202067987e+00 3.198587682655251035e-02
6.234417246427488863e+03 1.286802491249823710e+00 3.371488835113542470e-02
6.240651663673918847e+03 1.375910970035152836e+00 3.576402369532834247e-02
6.246892315337594482e+03 1.485131259277185034e+00 3.407774760353797505e-02
6.253139207652934601e+03 1.581045876036699660e+00 2.956213656055678776e-02
6.259392346860589896e+03 1.647490891518002432e+00 2.757631308612660398e-02
6.265651739207452010e+03 1.663046431253489832e+00 3.107846705361085732e-02
6.271917390946661726e+03 1.649736256028631276e+00 3.356133572688786704e-02
6.278189308337610782e+03 1.613168168699391725e+00 3.411172401969469331e-02
6.284467497645950061e+03 1.541525761350830859e+00 3.661286422101241861e-02
6.290751965143597772e+03 1.464566424758154017e+00 2.928594875228422018e-02
6.297042717108744000e+03 1.423771753918260163e+00 2.739604745771001895e-02
6.303339759825854344e+03 1.418999790340197409e+00 2.788634910209642978e-02
6.309643099585682648e+03 1.444549854136336853e+00 2.698478471758564146e-02
6.315952742685270096e+03 1.468649969234825381e+00 2.648858710802125260e-02
6.322268695427957937e+03 1.494183863140816415e+00 2.629193760670061816e-02
6.328590964123387494e+03 1.552394420388560015e+00 2.707592277849790036e-02
6.334919555087512890e+03 1.601133373719930697e+00 2.306134584101029311e-02
6.341254474642602872e+03 1.622413190151926754e+00 2.316290854081877459e-02
6.347595729117247174e+03 1.634706435410991254e+00 2.287874400483685608e-02
6.353943324846366522e+03 1.623558622917323113e+00 2.334293299024836274e-02
6.360297268171215364e+03 1.578201174874671597e+00 2.333926537431368908e-02
6.366657565439388236e+03 1.481312764484850275e+00 2.688055585683468696e-02
6.373024223004829764e+03 1.363726092882879160e+00 4.154259735727954678e-02
6.379397247227837397e+03 1.280764035024555492e+00 4.540390197029250258e-02
6.385776644475066860e+03 1.213442470370551307e+00 4.629831180702159016e-02
6.392162421119543978e+03 1.213573859954514056e+00 4.483863253338111338e-02
6.398554583540665590e+03 1.261068202592507292e+00 5.155723838824495531e-02
6.404953138124208635e+03 1.314781669103732842e+00 5.974490744403586351e-02
6.411358091262334710e+03 1.404560785885570207e+00 6.504647191916550220e-02
6.417769449353599157e+03 1.445587583024157574e+00 5.945119825104757533e-02
6.424187218802954703e+03 1.462955772773082419e+00 5.400494989407525481e-02
6.430611406021760558e+03 1.430350033583696279e+00 4.929780575976928231e-02
6.437042017427784231e+03 1.335887150184909444e+00 5.070655653929051487e-02
6.443479059445214261e+03 1.161613773421899420e+00 6.191401863830615915e-02
6.449922538504661134e+03 9.815910244555635655e-01 6.638348467956808885e-02
6.456372461043168187e+03 7.745919372615349685e-01 6.026512841439555374e-02
6.462828833504213435e+03 6.243107580983566773e-01 4.665878831025119938e-02
6.469291662337719572e+03 5.823889237337526170e-01 3.607397544673170142e-02
6.475760954000059428e+03 6.610206648300444021e-01 4.219846672721823400e-02
6.482236714954061426e+03 8.553709834242217980e-01 5.340334396863383876e-02
6.488718951669017770e+03 1.148542802700964760e+00 8.524339823411901385e-02
6.495207670620688987e+03 1.554424295787737442e+00 1.331694420952900526e-01
6.501702878291312118e+03 1.625899106891980139e+00 1.872497324642192762e-01
6.508204581169605262e+03 1.639450629485463828e+00 2.060893214119780825e-01
6.514712785750777584e+03 1.581280684548688420e+00 2.634834918450932317e-01
6.521227498536530220e+03 1.636977765569672894e+00 2.949244015125657148e-01
6.527748726035069012e+03 1.913855394751014405e+00 2.918797157246011964e-01
6.534276474761106329e+03 2.545000958723039108e+00 2.802362895413316735e-01
6.540810751235869247e+03 3.381859782161958705e+00 3.068231485245547230e-01
6.547351561987107743e+03 4.380573905619148611e+00 3.597602252907843301e-01
6.553898913549096505e+03 5.403231653749900332e+00 3.800338635209389304e-01
6.560452812462647671e+03 6.282222570928728267e+00 3.658470472957829345e-01
6.567013265275112644e+03 6.873271995441767146e+00 3.287542684186586794e-01
6.573580278540390282e+03 7.132806115521992396e+00 3.099812246863775655e-01
6.580153858818932349e+03 7.008846778200609862e+00 3.221187497571769143e-01
6.586734012677753526e+03 6.438112852416276510e+00 3.507279805225514413e-01
6.593320746690433225e+03 5.544991090556091962e+00 3.431342027576574916e-01
6.599914067437126505e+03 4.460033634546110903e+00 2.844264205153671510e-01
6.606513981504565891e+03 3.431989588826610760e+00 2.196936053210075679e-01
6.613120495486072286e+03 2.631723240576914868e+00 2.109338594611483431e-01
6.619733615981560433e+03 2.167452694186273732e+00 2.115331339315952852e-01
6.626353349597544366e+03 1.855758506100866567e+00 2.156908784898315667e-01
6.632979702947143778e+03 1.854603846682721713e+00 4.661375823392237966e-02
6.639612682650093120e+03 1.765210450360822581e+00 4.060177326226935973e-02
6.646252295332745234e+03 1.729142639882196963e+00 4.086120424794749406e-02
6.652898547628080451e+03 1.676499361175188607e+00 3.657980458101532661e-02
6.659551446175711135e+03 1.660854720621651293e+00 3.943192863597080183e-02
6.666210997621888964e+03 1.634045585976708903e+00 3.885025879894169615e-02
6.672877208619513112e+03 1.628793010199785618e+00 3.627320229876296320e-02
6.679550085828134797e+03 1.616194841049959807e+00 3.484095753317941607e-02
6.686229635913964557e+03 1.570822071839486522e+00 3.570542482874563411e-02
6.692915865549881346e+03 1.501261787054853469e+00 3.683964095215703366e-02
6.699608781415433441e+03 1.427825129370304147e+00 3.891166634930424972e-02
6.706308390196851178e+03 1.322717395094530568e+00 3.619490337218136955e-02
6.713014698587049679e+03 1.233063147472703180e+00 3.507814916951930428e-02
6.719727713285638856e+03 1.120230122562914987e+00 3.118850526203690438e-02
6.726447440998927050e+03 1.047192941138339162e+00 3.080478940375088598e-02
6.733173888439928305e+03 1.027592488556611450e+00 3.112205261308661347e-02
6.739907062328370557e+03 1.047646418424684756e+00 3.025106397738154193e-02
6.746646969390701088e+03 1.130143249393648519e+00 3.620789631423750737e-02
6.753393616360093802e+03 1.177335518914433887e+00 3.690492507970861286e-02
6.760147009976456502e+03 1.190501427938010837e+00 3.726189015524205422e-02
6.766907156986434529e+03 1.214851293609451766e+00 3.799546824226924385e-02
6.773674064143423493e+03 1.245098691399272761e+00 3.666687150727738348e-02
6.780447738207569273e+03 1.276917426775890707e+00 3.686105190724513897e-02
6.787228185945778932e+03 1.294586775643346455e+00 3.609179096759225491e-02
6.794015414131727084e+03 1.289874822663969800e+00 3.518259397654717457e-02
6.800809429545861349e+03 1.252627378062060481e+00 3.593435264335325535e-02
6.807610238975408720e+03 1.225297489948593999e+00 3.585599307275214032e-02
6.814417849214386479e+03 1.191246646321104663e+00 3.444437909801412873e-02
6.821232267063603103e+03 1.176290726885419247e+00 3.379518313722200407e-02
6.828053499330669183e+03 1.182285444205180447e+00 3.599227159052630770e-02
6.834881552830001965e+03 1.201018759902938049e+00 3.580302245488591745e-02
6.841716434382834450e+03 1.218474125943731057e+00 3.339728033756762804e-02
6.848558150817219939e+03 1.207970140236368062e+00 3.354043779311410844e-02
6.855406708968039311e+03 1.183218937567604989e+00 3.377396882849206111e-02
6.862262115677009206e+03 1.162510999088331110e+00 3.361275504290700544e-02
6.869124377792688392e+03 1.142666803466771741e+00 3.204884178107539339e-02
6.875993502170483225e+03 1.138293073861372795e+00 2.845261303889740426e-02
6.882869495672656740e+03 1.150548144258006333e+00 2.404942017946996510e-02
6.889752365168331380e+03 1.125169922075985651e+00 2.054926272272446577e-02
6.896642117533501732e+03 1.111040009581262256e+00 1.949606583805702301e-02
6.903538759651037253e+03 1.110633925361490526e+00 2.102055872365923839e-02
6.910442298410691365e+03 1.128455401518347667e+00 2.001620279897808538e-02
6.917352740709104182e+03 1.128108515804768119e+00 2.002108778773322231e-02
6.924270093449815249e+03 1.144462486877448226e+00 1.911936782446975805e-02
6.931194363543267173e+03 1.166115273468426805e+00 1.926148663943600542e-02
6.938125557906812901e+03 1.170448195608383646e+00 1.961674292370222186e-02
6.945063683464722089e+03 1.144027726037096571e+00 2.287917479811195712e-02
6.952008747148189286e+03 1.135696274291154273e+00 2.298348034762258754e-02
6.958960755895339389e+03 1.126892622120843734e+00 2.369924567888142750e-02
6.965919716651237650e+03 1.132629245876851209e+00 2.397042441800654317e-02
6.972885636367890584e+03 1.136175713864574943e+00 2.385473706233012109e-02
6.979858522004260521e+03 1.163768064229717458e+00 2.728905232935156452e-02
6.986838380526267429e+03 1.194506470307389323e+00 2.979221904626226311e-02
6.993825218906796181e+03 1.226073895992196849e+00 3.209830334051841372e-02
7.000819044125705659e+03 1.232609611300492958e+00 3.162521547166912556e-02
7.007819863169833297e+03 1.209929146670414735e+00 3.751847696114916919e-02
7.014827683033005087e+03 1.187384522800009723e+00 4.481996715316576008e-02
7.021842510716041033e+03 1.171513930429200157e+00 4.901142433196786774e-02
7.028864353226758794e+03 1.211061930732050262e+00 4.751194607118972707e-02
7.035893217579988232e+03 1.276507803874197045e+00 5.129163379232307141e-02
7.042929110797570502e+03 1.364637173790102853e+00 5.342653994664232908e-02
7.049972039908370789e+03 1.426680865968669831e+00 5.507383706790483502e-02
7.057022011948281033e+03 1.500946586538048910e+00 5.789796298857220053e-02
7.064079033960231754e+03 1.555814416797355326e+00 5.273725162749243883e-02
7.071143112994193871e+03 1.599995072411363628e+00 4.915339162369948556e-02
7.078214256107190522e+03 1.620706514712239699e+00 4.826376200981061237e-02
7.085292470363300708e+03 1.574354681546280776e+00 4.980952362819398432e-02
7.092377762833665656e+03 1.498094146064492760e+00 5.208924571908277179e-02
7.099470140596501551e+03 1.363213812941436620e+00 5.213879332308345160e-02
7.106569610737100447e+03 1.254322928209252730e+00 4.124511896455147070e-02
7.113676180347840273e+03 1.190579771476730997e+00 3.582416453700138642e-02
7.120789856528190285e+03 1.202699592003358742e+00 4.271853211950395190e-02
7.127910646384721076e+03 1.248668588716925987e+00 3.983307390615729165e-02
7.135038557031108212e+03 1.316821787258829257e+00 3.406245672729636687e-02
7.142173595588141325e+03 1.393249557279257589e+00 3.316354373085087653e-02
7.149315769183732300e+03 1.434016668879122269e+00 3.500920147852701336e-02
7.156465084952918005e+03 1.440691330212705124e+00 3.865444636058802674e-02
7.163621550037873021e+03 1.444981454129609100e+00 3.848524783774050217e-02
7.170785171587913283e+03 1.439327019812376429e+00 4.350595032441855609e-02
7.177955956759504261e+03 1.437585822476492803e+00 4.232801810815146892e-02
7.185133912716265513e+03 1.439477054938206324e+00 4.205856673560250808e-02
7.192319046628984324e+03 1.464650845266139978e+00 4.555230271097725908e-02
7.199511365675615707e+03 1.430137446611126517e+00 4.427100834303183963e-02
7.206710877041294225e+03 1.428924628400104035e+00 4.677087696249351140e-02
7.213917587918337631e+03 1.449696296160035036e+00 4.355634313280459802e-02
7.221131505506257781e+03 1.432731790667973515e+00 4.457231336495798973e-02
7.228352637011767001e+03 1.362619250980124264e+00 5.540907896508419361e-02
7.235580989648780815e+03 1.285897606779760061e+00 6.574870424555942505e-02
7.242816570638432495e+03 1.247393596388101766e+00 6.323926641811644656e-02
7.250059387209073066e+03 1.296493559020812647e+00 6.716755661872549077e-02
7.257309446596284033e+03 1.355416643166934554e+00 6.895146703965632229e-02
7.264566756042882844e+03 1.396557206931984929e+00 6.852258203711940332e-02
7.271831322798928340e+03 1.488569544162479330e+00 6.914203753029686539e-02
7.279103154121729858e+03 1.666125801636319848e+00 6.925944217227042454e-02
7.286382257275853590e+03 1.869137079140206659e+00 6.732896824594269969e-02
7.293668639533132591e+03 2.040323949273899817e+00 6.801833363379597430e-02
7.300962308172667690e+03 2.224065783826062681e+00 6.605500531422735244e-02
7.308263270480842948e+03 2.294039762515306613e+00 6.585991523323786456e-02
7.315571533751325660e+03 2.269190640350410959e+00 6.777700043155386600e-02
7.322887105285079997e+03 2.207062914531247255e+00 7.155804468576333621e-02
7.330209992390367006e+03 2.095050816699195906e+00 7.612975836136660901e-02
7.337540202382760071e+03 1.952308332209067521e+00 7.091977349295862376e-02
7.344877742585144915e+03 1.884227909156334979e+00 7.052864670831256177e-02
7.352222620327733239e+03 1.817847924664192760e+00 7.026161076117791449e-02
7.359574842948062724e+03 1.762530126545608367e+00 7.053469918290782015e-02
7.366934417791013402e+03 1.668312227060822606e+00 6.805736958772257150e-02
7.374301352208806748e+03 1.588629129428599018e+00 6.755178110967380301e-02
7.381675653561018407e+03 1.579506520288754379e+00 6.565157167945487315e-02
7.389057329214581841e+03 1.593233644209054889e+00 6.048979954021905386e-02
7.396446386543798326e+03 1.648959408506298630e+00 4.699642688235346200e-02
7.403842832930345139e+03 1.629627901047334904e+00 4.865198639871402136e-02
7.411246675763277381e+03 1.585881863100765843e+00 4.599436738849550788e-02
7.418657922439043432e+03 1.563354086668215848e+00 4.648476464074940279e-02
7.426076580361484957e+03 1.504877322085008906e+00 3.972887786704541735e-02
7.433502656941848727e+03 1.492769592452993788e+00 4.016551287471847170e-02
7.440936159598792983e+03 1.556110075336082144e+00 5.215786444861594123e-02
7.448377095758394717e+03 1.608985504843178260e+00 4.505804799740303901e-02
7.455825472854155123e+03 1.599059144164195256e+00 4.467961835885048832e-02
7.463281298327012337e+03 1.570033270897281286e+00 4.724175918349200060e-02
7.470744579625341430e+03 1.479409945955467043e+00 5.322980925632731647e-02
7.478215324204968965e+03 1.433897664309358388e+00 5.334688818587081383e-02
7.485693539529176633e+03 1.437542693687713813e+00 5.323553464425056364e-02
7.493179233068708527e+03 1.428630507569540242e+00 5.466226265644552607e-02
7.500672412301779332e+03 1.430978729357017309e+00 5.421798737927099182e-02
7.508173084714083416e+03 1.422796196975039340e+00 5.362637402068857334e-02
7.515681257798800289e+03 1.433896052356722572e+00 5.402807239229670544e-02
7.523196939056601877e+03 1.455311091683359814e+00 5.325584326120501311e-02
7.530720135995660712e+03 1.475714036556162512e+00 5.268475090298297553e-02
7.538250856131659020e+03 1.498654879431549070e+00 4.952619959054870014e-02
7.545789106987793275e+03 1.484938092356439032e+00 5.043026026314700871e-02
7.553334896094783289e+03 1.434551612465424730e+00 5.322657246302620049e-02
7.560888230990880402e+03 1.328147745583721839e+00 5.865192133611217551e-02
7.568449119221873843e+03 1.157685138988626239e+00 5.934381149635115787e-02
7.576017568341098013e+03 9.527751271184883297e-01 6.138215320640803829e-02
7.583593585909441572e+03 8.554214549877517948e-01 5.706050726708725845e-02
7.591177179495353812e+03 7.581129833843875954e-01 5.662260395935383994e-02
7.598768356674851930e+03 6.449957521851428233e-01 5.775495920799126465e-02
7.606367125031529213e+03 4.949261976318736211e-01 6.133945080006360240e-02
7.613973492156563225e+03 4.175470617611658497e-01 4.534373924741835760e-02
7.621587465648722173e+03 4.541689515111549391e-01 4.673066388207630650e-02
7.629209053114373091e+03 5.858051062423691446e-01 5.859123438614024376e-02
7.636838262167490029e+03 7.136400610469602057e-01 5.541960663261790571e-02
7.644475100429660415e+03 7.976327868793940956e-01 5.475304613423646188e-02
7.652119575530092334e+03 8.675108464586713808e-01 5.843718325248496714e-02
7.659771695105625440e+03 9.429798905165132084e-01 6.082336038182913074e-02
7.667431466800733688e+03 1.059815826773715886e+00 6.057216216191908115e-02
7.675098898267536242e+03 1.187651813120334632e+00 5.772747194882254379e-02
7.682773997165806577e+03 1.344792160466183439e+00 5.880124726231088228e-02
7.690456771162975201e+03 1.511442951443926264e+00 6.599313735568201889e-02
7.698147227934140574e+03 1.638394516716902061e+00 6.785510982455927875e-02
7.705845375162077289e+03 1.736471944299911918e+00 7.054522868092553967e-02
7.713551220537241534e+03 1.746653323917393141e+00 7.292599191815757331e-02
7.721264771757782000e+03 1.735112191043712837e+00 7.568953011159934574e-02
7.728986036529541707e+03 1.740260775738800447e+00 7.461758551131562889e-02
7.736715022566074367e+03 1.703501765220570618e+00 7.561950935058418810e-02
7.744451737588642573e+03 1.646397097851739044e+00 7.740013856221729383e-02
7.752196189326234162e+03 1.543246673342309361e+00 6.922216058521933613e-02
7.759948385515562222e+03 1.463412285947757852e+00 7.046492819374844396e-02
7.767708333901080550e+03 1.427790536218525697e+00 7.684745150076836839e-02
7.775476042234984561e+03 1.349856755692129706e+00 7.565495547973694057e-02
7.783251518277222203e+03 1.343572443102257097e+00 7.092434209237484521e-02
7.791034769795502143e+03 1.342971236308540206e+00 6.882546965937474948e-02
7.798825804565300132e+03 1.344266652962893493e+00 7.055552869138217997e-02
7.806624630369868100e+03 1.315105751760289099e+00 6.998626034845217836e-02
7.814431255000240526e+03 1.309823255737389003e+00 7.406816999332706264e-02
7.822245686255242617e+03 1.272137849982543090e+00 7.517404859831865183e-02
7.830067931941501229e+03 1.216270142146632871e+00 7.488538483242795918e-02
7.837897999873444860e+03 1.186254252284021593e+00 7.524497523173341584e-02
7.845735897873320937e+03 1.134652054968233958e+00 7.449213808158135219e-02
7.853581633771196721e+03 1.118952612664063428e+00 7.297875567367125005e-02
7.861435215404970222e+03 1.045951273468792797e+00 8.035796707825100527e-02
7.869296650620378387e+03 1.050568160099771609e+00 8.087517160770836544e-02
7.877165947271001642e+03 1.072606453236379043e+00 8.057754447459516967e-02
7.885043113218274812e+03 1.068228708353713641e+00 8.317386874993076828e-02
7.892928156331495302e+03 1.061989338998255095e+00 8.595120933936008234e-02
7.900821084487829467e+03 1.043559233976214529e+00 8.635417625043810552e-02
7.908721905572319884e+03 1.119216574445491830e+00 7.651168084506355938e-02
7.916630627477895359e+03 1.161885104118950185e+00 7.298099088492787656e-02
7.924547258105375477e+03 1.176159262790531734e+00 7.225272887737187177e-02
7.932471805363483327e+03 1.151297427050832933e+00 7.120644975512119279e-02
7.940404277168850058e+03 1.139486724203993662e+00 6.874437334106944797e-02
7.948344681446021241e+03 1.138245424896829006e+00 7.163403866143866483e-02
7.956293026127469602e+03 1.103842880034256568e+00 6.926200156012535247e-02
7.964249319153599572e+03 1.058228148202647878e+00 6.749178661916661881e-02
7.972213568472756378e+03 1.067481449804305704e+00 6.765512762967530735e-02
7.980185782041231505e+03 1.109497659013847226e+00 6.584045857003059665e-02
7.988165967823275423e+03 1.158107605992379163e+00 6.590625127458864252e-02
7.996154133791101231e+03 1.234998242954282066e+00 6.641716970382656460e-02
8.004150287924895565e+03 1.311107689451998182e+00 7.065686808773614935e-02
8.012154438212822242e+03 1.318795675313284121e+00 6.982495526500226424e-02
8.020166592651037718e+03 1.358284716823615401e+00 6.304104130854287780e-02
8.028186759243691995e+03 1.365236827957731158e+00 6.234221769434831334e-02
8.036214946002938632e+03 1.352255653636986965e+00 6.124930677989986333e-02
8.044251160948943834e+03 1.328178912572296699e+00 6.220943586188665969e-02
8.052295412109895551e+03 1.237458433820496362e+00 6.137721645748759475e-02
8.060347707522008022e+03 1.192850116171704222e+00 6.103878265841795187e-02
8.068408055229532692e+03 1.112637891043072091e+00 5.976756628183615971e-02
8.076476463284764577e+03 1.033200680885645539e+00 5.471464309944010923e-02
8.084552939748052268e+03 9.848586122647573493e-01 5.334211929873142882e-02
8.092637492687803388e+03 9.939307251824885947e-01 5.532918613473834790e-02
8.100730130180493688e+03 1.051243103343952212e+00 5.013444922498667966e-02
8.108830860310677053e+03 1.083971491271335852e+00 4.821615859082732658e-02
8.116939691170990045e+03 1.121169982079410321e+00 4.722975313725775309e-02
8.125056630862163729e+03 1.108011121507603836e+00 4.894194617323125579e-02
8.133181687493028221e+03 1.064141134990416626e+00 5.141301556326777211e-02
8.141314869180524511e+03 9.700405111778449552e-01 4.750059433436636114e-02
8.149456184049707190e+03 8.987929827259582005e-01 4.266919848251626152e-02
8.157605640233759914e+03 8.628181871042767126e-01 4.442572466421434302e-02
8.165763245873996311e+03 8.639190962118701300e-01 4.316663519558440465e-02
8.173929009119872717e+03 8.627994832049330487e-01 4.726775247129619967e-02
8.182102938128995447e+03 9.292045361126946013e-01 4.991534123160960845e-02
8.190285041067127167e+03 1.025437049354599228e+00 5.252213434641293810e-02
8.198475326108196896e+03 1.219302937755476712e+00 8.626544182504665426e-02
8.206673801434308189e+03 1.327496969375848046e+00 9.696922047845212000e-02
8.214880475235744598e+03 1.351792390454667370e+00 8.933937009051431954e-02
8.223095355710984222e+03 1.261712738657536192e+00 8.730723210061269723e-02
8.231318451066697889e+03 1.085975838454287912e+00 9.614683024947572043e-02
8.239549769517767345e+03 8.033280403653845214e-01 1.157257750638122501e-01
8.247789319287287071e+03 5.534756403300017391e-01 1.204531389964954152e-01
8.256037108606577021e+03 3.534283756699444501e-01 1.119142766007878986e-01
8.264293145715186256e+03 2.381386078966953868e-01 1.041818376220465803e-01
8.272557438860903858e+03 2.394983414467746208e-01 1.129798253179585543e-01
8.280829996299768027e+03 2.698851174178891199e-01 1.186712923844342737e-01
8.289110826296069718e+03 3.818184455835142432e-01 1.186388580647343011e-01
8.297399937122369010e+03 5.483653739429117380e-01 1.152897239508206273e-01
8.305697337059495112e+03 6.904798586563025697e-01 1.057337677318733599e-01
8.314003034396557268e+03 8.432786420408553418e-01 1.005496343103388923e-01
8.322317037430955679e+03 9.735300757690663609e-01 9.831494701916276835e-02
8.330639354468388774e+03 8.831976321076399072e-01 1.186453641146108379e-01
8.338969993822860488e+03 7.948022111155514935e-01 9.831476170192901542e-02
8.347308963816685718e+03 8.635161589770381507e-01 8.875366791643159170e-02
8.355656272780506697e+03 9.745248703484886699e-01 8.826711076803488154e-02
8.364011929053289350e+03 1.308609113444348715e+00 1.387846107179173949e-01
8.372375940982345128e+03 1.521216793657667710e+00 1.440396777239680293e-01
8.380748316923331004e+03 1.572973946597074901e+00 1.344002371027084586e-01
8.389129065240256750e+03 1.532191319899939730e+00 1.353069608831277415e-01
8.397518194305499492e+03 1.367656104965809138e+00 1.454615933591033583e-01
8.405915712499807341e+03 1.153863490072335907e+00 1.453999479798898098e-01
8.414321628212310316e+03 8.995956160901368293e-01 1.437368377227623006e-01
8.422735949840525791e+03 5.964879356690849788e-01 1.400455324903272791e-01
8.431158685790369418e+03 2.637333162882639082e-01 1.382546891521787835e-01
8.439589844476162398e+03 -8.930268182389511367e-03 1.344789621339468888e-01
8.448029434320640576e+03 -1.171030606680338870e-01 1.379046315512096610e-01
8.456477463754963537e+03 -1.020719078789955603e-01 1.419953666959118121e-01
8.464933941218721884e+03 -4.533828567249731378e-02 1.442200686169772261e-01
8.473398875159942691e+03 1.305228230855797200e-01 1.428237334215957111e-01
8.481872274035105875e+03 3.992557205445459445e-01 1.515968277708908685e-01
8.490354146309144198e+03 7.019924622837530048e-01 1.451380536289299805e-01
8.498844500455456000e+03 1.160263238564925414e+00 1.452814823155899604e-01
8.507343344955914290e+03 1.725063983196596817e+00 1.674790109324704457e-01
8.515850688300872207e+03 2.304009274073725244e+00 1.948236445701200248e-01
8.524366538989177570e+03 2.880059230335815457e+00 1.717119920498015317e-01
8.532890905528169242e+03 3.276981843645606851e+00 1.528171653256099050e-01
8.541423796433698953e+03 3.382521868227695627e+00 1.549188474579756836e-01
8.549965220230136765e+03 3.318413732890847179e+00 1.610422385477234819e-01
8.558515185450369245e+03 3.005090770303391778e+00 1.650759700561715282e-01
8.567073700635823116e+03 2.603259340979805270e+00 1.716286315649557803e-01
8.575640774336461618e+03 2.086447880816932887e+00 1.679744750090053917e-01
8.584216415110800881e+03 1.526500430082672333e+00 1.609986550904701774e-01
8.592800631525913559e+03 9.390483162762384151e-01 1.365218345836778091e-01
8.601393432157443385e+03 4.998423383414014598e-01 1.173297229428800076e-01
8.609994825589603352e+03 3.625485015069858097e-01 1.152267569856958856e-01
8.618604820415195718e+03 4.282930245136391534e-01 1.115487477193130850e-01
8.627223425235613831e+03 6.971319307075143357e-01 8.647070951446370057e-02
8.635850648660851220e+03 1.024775249371346675e+00 8.160187667112321630e-02
8.644486499309516148e+03 1.314721943387606506e+00 8.168196367912701483e-02
8.653130985808827973e+03 1.574218833254469319e+00 7.685836511945839944e-02
8.661784116794638976e+03 1.931789443432160747e+00 7.685768510346313587e-02
8.670445900911438002e+03 2.319731876794186576e+00 8.264010788360980075e-02
8.679116346812352276e+03 2.675862548263247653e+00 7.977206649724892518e-02
8.687795463159167412e+03 2.877468614046819084e+00 6.947422563203570212e-02
8.696483258622329231e+03 2.928169910083850525e+00 7.216172651672052296e-02
8.705179741880954680e+03 2.808159849731163504e+00 7.299454523551342222e-02
8.713884921622837282e+03 2.624662391192615907e+00 7.176749308874541544e-02
8.722598806544463514e+03 2.344175329893404047e+00 6.880822168706225705e-02
8.731321405351010981e+03 2.002955975286247803e+00 6.469700035962677731e-02
8.740052726756364791e+03 1.659240743725479916e+00 6.459984734462947964e-02
8.748792779483124832e+03 1.336135132286677019e+00 6.744232468260545621e-02
8.757541572262609407e+03 1.029322252701291074e+00 6.771456340445035360e-02
8.766299113834875243e+03 8.208140807583974574e-01 6.951108818599815997e-02
8.775065412948713856e+03 7.103508942512302138e-01 6.782979590235647949e-02
8.783840478361664282e+03 7.498942769246763618e-01 7.520616848798908349e-02
8.792624318840029446e+03 9.203957476644263336e-01 9.124195888515038155e-02
8.801416943158872527e+03 1.121236827792674529e+00 9.505035304606510027e-02
8.810218360102035149e+03 1.260023124997479593e+00 8.970778480121463505e-02
8.819028578462139194e+03 1.324674797006088367e+00 9.552930804205930770e-02
8.827847607040604998e+03 1.443870028163313446e+00 9.648983941419984889e-02
8.836675454647647712e+03 1.474493196069064149e+00 1.101058690827218522e-01
8.845512130102299125e+03 1.509968023360499734e+00 1.140805113183678138e-01
8.854357642232404032e+03 1.483601692177855869e+00 1.129173671376704075e-01
8.863211999874638423e+03 1.515308715085550206e+00 1.096117264007705067e-01
8.872075211874516754e+03 1.545534184207179029e+00 1.072467391392160768e-01
8.880947287086393771e+03 1.628798820924730606e+00 1.202253834982928982e-01
8.889828234373482701e+03 1.711223036680868059e+00 1.363273171372249570e-01
8.898718062607858883e+03 1.668870390963772543e+00 1.341821313516713687e-01
8.907616780670470689e+03 1.591824365813943709e+00 1.362458585556682311e-01
8.916524397451143159e+03 1.491439343654884064e+00 1.411854444054625735e-01
8.925440921848598009e+03 1.313259425437107053e+00 1.505597365709191171e-01
8.934366362770449996e+03 1.102393934259426000e+00 1.470949331730544984e-01
8.943300729133223285e+03 9.884314927362863878e-01 1.438547439679913331e-01
8.952244029862358730e+03 8.351262613345722396e-01 1.346524370765155021e-01
8.961196273892224781e+03 7.930952130229098618e-01 1.367037428583867120e-01
8.970157470166119310e+03 8.539929540430268862e-01 1.361623393839518081e-01
8.979127627636287798e+03 9.132498143000815638e-01 1.316099385209634487e-01
8.988106755263928790e+03 9.397851971188859732e-01 1.280140514676405550e-01
8.997094862019195716e+03 9.383001330071369939e-01 1.228846952597346942e-01
9.006091956881216902e+03 1.002036629823408687e+00 1.145888222725194028e-01
9.015098048838101022e+03 1.043175021453966567e+00 1.061821100958205283e-01
9.024113146886942559e+03 1.000007705291805049e+00 9.818816465925629677e-02
9.033137260033832717e+03 9.637789745900694482e-01 9.765232001085330515e-02
9.042170397293868518e+03 8.811565477876613928e-01 8.633402092110674386e-02
9.051212567691165532e+03 8.991891401415116336e-01 8.479676003518379912e-02
9.060263780258859697e+03 9.353859219984028694e-01 9.139244676116863031e-02
9.069324044039121873e+03 1.003324575083196057e+00 9.623181907124279955e-02
9.078393368083163296e+03 1.056181246884439595e+00 8.594065842781048459e-02
9.087471761451250131e+03 1.113314479100933063e+00 7.023164913977338053e-02
9.096559233212705294e+03 1.097521704566728484e+00 6.956894291388755758e-02
9.105655792445919360e+03 1.063930176484729540e+00 7.055670495770259565e-02
9.114761448238368757e+03 1.014639971620007408e+00 7.122153809993096718e-02
9.123876209686610309e+03 9.458049992216103208e-01 7.313646670689008533e-02
9.133000085896299424e+03 8.760782556398092336e-01 7.148878487012692851e-02
9.142133085982199191e+03 7.767357322716441637e-01 6.375482495733392208e-02
9.151275219068184015e+03 7.388682188018242947e-01 6.271072497817799241e-02
9.160426494287255991e+03 6.925856889285179063e-01 6.131409733339083373e-02
9.169586920781546723e+03 6.423342213656028088e-01 6.309179021039237889e-02
9.178756507702330055e+03 5.690192822518438387e-01 6.598995859169529132e-02
9.187935264210036621e+03 5.388284583627251934e-01 6.808123824414451242e-02
9.197123199474248395e+03 5.537347066120900108e-01 6.833796279992827849e-02
9.206320322673725968e+03 6.027546212674316228e-01 7.196467176889237427e-02
9.215526642996403098e+03 6.068657498639776771e-01 7.589445305733220903e-02
9.224742169639403073e+03 7.153972642523691583e-01 8.574546303395660929e-02
9.233966911809044177e+03 7.629249810574212365e-01 8.696824275006831417e-02
9.243200878720857872e+03 7.774119880315334408e-01 8.929435074183565690e-02
9.252444079599581528e+03 7.746644756758206407e-01 9.090213851714112892e-02
9.261696523679183883e+03 7.363903543190258860e-01 9.877082429623745830e-02
9.270958220202865050e+03 7.105639600503789177e-01 1.141262355509312654e-01
9.280229178423071062e+03 6.416406562305769778e-01 1.189515577502585075e-01
9.289509407601497514e+03 5.950311499050661146e-01 1.247644818581495757e-01
9.298798917009102297e+03 5.091383861029451507e-01 1.367638638767667003e-01
9.308097715926114688e+03 4.942221939069655900e-01 1.431334850696097949e-01
9.317405813642044450e+03 4.620733404158591795e-01 1.438276635210066490e-01
9.326723219455689105e+03 4.611079353409503478e-01 1.431437527427513456e-01
9.336049942675148486e+03 4.613905764418705924e-01 1.422111314727632359e-01
9.345385992617826560e+03 3.994400441743035657e-01 1.374320638037064557e-01
9.354731378610447791e+03 3.939054610216470298e-01 1.337914554203833706e-01
9.364086109989060787e+03 3.646290715390277382e-01 1.314794711734367794e-01
9.373450196099052846e+03 3.471022475179813549e-01 1.298026084763645449e-01
9.382823646295155413e+03 3.155958692251875086e-01 1.318666323328114010e-01
9.392206469941453179e+03 3.001053209753147266e-01 1.366493989124370478e-01
9.401598676411396809e+03 2.897531739884359192e-01 1.429550144841428005e-01
9.411000275087812042e+03 3.198470382494649766e-01 1.513212970566692184e-01
9.420411275362903325e+03 3.261853644900109539e-01 1.640902816741936221e-01
9.429831686638268366e+03 3.407152810522094399e-01 1.821776683724528612e-01
9.439261518324910867e+03 4.028416180740782560e-01 2.025763973314830824e-01
9.448700779843238706e+03 4.199698416269553869e-01 2.344106685410632385e-01
9.458149480623085765e+03 4.157287103774609527e-01 2.729128389694193135e-01
9.467607630103711926e+03 3.608772676573585025e-01 3.299745000157767172e-01
9.477075237733817630e+03 3.332935373875635099e-01 3.962834133706641393e-01
9.486552312971554784e+03 3.338165621078920120e-01 4.908499350967542862e-01
9.496038865284530402e+03 3.853052040287770486e-01 6.139955936937220304e-01
9.505534904149817521e+03 3.908103114883330065e-01 7.911703644051665263e-01
9.515040439053969749e+03 4.217014225333523547e-01 1.047973067542407488e+00
9.524555479493026724e+03 4.187196728993224371e-01 1.403240971351959132e+00
