# starting wavelength: 3341.330
# ending wavelength: 8773.370
# wav flux eflux
3.341423460688906289e+03 2.703206346900152823e+00 1.978828902857701355e-01
3.344764884149596128e+03 2.700677268779369644e+00 1.554580558909281485e-01
3.348109649033746791e+03 2.708059971645399688e+00 1.177108117633542811e-01
3.351457758682781787e+03 2.718088142125342888e+00 8.784613057324494600e-02
3.354809216441465651e+03 2.721991643638572711e+00 6.878691553083422783e-02
3.358164025657908041e+03 2.732324404989916022e+00 5.383528803461135048e-02
3.361522189683567376e+03 2.744552103127087417e+00 4.307270883653457200e-02
3.364883711873251741e+03 2.758476042080125978e+00 3.611619957472644860e-02
3.368248595585126168e+03 2.775681369455723857e+00 2.964044082358242155e-02
3.371616844180712633e+03 2.797985457382997421e+00 2.651014665673388435e-02
3.374988461024894150e+03 2.819212947239324585e+00 2.314120540507503404e-02
3.378363449485920228e+03 2.840413645223827999e+00 2.056616939059475666e-02
3.381741812935407324e+03 2.861675750746372593e+00 1.856225845870172753e-02
3.385123554748343849e+03 2.881472922652253743e+00 1.709004673776425356e-02
3.388508678303093347e+03 2.898049263764467920e+00 1.615456083152114197e-02
3.391897186981397681e+03 2.916993384160971647e+00 1.549458757287414286e-02
3.395289084168380214e+03 2.934365689334522465e+00 1.467367653830414093e-02
3.398684373252549449e+03 2.951916478824959889e+00 1.397802143848769774e-02
3.402083057625803121e+03 2.967141783077915207e+00 1.388971188912915995e-02
3.405485140683430018e+03 2.985533182929076101e+00 1.398505573749319990e-02
3.408890625824114522e+03 2.998709193651474259e+00 1.357229305689405634e-02
3.412299516449939802e+03 3.005028847548611104e+00 1.363534182127068041e-02
3.415711815966390986e+03 3.009654434232555520e+00 1.406939862189946107e-02
3.419127527782358356e+03 3.014365437454839647e+00 1.382245158758760133e-02
3.422546655310141887e+03 3.014079709493156845e+00 1.362085244593873312e-02
3.425969201965453522e+03 3.016494757888753764e+00 1.411445053925557309e-02
3.429395171167419903e+03 3.010693842389520203e+00 1.335925907834672154e-02
3.432824566338588284e+03 3.006578947003117008e+00 1.312477742566897296e-02
3.436257390904928343e+03 3.001188623493125096e+00 1.314193769353138967e-02
3.439693648295834464e+03 2.991994270568331338e+00 1.344519197592987034e-02
3.443133341944131189e+03 2.982159893345060375e+00 1.411451294132271342e-02
3.446576475286076402e+03 2.977475375715954442e+00 1.417650127942697048e-02
3.450023051761363604e+03 2.964612070223457518e+00 1.303234932254740755e-02
3.453473074813126004e+03 2.959474657150837462e+00 1.294445024313876404e-02
3.456926547887940615e+03 2.952411252936949282e+00 1.317692249989095739e-02
3.460383474435829612e+03 2.950244773345145344e+00 1.152185485749228876e-02
3.463843857910266706e+03 2.941965393891640801e+00 1.153281528825728791e-02
3.467307701768178049e+03 2.930720554975248859e+00 1.169179967002767842e-02
3.470775009469947236e+03 2.918703647705614745e+00 1.045221834581425320e-02
3.474245784479418489e+03 2.909888172392443462e+00 1.084915689741313728e-02
3.477720030263898934e+03 2.904599944685415380e+00 1.095054729104150658e-02
3.481197750294164052e+03 2.898625295019987558e+00 1.128398236299693082e-02
3.484678948044459503e+03 2.890407237391973361e+00 1.127719386913762084e-02
3.488163626992504760e+03 2.886804600520216368e+00 1.063334734117836120e-02
3.491651790619498570e+03 2.882448062596544069e+00 9.795436863876972808e-03
3.495143442410119405e+03 2.875342481641689929e+00 9.783930651270400167e-03
3.498638585852530468e+03 2.867428281130541823e+00 9.778643434290463024e-03
3.502137224438384237e+03 2.858823563527554956e+00 9.762790861238459378e-03
3.505639361662823831e+03 2.846274639253137284e+00 1.004947123920361778e-02
3.509145001024487556e+03 2.833966157830301924e+00 9.753567070079826803e-03
3.512654146025513455e+03 2.822155132347525797e+00 9.686269891771487339e-03
3.516166800171540217e+03 2.815066257475871137e+00 9.455066150357412103e-03
3.519682966971712631e+03 2.808915077911712466e+00 9.796707898090402378e-03
3.523202649938685681e+03 2.802995007081957812e+00 9.776669709390286081e-03
3.526725852588625457e+03 2.794428439633586780e+00 9.920650333248574176e-03
3.530252578441215064e+03 2.785419740565941105e+00 9.705229144770309568e-03
3.533782831019657806e+03 2.778369684746224699e+00 9.714650955384438250e-03
3.537316613850678550e+03 2.770769002331248565e+00 9.593353190506723888e-03
3.540853930464530094e+03 2.761987754350714752e+00 9.859633302980917724e-03
3.544394784394995895e+03 2.758995285004796294e+00 9.716490153360190368e-03
3.547939179179392340e+03 2.756486705853722796e+00 1.005902504756260411e-02
3.551487118358572843e+03 2.754869433978961002e+00 9.721532385886730299e-03
3.555038605476932389e+03 2.748078183980358080e+00 8.724976698477512546e-03
3.558593644082410719e+03 2.745308232842944118e+00 8.865253865754010171e-03
3.562152237726494150e+03 2.746098815824450590e+00 8.039077630675170449e-03
3.565714389964221937e+03 2.747985812056160437e+00 7.240322800502838919e-03
3.569280104354187188e+03 2.745543372503907342e+00 6.925809252599031754e-03
3.572849384458542772e+03 2.745280992881553583e+00 6.999051060288017691e-03
3.576422233843002232e+03 2.739622318261707434e+00 7.138028940602427798e-03
3.579998656076846601e+03 2.731914934168226061e+00 6.725435952299553544e-03
3.583578654732924406e+03 2.730806555631107191e+00 6.813302712537998469e-03
3.587162233387658489e+03 2.728676948510864619e+00 6.817012344780455819e-03
3.590749395621047370e+03 2.726171486732053229e+00 6.871620439891782881e-03
3.594340145016669794e+03 2.724618405927715425e+00 6.931626864516344556e-03
3.597934485161687462e+03 2.724148498283953668e+00 6.923095329299073890e-03
3.601532419646850485e+03 2.723082052842892065e+00 7.230300105404362590e-03
3.605133952066498296e+03 2.723994579679970052e+00 7.262028731933756892e-03
3.608739086018566013e+03 2.726548463000434186e+00 7.817486402541231477e-03
3.612347825104585809e+03 2.724563474295467635e+00 8.214103961524386530e-03
3.615960172929691907e+03 2.722202579128620847e+00 8.372063543482638134e-03
3.619576133102622407e+03 2.717211597100614995e+00 8.551037707463441176e-03
3.623195709235726554e+03 2.714660381786019983e+00 8.051249712222265445e-03
3.626818904944963379e+03 2.711272402210029853e+00 8.063845257691184404e-03
3.630445723849909427e+03 2.708649265034285047e+00 7.799037441593645315e-03
3.634076169573760581e+03 2.702044704947521137e+00 7.715712832677674646e-03
3.637710245743335690e+03 2.699020022077117442e+00 7.701804082156557194e-03
3.641347955989080219e+03 2.692490428232569233e+00 8.039991094372932884e-03
3.644989303945070333e+03 2.683125400732924160e+00 7.134376703097916259e-03
3.648634293249016537e+03 2.673588268246772870e+00 6.888718725054266898e-03
3.652282927542266862e+03 2.664018419871517995e+00 6.873250396159579119e-03
3.655935210469810499e+03 2.655303200813877051e+00 7.209809472294916033e-03
3.659591145680281443e+03 2.646949143868757570e+00 7.216181283204249446e-03
3.663250736825963031e+03 2.640019856645236640e+00 6.989841937320099251e-03
3.666913987562790226e+03 2.634548653284571440e+00 6.896333543718375161e-03
3.670580901550354156e+03 2.626538736772342286e+00 6.886992723777705071e-03
3.674251482451905758e+03 2.621085502033135395e+00 6.995953640160958165e-03
3.677925733934358959e+03 2.610687491832543117e+00 7.222684942421867156e-03
3.681603659668294313e+03 2.597777069896787694e+00 8.116092721956602238e-03
3.685285263327964003e+03 2.590088748647529915e+00 8.468791658330971153e-03
3.688970548591293209e+03 2.578276084765135590e+00 7.831252974651840490e-03
3.692659519139885560e+03 2.571214828547647269e+00 7.820569428246739591e-03
3.696352178659026777e+03 2.559959425740890637e+00 7.526853941747587047e-03
3.700048530837686940e+03 2.549500209594991684e+00 7.938165418336978404e-03
3.703748579368525952e+03 2.540377603265667528e+00 7.961775237533184890e-03
3.707452327947895355e+03 2.534326631296655474e+00 6.767709701109590748e-03
3.711159780275844696e+03 2.525685626818591878e+00 6.633525087197096257e-03
3.714870940056121526e+03 2.516611259320674421e+00 6.630446320080135916e-03
3.718585810996179134e+03 2.504722306963773182e+00 6.300333003118268639e-03
3.722304396807176545e+03 2.494193237388428575e+00 6.266193094349759539e-03
3.726026701203984885e+03 2.483124622125405079e+00 6.246514385672475612e-03
3.729752727905190113e+03 2.472276604006667267e+00 6.600107996436934722e-03
3.733482480633096657e+03 2.463705700354451356e+00 6.176355452735121654e-03
3.737215963113731050e+03 2.453180267435184359e+00 5.901289389087279423e-03
3.740953179076846027e+03 2.442793218898825280e+00 6.296352334387576508e-03
3.744694132255923705e+03 2.432050168522817302e+00 5.952949808371048833e-03
3.748438826388181042e+03 2.422728023407014764e+00 5.619254941346623657e-03
3.752187265214570289e+03 2.416877028919129256e+00 5.605911984808865413e-03
3.755939452479786269e+03 2.411858883929649977e+00 5.423528256169670922e-03
3.759695391932267285e+03 2.410937388703733752e+00 5.437151415335824203e-03
3.763455087324201031e+03 2.411298208121249953e+00 5.212350949295328252e-03
3.767218542411526414e+03 2.415039792853025613e+00 4.313382126568473737e-03
3.770985760953939007e+03 2.415322355794754294e+00 4.113916588546987635e-03
3.774756746714894234e+03 2.416759864280485726e+00 3.173339939866967954e-03
3.778531503461610555e+03 2.421405048977036234e+00 3.233989274137552116e-03
3.782310034965073100e+03 2.429966163170954374e+00 2.521374183429721336e-03
3.786092345000039586e+03 2.436521163511903065e+00 2.801345938034847070e-03
3.789878437345040766e+03 2.440997102123494855e+00 2.720295842987685477e-03
3.793668315782387253e+03 2.444623377436875078e+00 2.635212812277572085e-03
3.797461984098170888e+03 2.445764592951117589e+00 2.671944001481646284e-03
3.801259446082270188e+03 2.444759814619709815e+00 2.675301303326722835e-03
3.805060705528353537e+03 2.440877505120411239e+00 3.747334932485486131e-03
3.808865766233883278e+03 2.438982156540295598e+00 3.979991997529154328e-03
3.812674632000118436e+03 2.434454826225496138e+00 4.234836021720742028e-03
3.816487306632119726e+03 2.433543774177052033e+00 4.565536606130580002e-03
3.820303793938753188e+03 2.431363804221078340e+00 4.275914207672933988e-03
3.824124097732693372e+03 2.427602766067842754e+00 4.321038854446886644e-03
3.827948221830427428e+03 2.423840741017599942e+00 4.200833272980143002e-03
3.831776170052258749e+03 2.422600864465744408e+00 4.288192786758589399e-03
3.835607946222312421e+03 2.423479472092361586e+00 4.723262853690746339e-03
3.839443554168536139e+03 2.423880477689570156e+00 4.548440261830920608e-03
3.843282997722705659e+03 2.423912893950163294e+00 3.947056601494439328e-03
3.847126280720429804e+03 2.420108692927394500e+00 4.485876097739771758e-03
3.850973407001151372e+03 2.415263070717093896e+00 4.733663828486214462e-03
3.854824380408153957e+03 2.411982505796762766e+00 5.063893407184075386e-03
3.858679204788563311e+03 2.407219531820281588e+00 5.388775205174900669e-03
3.862537883993353262e+03 2.400155041792428445e+00 5.754227397062149432e-03
3.866400421877347981e+03 2.391057735482394087e+00 6.158714670697840177e-03
3.870266822299226533e+03 2.382102634068369973e+00 6.685630770725227261e-03
3.874137089121526969e+03 2.374551688344023415e+00 6.968320319580587757e-03
3.878011226210649966e+03 2.370709832855860011e+00 7.453327934791914057e-03
3.881889237436861549e+03 2.367713966510379464e+00 7.338697801168509935e-03
3.885771126674299921e+03 2.367263190345378465e+00 6.812416879784431896e-03
3.889656897800975457e+03 2.372216634845073724e+00 8.665369796749441619e-03
3.893546554698777527e+03 2.379394178690224848e+00 8.468105311402901805e-03
3.897440101253477678e+03 2.382106187382517337e+00 8.115496082809713768e-03
3.901337541354732366e+03 2.382928953211127965e+00 8.615822353894778476e-03
3.905238878896088409e+03 2.379801709391235143e+00 8.150250852957886122e-03
3.909144117774985716e+03 2.377063253208467675e+00 7.987511976392486918e-03
3.913053261892762293e+03 2.371612996362784109e+00 8.234251798438433148e-03
3.916966315154656058e+03 2.361977360799357051e+00 8.893780596187983098e-03
3.920883281469812118e+03 2.350486012031641536e+00 7.071829789960347966e-03
3.924804164751283224e+03 2.341053847648957742e+00 5.295267059128882549e-03
3.928728968916035683e+03 2.333310507577591064e+00 5.291333895994024261e-03
3.932657697884953450e+03 2.330561543092777299e+00 5.980334894567878451e-03
3.936590355582839493e+03 2.330133198911851888e+00 5.396050551781090762e-03
3.940526945938423523e+03 2.326849683706867733e+00 4.771041569988913010e-03
3.944467472884363360e+03 2.322491726410823354e+00 3.693282324724616109e-03
3.948411940357249023e+03 2.313996399520838132e+00 4.080124399812543393e-03
3.952360352297607733e+03 2.304035294943575618e+00 4.101881466448903737e-03
3.956312712649906643e+03 2.291448758206040548e+00 3.000025522708364787e-03
3.960269025362557841e+03 2.277968426024524984e+00 3.569986587707264184e-03
3.964229294387921527e+03 2.267604743680327495e+00 4.294043387989785257e-03
3.968193523682310570e+03 2.261997097925509514e+00 3.869085026163795928e-03
3.972161717205994591e+03 2.260365363208789002e+00 4.124387938228851573e-03
3.976133878923201792e+03 2.263185094604109882e+00 4.972773058660477294e-03
3.980110012802126221e+03 2.267180376879081471e+00 5.078910198071514767e-03
3.984090122814929600e+03 2.273891968772458583e+00 4.289446672940250109e-03
3.988074212937745870e+03 2.281242089484192270e+00 3.530610689373950718e-03
3.992062287150684824e+03 2.286266626556899162e+00 3.997713667331720226e-03
3.996054349437837118e+03 2.293263026134582550e+00 4.007531219205764592e-03
4.000050403787276082e+03 2.299266546658204735e+00 4.054904789322813508e-03
4.004050454191064546e+03 2.300615621452367865e+00 4.720829019797360970e-03
4.008054504645257111e+03 2.303457299551529669e+00 4.699444483111595537e-03
4.012062559149903791e+03 2.306611363471038789e+00 4.733193397568872911e-03
4.016074621709055009e+03 2.309774750788232467e+00 4.304097246162074883e-03
4.020090696330765240e+03 2.315835659576924943e+00 4.967712642633243490e-03
4.024110787027097558e+03 2.322177062640706779e+00 5.181874927771151947e-03
4.028134897814125907e+03 2.327571565157475320e+00 4.149130540022975128e-03
4.032163032711941469e+03 2.327993407325501529e+00 4.186641083422688522e-03
4.036195195744654484e+03 2.327003130678853449e+00 4.589871730915655833e-03
4.040231390940400615e+03 2.325285638650962827e+00 4.307300942191099463e-03
4.044271622331342314e+03 2.322854076356535291e+00 4.611257172673906973e-03
4.048315893953675186e+03 2.318707100559810108e+00 4.682160910277718968e-03
4.052364209847629809e+03 2.313986810225857838e+00 4.860584534849185165e-03
4.056416574057479011e+03 2.311866935139981205e+00 5.152389200263269783e-03
4.060472990631537868e+03 2.308985009567190438e+00 5.693301534463184217e-03
4.064533463622170530e+03 2.304038449308257075e+00 5.563941427872558763e-03
4.068597997085794304e+03 2.295580760452767155e+00 5.546780214928992425e-03
4.072666595082881486e+03 2.287436049366879054e+00 5.053430370370947701e-03
4.076739261677965715e+03 2.278052659448294825e+00 4.984951452876488533e-03
4.080816000939644709e+03 2.266281588611479769e+00 5.024091577572796508e-03
4.084896816940585722e+03 2.251584135897170214e+00 4.412984669903956964e-03
4.088981713757527814e+03 2.237407365415476246e+00 3.974752354281215275e-03
4.093070695471286854e+03 2.225172228738238722e+00 4.222734686910712895e-03
4.097163766166759160e+03 2.212308746007953353e+00 4.768451003302020923e-03
4.101260929932927866e+03 2.197757151817921084e+00 4.577638660980886537e-03
4.105362190862862008e+03 2.182643715935542961e+00 4.402705916572451431e-03
4.109467553053726078e+03 2.165156597255369242e+00 4.830340619798641037e-03
4.113577020606780934e+03 2.147361373622533431e+00 5.405733377214062309e-03
4.117690597627389252e+03 2.133546944163181802e+00 5.727260385753002100e-03
4.121808288225018259e+03 2.117163515642946248e+00 5.128340853278292970e-03
4.125930096513244280e+03 2.104674099361691919e+00 4.847062404357228328e-03
4.130056026609759101e+03 2.090660524241131579e+00 4.334134005605306920e-03
4.134186082636369974e+03 2.080028743050588158e+00 4.976721611925336713e-03
4.138320268719007800e+03 2.069464958445820013e+00 4.582476648773065042e-03
4.142458588987728035e+03 2.059844030385542091e+00 3.743806300659251098e-03
4.146601047576717065e+03 2.049208669298407504e+00 3.325455962559260327e-03
4.150747648624294925e+03 2.035899990296712758e+00 3.447446572161098292e-03
4.154898396272920763e+03 2.020585107427602445e+00 3.491162248712890038e-03
4.159053294669195566e+03 2.003794710473417950e+00 3.335275239996475776e-03
4.163212347963865795e+03 1.987886538010950055e+00 3.419845794936861479e-03
4.167375560311830668e+03 1.969318514182903268e+00 3.548184385657368687e-03
4.171542935872143971e+03 1.948554634665953689e+00 4.183749159863145786e-03
4.175714478808017702e+03 1.929903514618996452e+00 4.555632300952487321e-03
4.179890193286827525e+03 1.913708538871189857e+00 4.530138030317875340e-03
4.184070083480115500e+03 1.900901839262933324e+00 4.492111334338157874e-03
4.188254153563597356e+03 1.888399455949746564e+00 4.408073053363586319e-03
4.192442407717161586e+03 1.877694346017682037e+00 4.100015542477951705e-03
4.196634850124880359e+03 1.871872158570456746e+00 4.425750740190324828e-03
4.200831484975006788e+03 1.868478106938683325e+00 4.380821099099286957e-03
4.205032316459983122e+03 1.866605554981442650e+00 4.647328875675294478e-03
4.209237348776444378e+03 1.868721264029037821e+00 4.196155037332835631e-03
4.213446586125221984e+03 1.871684097513046652e+00 4.507394479867266220e-03
4.217660032711349231e+03 1.876065393196761466e+00 4.690105178101973242e-03
4.221877692744061278e+03 1.884454136213756348e+00 4.676743905189282603e-03
4.226099570436806971e+03 1.894483199428863118e+00 4.671192134667244596e-03
4.230325670007245208e+03 1.904489840645233745e+00 4.369213623831716582e-03
4.234555995677254032e+03 1.917815971476500403e+00 4.702283781144946280e-03
4.238790551672932452e+03 1.933518306897856753e+00 4.195382086825784514e-03
4.243029342224606808e+03 1.947284160915455864e+00 3.910507905833518136e-03
4.247272371566832589e+03 1.962568653903549620e+00 3.047688977038065256e-03
4.251519643938400804e+03 1.974322733617139614e+00 3.070161718502370518e-03
4.255771163582340705e+03 1.985926930988165973e+00 3.228454964004634758e-03
4.260026934745924336e+03 1.997341781442186548e+00 3.320221019439175466e-03
4.264286961680671993e+03 2.006217423607736805e+00 3.308903932976395550e-03
4.268551248642354039e+03 2.010934674037368808e+00 3.463598899634296770e-03
4.272819799890998183e+03 2.015773371449765872e+00 3.059117830025531466e-03
4.277092619690890388e+03 2.022978312375633081e+00 3.321053636938346709e-03
4.281369712310583054e+03 2.029718309322539049e+00 3.189121109995232597e-03
4.285651082022895025e+03 2.033402539367914930e+00 3.117227221827768586e-03
4.289936733104918858e+03 2.034886653005656409e+00 2.959987961921895297e-03
4.294226669838025373e+03 2.033751772538336944e+00 2.973548812644023157e-03
4.298520896507864563e+03 2.029472938497045575e+00 3.179452794906909106e-03
4.302819417404373780e+03 2.024844297004232629e+00 3.205401650355527762e-03
4.307122236821779552e+03 2.019259138739463832e+00 3.192787421952942521e-03
4.311429359058603040e+03 2.011173515140204593e+00 3.109069595039322832e-03
4.315740788417662770e+03 2.004838832016459627e+00 3.310299403917002763e-03
4.320056529206081905e+03 1.996908059471302455e+00 3.845878402555696299e-03
4.324376585735290064e+03 1.991512129375049289e+00 3.597572420086509251e-03
4.328700962321026054e+03 1.989260468114323333e+00 3.293855323652059193e-03
4.333029663283348782e+03 1.990085994448214546e+00 3.338307618049020809e-03
4.337362692946633615e+03 1.997337974138661210e+00 3.985939129972626387e-03
4.341700055639581478e+03 2.001948361726845427e+00 3.874774959306257795e-03
4.346041755695222491e+03 2.007700144668373543e+00 3.364483773055675173e-03
4.350387797450919606e+03 2.012406957605504587e+00 3.420109607198429293e-03
4.354738185248371337e+03 2.015530542137199621e+00 3.520042778113707284e-03
4.359092923433621763e+03 2.017960300439970212e+00 3.808104092172273809e-03
4.363452016357056891e+03 2.020460820933972279e+00 3.796731838358074606e-03
4.367815468373414660e+03 2.021835697281929356e+00 3.761939811507804265e-03
4.372183283841789489e+03 2.021556264726938501e+00 3.448696016187983038e-03
4.376555467125633186e+03 2.022520990872423319e+00 3.572783640979927070e-03
4.380932022592760404e+03 2.021615878723218795e+00 3.505265986824321073e-03
4.385312954615354101e+03 2.021685082108193310e+00 3.782612924212651155e-03
4.389698267569970994e+03 2.018657790314424272e+00 3.617196431465109340e-03
4.394087965837542470e+03 2.015034242453198399e+00 3.730497894734445975e-03
4.398482053803381859e+03 2.010279519085019562e+00 3.854161446968497849e-03
4.402880535857186260e+03 2.005429301666616926e+00 3.828685749625125069e-03
4.407283416393044718e+03 1.997678004885450553e+00 3.812827936485298132e-03
4.411690699809440048e+03 1.987827669483906101e+00 3.766851873816470884e-03
4.416102390509250654e+03 1.976203297283193105e+00 3.579387189092941672e-03
4.420518492899761441e+03 1.966091116932190408e+00 3.493812032866976721e-03
4.424939011392662906e+03 1.954744491542014240e+00 3.469033349398478305e-03
4.429363950404056595e+03 1.943382120009252256e+00 3.445364682518862413e-03
4.433793314354462382e+03 1.935196129721805658e+00 3.497346839506734664e-03
4.438227107668818462e+03 1.925712900303093056e+00 3.739898010621315206e-03
4.442665334776488635e+03 1.913317663934006596e+00 4.030748882426453752e-03
4.447108000111265937e+03 1.902841396262461959e+00 4.053054560386204833e-03
4.451555108111379013e+03 1.893698067449017586e+00 4.244820937699430967e-03
4.456006663219492111e+03 1.883561780198842239e+00 4.258856250513940421e-03
4.460462669882713271e+03 1.873843542844469745e+00 4.155421820905585983e-03
4.464923132552597053e+03 1.864525764455731816e+00 4.037277815275662658e-03
4.469388055685150903e+03 1.853789370636781175e+00 4.077380422165098259e-03
4.473857443740837880e+03 1.840365425168768665e+00 3.371761214325513095e-03
4.478331301184580298e+03 1.829546545401126156e+00 3.393742025148081473e-03
4.482809632485766087e+03 1.819237650300649989e+00 3.259309211788906022e-03
4.487292442118253348e+03 1.808700146488158245e+00 3.186344229421124268e-03
4.491779734560373072e+03 1.799534178316012367e+00 3.203246148147841088e-03
4.496271514294934605e+03 1.791729988569050303e+00 3.189415868826232878e-03
4.500767785809231100e+03 1.785800893973874093e+00 3.397083902865564390e-03
4.505268553595042249e+03 1.780312012021897816e+00 3.695811704446891246e-03
4.509773822148638828e+03 1.774453016155333573e+00 3.841463548795334085e-03
4.514283595970789065e+03 1.767186496827107156e+00 3.820679517925659394e-03
4.518797879566761367e+03 1.760775040959909887e+00 3.331009224686470611e-03
4.523316677446328868e+03 1.754217673113678266e+00 3.024583616772403508e-03
4.527839994123776705e+03 1.743469805602275269e+00 2.801001960130650777e-03
4.532367834117902021e+03 1.732684800988467444e+00 2.871149793697193829e-03
4.536900201952022144e+03 1.723803639342519567e+00 2.869427766411830616e-03
4.541437102153975502e+03 1.715083252565566818e+00 3.012131902374155790e-03
4.545978539256130716e+03 1.703919642450606897e+00 3.269068244483332424e-03
4.550524517795388419e+03 1.694410406613090725e+00 3.365964004774177083e-03
4.555075042313184895e+03 1.686419439431489753e+00 3.247132999425786717e-03
4.559630117355500261e+03 1.679183305241239044e+00 3.441883098632560201e-03
4.564189747472856652e+03 1.676088275017989293e+00 3.701605075974384942e-03
4.568753937220330954e+03 1.670963876865519726e+00 4.071251557168907055e-03
4.573322691157552981e+03 1.661973628141909520e+00 3.980775398440662173e-03
4.577896013848711846e+03 1.650333727447661269e+00 4.095793665107178884e-03
4.582473909862562323e+03 1.636761717459582766e+00 4.265057379580826889e-03
4.587056383772426670e+03 1.622280986937784553e+00 4.960093621142884143e-03
4.591643440156200086e+03 1.608352652154532825e+00 5.525230627330894595e-03
4.596235083596357981e+03 1.597875556068515612e+00 5.337754261774468531e-03
4.600831318679955984e+03 1.588766437863463832e+00 5.078477564479284140e-03
4.605432149998637215e+03 1.581381466517962187e+00 5.007138525509139196e-03
4.610037582148637739e+03 1.578113738719360670e+00 5.554570021713277003e-03
4.614647619730787483e+03 1.574598933248139820e+00 5.807093459456658634e-03
4.619262267350520233e+03 1.571312354677080192e+00 5.751071599076284201e-03
4.623881529617872729e+03 1.567586425519861049e+00 4.621352998549502211e-03
4.628505411147491941e+03 1.561488528380853058e+00 3.705069171099087660e-03
4.633133916558640522e+03 1.549882920157531263e+00 3.712352805778356725e-03
4.637767050475200449e+03 1.535343516653402851e+00 3.114958678986512117e-03
4.642404817525677572e+03 1.519007386696402451e+00 2.348397658394859363e-03
4.647047222343205249e+03 1.502775507574856784e+00 2.363520461693654259e-03
4.651694269565549803e+03 1.485988157709319912e+00 2.420335669554222417e-03
4.656345963835116891e+03 1.472614971482631097e+00 2.578769504477478741e-03
4.661002309798953320e+03 1.460221605010382673e+00 2.740691825137384161e-03
4.665663312108753416e+03 1.449424080680923765e+00 2.640474059162502014e-03
4.670328975420864481e+03 1.440516656565484110e+00 2.403924150388341095e-03
4.674999304396286789e+03 1.432287776775957644e+00 2.398034887191063513e-03
4.679674303700684504e+03 1.425365791030285267e+00 2.365417847202047532e-03
4.684353978004386590e+03 1.420750175355428579e+00 2.404972254477496813e-03
4.689038331982392265e+03 1.417802754564063461e+00 2.596161890253345910e-03
4.693727370314376458e+03 1.418260307028667455e+00 2.599732199790232099e-03
4.698421097684692540e+03 1.421581682239531519e+00 2.584997991015087603e-03
4.703119518782378691e+03 1.426665960402742739e+00 2.579164849793807480e-03
4.707822638301162442e+03 1.433851571432394501e+00 2.714559597570676171e-03
4.712530460939465229e+03 1.443207819043561102e+00 2.764275478386367911e-03
4.717242991400406027e+03 1.457163464545301546e+00 2.943607047163432876e-03
4.721960234391808626e+03 1.473852239988387991e+00 2.961090765419729758e-03
4.726682194626201635e+03 1.492981167742927662e+00 2.793324404445857688e-03
4.731408876820829391e+03 1.514809538117611432e+00 2.718038213295057709e-03
4.736140285697651962e+03 1.535959946680750532e+00 2.731649465696051656e-03
4.740876425983350600e+03 1.556260951543178450e+00 2.660128631422570798e-03
4.745617302409335934e+03 1.577817722910147991e+00 2.646608635276549194e-03
4.750362919711747054e+03 1.599796311760848244e+00 2.754506848026696923e-03
4.755113282631459697e+03 1.620938811838197990e+00 2.736183655258097019e-03
4.759868395914093526e+03 1.641880715274026681e+00 2.777839820363220760e-03
4.764628264310008490e+03 1.661590619414738068e+00 2.752380955550868917e-03
4.769392892574320285e+03 1.678325431571682458e+00 2.945287323475013694e-03
4.774162285466896719e+03 1.692831967009435390e+00 2.730748711050713391e-03
4.778936447752364984e+03 1.707700374172389957e+00 2.676492479686590729e-03
4.783715384200118933e+03 1.723184556114791599e+00 2.588068738859410078e-03
4.788499099584319993e+03 1.735758602849716503e+00 2.493484549606294742e-03
4.793287598683906253e+03 1.745810945215962029e+00 2.452144969554468680e-03
4.798080886282591564e+03 1.753504669172156971e+00 2.531329062325485182e-03
4.802878967168876443e+03 1.758059973428315104e+00 2.554500467081154483e-03
4.807681846136046261e+03 1.760538754911908255e+00 2.338432992244622935e-03
4.812489527982183972e+03 1.759149021825237913e+00 2.607944027596584367e-03
4.817302017510168298e+03 1.755396405123507586e+00 2.823293781506682875e-03
4.822119319527679181e+03 1.754606880498933208e+00 3.112327433741208550e-03
4.826941438847208701e+03 1.751423632406234665e+00 3.142177376387386874e-03
4.831768380286057436e+03 1.746382012554332785e+00 3.088288581287749936e-03
4.836600148666345376e+03 1.740699468036008390e+00 3.088746315727583253e-03
4.841436748815013743e+03 1.734020200113968624e+00 3.082265095115496907e-03
4.846278185563829538e+03 1.727617306953154186e+00 3.021287570677340557e-03
4.851124463749395545e+03 1.721711242139553732e+00 2.812990285023950210e-03
4.855975588213146693e+03 1.715282418018604815e+00 2.776340442350315203e-03
4.860831563801360971e+03 1.708003965634494969e+00 2.674811504563118312e-03
4.865692395365163975e+03 1.699816769659123761e+00 2.560150235722472977e-03
4.870558087760530725e+03 1.691653651783357581e+00 2.832578237577452595e-03
4.875428645848292945e+03 1.685816064690023985e+00 2.978407604659328439e-03
4.880304074494142696e+03 1.679931317816969694e+00 3.227505865738792591e-03
4.885184378568638749e+03 1.673489505368963126e+00 3.227710987331844274e-03
4.890069562947209306e+03 1.668700748963996228e+00 2.883405409753331001e-03
4.894959632510157462e+03 1.663579804435217691e+00 2.658680640186591310e-03
4.899854592142669389e+03 1.658554247838017970e+00 2.766049943430741107e-03
4.904754446734813428e+03 1.650432750490953948e+00 2.703063883343638594e-03
4.909659201181550088e+03 1.641664293616103665e+00 2.434535519084692155e-03
4.914568860382732964e+03 1.631976511277422937e+00 2.851971005456773508e-03
4.919483429243117826e+03 1.623864812842121141e+00 2.962350489051597275e-03
4.924402912672362618e+03 1.617140652550373092e+00 3.050576427253148815e-03
4.929327315585036558e+03 1.611706019654561395e+00 3.611435563194247828e-03
4.934256642900622865e+03 1.604600925277574142e+00 3.655634784619431546e-03
4.939190899543525120e+03 1.596040696185595964e+00 3.767972012191640133e-03
4.944130090443070912e+03 1.588137062458890636e+00 3.821779747824092122e-03
4.949074220533515472e+03 1.580896309265477528e+00 3.835768406088103932e-03
4.954023294754050767e+03 1.574971029405920930e+00 3.785142665168705726e-03
4.958977318048806410e+03 1.567903155683070038e+00 3.740374735560231950e-03
4.963936295366856939e+03 1.560133575462772759e+00 3.553019501958445004e-03
4.968900231662225451e+03 1.554260487529785406e+00 3.438027498633986281e-03
4.973869131893889062e+03 1.547274263001432670e+00 3.286790583199879819e-03
4.978843001025784361e+03 1.540036234573000762e+00 3.179937801104145562e-03
4.983821844026811959e+03 1.534164300596673858e+00 3.219038943681388262e-03
4.988805665870840130e+03 1.527917385428131380e+00 3.205875852726833980e-03
4.993794471536712990e+03 1.523593099061710809e+00 2.981218805644772138e-03
4.998788266008251412e+03 1.520199147913219084e+00 3.139468203616063106e-03
5.003787054274261209e+03 1.516448981749114688e+00 3.165908252313486340e-03
5.008790841328536771e+03 1.510153410552548481e+00 2.879556339939932669e-03
5.013799632169867436e+03 1.504632315455286751e+00 2.834665122203542092e-03
5.018813431802038394e+03 1.500389661082164983e+00 2.817013777693856084e-03
5.023832245233842514e+03 1.497865164283475270e+00 2.609371591046652679e-03
5.028856077479077612e+03 1.495875976412378350e+00 2.605449901736831171e-03
5.033884933556558281e+03 1.493880058745867379e+00 2.361532836503847915e-03
5.038918818490116792e+03 1.492292511830966228e+00 2.401622948390255610e-03
5.043957737308608557e+03 1.490342034701226170e+00 2.385870766783192935e-03
5.049001695045918495e+03 1.489456671717375169e+00 2.402269759510671648e-03
5.054050696740966487e+03 1.488184927892228782e+00 2.361198818848022057e-03
5.059104747437709193e+03 1.486662759746628870e+00 2.252289867775437646e-03
5.064163852185148244e+03 1.484679442808284566e+00 2.191221944947280287e-03
5.069228016037335692e+03 1.481612860041563895e+00 2.248742439071288630e-03
5.074297244053374015e+03 1.477824366213402518e+00 2.338633549402219149e-03
5.079371541297429758e+03 1.473574953649152031e+00 2.331502402093291876e-03
5.084450912838728073e+03 1.466602781250243570e+00 2.088398783243602778e-03
5.089535363751569093e+03 1.461715738793628150e+00 2.133935954020334085e-03
5.094624899115322478e+03 1.458111812842457944e+00 2.049269224609664031e-03
5.099719524014439230e+03 1.453736022953064921e+00 1.913677216396644006e-03
5.104819243538455339e+03 1.447435660602898855e+00 2.005203696768491969e-03
5.109924062781995417e+03 1.440403145899273651e+00 2.440595304318979135e-03
5.115033986844779065e+03 1.433999438738582821e+00 2.407665026589269654e-03
5.120149020831625421e+03 1.427128653480923104e+00 2.394268644736209477e-03
5.125269169852458617e+03 1.419547213727421875e+00 2.513021029282313818e-03
5.130394439022313236e+03 1.413124783004923835e+00 2.491421065796927108e-03
5.135524833461337039e+03 1.406913495512812196e+00 2.659114239592727785e-03
5.140660358294800062e+03 1.399511225871636677e+00 2.665379428667449466e-03
5.145801018653096435e+03 1.391170360187309329e+00 2.802528957685556169e-03
5.150946819671751655e+03 1.383188181174631826e+00 2.842330261825885308e-03
5.156097766491425318e+03 1.376007141872272133e+00 2.860869490216844373e-03
5.161253864257918394e+03 1.368297855435297139e+00 2.897865344831026917e-03
5.166415118122177773e+03 1.360595627321812495e+00 3.081727433243114812e-03
5.171581533240301724e+03 1.355963486334548662e+00 3.014681426371669699e-03
5.176753114773543530e+03 1.349695445928777549e+00 2.990886592322075828e-03
5.181929867888318768e+03 1.343148265175284406e+00 2.676451525241189781e-03
5.187111797756208944e+03 1.338593423267894211e+00 2.728709501896099069e-03
5.192298909553966951e+03 1.335244911270808466e+00 2.592603853425490181e-03
5.197491208463522526e+03 1.332833974125937848e+00 2.584220441935324193e-03
5.202688699671987706e+03 1.328526990014407883e+00 2.582812848596173667e-03
5.207891388371661378e+03 1.323256138608284171e+00 2.570796660797887954e-03
5.213099279760034733e+03 1.317194350446866169e+00 2.498533372626440385e-03
5.218312379039796724e+03 1.311109712682633432e+00 2.499868584356275750e-03
5.223530691418837705e+03 1.303330508414862088e+00 2.114259679722986941e-03
5.228754222110258524e+03 1.296840294301303986e+00 2.157515304871918116e-03
5.233982976332370527e+03 1.290785944852568257e+00 2.247035924536764512e-03
5.239216959308704645e+03 1.284345948558799355e+00 2.311040265446812417e-03
5.244456176268015042e+03 1.276504461542230073e+00 2.291086766572361481e-03
5.249700632444284565e+03 1.268285514758933363e+00 2.351743044850496903e-03
5.254950333076731113e+03 1.259420321536874443e+00 2.687107796446245971e-03
5.260205283409809454e+03 1.252511115351351290e+00 2.570655207566325488e-03
5.265465488693221232e+03 1.245588859067506604e+00 2.410134334880444529e-03
5.270730954181915877e+03 1.240225706752414947e+00 2.373377788411586749e-03
5.276001685136099695e+03 1.236812303565245852e+00 2.708425645615842453e-03
5.281277686821237694e+03 1.232550202762456859e+00 3.124192006568443734e-03
5.286558964508059944e+03 1.226456113147746496e+00 3.149859741891540901e-03
5.291845523472569766e+03 1.221337274273842644e+00 3.043148280602007202e-03
5.297137368996044643e+03 1.217543358036136558e+00 2.840403450075473877e-03
5.302434506365042580e+03 1.212496172509307968e+00 2.947569738569025960e-03
5.307736940871409388e+03 1.207779464896408861e+00 3.023552844088784643e-03
5.313044677812282316e+03 1.202625672502786847e+00 2.914889703711292298e-03
5.318357722490096421e+03 1.196846863135699435e+00 2.855496029409320801e-03
5.323676080212588204e+03 1.192982459726053435e+00 2.677355342963281658e-03
5.328999756292802886e+03 1.190420958653692907e+00 3.012988848554451395e-03
5.334328756049097137e+03 1.187445239233230865e+00 2.978146656877684716e-03
5.339663084805148173e+03 1.185005781360969568e+00 2.645585391297572680e-03
5.345002747889954662e+03 1.182751033107938721e+00 2.370000469711356327e-03
5.350347750637846730e+03 1.178757048826139409e+00 2.585136777026195154e-03
5.355698098388485960e+03 1.173938683504117231e+00 2.545174507572150416e-03
5.361053796486876308e+03 1.170767921171674830e+00 2.698727423999514041e-03
5.366414850283365013e+03 1.166993980322066582e+00 2.653081220520785936e-03
5.371781265133649867e+03 1.162422550517794750e+00 2.580072385787362220e-03
5.377153046398785591e+03 1.159246372435511319e+00 2.280278155414351693e-03
5.382530199445186554e+03 1.155753250215968642e+00 2.179411312623823118e-03
5.387912729644633146e+03 1.149980654987149853e+00 2.045270074822818154e-03
5.393300642374279960e+03 1.145656046088559643e+00 2.130593065114037062e-03
5.398693943016655794e+03 1.141678081345938178e+00 1.980384423771162222e-03
5.404092636959673655e+03 1.134781835533822170e+00 2.518230656461328213e-03
5.409496729596635305e+03 1.129069676340894057e+00 2.584667384627948976e-03
5.414906226326233991e+03 1.124920350075573561e+00 2.577523753172249795e-03
5.420321132552561721e+03 1.121765346530724017e+00 2.751483614351916442e-03
5.425741453685116539e+03 1.117699862515500797e+00 2.871962474998654598e-03
5.431167195138803436e+03 1.114661186364929613e+00 2.630382218738204318e-03
5.436598362333943442e+03 1.110346623538831068e+00 2.670539762786488473e-03
5.442034960696279086e+03 1.106380413609633129e+00 2.648931439162519920e-03
5.447476995656978033e+03 1.102361552041456472e+00 2.619024683768721076e-03
5.452924472652636723e+03 1.096348581411737744e+00 2.588742305150686183e-03
5.458377397125291282e+03 1.091697317678119949e+00 2.599882273192293848e-03
5.463835774522417523e+03 1.086737492785829318e+00 2.693945615535675055e-03
5.469299610296941864e+03 1.081214009830791634e+00 2.723609596747783666e-03
5.474768909907241323e+03 1.075556915434174421e+00 2.727181295902660844e-03
5.480243678817149885e+03 1.071961513200511584e+00 2.801557008671756114e-03
5.485723922495968509e+03 1.067495324097161857e+00 2.772886799947843223e-03
5.491209646418466946e+03 1.062082305054834919e+00 2.770959245290545610e-03
5.496700856064887375e+03 1.058295116301374073e+00 2.473329561427221358e-03
5.502197556920953502e+03 1.052805504572055240e+00 2.478741125202636036e-03
5.507699754477876013e+03 1.044415491218827929e+00 2.020124889690658697e-03
5.513207454232356213e+03 1.036536350621577673e+00 1.906093233352982967e-03
5.518720661686590574e+03 1.029338559326221869e+00 1.936516541121499494e-03
5.524239382348278923e+03 1.022776774238438602e+00 1.966074704346540674e-03
5.529763621730628984e+03 1.017534419718880256e+00 2.033706958141012853e-03
5.535293385352360929e+03 1.012061565644650996e+00 1.840372518882375493e-03
5.540828678737715563e+03 1.008840533367707959e+00 1.883214339970712848e-03
5.546369507416455235e+03 1.007121775996233426e+00 2.045087851028588432e-03
5.551915876923872929e+03 1.005607747028746557e+00 2.049606739576645409e-03
5.557467792800798634e+03 1.004446548328568278e+00 2.072512457202254667e-03
5.563025260593602070e+03 1.005908996520748167e+00 1.504017745208116857e-03
5.568588285854197238e+03 1.005358443288522974e+00 1.616793648766723119e-03
5.574156874140053333e+03 1.004583408473295636e+00 1.578952235286930350e-03
5.579731031014194741e+03 1.003802321492548222e+00 1.514106634240664200e-03
5.585310762045211050e+03 1.003785922694546029e+00 1.488014183190064423e-03
5.590896072807257951e+03 1.003401907820246963e+00 1.460487049023780808e-03
5.596486968880067252e+03 1.002279369147718757e+00 1.385031015301224806e-03
5.602083455848949598e+03 1.000243048804198898e+00 1.609016106759286963e-03
5.607685539304799931e+03 9.991044918700979771e-01 1.740473386622605652e-03
5.613293224844106589e+03 9.990150899679013374e-01 1.777478313968655415e-03
5.618906518068952209e+03 9.991658321815682919e-01 1.976000446445980770e-03
5.624525424587023736e+03 9.982894631106934424e-01 2.053810211149205856e-03
5.630149950011612418e+03 9.961028575855807032e-01 2.022287954089466069e-03
5.635780099961625638e+03 9.924623436454385050e-01 1.997552659905701793e-03
5.641415880061589633e+03 9.867670429322491499e-01 2.004963300448443266e-03
5.647057295941652228e+03 9.811370080542130001e-01 2.113988023067973985e-03
5.652704353237596479e+03 9.752978653001997955e-01 2.119161702681486396e-03
5.658357057590835211e+03 9.692168350065699656e-01 2.086380170637010690e-03
5.664015414648428305e+03 9.624057996580051011e-01 2.219324946608463873e-03
5.669679430063079053e+03 9.575647430583956732e-01 2.236636302877434250e-03
5.675349109493143260e+03 9.526447769125577780e-01 1.949417177885206512e-03
5.681024458602638333e+03 9.505675290189053994e-01 1.907058133969695250e-03
5.686705483061243285e+03 9.510800051799364052e-01 2.087182472650650749e-03
5.692392188544306009e+03 9.533661149423022785e-01 2.027706154576199276e-03
5.698084580732852373e+03 9.581260634166226531e-01 1.936858296231659714e-03
5.703782665313587131e+03 9.642989953789927737e-01 2.281185025744275011e-03
5.709486447978903016e+03 9.709438749361131160e-01 2.109730405365647932e-03
5.715195934426883468e+03 9.824864431314914714e-01 2.730970259041162751e-03
5.720911130361312644e+03 9.939183918678667906e-01 2.790556662910776212e-03
5.726632041491675409e+03 1.005699392339785447e+00 2.824216338847710794e-03
5.732358673533169167e+03 1.017898249224262752e+00 2.745920423135018995e-03
5.738091032206703858e+03 1.029489756189926108e+00 2.620071291443133808e-03
5.743829123238912871e+03 1.039097952195518593e+00 2.683615884127650737e-03
5.749572952362153046e+03 1.047882294190744856e+00 2.684813384917311870e-03
5.755322525314517407e+03 1.055380905838544159e+00 2.962916546591057472e-03
5.761077847839834249e+03 1.061534881935520813e+00 3.091639604283934282e-03
5.766838925687675328e+03 1.068934276048278287e+00 3.074376873805525524e-03
5.772605764613364954e+03 1.075557743971308877e+00 2.776367339505958140e-03
5.778378370377980900e+03 1.081880589392792302e+00 2.701523391346361946e-03
5.784156748748360769e+03 1.090916657602664097e+00 3.126565213053267289e-03
5.789940905497111089e+03 1.098229441175508470e+00 3.109462458558056447e-03
5.795730846402610041e+03 1.104911482865105432e+00 2.734386970930210038e-03
5.801526577249013826e+03 1.110632977512488351e+00 2.544494161713884914e-03
5.807328103826264851e+03 1.115191892680115204e+00 2.550651668587545270e-03
5.813135431930093546e+03 1.115172068174976161e+00 2.499061976855609327e-03
5.818948567362025642e+03 1.114848371387073156e+00 2.467530942230308864e-03
5.824767515929389447e+03 1.114791141117810636e+00 2.589865920504268518e-03
5.830592283445320390e+03 1.115685054685710664e+00 2.843577537811393854e-03
5.836422875728768304e+03 1.114715125044290822e+00 3.172490480069556622e-03
5.842259298604498326e+03 1.111799713921548971e+00 3.141109956884822682e-03
5.848101557903105459e+03 1.110141867934955062e+00 3.262651234935445323e-03
5.853949659461010015e+03 1.105062670602514396e+00 3.135437023773382601e-03
5.859803609120473084e+03 1.098050917702708462e+00 2.888445767190621263e-03
5.865663412729595620e+03 1.087937965112105054e+00 3.314045678230639457e-03
5.871529076142326630e+03 1.074799914155696756e+00 4.278017121337482007e-03
5.877400605218471355e+03 1.063695559283513781e+00 3.950947865275892396e-03
5.883278005823691274e+03 1.054672280108759796e+00 3.687991773283124438e-03
5.889161283829516833e+03 1.046872756567514662e+00 3.527466479834026180e-03
5.895050445113348360e+03 1.041958099901903578e+00 3.408942722052662761e-03
5.900945495558464245e+03 1.040318072536366101e+00 4.136001908544862000e-03
5.906846441054024581e+03 1.039440980331365338e+00 4.349755680913035445e-03
5.912753287495080258e+03 1.040102666116902164e+00 3.905966337976401071e-03
5.918666040782577511e+03 1.040657423178379615e+00 2.942521363419562264e-03
5.924584706823361557e+03 1.038204183735938146e+00 3.136790768576645447e-03
5.930509291530187511e+03 1.033675069814385949e+00 3.201575670757838069e-03
5.936439800821719473e+03 1.027050485956545023e+00 3.001406622928603964e-03
5.942376240622543264e+03 1.020182851802436730e+00 3.164550180966416680e-03
5.948318616863167335e+03 1.012316715351007090e+00 3.053342371848916798e-03
5.954266935480032771e+03 1.003516284135643533e+00 2.375832885023212732e-03
5.960221202415515108e+03 9.981820780228016776e-01 2.383584433891019691e-03
5.966181423617932523e+03 9.930494591146720174e-01 2.516073888528473634e-03
5.972147605041552197e+03 9.890226435239714009e-01 2.324748989583610113e-03
5.978119752646595771e+03 9.839036581225508726e-01 2.336939439669910839e-03
5.984097872399243897e+03 9.788990081138150279e-01 2.257697847343018149e-03
5.990081970271645332e+03 9.762748462491526169e-01 2.047639210749708887e-03
5.996072052241918755e+03 9.728659060652230517e-01 1.930005916455175248e-03
6.002068124294162772e+03 9.689996809455047044e-01 1.922279105576660090e-03
6.008070192418459555e+03 9.642547235883417445e-01 1.896367126463626178e-03
6.014078262610879392e+03 9.596322333228358703e-01 1.775109359651039611e-03
6.020092340873492503e+03 9.542564502839663287e-01 1.773453568915303461e-03
6.026112433214368139e+03 9.481788679825380317e-01 1.745356301844343564e-03
6.032138545647584579e+03 9.420315357296036307e-01 1.927436800972214155e-03
6.038170684193233683e+03 9.359788740481070901e-01 1.714694782904136816e-03
6.044208854877429076e+03 9.320170654585282488e-01 1.937403056229719750e-03
6.050253063732308874e+03 9.283282148436438064e-01 2.166731432046844780e-03
6.056303316796042964e+03 9.223694926566452512e-01 2.205218838186358103e-03
6.062359620112841185e+03 9.181782167798873129e-01 2.163650713211786106e-03
6.068421979732956061e+03 9.141163275846748704e-01 2.192483281883161189e-03
6.074490401712690982e+03 9.104664758297984495e-01 2.105206369583899166e-03
6.080564892114405666e+03 9.063405867218844447e-01 2.172292132952749651e-03
6.086645457006521610e+03 9.027893106171321902e-01 2.178436264843113326e-03
6.092732102463530282e+03 8.995559249140000491e-01 2.223596129067140215e-03
6.098824834565995843e+03 8.954547770045219179e-01 2.234959356828856297e-03
6.104923659400564247e+03 8.904806051068800965e-01 2.224251567014919832e-03
6.111028583059966877e+03 8.853723677882626708e-01 2.129935040328268404e-03
6.117139611643028729e+03 8.809411767208038535e-01 2.131285004543257387e-03
6.123256751254673873e+03 8.757396365145116990e-01 2.035561124076806956e-03
6.129380008005929994e+03 8.694017961583897502e-01 2.064760487175556526e-03
6.135509388013938405e+03 8.629062060527091793e-01 2.365594873764209800e-03
6.141644897401954040e+03 8.564337105393182714e-01 2.478994166990818298e-03
6.147786542299358189e+03 8.509212436854354245e-01 2.045686626502326265e-03
6.153934328841659408e+03 8.472287938949931707e-01 2.219982462461668471e-03
6.160088263170503524e+03 8.457912882545506328e-01 2.241034234367389032e-03
6.166248351433675452e+03 8.447222857766566451e-01 2.130440949995891353e-03
6.172414599785111022e+03 8.430284662970543019e-01 2.387705731752183102e-03
6.178587014384898794e+03 8.419138134991582811e-01 2.464560634214652338e-03
6.184765601399285515e+03 8.387893513817696878e-01 1.913554896738710450e-03
6.190950367000687038e+03 8.334315503665185032e-01 1.941638749256327208e-03
6.197141317367689226e+03 8.252578248512121295e-01 2.335850375472198898e-03
6.203338458685059777e+03 8.159729172927092655e-01 2.541056260457639267e-03
6.209541797143746408e+03 8.079142879816409994e-01 2.485033820390438082e-03
6.215751338940892310e+03 7.983863015692127529e-01 2.280453204034862784e-03
6.221967090279835247e+03 7.905604506401412435e-01 2.137253148746355493e-03
6.228189057370116643e+03 7.838308864118929131e-01 2.507041547536908391e-03
6.234417246427488863e+03 7.781143212933375741e-01 2.443073697276009100e-03
6.240651663673918847e+03 7.721126373497310125e-01 2.352791503042476074e-03
6.246892315337594482e+03 7.675021547351027484e-01 2.164593474382711311e-03
6.253139207652934601e+03 7.619384652422869220e-01 2.231036742154181036e-03
6.259392346860589896e+03 7.562420433867663716e-01 2.265201738615493961e-03
6.265651739207452010e+03 7.514881711033588596e-01 2.265153861092747672e-03
6.271917390946661726e+03 7.472190078454483686e-01 2.313622263208866148e-03
6.278189308337610782e+03 7.421886343391773666e-01 2.189166353370050003e-03
6.284467497645950061e+03 7.378538701609179684e-01 2.072489098742520512e-03
6.290751965143597772e+03 7.349413893376267604e-01 2.004804554522774274e-03
6.297042717108744000e+03 7.335062754117760431e-01 1.861089829214136824e-03
6.303339759825854344e+03 7.329171649725887416e-01 1.724026229065641052e-03
6.309643099585682648e+03 7.327122226248382608e-01 1.842968696314869429e-03
6.315952742685270096e+03 7.328491289238610040e-01 1.986560671307452831e-03
6.322268695427957937e+03 7.352380484602389910e-01 1.863250773096563652e-03
6.328590964123387494e+03 7.394611506425757819e-01 1.932644143162700733e-03
6.334919555087512890e+03 7.446307923445800725e-01 1.786744736093338242e-03
6.341254474642602872e+03 7.529757672808984337e-01 1.718184395664796920e-03
6.347595729117247174e+03 7.647693393179504362e-01 1.586761570501273510e-03
6.353943324846366522e+03 7.781492625000210328e-01 1.519518404083427176e-03
6.360297268171215364e+03 7.937756258424110145e-01 1.580343136137192560e-03
6.366657565439388236e+03 8.121331780793580313e-01 1.715692845859124061e-03
6.373024223004829764e+03 8.333462291835096458e-01 1.622930285419667794e-03
6.379397247227837397e+03 8.553844504376990621e-01 1.542077969924937880e-03
6.385776644475066860e+03 8.805997016665383370e-01 1.524922281862366082e-03
6.392162421119543978e+03 9.083056046117831128e-01 1.873979733750642286e-03
6.398554583540665590e+03 9.350932635226736345e-01 2.041394757299793816e-03
6.404953138124208635e+03 9.627350890828104690e-01 2.133827767876586567e-03
6.411358091262334710e+03 9.871671920981223147e-01 2.302724155655738649e-03
6.417769449353599157e+03 1.009097848853032442e+00 1.946258534255581587e-03
6.424187218802954703e+03 1.026014006529768263e+00 1.818020154968039105e-03
6.430611406021760558e+03 1.039052958760904977e+00 2.233467752608988850e-03
6.437042017427784231e+03 1.045668754243307408e+00 3.034084255460221813e-03
6.443479059445214261e+03 1.053186028791994522e+00 3.118392763812976622e-03
6.449922538504661134e+03 1.059348697504697068e+00 2.912232688521725586e-03
6.456372461043168187e+03 1.065571713310140334e+00 2.764852737997881924e-03
6.462828833504213435e+03 1.070951110413096652e+00 2.827978234365586922e-03
6.469291662337719572e+03 1.075012147841169163e+00 2.841082445557216538e-03
6.475760954000059428e+03 1.080178243389487092e+00 2.792178770200555004e-03
6.482236714954061426e+03 1.086076488436405807e+00 2.864685073580155485e-03
6.488718951669017770e+03 1.092104518342555508e+00 2.879994120723039508e-03
6.495207670620688987e+03 1.095654419383091049e+00 2.656104534462579072e-03
6.501702878291312118e+03 1.096816892895713380e+00 2.719829901952170066e-03
6.508204581169605262e+03 1.097208228432773325e+00 2.748765434774055536e-03
6.514712785750777584e+03 1.097510833621797577e+00 2.739161047144176523e-03
6.521227498536530220e+03 1.095593834902519603e+00 2.425634301696949404e-03
6.527748726035069012e+03 1.094447460008865392e+00 2.391120100899913475e-03
6.534276474761106329e+03 1.094004040095241326e+00 2.341651047079415602e-03
6.540810751235869247e+03 1.093536153617599149e+00 2.333132448912395452e-03
6.547351561987107743e+03 1.094117451369646776e+00 2.222296423407031131e-03
6.553898913549096505e+03 1.093879175559052008e+00 2.343381423768990234e-03
6.560452812462647671e+03 1.091584595584207840e+00 2.291474438050060142e-03
6.567013265275112644e+03 1.088507400647773071e+00 2.372300477417607547e-03
6.573580278540390282e+03 1.086123606618127235e+00 2.135392392672239188e-03
6.580153858818932349e+03 1.082092614234940964e+00 1.902945801736257315e-03
6.586734012677753526e+03 1.075701396044776548e+00 2.169324938319127944e-03
6.593320746690433225e+03 1.067942505888915150e+00 2.017978890048473858e-03
6.599914067437126505e+03 1.059159129447418302e+00 1.887739561358911002e-03
6.606513981504565891e+03 1.050676448871552982e+00 1.813155076212729375e-03
6.613120495486072286e+03 1.040505078987893794e+00 1.705065971963911882e-03
6.619733615981560433e+03 1.028017626838451770e+00 1.732523977966888597e-03
6.626353349597544366e+03 1.016412911184928047e+00 1.790628360280888511e-03
6.632979702947143778e+03 1.003095511750508262e+00 1.860575060449991096e-03
6.639612682650093120e+03 9.890325389647036669e-01 1.814434792622871820e-03
6.646252295332745234e+03 9.749582083093127904e-01 1.829409167004604746e-03
6.652898547628080451e+03 9.611162497984361286e-01 1.897742971407235038e-03
6.659551446175711135e+03 9.466485788652899691e-01 1.785379156785628016e-03
6.666210997621888964e+03 9.323420636821734275e-01 1.639455338284428847e-03
6.672877208619513112e+03 9.207734880332434368e-01 1.722646838662992338e-03
6.679550085828134797e+03 9.091678958440914116e-01 1.770948086287397853e-03
6.686229635913964557e+03 8.979434025549972720e-01 1.689373150793828035e-03
6.692915865549881346e+03 8.876171167592293854e-01 1.777579379915756024e-03
6.699608781415433441e+03 8.787215640145334961e-01 1.463026774328668759e-03
6.706308390196851178e+03 8.692750357772669467e-01 1.453220358999356360e-03
6.713014698587049679e+03 8.592279941232687790e-01 1.349265768066259348e-03
6.719727713285638856e+03 8.504621733202394340e-01 1.514189957628631761e-03
6.726447440998927050e+03 8.415300030993336788e-01 1.509623057285249545e-03
6.733173888439928305e+03 8.308862191664088126e-01 1.718764001587221035e-03
6.739907062328370557e+03 8.215156844064201991e-01 1.685921313592240881e-03
6.746646969390701088e+03 8.114604153780701212e-01 1.539785335871007334e-03
6.753393616360093802e+03 8.035343749583901962e-01 1.491669817133859863e-03
6.760147009976456502e+03 7.951694751513193049e-01 1.467379761098969865e-03
6.766907156986434529e+03 7.862671928419134870e-01 1.558457166937336422e-03
6.773674064143423493e+03 7.780746484634443183e-01 1.556437504181390355e-03
6.780447738207569273e+03 7.700982192516290237e-01 1.563040305453584867e-03
6.787228185945778932e+03 7.631665766523284544e-01 1.563655421023757257e-03
6.794015414131727084e+03 7.564978041680863186e-01 1.740274393811276979e-03
6.800809429545861349e+03 7.501900146534378200e-01 1.624507849596667402e-03
6.807610238975408720e+03 7.436247278290715190e-01 1.678600074281583199e-03
6.814417849214386479e+03 7.364345168997060709e-01 1.629553328962364891e-03
6.821232267063603103e+03 7.302442114104792381e-01 1.620627646418198618e-03
6.828053499330669183e+03 7.224061480686287950e-01 1.999347944313945025e-03
6.834881552830001965e+03 7.156072499859855718e-01 1.894393640041986933e-03
6.841716434382834450e+03 7.101125089071776975e-01 1.960784033958888357e-03
6.848558150817219939e+03 7.069611273350345781e-01 2.075307426185923117e-03
6.855406708968039311e+03 7.050834624437750664e-01 2.234556853705051485e-03
6.862262115677009206e+03 7.038891745167772385e-01 2.330865268480666625e-03
6.869124377792688392e+03 7.039164305500277274e-01 2.461373754733433509e-03
6.875993502170483225e+03 7.034034985009511853e-01 2.366616031650333601e-03
6.882869495672656740e+03 7.037816052905023767e-01 1.975952165563383753e-03
6.889752365168331380e+03 7.023609417130510790e-01 1.874867685725787247e-03
6.896642117533501732e+03 7.001574801515536572e-01 1.984843530479862318e-03
6.903538759651037253e+03 6.972945185386493216e-01 1.960036607956201077e-03
6.910442298410691365e+03 6.932926460864591300e-01 1.730943911252633876e-03
6.917352740709104182e+03 6.896629398445458525e-01 1.603178556462651807e-03
6.924270093449815249e+03 6.864628116720256079e-01 1.619224069353448385e-03
6.931194363543267173e+03 6.841906608974750448e-01 1.652309598115406838e-03
6.938125557906812901e+03 6.821970029040500538e-01 1.663937083970631328e-03
6.945063683464722089e+03 6.796674909376030360e-01 1.634646009137216824e-03
6.952008747148189286e+03 6.792073972600884968e-01 1.528280648471613780e-03
6.958960755895339389e+03 6.772962055920690450e-01 1.491870362402504448e-03
6.965919716651237650e+03 6.755069647671549937e-01 1.438775457807039016e-03
6.972885636367890584e+03 6.733060142381755986e-01 1.396899153027211836e-03
6.979858522004260521e+03 6.710565709248821342e-01 1.337767612532503574e-03
6.986838380526267429e+03 6.690504248413752242e-01 1.291204614195279711e-03
6.993825218906796181e+03 6.655014721442399361e-01 1.393923482587722642e-03
7.000819044125705659e+03 6.618031766251282200e-01 1.645220440677918608e-03
7.007819863169833297e+03 6.578975063011410773e-01 1.740857149671147606e-03
7.014827683033005087e+03 6.550565334809692608e-01 1.772613781945439311e-03
7.021842510716041033e+03 6.530235703717099938e-01 1.806674919231811413e-03
7.028864353226758794e+03 6.497743312567590968e-01 1.838137028372521884e-03
7.035893217579988232e+03 6.469226013760208671e-01 1.784680890138827525e-03
7.042929110797570502e+03 6.448742122208410699e-01 1.840214235101624756e-03
7.049972039908370789e+03 6.433660952697520807e-01 1.781117420184786734e-03
7.057022011948281033e+03 6.425651519619643981e-01 1.803471069051206009e-03
7.064079033960231754e+03 6.436893415531018681e-01 1.885014542110834482e-03
7.071143112994193871e+03 6.434392235243606706e-01 1.919640562134317194e-03
7.078214256107190522e+03 6.421448614438245439e-01 1.925325722624212938e-03
7.085292470363300708e+03 6.414180455262483704e-01 2.055909612005302201e-03
7.092377762833665656e+03 6.412794547842313175e-01 2.017865495737435674e-03
7.099470140596501551e+03 6.400436476037801858e-01 1.986298521847636341e-03
7.106569610737100447e+03 6.392606832553655583e-01 2.060069906803737010e-03
7.113676180347840273e+03 6.395618412553514265e-01 2.035437427776688388e-03
7.120789856528190285e+03 6.397469185089694754e-01 1.829004496112731802e-03
7.127910646384721076e+03 6.377000415208904371e-01 1.961996533726552243e-03
7.135038557031108212e+03 6.344870187441893350e-01 1.890433552338464853e-03
7.142173595588141325e+03 6.325869710087184128e-01 1.915807925463184225e-03
7.149315769183732300e+03 6.321570017436025646e-01 2.072579108275871083e-03
7.156465084952918005e+03 6.315696591603889853e-01 2.001412807673020201e-03
7.163621550037873021e+03 6.298263873196785489e-01 2.129883992019509890e-03
7.170785171587913283e+03 6.290685898730848935e-01 2.270592877251623003e-03
7.177955956759504261e+03 6.266720032898753789e-01 2.358173010397060249e-03
7.185133912716265513e+03 6.241737951740768953e-01 2.346284393585065711e-03
7.192319046628984324e+03 6.214146584202712154e-01 2.301985045183284947e-03
7.199511365675615707e+03 6.199322970445909631e-01 2.091381175361442177e-03
7.206710877041294225e+03 6.166968408111240807e-01 2.075262506287352780e-03
7.213917587918337631e+03 6.134002300547095610e-01 2.051501640670503473e-03
7.221131505506257781e+03 6.090567128228578930e-01 1.941982822310079270e-03
7.228352637011767001e+03 6.057726029066455853e-01 1.876069452238237701e-03
7.235580989648780815e+03 6.019986786545408197e-01 1.820718852108360467e-03
7.242816570638432495e+03 6.005288384203789631e-01 1.958507509713366523e-03
7.250059387209073066e+03 5.983238709387047605e-01 1.849988647068742447e-03
7.257309446596284033e+03 5.968332009610350930e-01 1.743496069510015343e-03
7.264566756042882844e+03 5.939024293579082681e-01 1.733553772051030402e-03
7.271831322798928340e+03 5.901844096706627685e-01 1.701016526768091459e-03
7.279103154121729858e+03 5.861320935029384893e-01 1.676068799643396596e-03
7.286382257275853590e+03 5.835870977409677307e-01 1.669087689676679136e-03
7.293668639533132591e+03 5.794662253959084186e-01 1.610592105545821098e-03
7.300962308172667690e+03 5.762169114334189102e-01 1.531744517721051824e-03
7.308263270480842948e+03 5.750758906090879252e-01 1.629724603814151820e-03
7.315571533751325660e+03 5.736410900498487564e-01 1.523753178860728832e-03
7.322887105285079997e+03 5.705193525276913702e-01 1.514740859295864595e-03
7.330209992390367006e+03 5.675860746766688836e-01 1.497410164113216957e-03
7.337540202382760071e+03 5.655570274191878966e-01 1.493902035929721948e-03
7.344877742585144915e+03 5.633903773860009512e-01 1.447312261521140541e-03
7.352222620327733239e+03 5.614541835219275523e-01 1.443523089500845695e-03
7.359574842948062724e+03 5.586203336752840753e-01 1.433720820342054792e-03
7.366934417791013402e+03 5.547918174671174762e-01 1.460555067664343412e-03
7.374301352208806748e+03 5.513449654547826206e-01 1.383403738190333359e-03
7.381675653561018407e+03 5.498488736076625472e-01 1.375757500587549949e-03
7.389057329214581841e+03 5.483332654836828857e-01 1.377456819098744553e-03
7.396446386543798326e+03 5.477888541486781726e-01 1.322099589740477780e-03
7.403842832930345139e+03 5.479694798018365232e-01 1.291696217590101265e-03
7.411246675763277381e+03 5.475031934645908649e-01 1.292019897124751593e-03
7.418657922439043432e+03 5.473490752624143862e-01 1.224924069974177559e-03
7.426076580361484957e+03 5.463510803523765613e-01 1.206687381758391950e-03
7.433502656941848727e+03 5.442292257232683728e-01 1.151650527418582488e-03
7.440936159598792983e+03 5.423277102034856911e-01 1.129451704058622667e-03
7.448377095758394717e+03 5.402482912295115680e-01 1.050001335571737341e-03
7.455825472854155123e+03 5.374449224452656493e-01 1.064395578290220712e-03
7.463281298327012337e+03 5.334021741761992841e-01 9.920107231529968865e-04
7.470744579625341430e+03 5.294517494661907797e-01 9.629614470475077615e-04
7.478215324204968965e+03 5.246835221276446859e-01 1.025088366462444762e-03
7.485693539529176633e+03 5.210431954263251564e-01 1.134583668553449352e-03
7.493179233068708527e+03 5.185745839916262589e-01 1.143347208004055022e-03
7.500672412301779332e+03 5.167991520357408941e-01 1.101863108913645481e-03
7.508173084714083416e+03 5.156283410249068444e-01 1.120342297349747338e-03
7.515681257798800289e+03 5.151100153433717521e-01 1.147488399065421660e-03
7.523196939056601877e+03 5.159483177624724082e-01 1.308013058464937550e-03
7.530720135995660712e+03 5.165753110713801055e-01 1.346004895420215008e-03
7.538250856131659020e+03 5.161764578210749077e-01 1.329745284231276985e-03
7.545789106987793275e+03 5.160051156179583653e-01 1.282430944454066371e-03
7.553334896094783289e+03 5.152478081367604101e-01 1.313925038595795472e-03
7.560888230990880402e+03 5.135660494475979831e-01 1.615041760101863398e-03
7.568449119221873843e+03 5.116678369699956264e-01 1.781341921375570545e-03
7.576017568341098013e+03 5.083096770043928903e-01 1.795131528941128684e-03
7.583593585909441572e+03 5.057998309596475339e-01 2.043277365127125177e-03
7.591177179495353812e+03 5.048424330602310217e-01 2.255494821842529609e-03
7.598768356674851930e+03 5.071355900634503255e-01 2.882341678304950038e-03
7.606367125031529213e+03 5.099133919916881696e-01 3.076975886552619100e-03
7.613973492156563225e+03 5.115390959712393659e-01 2.491021994624642143e-03
7.621587465648722173e+03 5.108726176903838345e-01 2.489133174584043547e-03
7.629209053114373091e+03 5.093333028442564858e-01 2.533963861024073842e-03
7.636838262167490029e+03 5.095035787929905746e-01 2.439313167549352675e-03
7.644475100429660415e+03 5.106004459555305575e-01 2.294820627848520502e-03
7.652119575530092334e+03 5.112191416802810418e-01 2.262018403436981927e-03
7.659771695105625440e+03 5.098427470836135456e-01 2.212513091386420286e-03
7.667431466800733688e+03 5.079131285105448201e-01 2.166155937223952430e-03
7.675098898267536242e+03 5.069909741046325635e-01 2.156138462863164181e-03
7.682773997165806577e+03 5.048629011975837022e-01 2.138453244814673537e-03
7.690456771162975201e+03 5.013692953125165053e-01 2.276889321595522171e-03
7.698147227934140574e+03 4.981601728170304555e-01 2.360688557180893113e-03
7.705845375162077289e+03 4.956509732148804970e-01 2.311779980258454187e-03
7.713551220537241534e+03 4.942916650533719092e-01 2.316822169621235092e-03
7.721264771757782000e+03 4.922515462942915199e-01 2.251830801787629149e-03
7.728986036529541707e+03 4.898621833905204559e-01 2.044616754961505606e-03
7.736715022566074367e+03 4.892651007422956777e-01 2.042308510374844441e-03
7.744451737588642573e+03 4.895522947020664040e-01 1.989916334643659999e-03
7.752196189326234162e+03 4.915874428787941341e-01 1.750770051227165105e-03
7.759948385515562222e+03 4.922606648725019185e-01 1.661299225079805033e-03
7.767708333901080550e+03 4.909035873122207239e-01 1.829584903012936763e-03
7.775476042234984561e+03 4.886758071868412268e-01 1.750690477579667495e-03
7.783251518277222203e+03 4.873513192792118809e-01 1.761366035756249410e-03
7.791034769795502143e+03 4.859060018586779939e-01 1.735638566033686353e-03
7.798825804565300132e+03 4.840904496446920002e-01 1.864691314583801851e-03
7.806624630369868100e+03 4.812453770015547860e-01 1.786396389901122230e-03
7.814431255000240526e+03 4.789609257771664241e-01 1.731395826746535103e-03
7.822245686255242617e+03 4.771035725711783582e-01 1.667674991285075575e-03
7.830067931941501229e+03 4.756131646521512546e-01 1.693466863399524860e-03
7.837897999873444860e+03 4.739212027275971351e-01 1.663654103470871715e-03
7.845735897873320937e+03 4.716612528299010676e-01 1.656482403904686092e-03
7.853581633771196721e+03 4.695485115443023272e-01 1.642273031624451188e-03
7.861435215404970222e+03 4.662441816588103749e-01 1.792720207296059041e-03
7.869296650620378387e+03 4.629150323343382278e-01 1.848828492095444965e-03
7.877165947271001642e+03 4.607715338499109858e-01 1.821444213876989657e-03
7.885043113218274812e+03 4.595059457363107613e-01 2.000843482316950681e-03
7.892928156331495302e+03 4.582411517414573532e-01 2.038641868570116329e-03
7.900821084487829467e+03 4.576045919682691365e-01 1.946137534643127640e-03
7.908721905572319884e+03 4.562166442779602704e-01 1.941391141472658018e-03
7.916630627477895359e+03 4.538779237255135546e-01 1.955964656375325326e-03
7.924547258105375477e+03 4.520790539967625699e-01 1.936970535543025172e-03
7.932471805363483327e+03 4.517141167641357535e-01 1.888019320262105793e-03
7.940404277168850058e+03 4.511222955890676900e-01 1.922594421581184801e-03
7.948344681446021241e+03 4.494071716723841425e-01 1.888253232636924158e-03
7.956293026127469602e+03 4.483184462451360042e-01 1.800743698628170120e-03
7.964249319153599572e+03 4.461707860628340017e-01 1.745445425244539217e-03
7.972213568472756378e+03 4.436714129158267905e-01 1.755958317941247720e-03
7.980185782041231505e+03 4.406143089764658072e-01 1.738974921607191505e-03
7.988165967823275423e+03 4.383182009971721138e-01 1.755451786299218331e-03
7.996154133791101231e+03 4.374243526396850434e-01 1.789932940514928680e-03
8.004150287924895565e+03 4.368542112080964213e-01 1.756754961095976370e-03
8.012154438212822242e+03 4.353171167028989652e-01 1.608667216194848088e-03
8.020166592651037718e+03 4.333807413551672427e-01 1.468020250100786437e-03
8.028186759243691995e+03 4.327462037536861650e-01 1.513162347341700511e-03
8.036214946002938632e+03 4.344080480519393883e-01 1.431976393411877463e-03
8.044251160948943834e+03 4.341865134932400005e-01 1.410298853602911379e-03
8.052295412109895551e+03 4.338238716555992136e-01 1.345899846106125711e-03
8.060347707522008022e+03 4.327790663158875284e-01 1.255100826835667087e-03
8.068408055229532692e+03 4.299784149387090304e-01 1.354115574942800753e-03
8.076476463284764577e+03 4.271444459930749393e-01 1.287324945029560746e-03
8.084552939748052268e+03 4.244576335073398377e-01 1.283171401743508737e-03
8.092637492687803388e+03 4.212787683079460832e-01 1.314667892667485119e-03
8.100730130180493688e+03 4.189415893082407139e-01 1.367944508405513279e-03
8.108830860310677053e+03 4.165902407083715286e-01 1.399711090515199383e-03
8.116939691170990045e+03 4.137684991974688309e-01 1.539749845122919108e-03
8.125056630862163729e+03 4.119145608925077195e-01 1.600238537379084077e-03
8.133181687493028221e+03 4.105655640223706548e-01 1.600097698306915308e-03
8.141314869180524511e+03 4.101478901285061651e-01 1.758968804505655313e-03
8.149456184049707190e+03 4.096323730962796450e-01 1.799394421783562020e-03
8.157605640233759914e+03 4.086554152091630976e-01 1.744639670853014284e-03
8.165763245873996311e+03 4.079661123913793652e-01 1.718139237074091082e-03
8.173929009119872717e+03 4.069808199571963714e-01 1.726587663309763149e-03
8.182102938128995447e+03 4.045223488238917087e-01 1.786226071775692727e-03
8.190285041067127167e+03 4.034784196185972061e-01 1.706445918222119660e-03
8.198475326108196896e+03 4.027165320622615452e-01 1.752907726622112252e-03
8.206673801434308189e+03 4.020933601065497243e-01 1.836720270901607589e-03
8.214880475235744598e+03 3.993975851136358779e-01 1.848150438854377110e-03
8.223095355710984222e+03 3.963897274742765320e-01 1.843340032274695022e-03
8.231318451066697889e+03 3.951431733549199965e-01 1.884358165213423711e-03
8.239549769517767345e+03 3.940096913009476509e-01 1.866416398942998076e-03
8.247789319287287071e+03 3.926624293906202934e-01 1.807470705617400487e-03
8.256037108606577021e+03 3.915739751658606216e-01 1.793845394110035697e-03
8.264293145715186256e+03 3.913748346297390990e-01 1.676803505750360792e-03
8.272557438860903858e+03 3.906234133895600258e-01 1.634547749866993669e-03
8.280829996299768027e+03 3.910149654871851177e-01 1.676087126877333008e-03
8.289110826296069718e+03 3.905359934550166057e-01 1.649356509378897611e-03
8.297399937122369010e+03 3.900874018321282000e-01 1.569803473341910846e-03
8.305697337059495112e+03 3.896268201330120307e-01 1.563552143391543602e-03
8.314003034396557268e+03 3.892317790514206455e-01 1.399414918095086800e-03
8.322317037430955679e+03 3.878764856565430907e-01 1.360098789115873463e-03
8.330639354468388774e+03 3.854708320732621041e-01 1.340713248339673366e-03
8.338969993822860488e+03 3.831294370523940507e-01 1.341267572996244356e-03
8.347308963816685718e+03 3.807827543915444646e-01 1.331888891376057857e-03
8.355656272780506697e+03 3.776470740185252639e-01 1.423858343747621798e-03
8.364011929053289350e+03 3.740786631991641076e-01 1.154066582111940931e-03
8.372375940982345128e+03 3.721264451645401872e-01 1.129997622689943651e-03
8.380748316923331004e+03 3.705458009242930673e-01 1.118868347157058168e-03
8.389129065240256750e+03 3.701667170813054408e-01 1.205743606717687381e-03
8.397518194305499492e+03 3.695558347737693539e-01 1.376697262046758501e-03
8.405915712499807341e+03 3.681595307949819262e-01 1.344016276373694941e-03
8.414321628212310316e+03 3.674345482699799548e-01 1.381737434721127221e-03
8.422735949840525791e+03 3.663435817570020459e-01 1.222462552333439733e-03
8.431158685790369418e+03 3.655496195824165517e-01 1.121420318838954513e-03
8.439589844476162398e+03 3.648724631800985829e-01 1.113803142153526162e-03
8.448029434320640576e+03 3.635720630664812658e-01 1.092426089391138879e-03
8.456477463754963537e+03 3.615318363501146548e-01 1.141933031695327276e-03
8.464933941218721884e+03 3.597610741649342470e-01 1.114405331703033483e-03
8.473398875159942691e+03 3.571163653247865222e-01 1.189417586360813975e-03
8.481872274035105875e+03 3.548430654151136232e-01 1.174983588128250198e-03
8.490354146309144198e+03 3.531625917465663900e-01 1.150169696502916254e-03
8.498844500455456000e+03 3.509986097596491939e-01 1.087567422340419586e-03
8.507343344955914290e+03 3.486634546030570880e-01 1.053905705729717666e-03
8.515850688300872207e+03 3.468610046183123186e-01 1.012692565815338525e-03
8.524366538989177570e+03 3.453994508603746016e-01 1.007483288882658453e-03
8.532890905528169242e+03 3.445919790040004038e-01 1.085536551470441154e-03
8.541423796433698953e+03 3.438608453126014708e-01 1.121464390436529863e-03
8.549965220230136765e+03 3.429142565357281014e-01 1.116174846597966369e-03
8.558515185450369245e+03 3.422539125090118262e-01 1.089619733446027224e-03
8.567073700635823116e+03 3.413519480747579937e-01 1.031522663329680891e-03
8.575640774336461618e+03 3.398518150675964855e-01 1.086579641074141098e-03
8.584216415110800881e+03 3.387501373560066753e-01 1.074471557212060583e-03
8.592800631525913559e+03 3.374693383819137305e-01 1.039894344433809140e-03
8.601393432157443385e+03 3.368586750653627115e-01 1.072338310329023266e-03
8.609994825589603352e+03 3.358124732412522406e-01 1.089342674454173588e-03
8.618604820415195718e+03 3.346725700814231486e-01 1.071240596688242865e-03
8.627223425235613831e+03 3.331481566168080222e-01 1.056525145037480072e-03
8.635850648660851220e+03 3.317915185446128068e-01 1.067231587817875187e-03
8.644486499309516148e+03 3.307407704059872611e-01 1.057468342226093160e-03
8.653130985808827973e+03 3.291048959806490704e-01 1.097799379622639527e-03
8.661784116794638976e+03 3.271462309846302485e-01 1.149831147693113195e-03
8.670445900911438002e+03 3.253717856793285623e-01 1.230401535534955031e-03
8.679116346812352276e+03 3.232901251194853498e-01 1.352744197663384700e-03
8.687795463159167412e+03 3.209284324990021586e-01 1.469216516339686036e-03
8.696483258622329231e+03 3.188774529382256140e-01 1.703343295797448776e-03
8.705179741880954680e+03 3.169202693538168414e-01 1.980404376378734448e-03
8.713884921622837282e+03 3.148418872554846759e-01 2.353248448406980442e-03
8.722598806544463514e+03 3.125801818819535227e-01 2.837425944974793050e-03
8.731321405351010981e+03 3.104400570101777945e-01 3.586002819611092129e-03
8.740052726756364791e+03 3.082077116033519748e-01 4.435544866226637760e-03
8.748792779483124832e+03 3.063538775991040963e-01 5.710036131320470054e-03
8.757541572262609407e+03 3.054347237680744565e-01 7.518238846790829301e-03
8.766299113834875243e+03 3.052602796832106780e-01 1.008635186373376541e-02
