# starting wavelength: 4298.120
# ending wavelength: 7674.980
# wav flux eflux
4.298520896507864563e+03 3.488215060444188609e-01 7.885895380452057069e-02
4.302819417404373780e+03 4.081445720789869669e-01 1.309226709332028116e-01
4.307122236821779552e+03 4.936242798417087574e-01 1.168886116802176078e-01
4.311429359058603040e+03 5.621607592841800782e-01 9.592834621379242588e-02
4.315740788417662770e+03 6.049083497149151389e-01 7.771058221117717324e-02
4.320056529206081905e+03 6.220056215392406607e-01 6.317227672255208704e-02
4.324376585735290064e+03 6.167037213436430410e-01 5.089742640227134379e-02
4.328700962321026054e+03 5.973533901142875635e-01 4.152326773794880188e-02
4.333029663283348782e+03 5.723865581806484304e-01 3.510523011056949222e-02
4.337362692946633615e+03 5.465958028357035259e-01 3.056679036589072737e-02
4.341700055639581478e+03 5.228613664231582803e-01 2.747100908593785168e-02
4.346041755695222491e+03 5.036456660850087141e-01 2.571617650206163910e-02
4.350387797450919606e+03 4.881960781265251015e-01 2.452851310254712883e-02
4.354738185248371337e+03 4.761839198325094613e-01 2.375039717072698064e-02
4.359092923433621763e+03 4.678649845044452471e-01 2.345910395024102674e-02
4.363452016357056891e+03 4.678225802436422609e-01 2.367118190216517884e-02
4.367815468373414660e+03 4.591355028015396411e-01 2.291688605588378114e-02
4.372183283841789489e+03 4.509193389514483674e-01 2.223956362034291631e-02
4.376555467125633186e+03 4.456340867458690180e-01 2.229640616372631848e-02
4.380932022592760404e+03 4.442903756270146221e-01 2.235051559512219940e-02
4.385312954615354101e+03 4.529127804609827668e-01 2.238261830930840524e-02
4.389698267569970994e+03 4.638787362588597252e-01 2.161542099843016124e-02
4.394087965837542470e+03 4.797333604417878261e-01 2.069210338207034747e-02
4.398482053803381859e+03 5.033688537387375206e-01 1.976899840437609454e-02
4.402880535857186260e+03 5.192186897028596704e-01 1.970083481741668682e-02
4.407283416393044718e+03 5.336079960058636162e-01 1.984354832313616618e-02
4.411690699809440048e+03 5.433204272795746359e-01 2.021484369725665836e-02
4.416102390509250654e+03 5.523853857095950559e-01 1.922142253700124745e-02
4.420518492899761441e+03 5.574914684255019015e-01 1.869264844008388174e-02
4.424939011392662906e+03 5.568144815160042116e-01 1.818827776296077711e-02
4.429363950404056595e+03 5.589798436701420847e-01 1.783792414655201164e-02
4.433793314354462382e+03 5.620683714915659657e-01 1.902268016591915009e-02
4.438227107668818462e+03 5.720774378658184389e-01 1.901941390730698192e-02
4.442665334776488635e+03 5.830861990438600539e-01 1.655509376994386897e-02
4.447108000111265937e+03 5.981697200414075599e-01 1.068229677029461540e-02
4.451555108111379013e+03 5.948205327144295840e-01 1.005527221191208909e-02
4.456006663219492111e+03 5.847294138784062678e-01 1.056216337831520496e-02
4.460462669882713271e+03 5.697541737507740844e-01 1.177345736599833166e-02
4.464923132552597053e+03 5.445706145817632571e-01 1.192489291235197986e-02
4.469388055685150903e+03 5.131555179116460419e-01 1.060046736749206513e-02
4.473857443740837880e+03 4.820858788231862091e-01 1.019877232574019355e-02
4.478331301184580298e+03 4.495412439787933034e-01 9.601936016338429025e-03
4.482809632485766087e+03 4.140609369592804789e-01 7.336226818012854013e-03
4.487292442118253348e+03 3.890662065654395541e-01 7.340942952350007489e-03
4.491779734560373072e+03 3.681895954262275894e-01 7.682771027679917084e-03
4.496271514294934605e+03 3.562934726562282939e-01 7.608769747743778823e-03
4.500767785809231100e+03 3.488275668028455456e-01 6.902905061595438797e-03
4.505268553595042249e+03 3.445308765006881435e-01 6.822622415818597845e-03
4.509773822148638828e+03 3.420045876023483089e-01 7.189806087439872158e-03
4.514283595970789065e+03 3.425004520820318366e-01 8.989276537346511942e-03
4.518797879566761367e+03 3.515491556826251252e-01 1.088312476698641805e-02
4.523316677446328868e+03 3.695561082969014421e-01 1.312398172804374666e-02
4.527839994123776705e+03 3.986828644638455987e-01 1.469948645677933083e-02
4.532367834117902021e+03 4.428901717466877663e-01 1.390726705037547729e-02
4.536900201952022144e+03 4.994705188371982851e-01 1.403897536374477603e-02
4.541437102153975502e+03 5.739205862450295070e-01 1.732342214726083351e-02
4.545978539256130716e+03 6.528378126857075081e-01 2.136309342418158883e-02
4.550524517795388419e+03 7.363845501533943239e-01 2.596098040654587144e-02
4.555075042313184895e+03 8.259068382261655072e-01 2.726334813825945919e-02
4.559630117355500261e+03 9.045667256565219638e-01 2.371783716875833226e-02
4.564189747472856652e+03 9.605223284092687663e-01 2.261324481535930547e-02
4.568753937220330954e+03 1.002296084963731460e+00 2.307750467789875318e-02
4.573322691157552981e+03 1.032496696329075592e+00 2.485078662086226409e-02
4.577896013848711846e+03 1.046665035365814678e+00 2.587763706137984759e-02
4.582473909862562323e+03 1.046605448323030263e+00 2.740527331514057419e-02
4.587056383772426670e+03 1.034486578604919549e+00 2.695541768024469279e-02
4.591643440156200086e+03 9.997929004393275587e-01 2.213789991608731272e-02
4.596235083596357981e+03 9.824609337971865752e-01 1.987370804866128368e-02
4.600831318679955984e+03 9.669490366997652853e-01 1.955332009937060453e-02
4.605432149998637215e+03 9.571469231379730047e-01 2.028062870880396190e-02
4.610037582148637739e+03 9.603291156875506385e-01 1.981924009307522300e-02
4.614647619730787483e+03 9.825184353656578606e-01 1.780473134773629534e-02
4.619262267350520233e+03 1.006579902361782075e+00 1.615443963892616158e-02
4.623881529617872729e+03 1.033840540697925858e+00 1.575740302100000698e-02
4.628505411147491941e+03 1.048912270193314233e+00 1.450316210622790494e-02
4.633133916558640522e+03 1.058062633369456940e+00 1.148553435783068039e-02
4.637767050475200449e+03 1.074095619358554465e+00 1.182188416577619784e-02
4.642404817525677572e+03 1.090334875211323995e+00 1.193594960328164985e-02
4.647047222343205249e+03 1.113874562530264178e+00 1.014567403708563180e-02
4.651694269565549803e+03 1.133516875925905998e+00 7.661304830466407305e-03
4.656345963835116891e+03 1.144045988055629959e+00 6.925530993764777120e-03
4.661002309798953320e+03 1.143443309168341804e+00 7.043929653259652958e-03
4.665663312108753416e+03 1.130582672280481704e+00 6.802279843531529833e-03
4.670328975420864481e+03 1.113797972815893544e+00 7.499519532614880649e-03
4.674999304396286789e+03 1.093028434568135587e+00 8.940850122298681785e-03
4.679674303700684504e+03 1.074471450880404522e+00 9.103426047519156544e-03
4.684353978004386590e+03 1.061019874424145026e+00 8.252040555140094033e-03
4.689038331982392265e+03 1.059473896046662533e+00 1.012409080907131220e-02
4.693727370314376458e+03 1.060388359434745187e+00 1.147256276029140487e-02
4.698421097684692540e+03 1.062502665222786691e+00 1.298984175882667708e-02
4.703119518782378691e+03 1.046888197188925007e+00 1.286913560750326153e-02
4.707822638301162442e+03 1.024422614679677768e+00 1.320862023634711627e-02
4.712530460939465229e+03 9.964886631821511243e-01 1.471840009658332248e-02
4.717242991400406027e+03 9.691494873916521868e-01 1.531550149652990793e-02
4.721960234391808626e+03 9.408701280369082820e-01 1.583246991591542863e-02
4.726682194626201635e+03 9.152400828217943651e-01 1.501733041445727640e-02
4.731408876820829391e+03 8.853782466304361831e-01 1.422117473100326622e-02
4.736140285697651962e+03 8.601174668556409442e-01 1.358655631773352142e-02
4.740876425983350600e+03 8.399953614837771809e-01 1.291966926922952577e-02
4.745617302409335934e+03 8.321256951354911724e-01 1.367061133138761271e-02
4.750362919711747054e+03 8.332520958193868621e-01 1.355885620451328759e-02
4.755113282631459697e+03 8.351854266299123530e-01 1.135020380513865682e-02
4.759868395914093526e+03 8.318603088577163351e-01 1.108848558831490409e-02
4.764628264310008490e+03 8.184409790057420864e-01 1.110325076379698080e-02
4.769392892574320285e+03 8.058950937364188771e-01 1.069824625518623652e-02
4.774162285466896719e+03 7.885434490011899999e-01 1.210422125049734170e-02
4.778936447752364984e+03 7.674895575596715203e-01 1.387539035923488102e-02
4.783715384200118933e+03 7.383160704317922596e-01 1.307958289981002963e-02
4.788499099584319993e+03 7.042174974150868794e-01 1.376174564372802285e-02
4.793287598683906253e+03 6.691711354947073032e-01 1.725526564226714799e-02
4.798080886282591564e+03 6.275515360703990408e-01 2.148191641763208537e-02
4.802878967168876443e+03 6.110779999388699091e-01 2.179459356426082656e-02
4.807681846136046261e+03 6.049237429405180944e-01 1.859322905128560702e-02
4.812489527982183972e+03 6.381569615544809837e-01 1.558715779796444184e-02
4.817302017510168298e+03 7.035271021171738415e-01 1.682898725291073067e-02
4.822119319527679181e+03 7.981215379121017195e-01 2.128507892869528628e-02
4.826941438847208701e+03 9.197245892453230764e-01 2.865635690005112479e-02
4.831768380286057436e+03 1.025934113273529569e+00 3.077280850967962361e-02
4.836600148666345376e+03 1.144383959241128901e+00 2.539639520127089101e-02
4.841436748815013743e+03 1.215486764309496426e+00 1.684176805928379317e-02
4.846278185563829538e+03 1.248193966215864537e+00 1.144330319114733943e-02
4.851124463749395545e+03 1.223801421805728262e+00 1.712765051988467818e-02
4.855975588213146693e+03 1.164731431852679799e+00 2.135845077887620763e-02
4.860831563801360971e+03 1.080904078394611556e+00 2.467862051636324217e-02
4.865692395365163975e+03 9.684757946484569002e-01 2.443276086880881784e-02
4.870558087760530725e+03 8.945674021005420862e-01 2.117679270470350025e-02
4.875428645848292945e+03 8.450826475610497823e-01 1.664905896834610946e-02
4.880304074494142696e+03 8.261220382684909547e-01 1.134389114294793825e-02
4.885184378568638749e+03 8.554579205723085167e-01 1.299637258042249562e-02
4.890069562947209306e+03 9.346111510435934910e-01 1.915944428865262728e-02
4.894959632510157462e+03 1.044759675339541172e+00 1.888283771696330771e-02
4.899854592142669389e+03 1.164953409064517498e+00 1.770559914137649279e-02
4.904754446734813428e+03 1.291160099968654107e+00 1.480416059623805222e-02
4.909659201181550088e+03 1.413033926517193173e+00 9.531680564410498213e-03
4.914568860382732964e+03 1.508046592853778067e+00 7.376402320913676494e-03
4.919483429243117826e+03 1.575344156856739453e+00 6.033006241532540108e-03
4.924402912672362618e+03 1.605630659485453693e+00 6.207353378208409558e-03
4.929327315585036558e+03 1.595517720898580905e+00 6.475155165895163725e-03
4.934256642900622865e+03 1.541836613569233183e+00 6.524967125947329395e-03
4.939190899543525120e+03 1.451710600336733048e+00 7.511201167039739147e-03
4.944130090443070912e+03 1.324883758112187948e+00 1.415729621019263737e-02
4.949074220533515472e+03 1.179983675180605429e+00 1.953261721056154254e-02
4.954023294754050767e+03 1.031601685679487845e+00 2.258292901006848930e-02
4.958977318048806410e+03 8.887804224064046466e-01 2.507197148315454954e-02
4.963936295366856939e+03 7.770209099140631404e-01 2.121636809547276445e-02
4.968900231662225451e+03 7.223878962394025827e-01 1.758443163911693405e-02
4.973869131893889062e+03 7.223781550918226824e-01 1.708081220314328075e-02
4.978843001025784361e+03 7.693545032297062214e-01 2.028956944190231024e-02
4.983821844026811959e+03 8.827498752121090142e-01 2.755247793901074993e-02
4.988805665870840130e+03 1.017691811655852430e+00 2.909315343067285509e-02
4.993794471536712990e+03 1.193758769591580560e+00 2.482490410244844042e-02
4.998788266008251412e+03 1.336743306936042819e+00 2.036235095260004874e-02
5.003787054274261209e+03 1.469517350782536536e+00 1.032001088137568870e-02
5.008790841328536771e+03 1.548460251101602791e+00 9.795137048487645090e-03
5.013799632169867436e+03 1.590057762702702160e+00 1.257849757862771443e-02
5.018813431802038394e+03 1.576465576212823239e+00 1.755346892822283802e-02
5.023832245233842514e+03 1.544481440355421231e+00 1.786331349659193990e-02
5.028856077479077612e+03 1.480921973531572178e+00 1.374118115743178971e-02
5.033884933556558281e+03 1.415065976144545434e+00 1.140863924953478860e-02
5.038918818490116792e+03 1.354588395232246611e+00 8.800910646229022014e-03
5.043957737308608557e+03 1.308162106798193225e+00 1.510718699377575254e-02
5.049001695045918495e+03 1.269337092769064590e+00 2.283589276304775345e-02
5.054050696740966487e+03 1.207332031093748315e+00 2.600287136317850495e-02
5.059104747437709193e+03 1.147289200447770607e+00 3.660832211788121737e-02
5.064163852185148244e+03 1.113763054684969944e+00 3.812475360631137344e-02
5.069228016037335692e+03 1.112484609427767390e+00 3.949023268992682412e-02
5.074297244053374015e+03 1.120065204160120231e+00 4.258309426837298545e-02
5.079371541297429758e+03 1.138926157232403202e+00 4.735170375888447802e-02
5.084450912838728073e+03 1.133790170807319697e+00 4.991778066458777557e-02
5.089535363751569093e+03 1.104830165517755924e+00 4.950726729609061794e-02
5.094624899115322478e+03 1.057039113170886502e+00 4.875586661579009440e-02
5.099719524014439230e+03 9.878938363379223819e-01 4.988560837965588107e-02
5.104819243538455339e+03 8.985137565338897625e-01 5.137539585039446050e-02
5.109924062781995417e+03 8.159030014041335210e-01 5.446145131628432612e-02
5.115033986844779065e+03 7.306323205470546256e-01 5.289254717720314608e-02
5.120149020831625421e+03 6.488792772817228993e-01 5.098496971259074140e-02
5.125269169852458617e+03 5.972992590127910173e-01 4.757743494408382678e-02
5.130394439022313236e+03 5.797348416575466290e-01 4.283169359102793200e-02
5.135524833461337039e+03 5.972174313784287536e-01 4.397092108885895800e-02
5.140660358294800062e+03 6.871029759211164656e-01 4.558561411928455098e-02
5.145801018653096435e+03 8.346513475727770359e-01 2.050120601717181357e-02
5.150946819671751655e+03 9.476909420077473944e-01 1.522329998209100317e-02
5.156097766491425318e+03 1.027009582519057940e+00 1.521437650180687551e-02
5.161253864257918394e+03 1.076182103519897515e+00 1.443135234980622190e-02
5.166415118122177773e+03 1.115182922837864687e+00 1.603431782359792529e-02
5.171581533240301724e+03 1.137551450935339492e+00 1.896870910751054587e-02
5.176753114773543530e+03 1.141781901068118721e+00 2.231086886661318852e-02
5.181929867888318768e+03 1.145125819647160759e+00 2.255043087833621951e-02
5.187111797756208944e+03 1.151661272088103871e+00 2.098653912786019662e-02
5.192298909553966951e+03 1.151797508215121058e+00 2.078799929478173172e-02
5.197491208463522526e+03 1.148241859505877649e+00 2.161188028293520996e-02
5.202688699671987706e+03 1.140551231242189267e+00 2.180490929802333250e-02
5.207891388371661378e+03 1.139227473168163751e+00 2.045964578115225599e-02
5.213099279760034733e+03 1.137486009636300643e+00 1.953708124866478449e-02
5.218312379039796724e+03 1.135173820994361815e+00 2.036722660016126660e-02
5.223530691418837705e+03 1.134856525498590507e+00 2.060049533797758334e-02
5.228754222110258524e+03 1.137767595711054680e+00 1.968339927475429296e-02
5.233982976332370527e+03 1.129998515777815182e+00 1.957404130780737717e-02
5.239216959308704645e+03 1.125168976401071719e+00 2.057919207684143909e-02
5.244456176268015042e+03 1.124501747318807698e+00 2.146020174943880782e-02
5.249700632444284565e+03 1.117767201352783513e+00 2.067853582585690853e-02
5.254950333076731113e+03 1.113855851111746009e+00 1.851440835489491163e-02
5.260205283409809454e+03 1.103525424021560619e+00 1.939804055101155417e-02
5.265465488693221232e+03 1.083749246171476388e+00 2.275175768873858445e-02
5.270730954181915877e+03 1.073660575946540963e+00 2.219312331337136221e-02
5.276001685136099695e+03 1.068911809335183705e+00 1.867551195645770698e-02
5.281277686821237694e+03 1.068322181548911232e+00 1.418174876708033945e-02
5.286558964508059944e+03 1.099534766116013085e+00 1.660671504965263723e-02
5.291845523472569766e+03 1.141436601237526327e+00 1.812264857950070598e-02
5.297137368996044643e+03 1.194762546828134875e+00 1.685594796015317531e-02
5.302434506365042580e+03 1.254705455985650309e+00 1.182034750613803267e-02
5.307736940871409388e+03 1.300596059708758245e+00 8.625446477370079384e-03
5.313044677812282316e+03 1.336979295992040351e+00 8.465188645059809613e-03
5.318357722490096421e+03 1.351038742654342650e+00 1.020114376888017066e-02
5.323676080212588204e+03 1.354039023073619896e+00 7.303367351803469014e-03
5.328999756292802886e+03 1.356655180271322036e+00 5.599807288354768930e-03
5.334328756049097137e+03 1.354983865808965682e+00 4.820498558471869761e-03
5.339663084805148173e+03 1.355859077615252817e+00 6.323807645445014142e-03
5.345002747889954662e+03 1.349729434584141741e+00 6.681452394784843755e-03
5.350347750637846730e+03 1.344386989658567622e+00 5.754902729422330804e-03
5.355698098388485960e+03 1.332764101029938919e+00 5.001970304797993816e-03
5.361053796486876308e+03 1.314141276224065846e+00 7.375613203924777719e-03
5.366414850283365013e+03 1.297289989418199951e+00 8.323544138440202439e-03
5.371781265133649867e+03 1.280075676159407871e+00 8.050783903993125740e-03
5.377153046398785591e+03 1.270737816573075829e+00 7.520483735913643074e-03
5.382530199445186554e+03 1.265400880251481341e+00 6.117542034240001578e-03
5.387912729644633146e+03 1.271797402352641493e+00 6.217399447397553222e-03
5.393300642374279960e+03 1.289878065881473024e+00 8.548040040517471128e-03
5.398693943016655794e+03 1.309812862131340072e+00 1.014497068960629883e-02
5.404092636959673655e+03 1.336903886238243411e+00 9.604770000435396832e-03
5.409496729596635305e+03 1.353004096530459499e+00 7.724273690985355989e-03
5.414906226326233991e+03 1.362646914587705815e+00 6.146389622767710163e-03
5.420321132552561721e+03 1.360451576315078626e+00 6.818881377531008786e-03
5.425741453685116539e+03 1.344646131092128272e+00 7.858609244655498025e-03
5.431167195138803436e+03 1.325110159458402936e+00 7.359753282088741383e-03
5.436598362333943442e+03 1.297351738703552915e+00 5.772810770089491922e-03
5.442034960696279086e+03 1.270053487055963215e+00 6.255455978090293696e-03
5.447476995656978033e+03 1.242990777344027853e+00 8.353786909821511730e-03
5.452924472652636723e+03 1.207532473466446099e+00 8.196744614174250251e-03
5.458377397125291282e+03 1.169232766322011008e+00 8.154738778867281351e-03
5.463835774522417523e+03 1.129260813229827409e+00 9.342358848405391339e-03
5.469299610296941864e+03 1.088077278274472537e+00 1.239630292918034692e-02
5.474768909907241323e+03 1.060053298765636587e+00 1.346932958499810068e-02
5.480243678817149885e+03 1.045505307003363749e+00 1.248351192268240192e-02
5.485723922495968509e+03 1.049937591863547404e+00 1.098429584018879336e-02
5.491209646418466946e+03 1.065234018587734255e+00 1.033269781014453659e-02
5.496700856064887375e+03 1.107335952335434914e+00 1.355777976664522023e-02
5.502197556920953502e+03 1.159879000604851829e+00 1.438536492522568197e-02
5.507699754477876013e+03 1.216873859722040985e+00 1.364338433399100645e-02
5.513207454232356213e+03 1.273538776156901253e+00 1.056389500379542601e-02
5.518720661686590574e+03 1.316906260073100743e+00 8.292605202309618478e-03
5.524239382348278923e+03 1.348373408941305529e+00 6.287146764346849236e-03
5.529763621730628984e+03 1.352921549955115932e+00 8.220797139315063132e-03
5.535293385352360929e+03 1.338245451891822091e+00 8.024753583727338088e-03
5.540828678737715563e+03 1.314277996449762842e+00 6.845575960107342164e-03
5.546369507416455235e+03 1.275384041871970853e+00 4.949717830714848651e-03
5.551915876923872929e+03 1.242636524587450664e+00 4.632808969654262678e-03
5.557467792800798634e+03 1.209598708957824176e+00 3.807345662550684195e-03
5.563025260593602070e+03 1.182028430137640918e+00 4.936679648584434664e-03
5.568588285854197238e+03 1.161388681418186408e+00 7.891462681778128874e-03
5.574156874140053333e+03 1.134449396817301725e+00 8.567787350223298598e-03
5.579731031014194741e+03 1.109211914059835102e+00 8.280578884253347871e-03
5.585310762045211050e+03 1.078546567950053214e+00 7.012490250142677968e-03
5.590896072807257951e+03 1.041991686239056802e+00 7.537063729827491940e-03
5.596486968880067252e+03 9.988282645087555034e-01 1.039374875045996280e-02
5.602083455848949598e+03 9.652329244118381668e-01 1.159002188466295297e-02
5.607685539304799931e+03 9.316399202506544519e-01 1.222203128496050610e-02
5.613293224844106589e+03 9.172080880086925792e-01 1.091827586634061369e-02
5.618906518068952209e+03 9.164079315815766291e-01 8.427815389158011330e-03
5.624525424587023736e+03 9.407099742883207050e-01 9.942759809832234924e-03
5.630149950011612418e+03 9.758344191760952580e-01 1.123698873735408561e-02
5.635780099961625638e+03 1.026324354839702302e+00 1.252753755640413635e-02
5.641415880061589633e+03 1.087017471398543655e+00 1.072487973617989102e-02
5.647057295941652228e+03 1.149739810016593422e+00 6.920196942215165251e-03
5.652704353237596479e+03 1.190318323186288607e+00 5.042358900396837207e-03
5.658357057590835211e+03 1.214372168133556862e+00 5.723749711391497991e-03
5.664015414648428305e+03 1.219536887287587135e+00 7.641476784824762815e-03
5.669679430063079053e+03 1.212079708158265490e+00 8.682527130652631722e-03
5.675349109493143260e+03 1.195669152706509530e+00 8.685798945181018305e-03
5.681024458602638333e+03 1.172929891096883281e+00 6.721718287352705656e-03
5.686705483061243285e+03 1.151012061995538627e+00 5.845146645187524782e-03
5.692392188544306009e+03 1.127644246486460000e+00 5.704553789074493474e-03
5.698084580732852373e+03 1.106653804221007453e+00 5.974226571834389751e-03
5.703782665313587131e+03 1.086647057912549563e+00 5.714683399409139358e-03
5.709486447978903016e+03 1.069073215725727666e+00 5.827573786733764027e-03
5.715195934426883468e+03 1.051981533695471427e+00 6.076588408846669148e-03
5.720911130361312644e+03 1.041233737662092595e+00 6.136141158615236735e-03
5.726632041491675409e+03 1.036559603237960925e+00 6.116425592288621781e-03
5.732358673533169167e+03 1.035119450052994328e+00 6.142625575807930498e-03
5.738091032206703858e+03 1.031572992652816101e+00 5.764299339007199555e-03
5.743829123238912871e+03 1.032285259861867477e+00 5.523122434163403247e-03
5.749572952362153046e+03 1.038997344236207487e+00 5.915115386126912865e-03
5.755322525314517407e+03 1.044406119276929612e+00 5.348621628120843116e-03
5.761077847839834249e+03 1.048075711630213513e+00 4.316807212684856468e-03
5.766838925687675328e+03 1.045183955939496201e+00 4.044743235173745878e-03
5.772605764613364954e+03 1.036211948271381189e+00 4.255358344735790145e-03
5.778378370377980900e+03 1.018544107069656146e+00 3.582836492467195329e-03
5.784156748748360769e+03 9.978058910127259873e-01 4.254646487642022197e-03
5.789940905497111089e+03 9.753626095370477866e-01 6.854364924994388319e-03
5.795730846402610041e+03 9.429382131082411078e-01 8.180311947174957396e-03
5.801526577249013826e+03 8.990945624117296919e-01 7.823346048129521321e-03
5.807328103826264851e+03 8.412980638594910188e-01 9.833573633534977917e-03
5.813135431930093546e+03 7.809177364974454472e-01 1.350188457896356505e-02
5.818948567362025642e+03 7.153626544069976445e-01 1.783546420144238934e-02
5.824767515929389447e+03 6.679501807176924100e-01 1.935749541378765232e-02
5.830592283445320390e+03 6.450098943768270976e-01 1.740172334729689352e-02
5.836422875728768304e+03 6.548597098836972386e-01 1.488534899080726052e-02
5.842259298604498326e+03 7.101998392230003398e-01 1.744360990270592965e-02
5.848101557903105459e+03 7.853875867712044601e-01 2.084542889416361386e-02
5.853949659461010015e+03 8.881089058469834319e-01 2.356818685043635120e-02
5.859803609120473084e+03 1.005328794696773498e+00 2.180304627851349653e-02
5.865663412729595620e+03 1.126522321946123339e+00 1.699671087312010220e-02
5.871529076142326630e+03 1.230743202203918418e+00 1.368277100209362718e-02
5.877400605218471355e+03 1.312502194662352739e+00 1.218744058316935906e-02
5.883278005823691274e+03 1.367010866361351829e+00 1.368983239220289069e-02
5.889161283829516833e+03 1.389108468661074847e+00 1.307469409784774855e-02
5.895050445113348360e+03 1.390056108543678670e+00 9.984430667730135808e-03
5.900945495558464245e+03 1.377132357033541643e+00 7.958627261269677136e-03
5.906846441054024581e+03 1.352160727837922627e+00 6.351092638963275541e-03
5.912753287495080258e+03 1.327924106656865666e+00 6.864836950332131593e-03
5.918666040782577511e+03 1.296017251472728171e+00 6.940706119654945286e-03
5.924584706823361557e+03 1.250225247298958342e+00 9.972709491230649648e-03
5.930509291530187511e+03 1.212028793407399885e+00 1.109668262121149551e-02
5.936439800821719473e+03 1.176817109420731366e+00 1.102301820799190743e-02
5.942376240622543264e+03 1.150616927021206992e+00 1.014655883338010274e-02
5.948318616863167335e+03 1.134951736951132828e+00 1.049388650371317101e-02
5.954266935480032771e+03 1.130502455067946332e+00 1.137317970195952412e-02
5.960221202415515108e+03 1.135805281881643758e+00 1.138728238659954435e-02
5.966181423617932523e+03 1.139064931663132940e+00 1.131769075872015792e-02
5.972147605041552197e+03 1.143842520323968159e+00 1.124614781774084353e-02
5.978119752646595771e+03 1.152269889736807107e+00 9.839149253855901736e-03
5.984097872399243897e+03 1.155945430989913758e+00 8.933383474746542027e-03
5.990081970271645332e+03 1.152281869150396876e+00 8.827208918265846624e-03
5.996072052241918755e+03 1.137880821249028784e+00 9.094693083273914722e-03
6.002068124294162772e+03 1.120863683813290379e+00 9.420637368159835018e-03
6.008070192418459555e+03 1.102679825860471530e+00 8.743306035935517750e-03
6.014078262610879392e+03 1.088024871227497581e+00 7.412574749112144611e-03
6.020092340873492503e+03 1.076239949968133436e+00 6.511259160923952259e-03
6.026112433214368139e+03 1.077330230905482189e+00 5.393415245440169419e-03
6.032138545647584579e+03 1.082104657000951375e+00 4.196355684150124277e-03
6.038170684193233683e+03 1.086862309977060459e+00 4.986956200876880088e-03
6.044208854877429076e+03 1.086976242132484005e+00 5.571653294432800385e-03
6.050253063732308874e+03 1.088880567922610121e+00 6.891225822165850980e-03
6.056303316796042964e+03 1.085887025407873629e+00 6.256105042508052286e-03
6.062359620112841185e+03 1.074103734778407038e+00 4.732229795260665603e-03
6.068421979732956061e+03 1.047784365739285573e+00 7.054455535977466676e-03
6.074490401712690982e+03 1.014595849725220766e+00 1.073143443828438771e-02
6.080564892114405666e+03 9.805564713652563658e-01 1.208007115442607041e-02
6.086645457006521610e+03 9.617409566810637411e-01 1.130554779189615888e-02
6.092732102463530282e+03 9.508722587619162780e-01 8.833761354062977592e-03
6.098824834565995843e+03 9.586776025571379645e-01 8.151224353606262643e-03
6.104923659400564247e+03 9.829899346742247968e-01 8.804026206160714754e-03
6.111028583059966877e+03 1.024065974308983717e+00 1.085619900747183952e-02
6.117139611643028729e+03 1.077436634775017721e+00 1.265236404192053229e-02
6.123256751254673873e+03 1.126815414649040559e+00 1.199514136518431938e-02
6.129380008005929994e+03 1.179430789151579617e+00 8.470015042755463242e-03
6.135509388013938405e+03 1.216706881656070438e+00 5.668437728133318525e-03
6.141644897401954040e+03 1.236376734519289755e+00 5.151883992166527218e-03
6.147786542299358189e+03 1.238670406555780090e+00 5.126212009734412711e-03
6.153934328841659408e+03 1.219918803773003990e+00 4.952949494226888474e-03
6.160088263170503524e+03 1.180051324802471768e+00 5.041494575300607163e-03
6.166248351433675452e+03 1.132012978143423387e+00 7.757937251668532708e-03
6.172414599785111022e+03 1.085030529805854016e+00 8.796918877994998678e-03
6.178587014384898794e+03 1.039543775168598083e+00 9.087331262535558105e-03
6.184765601399285515e+03 1.008777568006723691e+00 8.393492670124846899e-03
6.190950367000687038e+03 9.877877360592468570e-01 7.346795167681224523e-03
6.197141317367689226e+03 9.856456018976467170e-01 7.493792230935791311e-03
6.203338458685059777e+03 1.002694510592743615e+00 9.704872439097705916e-03
6.209541797143746408e+03 1.031306528746793960e+00 1.023090118146662876e-02
6.215751338940892310e+03 1.065135992094602191e+00 9.990775686481517814e-03
6.221967090279835247e+03 1.106372627258030317e+00 9.443139311389334156e-03
6.228189057370116643e+03 1.140990100824651243e+00 8.564955922363833712e-03
6.234417246427488863e+03 1.169179638659615605e+00 6.143600385801217291e-03
6.240651663673918847e+03 1.183858772241805690e+00 5.684335468895952877e-03
6.246892315337594482e+03 1.180523518557789808e+00 6.247252035071155195e-03
6.253139207652934601e+03 1.160473036555373705e+00 5.887103874138020082e-03
6.259392346860589896e+03 1.131992286192656572e+00 4.158104617219983597e-03
6.265651739207452010e+03 1.104566186934198502e+00 4.032237101373205984e-03
6.271917390946661726e+03 1.077014017123097966e+00 4.043100155891341495e-03
6.278189308337610782e+03 1.050488512601466695e+00 3.790707924379215898e-03
6.284467497645950061e+03 1.027862203738354019e+00 3.500073429426334148e-03
6.290751965143597772e+03 1.008827197020850441e+00 3.397837631579380714e-03
6.297042717108744000e+03 9.963244415950101018e-01 3.283974089650411928e-03
6.303339759825854344e+03 9.905264790700933908e-01 3.215413909305120648e-03
6.309643099585682648e+03 9.891378652511543246e-01 3.298790153163008981e-03
6.315952742685270096e+03 9.920478062083336601e-01 3.122274062623766385e-03
6.322268695427957937e+03 9.998910330113460754e-01 2.235872554070372342e-03
6.328590964123387494e+03 1.008660818746479615e+00 5.005442807106034488e-03
6.334919555087512890e+03 1.015090755762154906e+00 8.458033395764428392e-03
6.341254474642602872e+03 1.005120827096350089e+00 7.977232946474677178e-03
6.347595729117247174e+03 9.852169513866780859e-01 7.526883230849151264e-03
6.353943324846366522e+03 9.499797436526817851e-01 8.974712042335752232e-03
6.360297268171215364e+03 9.044570509647955614e-01 1.124015382625857817e-02
6.366657565439388236e+03 8.565247560409883221e-01 1.252078401163239998e-02
6.373024223004829764e+03 8.077725576784327011e-01 1.207659974639456978e-02
6.379397247227837397e+03 7.660048442919527023e-01 1.070482043215370896e-02
6.385776644475066860e+03 7.344902234038089839e-01 1.036478079009983851e-02
6.392162421119543978e+03 7.150888739724988730e-01 1.245257423445076186e-02
6.398554583540665590e+03 7.010789710150385767e-01 1.458128121716466621e-02
6.404953138124208635e+03 6.880772406449209289e-01 1.375093152605401728e-02
6.411358091262334710e+03 6.715731292761880633e-01 1.168070356300126428e-02
6.417769449353599157e+03 6.445494264817197561e-01 1.006711242523447569e-02
6.424187218802954703e+03 6.106923537942809954e-01 9.139131906373488407e-03
6.430611406021760558e+03 5.657431033170167156e-01 9.762566224931646525e-03
6.437042017427784231e+03 5.110345669700813165e-01 8.489786771525963810e-03
6.443479059445214261e+03 4.532405941873957067e-01 5.290034055400793210e-03
6.449922538504661134e+03 4.067415797974242575e-01 4.216162557927603284e-03
6.456372461043168187e+03 3.725345119311191944e-01 4.341971215271179380e-03
6.462828833504213435e+03 3.505988708761153538e-01 7.993368201360479333e-03
6.469291662337719572e+03 3.434687737159909382e-01 1.809221464117524367e-02
6.475760954000059428e+03 3.940732934856973069e-01 2.000154674934071994e-02
6.482236714954061426e+03 4.858856100886290719e-01 1.967476654386754453e-02
6.488718951669017770e+03 6.376909854618653117e-01 1.817369681073755308e-02
6.495207670620688987e+03 8.469342024045820594e-01 2.149171170016186613e-02
6.501702878291312118e+03 1.103907408774957633e+00 2.778934854673917321e-02
6.508204581169605262e+03 1.372043777041254797e+00 2.981271924208456561e-02
6.514712785750777584e+03 1.665817266627378279e+00 2.978933256972887342e-02
6.521227498536530220e+03 1.950063323795802939e+00 2.523107248841716457e-02
6.527748726035069012e+03 2.201060494141748425e+00 1.977923991132899545e-02
6.534276474761106329e+03 2.397914900434040764e+00 1.761368007286011686e-02
6.540810751235869247e+03 2.544151541924910997e+00 1.789460474170227050e-02
6.547351561987107743e+03 2.630088078983420452e+00 1.895873061480578617e-02
6.553898913549096505e+03 2.649469254488771242e+00 1.739413465728583547e-02
6.560452812462647671e+03 2.622118234333000508e+00 1.274529480955329148e-02
6.567013265275112644e+03 2.565833028993250053e+00 9.476881207404704022e-03
6.573580278540390282e+03 2.478878372712704170e+00 6.943482460511941901e-03
6.580153858818932349e+03 2.380650669764415195e+00 6.686774079599891278e-03
6.586734012677753526e+03 2.269149850073833186e+00 6.911057944623783672e-03
6.593320746690433225e+03 2.144668575133178212e+00 5.882669872903214213e-03
6.599914067437126505e+03 2.016603341547338779e+00 4.879639627147497848e-03
6.606513981504565891e+03 1.895113448508614296e+00 4.027515004841927815e-03
6.613120495486072286e+03 1.782445154371000706e+00 3.665589293022573133e-03
6.619733615981560433e+03 1.683647130351108911e+00 4.545201183116522395e-03
6.626353349597544366e+03 1.598225992501944859e+00 4.340478718138474079e-03
6.632979702947143778e+03 1.524010911245928135e+00 3.975797463538557029e-03
6.639612682650093120e+03 1.460309224287894114e+00 4.302470302978050713e-03
6.646252295332745234e+03 1.405578159145514761e+00 3.777914014300876294e-03
6.652898547628080451e+03 1.357208604552985420e+00 3.156152901895391879e-03
6.659551446175711135e+03 1.314943192126784455e+00 2.560132311872368328e-03
6.666210997621888964e+03 1.276055862709020161e+00 2.437400448765142825e-03
6.672877208619513112e+03 1.237978667341185002e+00 2.110004560167154375e-03
6.679550085828134797e+03 1.203162918177499430e+00 1.886922049378449758e-03
6.686229635913964557e+03 1.171414804348937189e+00 1.834604804973949789e-03
6.692915865549881346e+03 1.144121098563584349e+00 1.827126350321872737e-03
6.699608781415433441e+03 1.120808584448842904e+00 1.807909673402647351e-03
6.706308390196851178e+03 1.101070768523114918e+00 1.813509915481956994e-03
6.713014698587049679e+03 1.081894026062043324e+00 1.760301449729343316e-03
6.719727713285638856e+03 1.065064585220663940e+00 1.693886103269313589e-03
6.726447440998927050e+03 1.050799843232026909e+00 1.697498733466359239e-03
6.733173888439928305e+03 1.037624243198540075e+00 1.656200308861930422e-03
6.739907062328370557e+03 1.028025729820301937e+00 1.752291500604304109e-03
6.746646969390701088e+03 1.021377939102018351e+00 1.738928947076672340e-03
6.753393616360093802e+03 1.017006907667297400e+00 2.108496211629002585e-03
6.760147009976456502e+03 1.013971030419019259e+00 2.163662877061349552e-03
6.766907156986434529e+03 1.010734323908299315e+00 1.979507188834711030e-03
6.773674064143423493e+03 1.007439388090138221e+00 2.131363050856453431e-03
6.780447738207569273e+03 1.005188642693086942e+00 2.074064478516224937e-03
6.787228185945778932e+03 1.003817646045982226e+00 2.154053051863986153e-03
6.794015414131727084e+03 1.000523751727233623e+00 3.936965367059483238e-03
6.800809429545861349e+03 9.993545173404314585e-01 4.847892501896957501e-03
6.807610238975408720e+03 1.004666831525212745e+00 4.875434319655033884e-03
6.814417849214386479e+03 1.017814757606664733e+00 9.300141952375787224e-03
6.821232267063603103e+03 1.024325413090291903e+00 1.083561768658325604e-02
6.828053499330669183e+03 1.021057503944191369e+00 1.054392596076794697e-02
6.834881552830001965e+03 1.009940791581148245e+00 9.975882554286791964e-03
6.841716434382834450e+03 9.896203922634402295e-01 1.030224409033487186e-02
6.848558150817219939e+03 9.622890557556289526e-01 1.143485408982848964e-02
6.855406708968039311e+03 9.289677342224721412e-01 1.294534806149143409e-02
6.862262115677009206e+03 8.926236801546596489e-01 1.352288045359953048e-02
6.869124377792688392e+03 8.632273867753024188e-01 1.212245467242844404e-02
6.875993502170483225e+03 8.513280587757720008e-01 1.208271106316063416e-02
6.882869495672656740e+03 8.479681407525119230e-01 1.338858506516352534e-02
6.889752365168331380e+03 8.529943864548268362e-01 1.455753200367342765e-02
6.896642117533501732e+03 8.588918796083359064e-01 1.463538757558132189e-02
6.903538759651037253e+03 8.703783839382732701e-01 1.295385167749784315e-02
6.910442298410691365e+03 8.782480968841170910e-01 1.111664209473458426e-02
6.917352740709104182e+03 8.805619371305432042e-01 1.223603054573101437e-02
6.924270093449815249e+03 8.767505237804786855e-01 1.224449370335188407e-02
6.931194363543267173e+03 8.707688630791876605e-01 8.429911239468568240e-03
6.938125557906812901e+03 8.752767781385760726e-01 7.399908298935636841e-03
6.945063683464722089e+03 8.893601397808494902e-01 7.937126254035014455e-03
6.952008747148189286e+03 9.059236416594662611e-01 8.493497025027879968e-03
6.958960755895339389e+03 9.226453033775933177e-01 8.807684461206841467e-03
6.965919716651237650e+03 9.426396186502330465e-01 8.469969525951668438e-03
6.972885636367890584e+03 9.603999680092774049e-01 7.036942647396128049e-03
6.979858522004260521e+03 9.732176583758183064e-01 6.188347645260184986e-03
6.986838380526267429e+03 9.792240156899265635e-01 6.676007926959214543e-03
6.993825218906796181e+03 9.784706314354483236e-01 6.101982515953832328e-03
7.000819044125705659e+03 9.733466667039440967e-01 4.854815000138941981e-03
7.007819863169833297e+03 9.648875138930689266e-01 4.134552268207127186e-03
7.014827683033005087e+03 9.565274090886916047e-01 3.648998535414922119e-03
7.021842510716041033e+03 9.533138833377436949e-01 3.624355990911815820e-03
7.028864353226758794e+03 9.572658768134882923e-01 3.606519625962941508e-03
7.035893217579988232e+03 9.630597742349464863e-01 3.445539103888480351e-03
7.042929110797570502e+03 9.690598654713731275e-01 3.396787906940688419e-03
7.049972039908370789e+03 9.741593566382951153e-01 3.610851534260061963e-03
7.057022011948281033e+03 9.767126416363074437e-01 3.680365159057603138e-03
7.064079033960231754e+03 9.779705127935366393e-01 4.029002468234856547e-03
7.071143112994193871e+03 9.813085970671078240e-01 3.998947828021009489e-03
7.078214256107190522e+03 9.837898343682078828e-01 4.062507787819360887e-03
7.085292470363300708e+03 9.859212532995624834e-01 4.095752482988016148e-03
7.092377762833665656e+03 9.880731125904786971e-01 4.176643922583508570e-03
7.099470140596501551e+03 9.901691446975838806e-01 4.730595333298340081e-03
7.106569610737100447e+03 9.977772862503541118e-01 5.112531285129327287e-03
7.113676180347840273e+03 1.007134113055732971e+00 7.504503524148642066e-03
7.120789856528190285e+03 1.012973323027415384e+00 9.176827010828406128e-03
7.127910646384721076e+03 1.012570845827074129e+00 9.007064021384144845e-03
7.135038557031108212e+03 1.002710212328669526e+00 7.224248513437004672e-03
7.142173595588141325e+03 9.740017213216283221e-01 6.416338665192097314e-03
7.149315769183732300e+03 9.236276128895760662e-01 1.094029237554435333e-02
7.156465084952918005e+03 8.601686211726453646e-01 1.714004422807489936e-02
7.163621550037873021e+03 8.027737073002191304e-01 1.926167658018757001e-02
7.170785171587913283e+03 7.654521955071580397e-01 1.753908606309193680e-02
7.177955956759504261e+03 7.510515941627884384e-01 1.767724178806135554e-02
7.185133912716265513e+03 7.577736842045205146e-01 1.970611643257064172e-02
7.192319046628984324e+03 7.740622086828237158e-01 2.218588119901183583e-02
7.199511365675615707e+03 7.971589471505565738e-01 2.287345383876343216e-02
7.206710877041294225e+03 8.238809112352918351e-01 2.059637323921460761e-02
7.213917587918337631e+03 8.470137734830419651e-01 1.752712135480455000e-02
7.221131505506257781e+03 8.589589931911567611e-01 1.627486161435034648e-02
7.228352637011767001e+03 8.516131667548808570e-01 1.822822506124675140e-02
7.235580989648780815e+03 8.377887496760194619e-01 1.771654763593940099e-02
7.242816570638432495e+03 8.202223472868865883e-01 1.567322654099859505e-02
7.250059387209073066e+03 8.052610504978018335e-01 1.354463168816920707e-02
7.257309446596284033e+03 7.957655840521377089e-01 1.212636064040098841e-02
7.264566756042882844e+03 7.944590309948084128e-01 1.195717582777846948e-02
7.271831322798928340e+03 8.081182990239654806e-01 1.099770577447937471e-02
7.279103154121729858e+03 8.347338003533888440e-01 7.573462175301351115e-03
7.286382257275853590e+03 8.637239661224727083e-01 5.477879007914613144e-03
7.293668639533132591e+03 8.889644715893196825e-01 5.264287666755091549e-03
7.300962308172667690e+03 9.104415992027630189e-01 4.627452707372822424e-03
7.308263270480842948e+03 9.308720668814689514e-01 4.747124218544282633e-03
7.315571533751325660e+03 9.479642350129587891e-01 4.755139657054106676e-03
7.322887105285079997e+03 9.597194307901995014e-01 4.647678821155834007e-03
7.330209992390367006e+03 9.675062786030493855e-01 4.492456824985578689e-03
7.337540202382760071e+03 9.714616692798420106e-01 4.310335137969256887e-03
7.344877742585144915e+03 9.695022008133150626e-01 4.180504480923462329e-03
7.352222620327733239e+03 9.637018112888241506e-01 4.261162826752844766e-03
7.359574842948062724e+03 9.507190010504545929e-01 4.850206514875219851e-03
7.366934417791013402e+03 9.351109204805606590e-01 4.572706967319958675e-03
7.374301352208806748e+03 9.234667688211564140e-01 3.724138886504282844e-03
7.381675653561018407e+03 9.144975247885799297e-01 2.732529576534630401e-03
7.389057329214581841e+03 9.128184932762003490e-01 2.550348152073278474e-03
7.396446386543798326e+03 9.155576726279553990e-01 2.868033751088866316e-03
7.403842832930345139e+03 9.275459885810656280e-01 4.350271219668730427e-03
7.411246675763277381e+03 9.389404540863832693e-01 4.806800887079392542e-03
7.418657922439043432e+03 9.522834325891171847e-01 4.544209400906564465e-03
7.426076580361484957e+03 9.591025875997951644e-01 4.298397461649734741e-03
7.433502656941848727e+03 9.641680025200968229e-01 3.853276887997646432e-03
7.440936159598792983e+03 9.642835430326494039e-01 3.702901287421222869e-03
7.448377095758394717e+03 9.620033266141186923e-01 3.899746567125246446e-03
7.455825472854155123e+03 9.567495906572813791e-01 4.012123030892485870e-03
7.463281298327012337e+03 9.502163684112604480e-01 4.037488865500444418e-03
7.470744579625341430e+03 9.398123087067292714e-01 4.288933249548104384e-03
7.478215324204968965e+03 9.270128490645168640e-01 4.905289369525025339e-03
7.485693539529176633e+03 9.044887131479479869e-01 8.834227191680109337e-03
7.493179233068708527e+03 8.874188638159107301e-01 1.018203039088617576e-02
7.500672412301779332e+03 8.819580193474296781e-01 9.860369310618247174e-03
7.508173084714083416e+03 8.888027483527300987e-01 1.265185497646469613e-02
7.515681257798800289e+03 8.880930528602165586e-01 1.360993569992749452e-02
7.523196939056601877e+03 8.914419720001116598e-01 1.523508293005396662e-02
7.530720135995660712e+03 8.914378034775906068e-01 1.628595989784344805e-02
7.538250856131659020e+03 8.835836977154933880e-01 1.620939214215880511e-02
7.545789106987793275e+03 8.641754484448137541e-01 1.517100301451789965e-02
7.553334896094783289e+03 8.317358415740175870e-01 1.495383477914085518e-02
7.560888230990880402e+03 8.009865964253751747e-01 1.505205551987624790e-02
7.568449119221873843e+03 7.624701097481370038e-01 1.548061570459803755e-02
7.576017568341098013e+03 7.224951373275511068e-01 1.613040576008361107e-02
7.583593585909441572e+03 6.769341263831941680e-01 1.732686600549475375e-02
7.591177179495353812e+03 6.252075543220412257e-01 1.919360469583528822e-02
7.598768356674851930e+03 5.731743997753278030e-01 2.176338028147967868e-02
7.606367125031529213e+03 5.212274095396565166e-01 2.538166999466541160e-02
7.613973492156563225e+03 4.744626728027339091e-01 3.012413606212507172e-02
7.621587465648722173e+03 4.372794768164086077e-01 3.648663878558541795e-02
7.629209053114373091e+03 4.144729384114256843e-01 4.522544594908269738e-02
7.636838262167490029e+03 4.122593202827524728e-01 5.687263398159144584e-02
7.644475100429660415e+03 4.366700031190133280e-01 7.264148289241333101e-02
7.652119575530092334e+03 4.959537339851586846e-01 9.431416526366925845e-02
7.659771695105625440e+03 5.936773008719868905e-01 1.234476603192116301e-01
7.667431466800733688e+03 7.211906962478672467e-01 1.624699124412329054e-01
