# starting wavelength: 3464.040
# ending wavelength: 7367.620
# wav flux eflux
3.467307701768178049e+03 2.481008430633437456e+00 1.008926216744927690e-01
3.470775009469947236e+03 2.488256051911741817e+00 8.135256233306632778e-02
3.474245784479418489e+03 2.511671660241018511e+00 6.430796207556335742e-02
3.477720030263898934e+03 2.539833809453120317e+00 5.134928351115591177e-02
3.481197750294164052e+03 2.567829682779897205e+00 4.210240242858277748e-02
3.484678948044459503e+03 2.590340103148855100e+00 3.428352988666907852e-02
3.488163626992504760e+03 2.607850603947897472e+00 3.098548100492774793e-02
3.491651790619498570e+03 2.618125683057312525e+00 2.566052527614730988e-02
3.495143442410119405e+03 2.616204178612626663e+00 2.623213463850057950e-02
3.498638585852530468e+03 2.607323144132658754e+00 2.501323058652077380e-02
3.502137224438384237e+03 2.593122527449767567e+00 2.396858380401017952e-02
3.505639361662823831e+03 2.574537502055609828e+00 2.378806425049034487e-02
3.509145001024487556e+03 2.559856227055311795e+00 2.260874613463904892e-02
3.512654146025513455e+03 2.548630839915642099e+00 2.155057057159608797e-02
3.516166800171540217e+03 2.543857622468820967e+00 2.051068421346805698e-02
3.519682966971712631e+03 2.550051954016904876e+00 2.051936296245676986e-02
3.523202649938685681e+03 2.560380570066824735e+00 2.111509216629247135e-02
3.526725852588625457e+03 2.570059285224879808e+00 2.175629051074013526e-02
3.530252578441215064e+03 2.581136568691073219e+00 2.399524267712929010e-02
3.533782831019657806e+03 2.585142021612452101e+00 2.460393020878970383e-02
3.537316613850678550e+03 2.599711844448082232e+00 2.552913216615293468e-02
3.540853930464530094e+03 2.609904029963426186e+00 2.494894005706472379e-02
3.544394784394995895e+03 2.618738106267279431e+00 2.452108091776545110e-02
3.547939179179392340e+03 2.628785085971132585e+00 2.443572645635858076e-02
3.551487118358572843e+03 2.634856946400003341e+00 2.305803243807124855e-02
3.555038605476932389e+03 2.639779622619439881e+00 2.150183742854865077e-02
3.558593644082410719e+03 2.640727478955447793e+00 2.030712627480823346e-02
3.562152237726494150e+03 2.635001531459287616e+00 2.041255669777268522e-02
3.565714389964221937e+03 2.621788073355187265e+00 2.141908032572718834e-02
3.569280104354187188e+03 2.603182977962256395e+00 2.175272768974291157e-02
3.572849384458542772e+03 2.583550479562247482e+00 2.151833077884359249e-02
3.576422233843002232e+03 2.556880831041668412e+00 2.001743256901778595e-02
3.579998656076846601e+03 2.530620636045377569e+00 1.915721834347636210e-02
3.583578654732924406e+03 2.504014080932176700e+00 1.874693250826641941e-02
3.587162233387658489e+03 2.471284060500882340e+00 1.841631162273845573e-02
3.590749395621047370e+03 2.441928691884771574e+00 1.854821592176443892e-02
3.594340145016669794e+03 2.409808196851076723e+00 1.843354526475856486e-02
3.597934485161687462e+03 2.380124623236989478e+00 1.829192212483116142e-02
3.601532419646850485e+03 2.352383832986498557e+00 1.757849582691013018e-02
3.605133952066498296e+03 2.323588753080601421e+00 1.690022642661964669e-02
3.608739086018566013e+03 2.300275448231182907e+00 1.531467079280647743e-02
3.612347825104585809e+03 2.277668325270195915e+00 1.552215451795388446e-02
3.615960172929691907e+03 2.249928001691992918e+00 1.613939983439743875e-02
3.619576133102622407e+03 2.225351202515744031e+00 1.621986645382707953e-02
3.623195709235726554e+03 2.199574624322398808e+00 1.590040931379639935e-02
3.626818904944963379e+03 2.166008890259965902e+00 1.397186203698970106e-02
3.630445723849909427e+03 2.138065896101548180e+00 1.252141753398634122e-02
3.634076169573760581e+03 2.114877924516465502e+00 1.345440638562680861e-02
3.637710245743335690e+03 2.092371858931528106e+00 1.347928562427580697e-02
3.641347955989080219e+03 2.070243125096824510e+00 1.321661328535015008e-02
3.644989303945070333e+03 2.053758014634964990e+00 1.234056792242360472e-02
3.648634293249016537e+03 2.039189169633020438e+00 1.155923739152743372e-02
3.652282927542266862e+03 2.020346686933774283e+00 1.175826924531086018e-02
3.655935210469810499e+03 2.003012042988811636e+00 1.226421245878689739e-02
3.659591145680281443e+03 1.985003146651588724e+00 1.129228738591523708e-02
3.663250736825963031e+03 1.967565120848122850e+00 1.039534453414275514e-02
3.666913987562790226e+03 1.942505511869304202e+00 1.079152737858571180e-02
3.670580901550354156e+03 1.913104516141184375e+00 1.194870396103562236e-02
3.674251482451905758e+03 1.877468785957163266e+00 1.322038267054828110e-02
3.677925733934358959e+03 1.844852456092498816e+00 1.347119258983625091e-02
3.681603659668294313e+03 1.816815330545940244e+00 1.293103981627747971e-02
3.685285263327964003e+03 1.798118393186248110e+00 1.239080286480168450e-02
3.688970548591293209e+03 1.792155280437232046e+00 1.112229257644060769e-02
3.692659519139885560e+03 1.796822938095732791e+00 1.107754574701757394e-02
3.696352178659026777e+03 1.814449089019724681e+00 1.148008706768567123e-02
3.700048530837686940e+03 1.843537866778598211e+00 1.343873268520579325e-02
3.703748579368525952e+03 1.881775188629967621e+00 1.536815581146983890e-02
3.707452327947895355e+03 1.925696465227968668e+00 1.750561216677351886e-02
3.711159780275844696e+03 1.972950658814547564e+00 2.089279581651514589e-02
3.714870940056121526e+03 2.019157533254047010e+00 2.116306965479708771e-02
3.718585810996179134e+03 2.054943281400813504e+00 2.024798430572132338e-02
3.722304396807176545e+03 2.081458557508006457e+00 1.827215417807896355e-02
3.726026701203984885e+03 2.098097958262220342e+00 1.780157251691728837e-02
3.729752727905190113e+03 2.113274831561103184e+00 1.775202182880827873e-02
3.733482480633096657e+03 2.109522971404526270e+00 2.161119487777313913e-02
3.737215963113731050e+03 2.097447632788128846e+00 2.497133254391688609e-02
3.740953179076846027e+03 2.061674265233247372e+00 2.197560230679481211e-02
3.744694132255923705e+03 2.041605094065560344e+00 1.824722874962184452e-02
3.748438826388181042e+03 2.029552521940602983e+00 1.608735001317647059e-02
3.752187265214570289e+03 2.023504898915148065e+00 1.677620923303723560e-02
3.755939452479786269e+03 2.024875378617196020e+00 2.037177663590412219e-02
3.759695391932267285e+03 2.031141635192224459e+00 2.249584112697226509e-02
3.763455087324201031e+03 2.037471246644649181e+00 2.241587221186295761e-02
3.767218542411526414e+03 2.042415089798944372e+00 1.991433043059709709e-02
3.770985760953939007e+03 2.038744836488487699e+00 1.798491625118264770e-02
3.774756746714894234e+03 2.030455955378157817e+00 1.446452425766286444e-02
3.778531503461610555e+03 2.009045583209516650e+00 1.563841869928631403e-02
3.782310034965073100e+03 1.970043173799848502e+00 1.954741844722072963e-02
3.786092345000039586e+03 1.922066885324369423e+00 2.272880417851384088e-02
3.789878437345040766e+03 1.873426600586780344e+00 2.164109911206085063e-02
3.793668315782387253e+03 1.832926931467405485e+00 1.527785340393817380e-02
3.797461984098170888e+03 1.804828900935212754e+00 1.156284382180896957e-02
3.801259446082270188e+03 1.795582975672606940e+00 1.426937820086137711e-02
3.805060705528353537e+03 1.799740095759080338e+00 1.791522468673168583e-02
3.808865766233883278e+03 1.804853957402280162e+00 1.819627566453538292e-02
3.812674632000118436e+03 1.825263046317422200e+00 1.781420909620125628e-02
3.816487306632119726e+03 1.847572553896285052e+00 1.442525119226091383e-02
3.820303793938753188e+03 1.868774002699536307e+00 1.232046913057615982e-02
3.824124097732693372e+03 1.872714916972946453e+00 1.574887299758688519e-02
3.827948221830427428e+03 1.877493174005567145e+00 1.673338974514029451e-02
3.831776170052258749e+03 1.886631930137168345e+00 1.713314197818970736e-02
3.835607946222312421e+03 1.894672452399640328e+00 2.272781292458094654e-02
3.839443554168536139e+03 1.893959986483856550e+00 2.767565363790876198e-02
3.843282997722705659e+03 1.877090042304367490e+00 3.016060515960075974e-02
3.847126280720429804e+03 1.838046880567582031e+00 3.066950901658585180e-02
3.850973407001151372e+03 1.788101516412971215e+00 2.936040858966214653e-02
3.854824380408153957e+03 1.727027819389876484e+00 3.542912727930244005e-02
3.858679204788563311e+03 1.659602799610963908e+00 5.026626619067856711e-02
3.862537883993353262e+03 1.608016805825080997e+00 6.135702532507082002e-02
3.866400421877347981e+03 1.595046052034674755e+00 5.874451659820759813e-02
3.870266822299226533e+03 1.643443835412189191e+00 5.044150409925971662e-02
3.874137089121526969e+03 1.751285927877023640e+00 5.534286819275840291e-02
3.878011226210649966e+03 1.903890894291781155e+00 7.196522394342011464e-02
3.881889237436861549e+03 2.081667003879877687e+00 8.405980842715178591e-02
3.885771126674299921e+03 2.252930904989711713e+00 8.069792270981838989e-02
3.889656897800975457e+03 2.387643988081992852e+00 6.621637222520652954e-02
3.893546554698777527e+03 2.461367245909299228e+00 5.175525785575269683e-02
3.897440101253477678e+03 2.458928298901729370e+00 5.762941783546074448e-02
3.901337541354732366e+03 2.382058802775304240e+00 7.186764069849886638e-02
3.905238878896088409e+03 2.258836635955580263e+00 7.228856658660243184e-02
3.909144117774985716e+03 2.124193956321219101e+00 5.907034255999060041e-02
3.913053261892762293e+03 2.011483307938084941e+00 4.092599936780443037e-02
3.916966315154656058e+03 1.936577678957975834e+00 3.531146342822399919e-02
3.920883281469812118e+03 1.911202810635247884e+00 4.453149731374460990e-02
3.924804164751283224e+03 1.919468505350008236e+00 4.963904942799703818e-02
3.928728968916035683e+03 1.949804151034770339e+00 4.014970856550341416e-02
3.932657697884953450e+03 1.970021789129561496e+00 2.618086575963399221e-02
3.936590355582839493e+03 1.969387638563454779e+00 2.591935362354692851e-02
3.940526945938423523e+03 1.952975785394021724e+00 3.339454933420052396e-02
3.944467472884363360e+03 1.935190637976875738e+00 3.615782932350208867e-02
3.948411940357249023e+03 1.920563596046645838e+00 3.211071989833632484e-02
3.952360352297607733e+03 1.919430000446973095e+00 2.570578682935275097e-02
3.956312712649906643e+03 1.937242338110142681e+00 2.358320546489071565e-02
3.960269025362557841e+03 1.974291673213552478e+00 2.879525903245033422e-02
3.964229294387921527e+03 2.026517157612445885e+00 3.233209358094843444e-02
3.968193523682310570e+03 2.076541471554755880e+00 2.894658321537899037e-02
3.972161717205994591e+03 2.113442219275383671e+00 2.137987494016585499e-02
3.976133878923201792e+03 2.125565736065298417e+00 1.639979504965304383e-02
3.980110012802126221e+03 2.110794638660257405e+00 1.556320371596330542e-02
3.984090122814929600e+03 2.063197399576484958e+00 1.860530392707238426e-02
3.988074212937745870e+03 1.993303229073169591e+00 1.966199057156194779e-02
3.992062287150684824e+03 1.910068125302844866e+00 1.663821813423991408e-02
3.996054349437837118e+03 1.831066415869792685e+00 1.012878391387417483e-02
4.000050403787276082e+03 1.768743024607297265e+00 6.162193314411087280e-03
4.004050454191064546e+03 1.726423765062624183e+00 5.582614915734961450e-03
4.008054504645257111e+03 1.703452164534863256e+00 6.505988668400265566e-03
4.012062559149903791e+03 1.698673334709884353e+00 9.357012708264866516e-03
4.016074621709055009e+03 1.708787888194571503e+00 1.297680774776695939e-02
4.020090696330765240e+03 1.727232597011816084e+00 1.331231747971279959e-02
4.024110787027097558e+03 1.746623621955013084e+00 1.216160460076636321e-02
4.028134897814125907e+03 1.759378672844027269e+00 1.033451208890376165e-02
4.032163032711941469e+03 1.764687528122271809e+00 9.096478901334806993e-03
4.036195195744654484e+03 1.762307409688110393e+00 8.505924662952959667e-03
4.040231390940400615e+03 1.749279328344458095e+00 9.728178110570450884e-03
4.044271622331342314e+03 1.724449408038690068e+00 1.013088326872769486e-02
4.048315893953675186e+03 1.694415799010456469e+00 9.227534807970044078e-03
4.052364209847629809e+03 1.668520066509094457e+00 6.464593239709948320e-03
4.056416574057479011e+03 1.653163974111221624e+00 5.566071371763896269e-03
4.060472990631537868e+03 1.644223912541746380e+00 5.679322531482917241e-03
4.064533463622170530e+03 1.643410763146111009e+00 6.766331337782641696e-03
4.068597997085794304e+03 1.647782325016344362e+00 7.491314992407163177e-03
4.072666595082881486e+03 1.656955644637770675e+00 6.614310268454014208e-03
4.076739261677965715e+03 1.666307327862932786e+00 5.236255310947313460e-03
4.080816000939644709e+03 1.669211454736898359e+00 4.725413316939490634e-03
4.084896816940585722e+03 1.667795747582859534e+00 5.426557832059855299e-03
4.088981713757527814e+03 1.664055137827885389e+00 5.864337632560962660e-03
4.093070695471286854e+03 1.659682569760184023e+00 5.882827656387160965e-03
4.097163766166759160e+03 1.652377619987574375e+00 5.511200219574839167e-03
4.101260929932927866e+03 1.643956230534956653e+00 5.179625151634081361e-03
4.105362190862862008e+03 1.634778383214542608e+00 4.418512722665969041e-03
4.109467553053726078e+03 1.627991033466435811e+00 4.389987882111972585e-03
4.113577020606780934e+03 1.624523632144119656e+00 4.184795812664759106e-03
4.117690597627389252e+03 1.623177030239668195e+00 4.740166543076656212e-03
4.121808288225018259e+03 1.625502693806184951e+00 5.314250374804159460e-03
4.125930096513244280e+03 1.630445397631235416e+00 5.111919069215983130e-03
4.130056026609759101e+03 1.641550458458193473e+00 4.594104276555502353e-03
4.134186082636369974e+03 1.659781104112195704e+00 4.429393156798550925e-03
4.138320268719007800e+03 1.683461861018101136e+00 5.096842677117894606e-03
4.142458588987728035e+03 1.711530598642823975e+00 7.228095027835405341e-03
4.146601047576717065e+03 1.740051096190565305e+00 8.154378513067996395e-03
4.150747648624294925e+03 1.766957377451341626e+00 7.513323029510417250e-03
4.154898396272920763e+03 1.788795890456423399e+00 4.693573351401790841e-03
4.159053294669195566e+03 1.800590744755452555e+00 3.908079468705021910e-03
4.163212347963865795e+03 1.802207354605488865e+00 4.591199630131588202e-03
4.167375560311830668e+03 1.795429209817332783e+00 5.271394682055446403e-03
4.171542935872143971e+03 1.782065830272282936e+00 5.426614450735451310e-03
4.175714478808017702e+03 1.763871220698080222e+00 4.553961455264085578e-03
4.179890193286827525e+03 1.742240777544120434e+00 3.125724503018211583e-03
4.184070083480115500e+03 1.720477755123605235e+00 2.695609581434803368e-03
4.188254153563597356e+03 1.701325116645799662e+00 2.912812805859344399e-03
4.192442407717161586e+03 1.686598241025919709e+00 3.132730142410832062e-03
4.196634850124880359e+03 1.676278915379103562e+00 2.962598967597547539e-03
4.200831484975006788e+03 1.673316403582641776e+00 3.401075318165820444e-03
4.205032316459983122e+03 1.673594603415651028e+00 3.725081184667754491e-03
4.209237348776444378e+03 1.676135410051728281e+00 4.119802693109382921e-03
4.213446586125221984e+03 1.680075073311373846e+00 4.781537149827747198e-03
4.217660032711349231e+03 1.684545648596370571e+00 4.749896947246274453e-03
4.221877692744061278e+03 1.687736195951978990e+00 3.984345451227154847e-03
4.226099570436806971e+03 1.688792389359786039e+00 3.581833804662299878e-03
4.230325670007245208e+03 1.687176895145120037e+00 3.271150438168270343e-03
4.234555995677254032e+03 1.680404379928004177e+00 3.259670547054268307e-03
4.238790551672932452e+03 1.669353250880267536e+00 3.240505208305110435e-03
4.243029342224606808e+03 1.652609851542149677e+00 3.148868571966763862e-03
4.247272371566832589e+03 1.633014212401160847e+00 2.740605873725004363e-03
4.251519643938400804e+03 1.612464790008432791e+00 2.572263859826169011e-03
4.255771163582340705e+03 1.593802187636619516e+00 2.543916680439843158e-03
4.260026934745924336e+03 1.575490862780596801e+00 2.541235088124530438e-03
4.264286961680671993e+03 1.557908077646780187e+00 2.571887816596255590e-03
4.268551248642354039e+03 1.541840056746035081e+00 2.531950569331505377e-03
4.272819799890998183e+03 1.527323419786483338e+00 2.784804922068523196e-03
4.277092619690890388e+03 1.517439290978071842e+00 2.492513265152094745e-03
4.281369712310583054e+03 1.513540355947265326e+00 2.482273926296935107e-03
4.285651082022895025e+03 1.514549793756598373e+00 2.283609509654474685e-03
4.289936733104918858e+03 1.522292396518865054e+00 3.991055521210631375e-03
4.294226669838025373e+03 1.533638934677816312e+00 5.514207852038604737e-03
4.298520896507864563e+03 1.544284703715046003e+00 6.706652361975499500e-03
4.302819417404373780e+03 1.549445482704110644e+00 6.635622757588201248e-03
4.307122236821779552e+03 1.550679584068972661e+00 5.999673701514761717e-03
4.311429359058603040e+03 1.546801531094819993e+00 5.690130117401295991e-03
4.315740788417662770e+03 1.536740441733224882e+00 7.766796147557547200e-03
4.320056529206081905e+03 1.524312832305361409e+00 1.007889854454370460e-02
4.324376585735290064e+03 1.511123273168266667e+00 1.124184838251439562e-02
4.328700962321026054e+03 1.504273467627099237e+00 9.700580390240305662e-03
4.333029663283348782e+03 1.505547672713717811e+00 7.725207912528711876e-03
4.337362692946633615e+03 1.516875331874859123e+00 9.102280334104371692e-03
4.341700055639581478e+03 1.534353883678189145e+00 1.093502604954264476e-02
4.346041755695222491e+03 1.557285469758753038e+00 1.216929228913311671e-02
4.350387797450919606e+03 1.579223773900500172e+00 1.072006042064514546e-02
4.354738185248371337e+03 1.594031950983547885e+00 8.235546352078192828e-03
4.359092923433621763e+03 1.599847367811124244e+00 6.421414287672388803e-03
4.363452016357056891e+03 1.593584535467156504e+00 7.972325489833526763e-03
4.367815468373414660e+03 1.577204686204192852e+00 9.169320277606841929e-03
4.372183283841789489e+03 1.556150776500861310e+00 8.807670903382492159e-03
4.376555467125633186e+03 1.532361802141746221e+00 7.109946315269483931e-03
4.380932022592760404e+03 1.509148327111556886e+00 5.424917417828141464e-03
4.385312954615354101e+03 1.489269479274028640e+00 4.516649324774743741e-03
4.389698267569970994e+03 1.475410969649284088e+00 5.848417920175345494e-03
4.394087965837542470e+03 1.465907702232819299e+00 6.055887441658375919e-03
4.398482053803381859e+03 1.455702541871418676e+00 4.662953105810748247e-03
4.402880535857186260e+03 1.443857970774072408e+00 4.513455911894209867e-03
4.407283416393044718e+03 1.430112628683531950e+00 6.325972876245821580e-03
4.411690699809440048e+03 1.420530012948046927e+00 6.323602938102747609e-03
4.416102390509250654e+03 1.414477636353079104e+00 6.623838003613206037e-03
4.420518492899761441e+03 1.410178729178114043e+00 7.740320367141334014e-03
4.424939011392662906e+03 1.405036621820033194e+00 8.584581575421025915e-03
4.429363950404056595e+03 1.400321216380251421e+00 8.434513967369395779e-03
4.433793314354462382e+03 1.394262354918169189e+00 8.280726469109201543e-03
4.438227107668818462e+03 1.387854373177089595e+00 1.037110702723672943e-02
4.442665334776488635e+03 1.384581003627789020e+00 1.396939381993389864e-02
4.447108000111265937e+03 1.389994695530228030e+00 1.501194362762806392e-02
4.451555108111379013e+03 1.408190388021810513e+00 1.391089989289067373e-02
4.456006663219492111e+03 1.440184072171972751e+00 1.393097559291931256e-02
4.460462669882713271e+03 1.482314151337852826e+00 1.684171954648508440e-02
4.464923132552597053e+03 1.528597968696910447e+00 2.002444091078946220e-02
4.469388055685150903e+03 1.574848977214425405e+00 2.051389530858425611e-02
4.473857443740837880e+03 1.616892685580271660e+00 1.831513163110988843e-02
4.478331301184580298e+03 1.650920068189205780e+00 1.473714836712820830e-02
4.482809632485766087e+03 1.671463621897430141e+00 1.379020064984786895e-02
4.487292442118253348e+03 1.674653799065395576e+00 1.566738338749429707e-02
4.491779734560373072e+03 1.662530866545452124e+00 1.612715401592956441e-02
4.496271514294934605e+03 1.645381636860383967e+00 1.355161325640103984e-02
4.500767785809231100e+03 1.628157654841805080e+00 1.030429415292179705e-02
4.505268553595042249e+03 1.613736349667981296e+00 8.955985164380125471e-03
4.509773822148638828e+03 1.604678571263642217e+00 9.327997561931445150e-03
4.514283595970789065e+03 1.603073934964575065e+00 8.951839264635766055e-03
4.518797879566761367e+03 1.605238649092499692e+00 6.381395886786357663e-03
4.523316677446328868e+03 1.607908343725226841e+00 4.860510872604360474e-03
4.527839994123776705e+03 1.608813730667126185e+00 5.182479254066284756e-03
4.532367834117902021e+03 1.609132424798601635e+00 5.011457016780143658e-03
4.536900201952022144e+03 1.611014995022547414e+00 3.894750569540505677e-03
4.541437102153975502e+03 1.615139056307464127e+00 3.238563371536783402e-03
4.545978539256130716e+03 1.622723020256411575e+00 3.398458381719741354e-03
4.550524517795388419e+03 1.632325909071343784e+00 3.588401618584524059e-03
4.555075042313184895e+03 1.641445818708213933e+00 4.081177471848355595e-03
4.559630117355500261e+03 1.647781558509604727e+00 3.843518956086486218e-03
4.564189747472856652e+03 1.651780057269978119e+00 3.869230661468013154e-03
4.568753937220330954e+03 1.649994678730714037e+00 2.523315445650814361e-03
4.573322691157552981e+03 1.639231411760389445e+00 2.158532509165116218e-03
4.577896013848711846e+03 1.618483568665009198e+00 2.072292249928055132e-03
4.582473909862562323e+03 1.590002569781491459e+00 3.198578278937892413e-03
4.587056383772426670e+03 1.555690311502349710e+00 5.374644496388109038e-03
4.591643440156200086e+03 1.519243239679966884e+00 6.054773338245620154e-03
4.596235083596357981e+03 1.481944565834600436e+00 5.945189493356576975e-03
4.600831318679955984e+03 1.447495905901065916e+00 5.812757406457220305e-03
4.605432149998637215e+03 1.417640460816419479e+00 4.523638224010459452e-03
4.610037582148637739e+03 1.394391317610949477e+00 4.146851639900929129e-03
4.614647619730787483e+03 1.378193895069144359e+00 5.565917574192468832e-03
4.619262267350520233e+03 1.366483700313392724e+00 6.830768835381026589e-03
4.623881529617872729e+03 1.356821089150870963e+00 6.278139195845045331e-03
4.628505411147491941e+03 1.346722148606773084e+00 5.654305557832572764e-03
4.633133916558640522e+03 1.333435422247280622e+00 4.859928818974853550e-03
4.637767050475200449e+03 1.312030122587821701e+00 3.324684784282549554e-03
4.642404817525677572e+03 1.281240305839805638e+00 4.286140619636198169e-03
4.647047222343205249e+03 1.241904951600140139e+00 5.811438273071871038e-03
4.651694269565549803e+03 1.199726763850682998e+00 6.534044577723181930e-03
4.656345963835116891e+03 1.155888510380705281e+00 5.846666372265930250e-03
4.661002309798953320e+03 1.114833788506811585e+00 5.029396432456185659e-03
4.665663312108753416e+03 1.078775925158818705e+00 4.611878791181998199e-03
4.670328975420864481e+03 1.046711767540851490e+00 4.507687756297170528e-03
4.674999304396286789e+03 1.019528245038217928e+00 4.932419869093489402e-03
4.679674303700684504e+03 9.980456141808624615e-01 4.763013986477686833e-03
4.684353978004386590e+03 9.795940409371547419e-01 4.264250533696414998e-03
4.689038331982392265e+03 9.635759026568051500e-01 3.985026912653321859e-03
4.693727370314376458e+03 9.495651359915719958e-01 3.624695269961908991e-03
4.698421097684692540e+03 9.359593749719081757e-01 3.506113445006878940e-03
4.703119518782378691e+03 9.224700257887868959e-01 3.553422166838665804e-03
4.707822638301162442e+03 9.066351821548815915e-01 3.749998350798221681e-03
4.712530460939465229e+03 8.865575346239537025e-01 3.359240423068692808e-03
4.717242991400406027e+03 8.665927138029699828e-01 3.390128972393282713e-03
4.721960234391808626e+03 8.467242570615387542e-01 2.637471573673286565e-03
4.726682194626201635e+03 8.244481373703212990e-01 2.457300375919536321e-03
4.731408876820829391e+03 7.999542206554417501e-01 2.922879035425086664e-03
4.736140285697651962e+03 7.743478093455116174e-01 3.941816412237907769e-03
4.740876425983350600e+03 7.508888361979971782e-01 3.860687485520807385e-03
4.745617302409335934e+03 7.300835760354549286e-01 3.281588484408006542e-03
4.750362919711747054e+03 7.145123609016339472e-01 2.087553332904603862e-03
4.755113282631459697e+03 7.056736645482797332e-01 1.862216732695673102e-03
4.759868395914093526e+03 7.042041741245697040e-01 3.095918200225548835e-03
4.764628264310008490e+03 7.078331259434075262e-01 3.258247147405104321e-03
4.769392892574320285e+03 7.146653738669176414e-01 2.904135039995799170e-03
4.774162285466896719e+03 7.236916989978335879e-01 2.589391704688971587e-03
4.778936447752364984e+03 7.340158188871444001e-01 2.114538734035969602e-03
4.783715384200118933e+03 7.445418480331710276e-01 2.007624288952875469e-03
4.788499099584319993e+03 7.536610869587521133e-01 2.159044974657862818e-03
4.793287598683906253e+03 7.626631341574379164e-01 2.337103589684309292e-03
4.798080886282591564e+03 7.711773835275287370e-01 2.403487545216343585e-03
4.802878967168876443e+03 7.783859718878026746e-01 1.813380264194055375e-03
4.807681846136046261e+03 7.865390318434868355e-01 1.539917401327999067e-03
4.812489527982183972e+03 7.950912546147737014e-01 1.507880980430814080e-03
4.817302017510168298e+03 8.050846914592197923e-01 1.502555989098981791e-03
4.822119319527679181e+03 8.164919791146375561e-01 1.652133561062004439e-03
4.826941438847208701e+03 8.276928563281604756e-01 1.973069808151073877e-03
4.831768380286057436e+03 8.392075908612854906e-01 1.790496372348437818e-03
4.836600148666345376e+03 8.489182304226979836e-01 1.778574099575725917e-03
4.841436748815013743e+03 8.584385331777673045e-01 1.754141727880490550e-03
4.846278185563829538e+03 8.673781271309701779e-01 1.788852040725846804e-03
4.851124463749395545e+03 8.764283403698622799e-01 2.594479343585650178e-03
4.855975588213146693e+03 8.858803660426950444e-01 2.964473557262889934e-03
4.860831563801360971e+03 8.978215716733339846e-01 2.621450312019311859e-03
4.865692395365163975e+03 9.129358824844036047e-01 3.346480594593957171e-03
4.870558087760530725e+03 9.289161917101743660e-01 3.517371364177338065e-03
4.875428645848292945e+03 9.462113483267732272e-01 3.484838168075861907e-03
4.880304074494142696e+03 9.640428082251929487e-01 4.118993240292548492e-03
4.885184378568638749e+03 9.852037715309633903e-01 4.772854516510107240e-03
4.890069562947209306e+03 1.010319891041121965e+00 5.142793907238330138e-03
4.894959632510157462e+03 1.039005817437697043e+00 5.258234857532614014e-03
4.899854592142669389e+03 1.072245200789283981e+00 5.296636700590631047e-03
4.904754446734813428e+03 1.107647643403343984e+00 7.450407141768360976e-03
4.909659201181550088e+03 1.141722246237433236e+00 1.018947187212537395e-02
4.914568860382732964e+03 1.170223649105337715e+00 1.144032234232557343e-02
4.919483429243117826e+03 1.188244169635949810e+00 1.055894761444646328e-02
4.924402912672362618e+03 1.193446228804268427e+00 9.118498730896949789e-03
4.929327315585036558e+03 1.184623840135923034e+00 8.898360583327402998e-03
4.934256642900622865e+03 1.163464579451537029e+00 1.003997086966227498e-02
4.939190899543525120e+03 1.130880904882013871e+00 1.159734236872508699e-02
4.944130090443070912e+03 1.090704544618899430e+00 1.061207198592248671e-02
4.949074220533515472e+03 1.048734450633358684e+00 7.827476434616034012e-03
4.954023294754050767e+03 1.011626541911717414e+00 5.569866377683845710e-03
4.958977318048806410e+03 9.832679454867739866e-01 5.085706895618683984e-03
4.963936295366856939e+03 9.652154030657259520e-01 5.197617993367313616e-03
4.968900231662225451e+03 9.599899819219210872e-01 6.387127060755486835e-03
4.973869131893889062e+03 9.701330850943676865e-01 8.070372598093882716e-03
4.978843001025784361e+03 9.969717342430959306e-01 9.396774220250866255e-03
4.983821844026811959e+03 1.041770336363557092e+00 8.915072162802642475e-03
4.988805665870840130e+03 1.101508960308075880e+00 9.558195939875065161e-03
4.993794471536712990e+03 1.174031305051352225e+00 1.517500567559359678e-02
4.998788266008251412e+03 1.250904484890548174e+00 2.030201423967218852e-02
5.003787054274261209e+03 1.321145381181861200e+00 2.183447813700984536e-02
5.008790841328536771e+03 1.374122128713697322e+00 1.937452364972599289e-02
5.013799632169867436e+03 1.399803241253526620e+00 1.530100045213820745e-02
5.018813431802038394e+03 1.394328534742294456e+00 1.425701917609466414e-02
5.023832245233842514e+03 1.357253085667324388e+00 1.824039549976180438e-02
5.028856077479077612e+03 1.294081049288521079e+00 2.153282910839531342e-02
5.033884933556558281e+03 1.212333562537750931e+00 2.107265335450247620e-02
5.038918818490116792e+03 1.124898759746176369e+00 1.695059057491521762e-02
5.043957737308608557e+03 1.040663836677191645e+00 1.124576375822512742e-02
5.049001695045918495e+03 9.700262995038382297e-01 8.195632823082478480e-03
5.054050696740966487e+03 9.166586631723703249e-01 9.149093600796414857e-03
5.059104747437709193e+03 8.814557083763656653e-01 9.691322117957312798e-03
5.064163852185148244e+03 8.619831698193813896e-01 8.545781993528921150e-03
5.069228016037335692e+03 8.524227675253557290e-01 5.774727815021547979e-03
5.074297244053374015e+03 8.462101114408037139e-01 3.516155077151798380e-03
5.079371541297429758e+03 8.414260808093471100e-01 2.319778712883792567e-03
5.084450912838728073e+03 8.382448150275974008e-01 2.611707873042208410e-03
5.089535363751569093e+03 8.375313671201901622e-01 3.329477247582224644e-03
5.094624899115322478e+03 8.402949913868733578e-01 3.546968942261409692e-03
5.099719524014439230e+03 8.479071551778077920e-01 3.325128886316544140e-03
5.104819243538455339e+03 8.614201979362743344e-01 3.296566013829054561e-03
5.109924062781995417e+03 8.816033230985305114e-01 3.005533223314415907e-03
5.115033986844779065e+03 9.072994240377980635e-01 2.910532906253076885e-03
5.120149020831625421e+03 9.380678370942607813e-01 3.200927840045649474e-03
5.125269169852458617e+03 9.733146417491223001e-01 3.452070005737544345e-03
5.130394439022313236e+03 1.011024782518417542e+00 3.365594578150788059e-03
5.135524833461337039e+03 1.050702272821673722e+00 2.422435989216137082e-03
5.140660358294800062e+03 1.088487491871176438e+00 2.235734890452328698e-03
5.145801018653096435e+03 1.124909639654211091e+00 1.995177203148382986e-03
5.150946819671751655e+03 1.156824764925392435e+00 1.993306748983283191e-03
5.156097766491425318e+03 1.183801145412047839e+00 2.412859008445504983e-03
5.161253864257918394e+03 1.206185808571287765e+00 3.551593517078634275e-03
5.166415118122177773e+03 1.221216533964633477e+00 3.645562515159277844e-03
5.171581533240301724e+03 1.226639965324987314e+00 3.326828672103441902e-03
5.176753114773543530e+03 1.223235374249774798e+00 3.513113229146962255e-03
5.181929867888318768e+03 1.212616507678017763e+00 4.331828758230356347e-03
5.187111797756208944e+03 1.194900136341021879e+00 5.657051356304319996e-03
5.192298909553966951e+03 1.174273305446687399e+00 5.823836718070496930e-03
5.197491208463522526e+03 1.152056259482499456e+00 5.200268571674809132e-03
5.202688699671987706e+03 1.129891639625379307e+00 4.054125868787662908e-03
5.207891388371661378e+03 1.110703161061495470e+00 3.900848553441387933e-03
5.213099279760034733e+03 1.093940764575552338e+00 3.894144977902346330e-03
5.218312379039796724e+03 1.081545307235302289e+00 3.833786268491394533e-03
5.223530691418837705e+03 1.073417230274549050e+00 3.559319488241695795e-03
5.228754222110258524e+03 1.067718491586211238e+00 2.952767376050469648e-03
5.233982976332370527e+03 1.064112980145033305e+00 2.540404500869524688e-03
5.239216959308704645e+03 1.060757848806095138e+00 2.592985967582734329e-03
5.244456176268015042e+03 1.057087620404772776e+00 2.660398799027147414e-03
5.249700632444284565e+03 1.051753448321461004e+00 2.458339993885156390e-03
5.254950333076731113e+03 1.047241994234588081e+00 2.461306598765851048e-03
5.260205283409809454e+03 1.043791558995150748e+00 2.502747756641618762e-03
5.265465488693221232e+03 1.039060354374744088e+00 2.292737003786691000e-03
5.270730954181915877e+03 1.032603016671745921e+00 2.498359243629947723e-03
5.276001685136099695e+03 1.025982873704784692e+00 2.703130983546787620e-03
5.281277686821237694e+03 1.018365061283907247e+00 2.641154794363765896e-03
5.286558964508059944e+03 1.008782090575268908e+00 2.076203600320664262e-03
5.291845523472569766e+03 1.000528465417196644e+00 1.734823190686566067e-03
5.297137368996044643e+03 9.926164868397915342e-01 1.625217116987504084e-03
5.302434506365042580e+03 9.867045961957044975e-01 1.987520345942015917e-03
5.307736940871409388e+03 9.812569281505024721e-01 2.424452430649324478e-03
5.313044677812282316e+03 9.739108223473696979e-01 2.683323568377042959e-03
5.318357722490096421e+03 9.639612339349580283e-01 2.742497398525447008e-03
5.323676080212588204e+03 9.508717885829653937e-01 2.334297712741848982e-03
5.328999756292802886e+03 9.325713703673742527e-01 2.396649075165006859e-03
5.334328756049097137e+03 9.112598186515339371e-01 2.496847718480153799e-03
5.339663084805148173e+03 8.866671736819020655e-01 2.881489444826401940e-03
5.345002747889954662e+03 8.591148432582477179e-01 3.230485576023938571e-03
5.350347750637846730e+03 8.298040794433469980e-01 2.601239076239419707e-03
5.355698098388485960e+03 8.007409508109605278e-01 2.237496048014918706e-03
5.361053796486876308e+03 7.733307589056599429e-01 2.352731665857542547e-03
5.366414850283365013e+03 7.458864847803375886e-01 2.288554020423956298e-03
5.371781265133649867e+03 7.200153762280359082e-01 2.284898613375224360e-03
5.377153046398785591e+03 6.962388656402548337e-01 2.353251872492116963e-03
5.382530199445186554e+03 6.758392181554107037e-01 2.272005112548385660e-03
5.387912729644633146e+03 6.574001708457555271e-01 2.374776320822013370e-03
5.393300642374279960e+03 6.419430134966653823e-01 2.373893793208858155e-03
5.398693943016655794e+03 6.282964051260866434e-01 2.234305115765783042e-03
5.404092636959673655e+03 6.174888437965868615e-01 2.578960239126165850e-03
5.409496729596635305e+03 6.084365995108367287e-01 2.983178821387089813e-03
5.414906226326233991e+03 5.999205458885277231e-01 3.000182299944084870e-03
5.420321132552561721e+03 5.917749069809195017e-01 2.654167828426828683e-03
5.425741453685116539e+03 5.834933810835050139e-01 2.218582750553673225e-03
5.431167195138803436e+03 5.738468946494759138e-01 2.057478603808731484e-03
5.436598362333943442e+03 5.628793764900539287e-01 2.092593018080492195e-03
5.442034960696279086e+03 5.499279761076033557e-01 2.300346447216382404e-03
5.447476995656978033e+03 5.363094015772463807e-01 1.895737533806709325e-03
5.452924472652636723e+03 5.233942271002268720e-01 1.684843599826784050e-03
5.458377397125291282e+03 5.118267154753806114e-01 1.506246834278067567e-03
5.463835774522417523e+03 5.042866614672731895e-01 1.559550779904211133e-03
5.469299610296941864e+03 5.002090259431919428e-01 1.532907551847247822e-03
5.474768909907241323e+03 5.006379627444025315e-01 1.884073409898576017e-03
5.480243678817149885e+03 5.031665791842431235e-01 2.261752521185492019e-03
5.485723922495968509e+03 5.075139294112740451e-01 2.594429270527392681e-03
5.491209646418466946e+03 5.123185872260431761e-01 2.616661727055050440e-03
5.496700856064887375e+03 5.175477304935607314e-01 2.643206982630316899e-03
5.502197556920953502e+03 5.223793551261253221e-01 2.238926741233871615e-03
5.507699754477876013e+03 5.247774452833976477e-01 1.917285164932566212e-03
5.513207454232356213e+03 5.245430820348326861e-01 1.577311913402816134e-03
5.518720661686590574e+03 5.201698712079383391e-01 1.570815839206226574e-03
5.524239382348278923e+03 5.115540369903091023e-01 1.506600536655282579e-03
5.529763621730628984e+03 4.991585734662664642e-01 1.660932969066625069e-03
5.535293385352360929e+03 4.839885097846793327e-01 1.827657825901101525e-03
5.540828678737715563e+03 4.670785394779330413e-01 1.915519028298080968e-03
5.546369507416455235e+03 4.498507676394259414e-01 1.813931902110659140e-03
5.551915876923872929e+03 4.329918172341507554e-01 1.816342673591000989e-03
5.557467792800798634e+03 4.161128323788054195e-01 1.821059954295102881e-03
5.563025260593602070e+03 3.992118787232506461e-01 1.789191275210196301e-03
5.568588285854197238e+03 3.832085698316746725e-01 1.889505638700478014e-03
5.574156874140053333e+03 3.675799127379418829e-01 1.892664149280299558e-03
5.579731031014194741e+03 3.546796250143803286e-01 1.909077449611111706e-03
5.585310762045211050e+03 3.437285436885303969e-01 2.202013554360758747e-03
5.590896072807257951e+03 3.356550729870678706e-01 2.287043369332735724e-03
5.596486968880067252e+03 3.299872270260776896e-01 2.158402379585607975e-03
5.602083455848949598e+03 3.272944968632144902e-01 2.201715871709013055e-03
5.607685539304799931e+03 3.269252972605716234e-01 2.456992387364196999e-03
5.613293224844106589e+03 3.282692255597586262e-01 2.737519002907644935e-03
5.618906518068952209e+03 3.313560873275689933e-01 2.806348254187216156e-03
5.624525424587023736e+03 3.353537520767594926e-01 2.459155902088808795e-03
5.630149950011612418e+03 3.399459767234125351e-01 2.094636528537063922e-03
5.635780099961625638e+03 3.435725957708893885e-01 2.376306900239212941e-03
5.641415880061589633e+03 3.468486971774187300e-01 2.516966411915314613e-03
5.647057295941652228e+03 3.498069649055743358e-01 2.301902645926116181e-03
5.652704353237596479e+03 3.527214664639585773e-01 2.247234404856768199e-03
5.658357057590835211e+03 3.546666878013059465e-01 2.251973273054217253e-03
5.664015414648428305e+03 3.562221338229070722e-01 2.418117988414887707e-03
5.669679430063079053e+03 3.573347548899000747e-01 2.354923725805597567e-03
5.675349109493143260e+03 3.573997783980274456e-01 1.684797338143176901e-03
5.681024458602638333e+03 3.547887839359490370e-01 1.458596704573804619e-03
5.686705483061243285e+03 3.496207628005172929e-01 1.642922850589057090e-03
5.692392188544306009e+03 3.419767256402100331e-01 1.778617733161653698e-03
5.698084580732852373e+03 3.329224872783955180e-01 1.675178557029445396e-03
5.703782665313587131e+03 3.230641031588419865e-01 1.378320928845242410e-03
5.709486447978903016e+03 3.127946013010753923e-01 8.819335954137434838e-04
5.715195934426883468e+03 3.032332263162236252e-01 8.082196852563594634e-04
5.720911130361312644e+03 2.950736058847482912e-01 8.088173107616346107e-04
5.726632041491675409e+03 2.884832804719748567e-01 8.218926226129203783e-04
5.732358673533169167e+03 2.826822408637333917e-01 1.088309091268958514e-03
5.738091032206703858e+03 2.778106955844419912e-01 1.322215576702550363e-03
5.743829123238912871e+03 2.722884431109648951e-01 1.479397394237794020e-03
5.749572952362153046e+03 2.664184303062581693e-01 1.432226743176433790e-03
5.755322525314517407e+03 2.608018539379013401e-01 1.376438279530237726e-03
5.761077847839834249e+03 2.560111366899727181e-01 1.294162291633147929e-03
5.766838925687675328e+03 2.519916368658107753e-01 1.287526897254041673e-03
5.772605764613364954e+03 2.492010019643261243e-01 1.375188854255533777e-03
5.778378370377980900e+03 2.487383695311866094e-01 1.923465512831051133e-03
5.784156748748360769e+03 2.506302176339431087e-01 2.446355065931959862e-03
5.789940905497111089e+03 2.550872136225004194e-01 2.369236982920428034e-03
5.795730846402610041e+03 2.636790023070700872e-01 2.391985570577100442e-03
5.801526577249013826e+03 2.783522639114822672e-01 3.742081671369917525e-03
5.807328103826264851e+03 3.020353049959511593e-01 7.031783742467041624e-03
5.813135431930093546e+03 3.387849927260148664e-01 1.140299139868403144e-02
5.818948567362025642e+03 3.941627537773371714e-01 1.477129000869085128e-02
5.824767515929389447e+03 4.752001976416789786e-01 1.445332372590060581e-02
5.830592283445320390e+03 5.860254867771208520e-01 1.161967178962903732e-02
5.836422875728768304e+03 7.279172044742806547e-01 1.022232372268905114e-02
5.842259298604498326e+03 8.961085431288755565e-01 1.525659545998928231e-02
5.848101557903105459e+03 1.082019784504975268e+00 2.424198696665042993e-02
5.853949659461010015e+03 1.268101315428038500e+00 3.058178461885123489e-02
5.859803609120473084e+03 1.433665818110575030e+00 3.138342143151633123e-02
5.865663412729595620e+03 1.559757738450798792e+00 2.656631999814279901e-02
5.871529076142326630e+03 1.631121752078043219e+00 1.909477503182532496e-02
5.877400605218471355e+03 1.639429596745123785e+00 1.668840874868215973e-02
5.883278005823691274e+03 1.582829964279648616e+00 2.317565594644864502e-02
5.889161283829516833e+03 1.470968660826147634e+00 2.966629555234549798e-02
5.895050445113348360e+03 1.318692708928383528e+00 3.145388859378815682e-02
5.900945495558464245e+03 1.145741870398182982e+00 2.696619808501248688e-02
5.906846441054024581e+03 9.733276589767990705e-01 1.905623473928236625e-02
5.912753287495080258e+03 8.181189185167596634e-01 1.144372991921099002e-02
5.918666040782577511e+03 6.901629062876489806e-01 1.015430894687868041e-02
5.924584706823361557e+03 5.928639685003352922e-01 1.351121412746055309e-02
5.930509291530187511e+03 5.236200208102150810e-01 1.522164104405391780e-02
5.936439800821719473e+03 4.781439041226785425e-01 1.334018040043483296e-02
5.942376240622543264e+03 4.470204341375328405e-01 9.596216965536386381e-03
5.948318616863167335e+03 4.238645233078196517e-01 5.520343255366054296e-03
5.954266935480032771e+03 4.028744252903729839e-01 3.801976150603884278e-03
5.960221202415515108e+03 3.840823403914495060e-01 3.115567275402855978e-03
5.966181423617932523e+03 3.651912380078702336e-01 3.782658235237120088e-03
5.972147605041552197e+03 3.460587121429342661e-01 3.871536658207064014e-03
5.978119752646595771e+03 3.278672923719502252e-01 2.839384430136739513e-03
5.984097872399243897e+03 3.120905572834150599e-01 1.261980318449473391e-03
5.990081970271645332e+03 3.006493321640101857e-01 1.184227002775475749e-03
5.996072052241918755e+03 2.912279654379809068e-01 1.427142907601128968e-03
6.002068124294162772e+03 2.839799534790416469e-01 1.531537290578730047e-03
6.008070192418459555e+03 2.779221062923872831e-01 1.501135494813534560e-03
6.014078262610879392e+03 2.726451499338555795e-01 1.075296785976143652e-03
6.020092340873492503e+03 2.672184342104075294e-01 1.116644071889843874e-03
6.026112433214368139e+03 2.619147186767607494e-01 1.842274325582530852e-03
6.032138545647584579e+03 2.575121904493614666e-01 2.152781260622925897e-03
6.038170684193233683e+03 2.554738178121667147e-01 2.227963743009365311e-03
6.044208854877429076e+03 2.553973608521157290e-01 1.992958670420361122e-03
6.050253063732308874e+03 2.586422156002095019e-01 1.554639077494485025e-03
6.056303316796042964e+03 2.653464909219652723e-01 1.653419985728875633e-03
6.062359620112841185e+03 2.754203281406300552e-01 2.385660166886386605e-03
6.068421979732956061e+03 2.875403184224122888e-01 2.634646335980358155e-03
6.074490401712690982e+03 3.002511743740093331e-01 2.327150157685963297e-03
6.080564892114405666e+03 3.126051297024677322e-01 1.819301342979303543e-03
6.086645457006521610e+03 3.234063519992336766e-01 1.492632310963926514e-03
6.092732102463530282e+03 3.323594466393686164e-01 1.542335239798228513e-03
6.098824834565995843e+03 3.388507033785735922e-01 1.783196862313342606e-03
6.104923659400564247e+03 3.439598772420895956e-01 1.716693097753768226e-03
6.111028583059966877e+03 3.475737458455222528e-01 1.472579160406251551e-03
6.117139611643028729e+03 3.497685940200941368e-01 1.071178815395464360e-03
6.123256751254673873e+03 3.519140883143834775e-01 9.744074560520000344e-04
6.129380008005929994e+03 3.538808261313042269e-01 9.895155331230808936e-04
6.135509388013938405e+03 3.559633515532631964e-01 1.097678481620820634e-03
6.141644897401954040e+03 3.568433599332975215e-01 1.073824047373917638e-03
6.147786542299358189e+03 3.574035512604175069e-01 8.935902650499000927e-04
6.153934328841659408e+03 3.569760544447672657e-01 7.624557269554474350e-04
6.160088263170503524e+03 3.546472504096421785e-01 7.582528686026583902e-04
6.166248351433675452e+03 3.512164928902484218e-01 8.176101467299811115e-04
6.172414599785111022e+03 3.472263673060304034e-01 1.308610853727650838e-03
6.178587014384898794e+03 3.436182226092568959e-01 1.819485742442809948e-03
6.184765601399285515e+03 3.408841654688741785e-01 2.107922767402683854e-03
6.190950367000687038e+03 3.402890750861220504e-01 1.883490578627976947e-03
6.197141317367689226e+03 3.415784563744078683e-01 1.758915003386654456e-03
6.203338458685059777e+03 3.450156048571506040e-01 1.994301165616227303e-03
6.209541797143746408e+03 3.504533033068891190e-01 2.752516297853864393e-03
6.215751338940892310e+03 3.565481819667853935e-01 3.391046908472315161e-03
6.221967090279835247e+03 3.621675452084195390e-01 2.998103358186708384e-03
6.228189057370116643e+03 3.667419801826822257e-01 2.469429400069134920e-03
6.234417246427488863e+03 3.692821388444740838e-01 2.533876822514368257e-03
6.240651663673918847e+03 3.703267295393756764e-01 2.938867699779320383e-03
6.246892315337594482e+03 3.703061913900621005e-01 3.079391141914336518e-03
6.253139207652934601e+03 3.698078906640056562e-01 3.083956516005960727e-03
6.259392346860589896e+03 3.689682569091684572e-01 2.410576591820847749e-03
6.265651739207452010e+03 3.700652046559871344e-01 1.706514156483351138e-03
6.271917390946661726e+03 3.741552837126242981e-01 1.736611009704756630e-03
6.278189308337610782e+03 3.805911262704507747e-01 1.919914383462419149e-03
6.284467497645950061e+03 3.891848075546733843e-01 2.102900900755642379e-03
6.290751965143597772e+03 3.982457730139052354e-01 2.101806531985832456e-03
6.297042717108744000e+03 4.064592687528772452e-01 1.823057749401530087e-03
6.303339759825854344e+03 4.126811594142834050e-01 1.574597811750586733e-03
6.309643099585682648e+03 4.167231421238402067e-01 1.164907060969243941e-03
6.315952742685270096e+03 4.170372762173168990e-01 1.531883624042741469e-03
6.322268695427957937e+03 4.155732766080680873e-01 2.283711637212235135e-03
6.328590964123387494e+03 4.138719043117786156e-01 2.714132781299592040e-03
6.334919555087512890e+03 4.127120308079259003e-01 2.880280732225271555e-03
6.341254474642602872e+03 4.119880270029264158e-01 2.355959087050221550e-03
6.347595729117247174e+03 4.132943718470104000e-01 2.208432405487355688e-03
6.353943324846366522e+03 4.160708269848773511e-01 2.554616820023000896e-03
6.360297268171215364e+03 4.203770412251908173e-01 3.132128293792287889e-03
6.366657565439388236e+03 4.255851645815847406e-01 3.003440069643480669e-03
6.373024223004829764e+03 4.300569824919134865e-01 2.506470136113814022e-03
6.379397247227837397e+03 4.328378092561468993e-01 2.207509125197870160e-03
6.385776644475066860e+03 4.339002734733826694e-01 2.653707635078227794e-03
6.392162421119543978e+03 4.337688888064189507e-01 3.315080370522918533e-03
6.398554583540665590e+03 4.328879461308568488e-01 3.077435810688088167e-03
6.404953138124208635e+03 4.325611841970778415e-01 2.650741609107995674e-03
6.411358091262334710e+03 4.325677568403197282e-01 2.389239894585937912e-03
6.417769449353599157e+03 4.334425300097136113e-01 2.691962409948994023e-03
6.424187218802954703e+03 4.351677524965380517e-01 2.998011630910841444e-03
6.430611406021760558e+03 4.368224735219652932e-01 2.707130141016624459e-03
6.437042017427784231e+03 4.371344578294490413e-01 2.135475038405560376e-03
6.443479059445214261e+03 4.352317890260119504e-01 2.131874914526596127e-03
6.449922538504661134e+03 4.315381663687735125e-01 2.516061540703612518e-03
6.456372461043168187e+03 4.264320856248784430e-01 2.520683951767099720e-03
6.462828833504213435e+03 4.199183785373934996e-01 2.298465652607921232e-03
6.469291662337719572e+03 4.133814196705137833e-01 1.911594410112904974e-03
6.475760954000059428e+03 4.067228642642419234e-01 1.598392579311786387e-03
6.482236714954061426e+03 4.013885662824697165e-01 1.999052123804700726e-03
6.488718951669017770e+03 3.967641372512181186e-01 2.414489927504477433e-03
6.495207670620688987e+03 3.916342496263611750e-01 1.903021070636453684e-03
6.501702878291312118e+03 3.853162725804228361e-01 1.513050109172652848e-03
6.508204581169605262e+03 3.777955073690826282e-01 1.657578073428950900e-03
6.514712785750777584e+03 3.693566704410695123e-01 1.772960601620361242e-03
6.521227498536530220e+03 3.608755118955661034e-01 2.088682156271472884e-03
6.527748726035069012e+03 3.532394364082395155e-01 2.151314900850527945e-03
6.534276474761106329e+03 3.469387686420642991e-01 1.816087142494322198e-03
6.540810751235869247e+03 3.441132580528262763e-01 1.485447528716629705e-03
6.547351561987107743e+03 3.444920751068008546e-01 1.908964391381592690e-03
6.553898913549096505e+03 3.470812409912309437e-01 2.198749229026471675e-03
6.560452812462647671e+03 3.513701127668785174e-01 2.463794493039838177e-03
6.567013265275112644e+03 3.562940539346820534e-01 2.840435197039851978e-03
6.573580278540390282e+03 3.611367707269851901e-01 3.451014576302963328e-03
6.580153858818932349e+03 3.644037197065577716e-01 3.282158674711048180e-03
6.586734012677753526e+03 3.631909952692904398e-01 2.695395655238028501e-03
6.593320746690433225e+03 3.577747488729735581e-01 3.047993816055387471e-03
6.599914067437126505e+03 3.491825271162190547e-01 5.408291804022204684e-03
6.606513981504565891e+03 3.421025566282670516e-01 8.027905609819419031e-03
6.613120495486072286e+03 3.401314615197656432e-01 1.026967560956582558e-02
6.619733615981560433e+03 3.474802676171747651e-01 1.063970681588022153e-02
6.626353349597544366e+03 3.699126872243893027e-01 8.823836883305749557e-03
6.632979702947143778e+03 4.109869165774823196e-01 7.251024721737216010e-03
6.639612682650093120e+03 4.696279892120225341e-01 9.921779167113262826e-03
6.646252295332745234e+03 5.403025148673383793e-01 1.428883187245291904e-02
6.652898547628080451e+03 6.154017060040736231e-01 1.680983099183772783e-02
6.659551446175711135e+03 6.862174570839248977e-01 1.683557014585907938e-02
6.666210997621888964e+03 7.449707860271281845e-01 1.384944969002713765e-02
6.672877208619513112e+03 7.818329620862481955e-01 9.283871660183889291e-03
6.679550085828134797e+03 7.910633994715277062e-01 7.807249713485834262e-03
6.686229635913964557e+03 7.716025121740461845e-01 1.033226603867522068e-02
6.692915865549881346e+03 7.267102221041280563e-01 1.236205973015044000e-02
6.699608781415433441e+03 6.638832293753947900e-01 1.218356706856228884e-02
6.706308390196851178e+03 5.903905931332485979e-01 1.028767158021468009e-02
6.713014698587049679e+03 5.148832608714104531e-01 7.069793047023087244e-03
6.719727713285638856e+03 4.443335141096866336e-01 3.406846751219046437e-03
6.726447440998927050e+03 3.847304031221114862e-01 1.462041377449623935e-03
6.733173888439928305e+03 3.384430395458399299e-01 2.201862997801984009e-03
6.739907062328370557e+03 3.049459515034269042e-01 3.200277418631023146e-03
6.746646969390701088e+03 2.820875832077389678e-01 4.135186568367566450e-03
6.753393616360093802e+03 2.680148750989315709e-01 4.738596933937608974e-03
6.760147009976456502e+03 2.608891819008574142e-01 4.593933528622218612e-03
6.766907156986434529e+03 2.580363167985388895e-01 3.520096336291356643e-03
6.773674064143423493e+03 2.572144038190809501e-01 2.379831085001483069e-03
6.780447738207569273e+03 2.554228919277740095e-01 1.874897114973135982e-03
6.787228185945778932e+03 2.523555522457125999e-01 2.069278124302541266e-03
6.794015414131727084e+03 2.483176637411204646e-01 2.691297069402505925e-03
6.800809429545861349e+03 2.429403313461640790e-01 2.775138198660262630e-03
6.807610238975408720e+03 2.370690673346629307e-01 2.445794140345757851e-03
6.814417849214386479e+03 2.309948458389180781e-01 1.714351256018011287e-03
6.821232267063603103e+03 2.259559670118169439e-01 1.225090573378877007e-03
6.828053499330669183e+03 2.229223129529112613e-01 1.528006742209822404e-03
6.834881552830001965e+03 2.206817590475357305e-01 1.657370745528971914e-03
6.841716434382834450e+03 2.189068460123674564e-01 1.416717797240882749e-03
6.848558150817219939e+03 2.170587479804329256e-01 1.554045558475417163e-03
6.855406708968039311e+03 2.153365630271836251e-01 1.890469031358817543e-03
6.862262115677009206e+03 2.145204933374730560e-01 1.787621115614534528e-03
6.869124377792688392e+03 2.147828525201357086e-01 1.861520661579517703e-03
6.875993502170483225e+03 2.150200395626510053e-01 1.882360974344888648e-03
6.882869495672656740e+03 2.156121222562963902e-01 2.029031280201645023e-03
6.889752365168331380e+03 2.162418655680038437e-01 2.247790821806561114e-03
6.896642117533501732e+03 2.160925769253335404e-01 2.259022855407489053e-03
6.903538759651037253e+03 2.156382520270449521e-01 1.792736423301817929e-03
6.910442298410691365e+03 2.135867459993127104e-01 2.145737169876671749e-03
6.917352740709104182e+03 2.109201971236956408e-01 2.589370556808150495e-03
6.924270093449815249e+03 2.087175235330788747e-01 2.483658009857366792e-03
6.931194363543267173e+03 2.073285780330763606e-01 2.368967105537092121e-03
6.938125557906812901e+03 2.074780666216550495e-01 2.053261707865562842e-03
6.945063683464722089e+03 2.100427104212002072e-01 2.280200736609075841e-03
6.952008747148189286e+03 2.159827399390759628e-01 4.182173463472959631e-03
6.958960755895339389e+03 2.249519662956630528e-01 6.503946152403744171e-03
6.965919716651237650e+03 2.338748294421938434e-01 7.252992412218062408e-03
6.972885636367890584e+03 2.386760164257998862e-01 6.019812346431999660e-03
6.979858522004260521e+03 2.390234870917011256e-01 9.049723348509603957e-03
6.986838380526267429e+03 2.297003736392814743e-01 1.885116060290402060e-02
6.993825218906796181e+03 2.411030636807549588e-01 2.224796261962425428e-02
7.000819044125705659e+03 2.716780807877369197e-01 2.264597945552863228e-02
7.007819863169833297e+03 3.313453543993912787e-01 1.877914091027348478e-02
7.014827683033005087e+03 4.348147662109695388e-01 1.885198030772090166e-02
7.021842510716041033e+03 5.767039103446576220e-01 3.202285283122793813e-02
7.028864353226758794e+03 7.213630024416026743e-01 4.056068599345548364e-02
7.035893217579988232e+03 8.700277361670167853e-01 4.572746578504834070e-02
7.042929110797570502e+03 1.005921514569683595e+00 4.503750732897780079e-02
7.049972039908370789e+03 1.087906366598014429e+00 4.470451089845753345e-02
7.057022011948281033e+03 1.153104645932971017e+00 3.667025336908804473e-02
7.064079033960231754e+03 1.156638061401891182e+00 3.474652031914128580e-02
7.071143112994193871e+03 1.122130141172312801e+00 4.089223866332807045e-02
7.078214256107190522e+03 1.044928772408090012e+00 4.819416190560509017e-02
7.085292470363300708e+03 9.345820523968004778e-01 5.065247886100858465e-02
7.092377762833665656e+03 8.290472951867038365e-01 5.247233875228329153e-02
7.099470140596501551e+03 6.934606374089392622e-01 4.628957708297834484e-02
7.106569610737100447e+03 5.596923934098061437e-01 3.458171278843110569e-02
7.113676180347840273e+03 4.471623233605293013e-01 2.630252748425138468e-02
7.120789856528190285e+03 3.563487848125125312e-01 2.495403317191939932e-02
7.127910646384721076e+03 2.927583558404807662e-01 2.692737057203056436e-02
7.135038557031108212e+03 2.441316794532881751e-01 3.025092088227672102e-02
7.142173595588141325e+03 2.320370227573068100e-01 3.341261115987590596e-02
7.149315769183732300e+03 2.283929173229828913e-01 3.023491385981676854e-02
7.156465084952918005e+03 2.357387317329321386e-01 2.320773776461888815e-02
7.163621550037873021e+03 2.472656775975625720e-01 1.507318116184946759e-02
7.170785171587913283e+03 2.473957781842060222e-01 1.451483332944376696e-02
7.177955956759504261e+03 2.600541526442519125e-01 9.954357662186302802e-03
7.185133912716265513e+03 2.614486187514893922e-01 1.224985274301647331e-02
7.192319046628984324e+03 2.658815268154806066e-01 1.411489820445259620e-02
7.199511365675615707e+03 2.709153493317092432e-01 1.409474175315051508e-02
7.206710877041294225e+03 2.846559786438435102e-01 1.404369490628961173e-02
7.213917587918337631e+03 2.937542294819863731e-01 1.138352906808241111e-02
7.221131505506257781e+03 3.113100156916242534e-01 9.181633033663400001e-03
7.228352637011767001e+03 3.321586441018131164e-01 1.016658769863419166e-02
7.235580989648780815e+03 3.550550235720763559e-01 1.149061009326459923e-02
7.242816570638432495e+03 3.760050937359026291e-01 1.204243780693678260e-02
7.250059387209073066e+03 3.958292650915900546e-01 1.228123980160381913e-02
7.257309446596284033e+03 4.131840859797272780e-01 1.234706477119956909e-02
7.264566756042882844e+03 4.294476785357405624e-01 1.233522128070489547e-02
7.271831322798928340e+03 4.433988560915386179e-01 1.228014441655139039e-02
7.279103154121729858e+03 4.536164193028194846e-01 1.223664363991953073e-02
7.286382257275853590e+03 4.542134431395646876e-01 1.341489333055683429e-02
7.293668639533132591e+03 4.533257411011587523e-01 1.390217526429568008e-02
7.300962308172667690e+03 4.455906258753143390e-01 1.441778143446742662e-02
7.308263270480842948e+03 4.300521100361199278e-01 1.516398587560830423e-02
7.315571533751325660e+03 4.069403860719911226e-01 1.583667684257630132e-02
7.322887105285079997e+03 3.792702507876841711e-01 1.996459435661872284e-02
7.330209992390367006e+03 3.475472555190698420e-01 2.182771842627650657e-02
7.337540202382760071e+03 3.165009737106641019e-01 2.410920816447358409e-02
7.344877742585144915e+03 2.933602564530015111e-01 2.853281163974972015e-02
7.352222620327733239e+03 2.868335302929969632e-01 3.737615930500180761e-02
7.359574842948062724e+03 3.038966571155572449e-01 5.007558253709101792e-02
7.366934417791013402e+03 3.506566646101034190e-01 7.004023224197752917e-02
