# starting wavelength: 4360.190
# ending wavelength: 9098.343
# wav flux eflux
4.363452016357056891e+03 3.495389680556550527e+00 3.138428527228064868e-01
4.367815468373414660e+03 3.385751593625045075e+00 2.331990406966665264e-01
4.372183283841789489e+03 3.303990065355788541e+00 1.757887469186408813e-01
4.376555467125633186e+03 3.260431248167010132e+00 1.379177930541603536e-01
4.380932022592760404e+03 3.230151738600637756e+00 1.088523110893051815e-01
4.385312954615354101e+03 3.196155808684830735e+00 8.717691950504345699e-02
4.389698267569970994e+03 3.176082335194464257e+00 7.161368384570428181e-02
4.394087965837542470e+03 3.164158053421091132e+00 5.981537076463174646e-02
4.398482053803381859e+03 3.152895191401103414e+00 5.112908591809498665e-02
4.402880535857186260e+03 3.139693234786755216e+00 4.484871807867247401e-02
4.407283416393044718e+03 3.135065739496993409e+00 3.997324734291159837e-02
4.411690699809440048e+03 3.128340855380568719e+00 3.634940400048453091e-02
4.416102390509250654e+03 3.122928524930605132e+00 3.357546414596648127e-02
4.420518492899761441e+03 3.126450158204130414e+00 3.175220332929350880e-02
4.424939011392662906e+03 3.129915056426306297e+00 3.011001473989918797e-02
4.429363950404056595e+03 3.115787253391399059e+00 2.913110687304094892e-02
4.433793314354462382e+03 3.104557085840762287e+00 2.827364423477970318e-02
4.438227107668818462e+03 3.098177225461070883e+00 2.773222524146101362e-02
4.442665334776488635e+03 3.093558418628927331e+00 2.739555675940608462e-02
4.447108000111265937e+03 3.080071388133432730e+00 2.685958886033061599e-02
4.451555108111379013e+03 3.081170498155913595e+00 2.679782778518332090e-02
4.456006663219492111e+03 3.080181531697413266e+00 2.688592249696726902e-02
4.460462669882713271e+03 3.084565905675792141e+00 2.647415255759109562e-02
4.464923132552597053e+03 3.090316269544987282e+00 2.644821137421317359e-02
4.469388055685150903e+03 3.068736981960970667e+00 2.660373945165822596e-02
4.473857443740837880e+03 3.078410406804361177e+00 2.705711494560095187e-02
4.478331301184580298e+03 3.079621060544799338e+00 2.718191326342964814e-02
4.482809632485766087e+03 3.083691907591803449e+00 2.709209578970054808e-02
4.487292442118253348e+03 3.088248831070689260e+00 2.690740469521805261e-02
4.491779734560373072e+03 3.093301599224837162e+00 2.672237639817259466e-02
4.496271514294934605e+03 3.105698423276200604e+00 2.696920871373605436e-02
4.500767785809231100e+03 3.095834208032032464e+00 2.719466569417694837e-02
4.505268553595042249e+03 3.107060542291455452e+00 2.642618676437022071e-02
4.509773822148638828e+03 3.098479905687471891e+00 2.565698062308269939e-02
4.514283595970789065e+03 3.108521478018571482e+00 2.569607092160207384e-02
4.518797879566761367e+03 3.113680142177627452e+00 2.504581714266592915e-02
4.523316677446328868e+03 3.136532944441869475e+00 2.468757465736933290e-02
4.527839994123776705e+03 3.136635745569555933e+00 2.496098183358100298e-02
4.532367834117902021e+03 3.122059746070620090e+00 2.535461286622664456e-02
4.536900201952022144e+03 3.129356561400851167e+00 2.557528171022053001e-02
4.541437102153975502e+03 3.133337222864518434e+00 2.552408603889802161e-02
4.545978539256130716e+03 3.137143782204394160e+00 2.543477890704619673e-02
4.550524517795388419e+03 3.136202543683979993e+00 2.588966432887438579e-02
4.555075042313184895e+03 3.125327878857508512e+00 2.591702900141071644e-02
4.559630117355500261e+03 3.133925890857214736e+00 2.586725018857936181e-02
4.564189747472856652e+03 3.135458514772484495e+00 2.577979589756983908e-02
4.568753937220330954e+03 3.133704377191360191e+00 2.602889363509231294e-02
4.573322691157552981e+03 3.141076729307792359e+00 2.591353740170545400e-02
4.577896013848711846e+03 3.130958432017538318e+00 2.557218952791100522e-02
4.582473909862562323e+03 3.130383187975273707e+00 2.569351570703675564e-02
4.587056383772426670e+03 3.135110469962892221e+00 2.561350562965796981e-02
4.591643440156200086e+03 3.146728829888822965e+00 2.579750418839563478e-02
4.596235083596357981e+03 3.162380943332324890e+00 2.595882794337787958e-02
4.600831318679955984e+03 3.184072528064171070e+00 2.580158550170354864e-02
4.605432149998637215e+03 3.199494171291765277e+00 2.511528299152853902e-02
4.610037582148637739e+03 3.211367101619386766e+00 2.549186482728746372e-02
4.614647619730787483e+03 3.233170888289014222e+00 2.522287190758047346e-02
4.619262267350520233e+03 3.264799700191633125e+00 2.468172663514127396e-02
4.623881529617872729e+03 3.291843548483480930e+00 2.487113810209373721e-02
4.628505411147491941e+03 3.329019666768972208e+00 2.549175729283610289e-02
4.633133916558640522e+03 3.352570792247159925e+00 2.604973997758304807e-02
4.637767050475200449e+03 3.361629390356036140e+00 2.723190692458277856e-02
4.642404817525677572e+03 3.386560221377540536e+00 2.724107841905965346e-02
4.647047222343205249e+03 3.407293472981415494e+00 2.707022475448097806e-02
4.651694269565549803e+03 3.432764402822819250e+00 2.700837858947130812e-02
4.656345963835116891e+03 3.445490615736086060e+00 2.693021344605091641e-02
4.661002309798953320e+03 3.451215478007991777e+00 2.716779782201189652e-02
4.665663312108753416e+03 3.451563341594059864e+00 2.663452805969300854e-02
4.670328975420864481e+03 3.463221447580753232e+00 2.592195226090620100e-02
4.674999304396286789e+03 3.445889812051680767e+00 2.587355682391262457e-02
4.679674303700684504e+03 3.432667023265681738e+00 2.547951388759127009e-02
4.684353978004386590e+03 3.400158661523449588e+00 2.488892721289421781e-02
4.689038331982392265e+03 3.377830545195250611e+00 2.468648583923902309e-02
4.693727370314376458e+03 3.340207913069702439e+00 2.433110667038535305e-02
4.698421097684692540e+03 3.296377952119370125e+00 2.387280001192358322e-02
4.703119518782378691e+03 3.253693413632233078e+00 2.360973190708317779e-02
4.707822638301162442e+03 3.199298724143806005e+00 2.380024641084954595e-02
4.712530460939465229e+03 3.150486859384359573e+00 2.361910232332236140e-02
4.717242991400406027e+03 3.101060526570744269e+00 2.334945595442424610e-02
4.721960234391808626e+03 3.063936992251392599e+00 2.319621643041524031e-02
4.726682194626201635e+03 3.004548429793482800e+00 2.316156689344086098e-02
4.731408876820829391e+03 2.945613456093341131e+00 2.292487502206718222e-02
4.736140285697651962e+03 2.908740580909872531e+00 2.281269551355207328e-02
4.740876425983350600e+03 2.880782047244269783e+00 2.288183393880256766e-02
4.745617302409335934e+03 2.862943176616986829e+00 2.210298194107901404e-02
4.750362919711747054e+03 2.841240737206933265e+00 2.109925581037342193e-02
4.755113282631459697e+03 2.804549229702141044e+00 2.045071333674621655e-02
4.759868395914093526e+03 2.780720602145489107e+00 1.885787235402429374e-02
4.764628264310008490e+03 2.766348241699562394e+00 1.864331237819184459e-02
4.769392892574320285e+03 2.753954386798539655e+00 1.879276681295561496e-02
4.774162285466896719e+03 2.739164220503260694e+00 1.911303940696075856e-02
4.778936447752364984e+03 2.746038277989518939e+00 1.906900360088347596e-02
4.783715384200118933e+03 2.740681324642788574e+00 1.934388907523199377e-02
4.788499099584319993e+03 2.739692091539132512e+00 1.978415688067355904e-02
4.793287598683906253e+03 2.727159091076462705e+00 2.013269427852640986e-02
4.798080886282591564e+03 2.716829498101081874e+00 1.992714780055929516e-02
4.802878967168876443e+03 2.714903142597281160e+00 2.001577252470108925e-02
4.807681846136046261e+03 2.710662339559544609e+00 2.041840888052224787e-02
4.812489527982183972e+03 2.721407965589182965e+00 2.088237667168482345e-02
4.817302017510168298e+03 2.730803587320998371e+00 2.059739949298988737e-02
4.822119319527679181e+03 2.731363789264941389e+00 2.137867208485494733e-02
4.826941438847208701e+03 2.755284295167489628e+00 2.267580140606332770e-02
4.831768380286057436e+03 2.794134404780708625e+00 2.213278419829584065e-02
4.836600148666345376e+03 2.873240499510340662e+00 2.400555817648883372e-02
4.841436748815013743e+03 2.967918944761466005e+00 2.497041940865266443e-02
4.846278185563829538e+03 3.039603208604445328e+00 2.425154349153892108e-02
4.851124463749395545e+03 3.102754766829091349e+00 2.405827144531032941e-02
4.855975588213146693e+03 3.129502415476381305e+00 2.395233216465561879e-02
4.860831563801360971e+03 3.152789854991529417e+00 2.467471535957349582e-02
4.865692395365163975e+03 3.123877877786094270e+00 2.504239871199613610e-02
4.870558087760530725e+03 3.085156917984293479e+00 2.475491549099075386e-02
4.875428645848292945e+03 3.022625311100773260e+00 2.430107185082871352e-02
4.880304074494142696e+03 2.942097697012792334e+00 2.334456590492246450e-02
4.885184378568638749e+03 2.844869264130797770e+00 2.391579401449488509e-02
4.890069562947209306e+03 2.756634888955682428e+00 2.276315025638811149e-02
4.894959632510157462e+03 2.684145242397397713e+00 2.210829104439877499e-02
4.899854592142669389e+03 2.642272499070178249e+00 2.258957967613340126e-02
4.904754446734813428e+03 2.621307838562439763e+00 2.135871640396160703e-02
4.909659201181550088e+03 2.604498437192354299e+00 2.026026819112018706e-02
4.914568860382732964e+03 2.585984142773550154e+00 2.013090740798170741e-02
4.919483429243117826e+03 2.536224620783562589e+00 1.993689989780464758e-02
4.924402912672362618e+03 2.515588709927085720e+00 1.986459519285022762e-02
4.929327315585036558e+03 2.489881459065846236e+00 1.939058974499249105e-02
4.934256642900622865e+03 2.482746629851464437e+00 1.890357812186059874e-02
4.939190899543525120e+03 2.450765251012481549e+00 1.874042397297064066e-02
4.944130090443070912e+03 2.431437297341659587e+00 1.848526615001827925e-02
4.949074220533515472e+03 2.404145915945839374e+00 1.802914539193137961e-02
4.954023294754050767e+03 2.392551117289735796e+00 1.771066033830203876e-02
4.958977318048806410e+03 2.372163704459361089e+00 1.657953087089935815e-02
4.963936295366856939e+03 2.365923041137101279e+00 1.639606128743687635e-02
4.968900231662225451e+03 2.359970049282112736e+00 1.623023306349338432e-02
4.973869131893889062e+03 2.352000969147726828e+00 1.577368151106989941e-02
4.978843001025784361e+03 2.331317736801692853e+00 1.571325385634919636e-02
4.983821844026811959e+03 2.309297931921357794e+00 1.494891824939811008e-02
4.988805665870840130e+03 2.280870916659865522e+00 1.486554350316033821e-02
4.993794471536712990e+03 2.263001411926567119e+00 1.487688770400423521e-02
4.998788266008251412e+03 2.242795684628769770e+00 1.531664821892381873e-02
5.003787054274261209e+03 2.232738902209204568e+00 1.557838974055854135e-02
5.008790841328536771e+03 2.225907909814724750e+00 1.531410718652699045e-02
5.013799632169867436e+03 2.232710867930927545e+00 1.570455908714309123e-02
5.018813431802038394e+03 2.239110977389392243e+00 1.562709860107281204e-02
5.023832245233842514e+03 2.238279297238503496e+00 1.515377730006435206e-02
5.028856077479077612e+03 2.245059865734545745e+00 1.503093009050342557e-02
5.033884933556558281e+03 2.238233663074824076e+00 1.491250310472812084e-02
5.038918818490116792e+03 2.226347166526833732e+00 1.460395991709840732e-02
5.043957737308608557e+03 2.213214237378823057e+00 1.462115802100078660e-02
5.049001695045918495e+03 2.191862293558286101e+00 1.459405853869004573e-02
5.054050696740966487e+03 2.179508194254853315e+00 1.473145507415694368e-02
5.059104747437709193e+03 2.160254469235345365e+00 1.456230095565660618e-02
5.064163852185148244e+03 2.145901223423762882e+00 1.490247085746507043e-02
5.069228016037335692e+03 2.134842904858198054e+00 1.490239847945909989e-02
5.074297244053374015e+03 2.128227115402330671e+00 1.522356007942507125e-02
5.079371541297429758e+03 2.126625777907133585e+00 1.544464743630435954e-02
5.084450912838728073e+03 2.118578527000573697e+00 1.558169855662529246e-02
5.089535363751569093e+03 2.115195579980686080e+00 1.579983348155951720e-02
5.094624899115322478e+03 2.115565167789390078e+00 1.536661473262487462e-02
5.099719524014439230e+03 2.119964417966027082e+00 1.512501028834338339e-02
5.104819243538455339e+03 2.128981240612597414e+00 1.532639245717858610e-02
5.109924062781995417e+03 2.137402961064841289e+00 1.566954459011692460e-02
5.115033986844779065e+03 2.147961127501925027e+00 1.567428775185695372e-02
5.120149020831625421e+03 2.147777656808150581e+00 1.572604947388251198e-02
5.125269169852458617e+03 2.140055291914665148e+00 1.627827619202501866e-02
5.130394439022313236e+03 2.144889601271528612e+00 1.639097420745266181e-02
5.135524833461337039e+03 2.134597984477220489e+00 1.651863070881165810e-02
5.140660358294800062e+03 2.119139202594082505e+00 1.697623421776496555e-02
5.145801018653096435e+03 2.097597941504751873e+00 1.709404683768447203e-02
5.150946819671751655e+03 2.073893232966828037e+00 1.708878013758449027e-02
5.156097766491425318e+03 2.066241072884817953e+00 1.691812950762892551e-02
5.161253864257918394e+03 2.049474078375611796e+00 1.672690966408755045e-02
5.166415118122177773e+03 2.041259195452572506e+00 1.626573057941317624e-02
5.171581533240301724e+03 2.030013062018201975e+00 1.611745252311313006e-02
5.176753114773543530e+03 2.032402018800459231e+00 1.625124036033914754e-02
5.181929867888318768e+03 2.037907199047216622e+00 1.580689857978221508e-02
5.187111797756208944e+03 2.032157745522391590e+00 1.597553173151544312e-02
5.192298909553966951e+03 2.030833045806809789e+00 1.616910069250555859e-02
5.197491208463522526e+03 2.017639111364659232e+00 1.666236572084791451e-02
5.202688699671987706e+03 2.010898189587769558e+00 1.648641270673314313e-02
5.207891388371661378e+03 2.009292734325161867e+00 1.663958890930907625e-02
5.213099279760034733e+03 2.026159968898728181e+00 1.652859026114373783e-02
5.218312379039796724e+03 2.018476758823654293e+00 1.637517944016099805e-02
5.223530691418837705e+03 1.999644320290145494e+00 1.556498103270618008e-02
5.228754222110258524e+03 1.998739449929323397e+00 1.548338540303640515e-02
5.233982976332370527e+03 1.994858657094306986e+00 1.512486186538417911e-02
5.239216959308704645e+03 1.995303054315601621e+00 1.479005278918945308e-02
5.244456176268015042e+03 1.996541498073693521e+00 1.446122428866181489e-02
5.249700632444284565e+03 1.988966315850330124e+00 1.447766764458236627e-02
5.254950333076731113e+03 1.977903344444657430e+00 1.406080943801670674e-02
5.260205283409809454e+03 1.965465285149758268e+00 1.462740185157340896e-02
5.265465488693221232e+03 1.941686391082354302e+00 1.481434796490103609e-02
5.270730954181915877e+03 1.929152804133356991e+00 1.486906198575795729e-02
5.276001685136099695e+03 1.912937516012976902e+00 1.517869342298751138e-02
5.281277686821237694e+03 1.903904931146849222e+00 1.564528485121817816e-02
5.286558964508059944e+03 1.902661505744368098e+00 1.528441637150375863e-02
5.291845523472569766e+03 1.894504142807855729e+00 1.567052648461091449e-02
5.297137368996044643e+03 1.886035649793162072e+00 1.530197894313204375e-02
5.302434506365042580e+03 1.883783788566448347e+00 1.516528508267289688e-02
5.307736940871409388e+03 1.878275294222484293e+00 1.503572416201177236e-02
5.313044677812282316e+03 1.880567590116952514e+00 1.483207922450306172e-02
5.318357722490096421e+03 1.895294519367471509e+00 1.417902442441847793e-02
5.323676080212588204e+03 1.896254859899371592e+00 1.431501101415534258e-02
5.328999756292802886e+03 1.893972465979674169e+00 1.435024650737535407e-02
5.334328756049097137e+03 1.897764236853075603e+00 1.439546808376616915e-02
5.339663084805148173e+03 1.903766641956827765e+00 1.476085057637180516e-02
5.345002747889954662e+03 1.907367934111479313e+00 1.460666365956848727e-02
5.350347750637846730e+03 1.911457423611842676e+00 1.479168102876647801e-02
5.355698098388485960e+03 1.902069077813783871e+00 1.448607601512801046e-02
5.361053796486876308e+03 1.895287282522109651e+00 1.460285313391874486e-02
5.366414850283365013e+03 1.887872898338250893e+00 1.409706714813117011e-02
5.371781265133649867e+03 1.884542950600558209e+00 1.400044026438150915e-02
5.377153046398785591e+03 1.867986241389949509e+00 1.408684565701005462e-02
5.382530199445186554e+03 1.860537667478885604e+00 1.400975481016964244e-02
5.387912729644633146e+03 1.852883310096964609e+00 1.333032115623650031e-02
5.393300642374279960e+03 1.849067013516030311e+00 1.335171494627694112e-02
5.398693943016655794e+03 1.840686342482291016e+00 1.272662928430349366e-02
5.404092636959673655e+03 1.833715240512189260e+00 1.255935414736303671e-02
5.409496729596635305e+03 1.835435227581626583e+00 1.242936518115344939e-02
5.414906226326233991e+03 1.834150329129771606e+00 1.261344815718222837e-02
5.420321132552561721e+03 1.841015740932539391e+00 1.256897248098546270e-02
5.425741453685116539e+03 1.842586876415293284e+00 1.277888063414176802e-02
5.431167195138803436e+03 1.846227535908929740e+00 1.270339527532066658e-02
5.436598362333943442e+03 1.853371585979354919e+00 1.320893996362020734e-02
5.442034960696279086e+03 1.839576756899046872e+00 1.320973143217457971e-02
5.447476995656978033e+03 1.829861367256897964e+00 1.273626609422926804e-02
5.452924472652636723e+03 1.817351309888161737e+00 1.300597868664056349e-02
5.458377397125291282e+03 1.799463896134262608e+00 1.263836924545857533e-02
5.463835774522417523e+03 1.785684136294278135e+00 1.270350107851374831e-02
5.469299610296941864e+03 1.779883248623149283e+00 1.320812640890015217e-02
5.474768909907241323e+03 1.771237420730787715e+00 1.305614144114498540e-02
5.480243678817149885e+03 1.771628839812695144e+00 1.340105238758044874e-02
5.485723922495968509e+03 1.757794834356793290e+00 1.307834448583196883e-02
5.491209646418466946e+03 1.750212254284359892e+00 1.295089806311795246e-02
5.496700856064887375e+03 1.736554715994871767e+00 1.339327899138913550e-02
5.502197556920953502e+03 1.732640098105145299e+00 1.332412043567406806e-02
5.507699754477876013e+03 1.726666293305392230e+00 1.339708304084187389e-02
5.513207454232356213e+03 1.721908875023944407e+00 1.348677075715319813e-02
5.518720661686590574e+03 1.703989051087956286e+00 1.344558637453118627e-02
5.524239382348278923e+03 1.694566737117039201e+00 1.335471386087986115e-02
5.529763621730628984e+03 1.679278578554861401e+00 1.356536625466672752e-02
5.535293385352360929e+03 1.679317007447777454e+00 1.365437011742860231e-02
5.540828678737715563e+03 1.711548597412554384e+00 1.454529797164122798e-02
5.546369507416455235e+03 1.717891267084906470e+00 1.449041289737343710e-02
5.551915876923872929e+03 1.710768216825227395e+00 1.476674209916021413e-02
5.557467792800798634e+03 1.694146918111238298e+00 1.564220956842477667e-02
5.563025260593602070e+03 1.678962299784029666e+00 1.548327455809060671e-02
5.568588285854197238e+03 1.654048801331256424e+00 1.549329782342384089e-02
5.574156874140053333e+03 1.631241043970925286e+00 1.540968909179584595e-02
5.579731031014194741e+03 1.622269059887965215e+00 1.512737022331285021e-02
5.585310762045211050e+03 1.613079379680540937e+00 1.544134374764085695e-02
5.590896072807257951e+03 1.607106951191114019e+00 1.503183212063218151e-02
5.596486968880067252e+03 1.608387618280263442e+00 1.513251208085555737e-02
5.602083455848949598e+03 1.599524024067044747e+00 1.494751722414353057e-02
5.607685539304799931e+03 1.610246866475212313e+00 1.506176221211164880e-02
5.613293224844106589e+03 1.624470650378111891e+00 1.516424314427428088e-02
5.618906518068952209e+03 1.639653142353591608e+00 1.477554552171320666e-02
5.624525424587023736e+03 1.639868201734243414e+00 1.491833575318666019e-02
5.630149950011612418e+03 1.629922106584983155e+00 1.481113838192173356e-02
5.635780099961625638e+03 1.609993966794451392e+00 1.390837963703149029e-02
5.641415880061589633e+03 1.602150793775606985e+00 1.380579169249440685e-02
5.647057295941652228e+03 1.609256871132875411e+00 1.262970735293752859e-02
5.652704353237596479e+03 1.608236365367037735e+00 1.264520893205520365e-02
5.658357057590835211e+03 1.604917765629888304e+00 1.290811971395218818e-02
5.664015414648428305e+03 1.596861161038821475e+00 1.284969286236299288e-02
5.669679430063079053e+03 1.596443131878078514e+00 1.215895455867314727e-02
5.675349109493143260e+03 1.590226653478862939e+00 1.218136739047387916e-02
5.681024458602638333e+03 1.592786197576046225e+00 1.214500643086887689e-02
5.686705483061243285e+03 1.597688056194791040e+00 1.207476621165283134e-02
5.692392188544306009e+03 1.599769758060130664e+00 1.206145081159295390e-02
5.698084580732852373e+03 1.605074640827073296e+00 1.169721239640856940e-02
5.703782665313587131e+03 1.606915633966206292e+00 1.184821576525262390e-02
5.709486447978903016e+03 1.597850483998507931e+00 1.187118979597068420e-02
5.715195934426883468e+03 1.592278779067683558e+00 1.185495402184773284e-02
5.720911130361312644e+03 1.581613092435942391e+00 1.142390067914573863e-02
5.726632041491675409e+03 1.568520346678774935e+00 1.113991946686839277e-02
5.732358673533169167e+03 1.560175950063855232e+00 1.118815941338348850e-02
5.738091032206703858e+03 1.545268591757763987e+00 1.111231647879140465e-02
5.743829123238912871e+03 1.533918026403247259e+00 1.077342630470015314e-02
5.749572952362153046e+03 1.524889215337292825e+00 1.084101893231845075e-02
5.755322525314517407e+03 1.523899002069756037e+00 1.078851598394314770e-02
5.761077847839834249e+03 1.524201707299864594e+00 1.088368585975057513e-02
5.766838925687675328e+03 1.533067779924767171e+00 1.074276571567382536e-02
5.772605764613364954e+03 1.535722675876010967e+00 1.031298855636822963e-02
5.778378370377980900e+03 1.536222593169750850e+00 1.023816893347897182e-02
5.784156748748360769e+03 1.540089880787744114e+00 9.987394514153606975e-03
5.789940905497111089e+03 1.531117362711026164e+00 1.008983421042710348e-02
5.795730846402610041e+03 1.517678892701354698e+00 1.007897569196679159e-02
5.801526577249013826e+03 1.507373017712964502e+00 9.918590210532591059e-03
5.807328103826264851e+03 1.495533372821726603e+00 9.841852300391614253e-03
5.813135431930093546e+03 1.496288121217261180e+00 9.850757136877625469e-03
5.818948567362025642e+03 1.508074964083800928e+00 1.034253481593346707e-02
5.824767515929389447e+03 1.518853381586846352e+00 1.050270682222527972e-02
5.830592283445320390e+03 1.514214246797338292e+00 1.072638731056792770e-02
5.836422875728768304e+03 1.510529193277710736e+00 1.090513000566764069e-02
5.842259298604498326e+03 1.504460307014321430e+00 1.103758202096177116e-02
5.848101557903105459e+03 1.499374594497769664e+00 1.118440403526429865e-02
5.853949659461010015e+03 1.495076468637438039e+00 1.124673277923916338e-02
5.859803609120473084e+03 1.488717573737812661e+00 1.137219451848669842e-02
5.865663412729595620e+03 1.488582900839151568e+00 1.110918041868166721e-02
5.871529076142326630e+03 1.495539802926452833e+00 1.152923702122506631e-02
5.877400605218471355e+03 1.494652161734355555e+00 1.147233495827518386e-02
5.883278005823691274e+03 1.497393489853383830e+00 1.126918950733049769e-02
5.889161283829516833e+03 1.499883712140499314e+00 1.160687691226394008e-02
5.895050445113348360e+03 1.509013869140872988e+00 1.134966123401811959e-02
5.900945495558464245e+03 1.508567970097026700e+00 1.142862409713397455e-02
5.906846441054024581e+03 1.501988963733708493e+00 1.128064435801818394e-02
5.912753287495080258e+03 1.486373281855843498e+00 1.154607438919960996e-02
5.918666040782577511e+03 1.467395253062266480e+00 1.120934933823262113e-02
5.924584706823361557e+03 1.444153299597277673e+00 1.092250849207482624e-02
5.930509291530187511e+03 1.428727548985928131e+00 1.073926087723514611e-02
5.936439800821719473e+03 1.419423594759995577e+00 1.072117207193713263e-02
5.942376240622543264e+03 1.413499004999198672e+00 1.064685636745756232e-02
5.948318616863167335e+03 1.406158085891717979e+00 1.039222517355854747e-02
5.954266935480032771e+03 1.400058587769528851e+00 1.008379946125668135e-02
5.960221202415515108e+03 1.400899999803482121e+00 1.030025603327471700e-02
5.966181423617932523e+03 1.397656033508300144e+00 9.997753660073062029e-03
5.972147605041552197e+03 1.393184871559552951e+00 9.961933474041981956e-03
5.978119752646595771e+03 1.389105964104355717e+00 1.018461777459192009e-02
5.984097872399243897e+03 1.391123819040900544e+00 1.012174251031344036e-02
5.990081970271645332e+03 1.381460929681085137e+00 9.820005911792233436e-03
5.996072052241918755e+03 1.383941829955892988e+00 9.772331832066794358e-03
6.002068124294162772e+03 1.373626254674305658e+00 9.732854023121679035e-03
6.008070192418459555e+03 1.368434038030533539e+00 9.323655336288847600e-03
6.014078262610879392e+03 1.357015149277391419e+00 9.359936275639788028e-03
6.020092340873492503e+03 1.346563982009085114e+00 9.218822036258379760e-03
6.026112433214368139e+03 1.337073104595805084e+00 9.134403460370855293e-03
6.032138545647584579e+03 1.325304593471417602e+00 9.117241313770370684e-03
6.038170684193233683e+03 1.319732527237181818e+00 9.075307126431494953e-03
6.044208854877429076e+03 1.321536379604541178e+00 9.444421018764572948e-03
6.050253063732308874e+03 1.313681480299268456e+00 9.428493453255908097e-03
6.056303316796042964e+03 1.313860881722268781e+00 9.629779740064297808e-03
6.062359620112841185e+03 1.317527973546852360e+00 9.757169546597461302e-03
6.068421979732956061e+03 1.322711943494028208e+00 9.827425166104322013e-03
6.074490401712690982e+03 1.326491836654367207e+00 9.838492128882646640e-03
6.080564892114405666e+03 1.321025527525842236e+00 9.527436913384743078e-03
6.086645457006521610e+03 1.313937115549329793e+00 9.619796831409220886e-03
6.092732102463530282e+03 1.301457096277572223e+00 9.523767919034090840e-03
6.098824834565995843e+03 1.290855965374599457e+00 9.084123501743394599e-03
6.104923659400564247e+03 1.280781599110153213e+00 8.885636572951638099e-03
6.111028583059966877e+03 1.284113668265958186e+00 9.106636957879355246e-03
6.117139611643028729e+03 1.276845702331147692e+00 9.019234962830323388e-03
6.123256751254673873e+03 1.275062830351004095e+00 9.002343643687914926e-03
6.129380008005929994e+03 1.269509284389807924e+00 9.156274201540274757e-03
6.135509388013938405e+03 1.272373461664709327e+00 8.894504775298675212e-03
6.141644897401954040e+03 1.273271995599854378e+00 9.084725454881233467e-03
6.147786542299358189e+03 1.266763621248752969e+00 9.361383849703346777e-03
6.153934328841659408e+03 1.266890276336989807e+00 9.540300872366052481e-03
6.160088263170503524e+03 1.267094578721973619e+00 9.593648701122557340e-03
6.166248351433675452e+03 1.260480719734496935e+00 9.127652420371530975e-03
6.172414599785111022e+03 1.259363830457587818e+00 9.317948893770522378e-03
6.178587014384898794e+03 1.254743530998196022e+00 9.235582360131371765e-03
6.184765601399285515e+03 1.245610112446822404e+00 9.339775636801876668e-03
6.190950367000687038e+03 1.246035805491940041e+00 9.215067062575275220e-03
6.197141317367689226e+03 1.244440803976671006e+00 9.139026136477291021e-03
6.203338458685059777e+03 1.234006521845281368e+00 8.988567767808505402e-03
6.209541797143746408e+03 1.227205581692518699e+00 8.916863984878649688e-03
6.215751338940892310e+03 1.227268828659136446e+00 9.110965975310114304e-03
6.221967090279835247e+03 1.228441606463123170e+00 9.193063103511181847e-03
6.228189057370116643e+03 1.234019071986869998e+00 9.627623642434128548e-03
6.234417246427488863e+03 1.237879241196201408e+00 9.598075909907789055e-03
6.240651663673918847e+03 1.240953399461573792e+00 9.594413631471844853e-03
6.246892315337594482e+03 1.233847272963524810e+00 9.991191648564153732e-03
6.253139207652934601e+03 1.230346781675485834e+00 9.720747336928750593e-03
6.259392346860589896e+03 1.220426638767610372e+00 9.713962148726915796e-03
6.265651739207452010e+03 1.203742038405042791e+00 9.632282936304567555e-03
6.271917390946661726e+03 1.188566301079738263e+00 9.337575878966466320e-03
6.278189308337610782e+03 1.182611482159731775e+00 9.108272720271481937e-03
6.284467497645950061e+03 1.177552295498937474e+00 9.204320897374393753e-03
6.290751965143597772e+03 1.175249611214625123e+00 9.150822512558805591e-03
6.297042717108744000e+03 1.176574907445721463e+00 8.824761395954863058e-03
6.303339759825854344e+03 1.175867421914432054e+00 8.903928384255835674e-03
6.309643099585682648e+03 1.176426687005262428e+00 8.950373034531482891e-03
6.315952742685270096e+03 1.177371613290339125e+00 8.864353844476853192e-03
6.322268695427957937e+03 1.177277235923384513e+00 8.797120740684311047e-03
6.328590964123387494e+03 1.179841040992139822e+00 9.058070528296520776e-03
6.334919555087512890e+03 1.183847009227377622e+00 9.103481634889215926e-03
6.341254474642602872e+03 1.179252761649598247e+00 9.102910399322783688e-03
6.347595729117247174e+03 1.179408354267667658e+00 9.102292515399110218e-03
6.353943324846366522e+03 1.188715804472852744e+00 8.987189412609303957e-03
6.360297268171215364e+03 1.184839479357723269e+00 9.026930337508756036e-03
6.366657565439388236e+03 1.177378776137741001e+00 8.949701638772795953e-03
6.373024223004829764e+03 1.178996699509989199e+00 8.670113642112264526e-03
6.379397247227837397e+03 1.175527142446225248e+00 8.754203434884904461e-03
6.385776644475066860e+03 1.171544461181042829e+00 8.920283052162339757e-03
6.392162421119543978e+03 1.157852106906406497e+00 8.840998380230294384e-03
6.398554583540665590e+03 1.159029785448178140e+00 8.974835879384584700e-03
6.404953138124208635e+03 1.153069446622371652e+00 9.171396113462893657e-03
6.411358091262334710e+03 1.152215247198685955e+00 9.308695347557580449e-03
6.417769449353599157e+03 1.155527495711602626e+00 9.416732336363402983e-03
6.424187218802954703e+03 1.163746744086814111e+00 9.660635947431116949e-03
6.430611406021760558e+03 1.171567969033481926e+00 9.530957321387544673e-03
6.437042017427784231e+03 1.173665705331030207e+00 9.593040453442877591e-03
6.443479059445214261e+03 1.177530205773652083e+00 9.586903771416469683e-03
6.449922538504661134e+03 1.188611002945778594e+00 9.809752126836379649e-03
6.456372461043168187e+03 1.191441468996179642e+00 9.858472987311657845e-03
6.462828833504213435e+03 1.185862893665662998e+00 9.690435265154742628e-03
6.469291662337719572e+03 1.192329172522108793e+00 9.653684807484810837e-03
6.475760954000059428e+03 1.203771291772932850e+00 9.445341841946919628e-03
6.482236714954061426e+03 1.209166783943164569e+00 9.225772624826494503e-03
6.488718951669017770e+03 1.208392860883784392e+00 9.537729014104769434e-03
6.495207670620688987e+03 1.221276837418635353e+00 9.990007082594202711e-03
6.501702878291312118e+03 1.235236448704030154e+00 1.011734500661644331e-02
6.508204581169605262e+03 1.245583123285744165e+00 1.067745433075982346e-02
6.514712785750777584e+03 1.254371713438661828e+00 1.170474438279036147e-02
6.521227498536530220e+03 1.294042259632300684e+00 1.189395026397145269e-02
6.527748726035069012e+03 1.358679393622202358e+00 1.254381486222079338e-02
6.534276474761106329e+03 1.437038005939963003e+00 1.348604259130883019e-02
6.540810751235869247e+03 1.518828272637564147e+00 1.453510014412835727e-02
6.547351561987107743e+03 1.588587958853724835e+00 1.420709540507715356e-02
6.553898913549096505e+03 1.628370346010544978e+00 1.390533676326303168e-02
6.560452812462647671e+03 1.652447941395082109e+00 1.347222701488265569e-02
6.567013265275112644e+03 1.645833348286135367e+00 1.317519881122453974e-02
6.573580278540390282e+03 1.610180172548664190e+00 1.364134513007721553e-02
6.580153858818932349e+03 1.550834528570938176e+00 1.381331698875581070e-02
6.586734012677753526e+03 1.476244658744931160e+00 1.301453440763723768e-02
6.593320746690433225e+03 1.393391284467030422e+00 1.212393624922995794e-02
6.599914067437126505e+03 1.326063009663880132e+00 1.130696985615023582e-02
6.606513981504565891e+03 1.275993346618396584e+00 1.132392007140661100e-02
6.613120495486072286e+03 1.234934009102101493e+00 1.155662827911774562e-02
6.619733615981560433e+03 1.214489591720546491e+00 9.830718832982568781e-03
6.626353349597544366e+03 1.206739406683177140e+00 7.872936065443375195e-03
6.632979702947143778e+03 1.187559974398733509e+00 7.675056781464205391e-03
6.639612682650093120e+03 1.158404270272473502e+00 7.405150711954556174e-03
6.646252295332745234e+03 1.140809162572111957e+00 7.061853954310570551e-03
6.652898547628080451e+03 1.125680018304951568e+00 6.924690027154064426e-03
6.659551446175711135e+03 1.114980523016836145e+00 7.133395957275813146e-03
6.666210997621888964e+03 1.105083371734919995e+00 6.891997395743057649e-03
6.672877208619513112e+03 1.095365584561722283e+00 6.877368281358576217e-03
6.679550085828134797e+03 1.081974144294040929e+00 6.744375443976096708e-03
6.686229635913964557e+03 1.070341871601212302e+00 6.717590603395343953e-03
6.692915865549881346e+03 1.056867806613110528e+00 6.737922983807259972e-03
6.699608781415433441e+03 1.045640607941364264e+00 6.628289561359762376e-03
6.706308390196851178e+03 1.037005227422063802e+00 6.815215514080065311e-03
6.713014698587049679e+03 1.025244664964685581e+00 6.888182859172494073e-03
6.719727713285638856e+03 1.006356596015911764e+00 6.722702438638044828e-03
6.726447440998927050e+03 9.895710956324019758e-01 6.685276949895005080e-03
6.733173888439928305e+03 9.778959101076195592e-01 6.608515719641419942e-03
6.739907062328370557e+03 9.700820741871574171e-01 6.729405682151732605e-03
6.746646969390701088e+03 9.639596655250760593e-01 6.647513367278776696e-03
6.753393616360093802e+03 9.586458005564196805e-01 6.607266639319333244e-03
6.760147009976456502e+03 9.519035648651983372e-01 6.538278403917376774e-03
6.766907156986434529e+03 9.471691819389314038e-01 6.445295133754707154e-03
6.773674064143423493e+03 9.397708820109978989e-01 6.469386175982547692e-03
6.780447738207569273e+03 9.340954064765903953e-01 6.368031910798463251e-03
6.787228185945778932e+03 9.330249717834960821e-01 6.483101859471459075e-03
6.794015414131727084e+03 9.323752478753508655e-01 6.365701586192651362e-03
6.800809429545861349e+03 9.258408970714916419e-01 6.595332846811600633e-03
6.807610238975408720e+03 9.223280869831175233e-01 6.655733968755785275e-03
6.814417849214386479e+03 9.133225501697795901e-01 6.669807727506065625e-03
6.821232267063603103e+03 9.024974122841356028e-01 6.445170461241918856e-03
6.828053499330669183e+03 8.950521441202764494e-01 6.426534812763558084e-03
6.834881552830001965e+03 8.953042663840657944e-01 6.565842475603042745e-03
6.841716434382834450e+03 8.908067189798349883e-01 6.432020419934961035e-03
6.848558150817219939e+03 8.875152849190287574e-01 6.410261117779102007e-03
6.855406708968039311e+03 8.817657660559701238e-01 6.438904310845856502e-03
6.862262115677009206e+03 8.804465626766672104e-01 6.368473606269201004e-03
6.869124377792688392e+03 8.806715824810966708e-01 6.707999178722555064e-03
6.875993502170483225e+03 8.756507761003916590e-01 6.657736978135901304e-03
6.882869495672656740e+03 8.723693020960967548e-01 6.836151504061116144e-03
6.889752365168331380e+03 8.648706355376132304e-01 6.916507786729779103e-03
6.896642117533501732e+03 8.630467782996927850e-01 6.932671055374913481e-03
6.903538759651037253e+03 8.563212897138829938e-01 6.971600072296863480e-03
6.910442298410691365e+03 8.542041953131899179e-01 6.865794526779399332e-03
6.917352740709104182e+03 8.533333496929706996e-01 7.069766576914997443e-03
6.924270093449815249e+03 8.538460799553309055e-01 7.096438399390687241e-03
6.931194363543267173e+03 8.529844965897189768e-01 6.891941960905458020e-03
6.938125557906812901e+03 8.576905444925743138e-01 6.708874536384121234e-03
6.945063683464722089e+03 8.506295082181668521e-01 7.028429751022739758e-03
6.952008747148189286e+03 8.516215944204111876e-01 6.916151574729797330e-03
6.958960755895339389e+03 8.536940611430289261e-01 6.889160736258663487e-03
6.965919716651237650e+03 8.590346576751588525e-01 6.928217671243758029e-03
6.972885636367890584e+03 8.565841656063457599e-01 6.822787675373085010e-03
6.979858522004260521e+03 8.564169835754810167e-01 6.861832052743155330e-03
6.986838380526267429e+03 8.486646626646120462e-01 6.776728981588773897e-03
6.993825218906796181e+03 8.429420198860163582e-01 6.760710162105664466e-03
7.000819044125705659e+03 8.394295333005877824e-01 6.669082895639158980e-03
7.007819863169833297e+03 8.266334069685574715e-01 6.346181610512383053e-03
7.014827683033005087e+03 8.160864092206527864e-01 6.231142058356513476e-03
7.021842510716041033e+03 8.150874704452522046e-01 6.108475700972887737e-03
7.028864353226758794e+03 8.111096140205337202e-01 6.008517515689957428e-03
7.035893217579988232e+03 8.160772713198203299e-01 6.072203006278383171e-03
7.042929110797570502e+03 8.198818353891990096e-01 5.995716465364641680e-03
7.049972039908370789e+03 8.266722394929186812e-01 6.162680474132845206e-03
7.057022011948281033e+03 8.298725314048575052e-01 5.843770228277667469e-03
7.064079033960231754e+03 8.325109324431660962e-01 5.705376563566795511e-03
7.071143112994193871e+03 8.325925260365050207e-01 5.712427813742619251e-03
7.078214256107190522e+03 8.269323902398854065e-01 5.571956348406444624e-03
7.085292470363300708e+03 8.195343161991284209e-01 5.313590593053238442e-03
7.092377762833665656e+03 8.118047167784644413e-01 5.207568166835658229e-03
7.099470140596501551e+03 8.073161079039208321e-01 5.260448104680782305e-03
7.106569610737100447e+03 8.049963886831417170e-01 5.299946077300720336e-03
7.113676180347840273e+03 8.010920892546088412e-01 5.348769515982095338e-03
7.120789856528190285e+03 7.939570226542186360e-01 5.353164722257586737e-03
7.127910646384721076e+03 7.910036950000216560e-01 5.542695248745250353e-03
7.135038557031108212e+03 7.928197355756195774e-01 6.072942621188001655e-03
7.142173595588141325e+03 7.932013111210320933e-01 6.293850050430555704e-03
7.149315769183732300e+03 7.904529231072332518e-01 6.288648926503838041e-03
7.156465084952918005e+03 7.904619743323151315e-01 6.599349152620434533e-03
7.163621550037873021e+03 7.870093229232081322e-01 6.693516151885648205e-03
7.170785171587913283e+03 7.809529919288988875e-01 6.770268202021566435e-03
7.177955956759504261e+03 7.746946755055704736e-01 6.948628989208338602e-03
7.185133912716265513e+03 7.709919602847445930e-01 7.159314357067899509e-03
7.192319046628984324e+03 7.652920877630133845e-01 7.122936460488104964e-03
7.199511365675615707e+03 7.552099190534155015e-01 7.383363846670308074e-03
7.206710877041294225e+03 7.497487969273136654e-01 7.465453279263660306e-03
7.213917587918337631e+03 7.412045998475097486e-01 7.431520537965493819e-03
7.221131505506257781e+03 7.331148872923815007e-01 7.416121351621275844e-03
7.228352637011767001e+03 7.326889371944566021e-01 7.603651213530935454e-03
7.235580989648780815e+03 7.398882316318595720e-01 7.744775470932127245e-03
7.242816570638432495e+03 7.410405364543856122e-01 8.029061051954245257e-03
7.250059387209073066e+03 7.483527569467729457e-01 7.993029619208436715e-03
7.257309446596284033e+03 7.547532342204070765e-01 7.978238108148572039e-03
7.264566756042882844e+03 7.509409560597545275e-01 7.983681671439752173e-03
7.271831322798928340e+03 7.483208017473582663e-01 8.003525821525261930e-03
7.279103154121729858e+03 7.461543091984784715e-01 7.240716992387203135e-03
7.286382257275853590e+03 7.371163845827211070e-01 7.182705561902163853e-03
7.293668639533132591e+03 7.281544865392793886e-01 7.228859621824366109e-03
7.300962308172667690e+03 7.255922996532873093e-01 6.980647620630636707e-03
7.308263270480842948e+03 7.184324087945437309e-01 6.979155684698533889e-03
7.315571533751325660e+03 7.118937384558257087e-01 6.810752695430502025e-03
7.322887105285079997e+03 7.086373931739339271e-01 6.638244897501545047e-03
7.330209992390367006e+03 7.100889651030262151e-01 6.376104963473443014e-03
7.337540202382760071e+03 7.125498427450741579e-01 6.346936911242671668e-03
7.344877742585144915e+03 7.160247798482153314e-01 6.370483361714368228e-03
7.352222620327733239e+03 7.203751966792655281e-01 6.420414345620237447e-03
7.359574842948062724e+03 7.190177914644299006e-01 6.473890888458941340e-03
7.366934417791013402e+03 7.228128270524215582e-01 6.316826523054134938e-03
7.374301352208806748e+03 7.225032663595923887e-01 6.378788233719647621e-03
7.381675653561018407e+03 7.221559359469462702e-01 6.450908506659512077e-03
7.389057329214581841e+03 7.241717170028744155e-01 6.164243021098494285e-03
7.396446386543798326e+03 7.223043123379582209e-01 6.067728854300005401e-03
7.403842832930345139e+03 7.205894950096678464e-01 5.947863053830449061e-03
7.411246675763277381e+03 7.139469118087131694e-01 6.541480892894816802e-03
7.418657922439043432e+03 7.114050986769714369e-01 6.488707470113532112e-03
7.426076580361484957e+03 7.115583909506094651e-01 6.449063984246349891e-03
7.433502656941848727e+03 7.046488220615352294e-01 6.537473171021357908e-03
7.440936159598792983e+03 7.005787957540891009e-01 6.584312321433576955e-03
7.448377095758394717e+03 7.004234360064582887e-01 6.705664412883196451e-03
7.455825472854155123e+03 6.981630959825753102e-01 6.620251527214228611e-03
7.463281298327012337e+03 6.953475148871177680e-01 6.636439014086707548e-03
7.470744579625341430e+03 6.885552703905347682e-01 6.574473755048074360e-03
7.478215324204968965e+03 6.869579572564714631e-01 6.610961435090622652e-03
7.485693539529176633e+03 6.832229247470497091e-01 6.543319094621755441e-03
7.493179233068708527e+03 6.792005840963475372e-01 6.404424423157056845e-03
7.500672412301779332e+03 6.778209236786535419e-01 6.544619054906143651e-03
7.508173084714083416e+03 6.775025509940579838e-01 6.477205761682889272e-03
7.515681257798800289e+03 6.777572515585841284e-01 6.419282627112086331e-03
7.523196939056601877e+03 6.842015986111665837e-01 6.639889698763662765e-03
7.530720135995660712e+03 6.873413886163768360e-01 6.495411465596614628e-03
7.538250856131659020e+03 6.915079961150630838e-01 6.432377301396194000e-03
7.545789106987793275e+03 6.957364800292225038e-01 6.504322057158518251e-03
7.553334896094783289e+03 6.956285165989679609e-01 6.411589563492758187e-03
7.560888230990880402e+03 6.974361130978840029e-01 5.989195360625088928e-03
7.568449119221873843e+03 6.945887319854421316e-01 6.015889072288301172e-03
7.576017568341098013e+03 6.819244077858697128e-01 5.855164212769289542e-03
7.583593585909441572e+03 6.750260464585514653e-01 5.852529174559962383e-03
7.591177179495353812e+03 6.671175773368487327e-01 5.658576340062454989e-03
7.598768356674851930e+03 6.612175030964495548e-01 5.450257678090915901e-03
7.606367125031529213e+03 6.567903729579621652e-01 5.530207624671528571e-03
7.613973492156563225e+03 6.520038439162541000e-01 5.482041211773625543e-03
7.621587465648722173e+03 6.493993845630778861e-01 5.499345380237657434e-03
7.629209053114373091e+03 6.449433457588945595e-01 5.537720586543761793e-03
7.636838262167490029e+03 6.441024241269707185e-01 5.679228684611820933e-03
7.644475100429660415e+03 6.421054851723236867e-01 5.783328729664751269e-03
7.652119575530092334e+03 6.373980965690860812e-01 5.586019889012326656e-03
7.659771695105625440e+03 6.390395156352079997e-01 5.550702381425247529e-03
7.667431466800733688e+03 6.416872083448824648e-01 5.609821238619102854e-03
7.675098898267536242e+03 6.387619775291915047e-01 5.401189751588095396e-03
7.682773997165806577e+03 6.372405791827147059e-01 5.378002253147178349e-03
7.690456771162975201e+03 6.366188278252979948e-01 5.374135778300329937e-03
7.698147227934140574e+03 6.346012881515161741e-01 5.323812236519218956e-03
7.705845375162077289e+03 6.391935421657944927e-01 5.531123908548464529e-03
7.713551220537241534e+03 6.397885789190669303e-01 5.466661064347878851e-03
7.721264771757782000e+03 6.341714557791412465e-01 5.351554088809399624e-03
7.728986036529541707e+03 6.307865134307262256e-01 5.354603117816043693e-03
7.736715022566074367e+03 6.248702551185419951e-01 5.242086284121129369e-03
7.744451737588642573e+03 6.212241554734180271e-01 5.214881350993490552e-03
7.752196189326234162e+03 6.194015815386922919e-01 5.205666808246659991e-03
7.759948385515562222e+03 6.171212876396874325e-01 5.074704241717671246e-03
7.767708333901080550e+03 6.123028393376189760e-01 4.990772351613482344e-03
7.775476042234984561e+03 6.110584017937606971e-01 5.144911419655257868e-03
7.783251518277222203e+03 6.124045684230479125e-01 5.072023687084093770e-03
7.791034769795502143e+03 6.120321467518108349e-01 4.978095546068430147e-03
7.798825804565300132e+03 6.056138862165172387e-01 4.931776202574541905e-03
7.806624630369868100e+03 6.029893791692677585e-01 4.930402144420504597e-03
7.814431255000240526e+03 6.036928792556446322e-01 4.881830362052843632e-03
7.822245686255242617e+03 5.999275955868156318e-01 4.835742100913684172e-03
7.830067931941501229e+03 5.968235775639559870e-01 4.723852440838524278e-03
7.837897999873444860e+03 5.960027542168078174e-01 4.882828722094860116e-03
7.845735897873320937e+03 5.955039509066727410e-01 4.888050520561005446e-03
7.853581633771196721e+03 6.001885250030412067e-01 4.738468337234714133e-03
7.861435215404970222e+03 6.005036953100013619e-01 4.690576503659362601e-03
7.869296650620378387e+03 6.013517638314404001e-01 4.663610849779144946e-03
7.877165947271001642e+03 6.016304070226213829e-01 4.650050876883079359e-03
7.885043113218274812e+03 5.986733736472547029e-01 4.906960752035902443e-03
7.892928156331495302e+03 5.939211489217858242e-01 4.990953235441780017e-03
7.900821084487829467e+03 5.921066712278733046e-01 5.035288825243620578e-03
7.908721905572319884e+03 5.877683497378080046e-01 5.114064575365174538e-03
7.916630627477895359e+03 5.810219166613319608e-01 5.198224487479380200e-03
7.924547258105375477e+03 5.785300887908764178e-01 5.409444638738992485e-03
7.932471805363483327e+03 5.771636545885040492e-01 5.279335940099992228e-03
7.940404277168850058e+03 5.827599399180986017e-01 5.358052143886682384e-03
7.948344681446021241e+03 5.813896075957974974e-01 5.556265824354701156e-03
7.956293026127469602e+03 5.799026990503921564e-01 5.471339335494131151e-03
7.964249319153599572e+03 5.786457634225815605e-01 5.473519143046128368e-03
7.972213568472756378e+03 5.727156810060111125e-01 5.672953661299424619e-03
7.980185782041231505e+03 5.683082879783881713e-01 5.811147643410599119e-03
7.988165967823275423e+03 5.576628574235271696e-01 5.987533729753831760e-03
7.996154133791101231e+03 5.521651869686331482e-01 5.926286838448474072e-03
8.004150287924895565e+03 5.450423707255429573e-01 5.880140406457045818e-03
8.012154438212822242e+03 5.452161213428630138e-01 5.986078514026904954e-03
8.020166592651037718e+03 5.441465286705805537e-01 6.060242243542239733e-03
8.028186759243691995e+03 5.455581254463790497e-01 6.095668175387970039e-03
8.036214946002938632e+03 5.493669474605856751e-01 6.102190482717492238e-03
8.044251160948943834e+03 5.508844623141079255e-01 5.880581295144724809e-03
8.052295412109895551e+03 5.567916451626350183e-01 5.848127485951068287e-03
8.060347707522008022e+03 5.587022360263390608e-01 5.919017668595654043e-03
8.068408055229532692e+03 5.580299775092395498e-01 5.913385177014142229e-03
8.076476463284764577e+03 5.593238441610938194e-01 5.910054311092188123e-03
8.084552939748052268e+03 5.535523914783124777e-01 5.747902071374227755e-03
8.092637492687803388e+03 5.486303079214203127e-01 5.849968740183065542e-03
8.100730130180493688e+03 5.492424736652483652e-01 5.878567383195739370e-03
8.108830860310677053e+03 5.472492788927855178e-01 5.906679778777235157e-03
8.116939691170990045e+03 5.484541912670980457e-01 6.008862567739023559e-03
8.125056630862163729e+03 5.475432615824793459e-01 6.013023970294149867e-03
8.133181687493028221e+03 5.453017648041642573e-01 6.073572588345455860e-03
8.141314869180524511e+03 5.425101474125099132e-01 5.913554834602891691e-03
8.149456184049707190e+03 5.396224771422503119e-01 5.760923075114800923e-03
8.157605640233759914e+03 5.366308835663758936e-01 5.696633376599476856e-03
8.165763245873996311e+03 5.360041135174001825e-01 5.692610999096096511e-03
8.173929009119872717e+03 5.349528334095103865e-01 5.716613602399893586e-03
8.182102938128995447e+03 5.297931003085579738e-01 5.684843955793991883e-03
8.190285041067127167e+03 5.248706889807559506e-01 5.549435751085021566e-03
8.198475326108196896e+03 5.257876994252964620e-01 5.571913013803300035e-03
8.206673801434308189e+03 5.283180280520862748e-01 5.594679856204080697e-03
8.214880475235744598e+03 5.297388062458843194e-01 5.579937503643892308e-03
8.223095355710984222e+03 5.357849383285246958e-01 5.478312917756290173e-03
8.231318451066697889e+03 5.335174075437429941e-01 6.300347859204134468e-03
8.239549769517767345e+03 5.346807642168446284e-01 6.423148458771796646e-03
8.247789319287287071e+03 5.261347625973291642e-01 6.483184377148207972e-03
8.256037108606577021e+03 5.254324329523646364e-01 6.458330001509071487e-03
8.264293145715186256e+03 5.197409448897801765e-01 6.307604431819217178e-03
8.272557438860903858e+03 5.209264151618812067e-01 6.138762482400869983e-03
8.280829996299768027e+03 5.191351719689256683e-01 6.131068905453696330e-03
8.289110826296069718e+03 5.162710137283490486e-01 6.353792900342411336e-03
8.297399937122369010e+03 5.111584021219497398e-01 6.176588005188730739e-03
8.305697337059495112e+03 5.098652607449674079e-01 6.373912170802163019e-03
8.314003034396557268e+03 5.116281993350023649e-01 6.417789431392424519e-03
8.322317037430955679e+03 5.189064546576699355e-01 6.470757993363362645e-03
8.330639354468388774e+03 5.221878787132170352e-01 6.593216889045390959e-03
8.338969993822860488e+03 5.279878354885385594e-01 6.836410970102065748e-03
8.347308963816685718e+03 5.251194781320770444e-01 7.242196107009944532e-03
8.355656272780506697e+03 5.305418319773256286e-01 7.350670953655569564e-03
8.364011929053289350e+03 5.244287008965272667e-01 7.525871624653785244e-03
8.372375940982345128e+03 5.209148865769729353e-01 7.715906733436090313e-03
8.380748316923331004e+03 5.218548709624157844e-01 7.756719167327712910e-03
8.389129065240256750e+03 5.246346735239629799e-01 7.627053021669158613e-03
8.397518194305499492e+03 5.255842950654772139e-01 7.144474210857764025e-03
8.405915712499807341e+03 5.290898066458945559e-01 6.979711865045439348e-03
8.414321628212310316e+03 5.292566561962444016e-01 7.060356443924167662e-03
8.422735949840525791e+03 5.220594970504713883e-01 7.018445628812619054e-03
8.431158685790369418e+03 5.153080132069254304e-01 7.098322575900944779e-03
8.439589844476162398e+03 5.110389391100167433e-01 7.171090177800804218e-03
8.448029434320640576e+03 5.036380203113741683e-01 7.290981176448706538e-03
8.456477463754963537e+03 4.981766167535386369e-01 7.121939396276910465e-03
8.464933941218721884e+03 4.900237891444423899e-01 6.829779963275383302e-03
8.473398875159942691e+03 4.924651329583459303e-01 6.769658126707149559e-03
8.481872274035105875e+03 4.939213834196179986e-01 6.681666394438807305e-03
8.490354146309144198e+03 4.987356775830509292e-01 6.816392134865786184e-03
8.498844500455456000e+03 5.102878686538235842e-01 6.542454125983530530e-03
8.507343344955914290e+03 5.194226615273356273e-01 6.199610237456996270e-03
8.515850688300872207e+03 5.269423365924504887e-01 5.864677420038985796e-03
8.524366538989177570e+03 5.308588677690599944e-01 5.709719874224894118e-03
8.532890905528169242e+03 5.304276774896904412e-01 5.508102949822399515e-03
8.541423796433698953e+03 5.302015109054261099e-01 5.404168820855806930e-03
8.549965220230136765e+03 5.251646369794147340e-01 5.296141492174000209e-03
8.558515185450369245e+03 5.230941323270238419e-01 5.457346590370335156e-03
8.567073700635823116e+03 5.213140148243390337e-01 5.034522713723528671e-03
8.575640774336461618e+03 5.230489587185980227e-01 4.941253304653795732e-03
8.584216415110800881e+03 5.256768976749164324e-01 4.798208333745040272e-03
8.592800631525913559e+03 5.330868641274073561e-01 4.774128361149819998e-03
8.601393432157443385e+03 5.355993096090424510e-01 4.628912229968477204e-03
8.609994825589603352e+03 5.392861866601846854e-01 4.588648739755016651e-03
8.618604820415195718e+03 5.408382271849944134e-01 4.499202602319647172e-03
8.627223425235613831e+03 5.453839566833824648e-01 4.441755811753420047e-03
8.635850648660851220e+03 5.487549161570647316e-01 4.414105500238687911e-03
8.644486499309516148e+03 5.527091699942420222e-01 4.342004009731086599e-03
8.653130985808827973e+03 5.536953986165422670e-01 4.286052887487501288e-03
8.661784116794638976e+03 5.532469434821908338e-01 4.243082190081405060e-03
8.670445900911438002e+03 5.527678257398295214e-01 4.133328002322330177e-03
8.679116346812352276e+03 5.544240159814433078e-01 4.070964055142734829e-03
8.687795463159167412e+03 5.589289209707500872e-01 4.076484119275589416e-03
8.696483258622329231e+03 5.595362059858063342e-01 3.999541584701281002e-03
8.705179741880954680e+03 5.604746127950546164e-01 3.983668411216312842e-03
8.713884921622837282e+03 5.602970212417507367e-01 3.975225312269392401e-03
8.722598806544463514e+03 5.588697077349750186e-01 4.109437857569014571e-03
8.731321405351010981e+03 5.581051680894945077e-01 4.347723553402261035e-03
8.740052726756364791e+03 5.552115586784089896e-01 4.310842679708752449e-03
8.748792779483124832e+03 5.530570826910605753e-01 4.417590257781441043e-03
8.757541572262609407e+03 5.470159008881845253e-01 4.323989316274047187e-03
8.766299113834875243e+03 5.438052017187383624e-01 4.392917873329425793e-03
8.775065412948713856e+03 5.407597685707129509e-01 4.781429592334726641e-03
8.783840478361664282e+03 5.419718106509520128e-01 4.916156691771050684e-03
8.792624318840029446e+03 5.433273776573551705e-01 5.047297603141317340e-03
8.801416943158872527e+03 5.408860274946551971e-01 5.067596448614426589e-03
8.810218360102035149e+03 5.438685357659642783e-01 5.180193284069945989e-03
8.819028578462139194e+03 5.419727346740672580e-01 5.164759804671006579e-03
8.827847607040604998e+03 5.436172833393932979e-01 5.353835426063104433e-03
8.836675454647647712e+03 5.466343166351426142e-01 5.390294721075705557e-03
8.845512130102299125e+03 5.449962474246468069e-01 5.651124064087172626e-03
8.854357642232404032e+03 5.508403174194528296e-01 5.722563100286598425e-03
8.863211999874638423e+03 5.512320539813659881e-01 5.804568380850784470e-03
8.872075211874516754e+03 5.501030409549699796e-01 5.885678946005680132e-03
8.880947287086393771e+03 5.468028970918686893e-01 5.794662682668217865e-03
8.889828234373482701e+03 5.436148858097614722e-01 5.945579607263166283e-03
8.898718062607858883e+03 5.464390685930150537e-01 5.985179286522935779e-03
8.907616780670470689e+03 5.475666524267741586e-01 6.024283406680783735e-03
8.916524397451143159e+03 5.459251962490202503e-01 5.982416298265277876e-03
8.925440921848598009e+03 5.404002804821962380e-01 6.481123418409950009e-03
8.934366362770449996e+03 5.430018884241115673e-01 6.416672568992079148e-03
8.943300729133223285e+03 5.464026971100247598e-01 6.323356923068099850e-03
8.952244029862358730e+03 5.468055454867165599e-01 6.310672559204260831e-03
8.961196273892224781e+03 5.478774855851000769e-01 6.443812702667085258e-03
8.970157470166119310e+03 5.471262102250732395e-01 6.658416197050811766e-03
8.979127627636287798e+03 5.477321461587354445e-01 6.964233545266153638e-03
8.988106755263928790e+03 5.496271818127362874e-01 7.249491774779461342e-03
8.997094862019195716e+03 5.530684015091809069e-01 7.635204190680851787e-03
9.006091956881216902e+03 5.518684129621211909e-01 8.389586450631253758e-03
9.015098048838101022e+03 5.489640097736436797e-01 9.594811447194491472e-03
9.024113146886942559e+03 5.469480635974246496e-01 1.121208020512307404e-02
9.033137260033832717e+03 5.450167013067401811e-01 1.345095461156076665e-02
9.042170397293868518e+03 5.424141156349124859e-01 1.654830842251803907e-02
9.051212567691165532e+03 5.414673381211129177e-01 2.065596014210531114e-02
9.060263780258859697e+03 5.456986198548132716e-01 2.561787174909021733e-02
9.069324044039121873e+03 5.405776826829096215e-01 3.192561789611944589e-02
9.078393368083163296e+03 5.399635350152044433e-01 4.228767057478895891e-02
9.087471761451250131e+03 5.416156942950148823e-01 5.721718684652721265e-02
9.096559233212705294e+03 5.422910213829631454e-01 7.825875175039724574e-02
