# starting wavelength: 3150.240
# ending wavelength: 8775.960
# wav flux eflux
3.153225454340461056e+03 2.992688726027749047e-01 8.882589067697193100e-03
3.156378679794802792e+03 2.992950196727326428e-01 6.665389769385011293e-03
3.159535058474598372e+03 2.977797023128627707e-01 4.920871594410764806e-03
3.162694593533074112e+03 2.962241198267004383e-01 3.744853255507091423e-03
3.165857288126608182e+03 2.939096488065310320e-01 2.854813357912094375e-03
3.169023145414736064e+03 2.914274779496925927e-01 2.226849901326922315e-03
3.172192168560151458e+03 2.886804208043407538e-01 1.767498803074141417e-03
3.175364360728712654e+03 2.859152898512966612e-01 1.431100634342781898e-03
3.178539725089442527e+03 2.831468197288659061e-01 1.230212942789512534e-03
3.181718264814533086e+03 2.807590628825166745e-01 1.184674665529391940e-03
3.184899983079348658e+03 2.789205396449724872e-01 1.134649052111857308e-03
3.188084883062429071e+03 2.776493255499847268e-01 1.146475892978074179e-03
3.191272967945492383e+03 2.765858362701005824e-01 1.035095917453166805e-03
3.194464240913438971e+03 2.756226255329259356e-01 9.482284114416513268e-04
3.197658705154353811e+03 2.748979365180577727e-01 8.827800096942321805e-04
3.200856363859509202e+03 2.743629877049815757e-01 8.365786574709223626e-04
3.204057220223369768e+03 2.738940323901325469e-01 7.978525351302928788e-04
3.207261277443593826e+03 2.734724402435061430e-01 7.663287820469525183e-04
3.210468538721038840e+03 2.729420823062686519e-01 7.493382673828656321e-04
3.213679007259760965e+03 2.726749356171447314e-01 7.366481187558495672e-04
3.216892686267021418e+03 2.725506725449720058e-01 7.300639800850637585e-04
3.220109578953289656e+03 2.724140368298443859e-01 7.109464951217864042e-04
3.223329688532243836e+03 2.721439829109848496e-01 7.238416950822497030e-04
3.226553018220777176e+03 2.719455054132149940e-01 7.409311342216680796e-04
3.229779571238999324e+03 2.717773497608687028e-01 7.542968049494050940e-04
3.233009350810239084e+03 2.718783438605307246e-01 7.626779929721123202e-04
3.236242360161050783e+03 2.719231734309753290e-01 7.745569369476313802e-04
3.239478602521212906e+03 2.719656632275141983e-01 8.070663444453260492e-04
3.242718081123734919e+03 2.714300589136821595e-01 7.929461668268411806e-04
3.245960799204859995e+03 2.711369045788210586e-01 7.893260439041791454e-04
3.249206760004065927e+03 2.708007950949346543e-01 7.865593556587275551e-04
3.252455966764071036e+03 2.704026546361365524e-01 8.100144744159142821e-04
3.255708422730835991e+03 2.701719466552192084e-01 8.033192513268160593e-04
3.258964131153567905e+03 2.699504837926625100e-01 7.795987786314566726e-04
3.262223095284722604e+03 2.695811107740218038e-01 7.922687601522991228e-04
3.265485318380008266e+03 2.692254149310669420e-01 7.870199567475182545e-04
3.268750803698389518e+03 2.688141189680983145e-01 7.796590246818354978e-04
3.272019554502088795e+03 2.688392369703444529e-01 7.556111704150326710e-04
3.275291574056592253e+03 2.690192971956127943e-01 7.206867247579842092e-04
3.278566865630649772e+03 2.690271166203659359e-01 7.226293947909859499e-04
3.281845432496281319e+03 2.691007687287803041e-01 7.146655910170928664e-04
3.285127277928778767e+03 2.691965002225683024e-01 6.666392183271018521e-04
3.288412405206708627e+03 2.692984742945995214e-01 6.193810690688035308e-04
3.291700817611916591e+03 2.698166950568724465e-01 5.364855947794705321e-04
3.294992518429529355e+03 2.705464745661716464e-01 5.120911716194080296e-04
3.298287510947960072e+03 2.716448015918583869e-01 4.988998222200446758e-04
3.301585798458909267e+03 2.732137202983825897e-01 5.162649405379064575e-04
3.304887384257369376e+03 2.751005383632141865e-01 5.361870325486649703e-04
3.308192271641627485e+03 2.768609131650882627e-01 5.457730158688083770e-04
3.311500463913270323e+03 2.790563898316822389e-01 5.451605651729394186e-04
3.314811964377184722e+03 2.814869173682336134e-01 5.347109669947909712e-04
3.318126776341563072e+03 2.839411843671847957e-01 5.070647915601744988e-04
3.321444903117905596e+03 2.863651332889390333e-01 4.748681069984154253e-04
3.324766348021024896e+03 2.887141387198308151e-01 4.646182828161564285e-04
3.328091114369046863e+03 2.912674775470353583e-01 4.214591343975686538e-04
3.331419205483417045e+03 2.935618855658368997e-01 4.154831605980000876e-04
3.334750624688901553e+03 2.958806950438072625e-01 3.856729513284854328e-04
3.338085375313591612e+03 2.982419471815745404e-01 3.890486209784258182e-04
3.341423460688906289e+03 3.005858338509443395e-01 4.112476614111088263e-04
3.344764884149596128e+03 3.029916844114465824e-01 4.279416919947506056e-04
3.348109649033746791e+03 3.049610421216401024e-01 4.041756266770960113e-04
3.351457758682781787e+03 3.066107391160723949e-01 4.112077719823556128e-04
3.354809216441465651e+03 3.080618018680657544e-01 3.955822525847494026e-04
3.358164025657908041e+03 3.094920415049395856e-01 3.824687714950126887e-04
3.361522189683567376e+03 3.104991711919409814e-01 4.059827101052655945e-04
3.364883711873251741e+03 3.113410755264463536e-01 4.162601890692307059e-04
3.368248595585126168e+03 3.120336149339016374e-01 4.232438029187888151e-04
3.371616844180712633e+03 3.125751418725504216e-01 4.198222618691324235e-04
3.374988461024894150e+03 3.130291226305441099e-01 4.232113550246308933e-04
3.378363449485920228e+03 3.132729058680313039e-01 4.464659869794214246e-04
3.381741812935407324e+03 3.136168742924869135e-01 4.544208533424001360e-04
3.385123554748343849e+03 3.139582994732783017e-01 4.615156464755621715e-04
3.388508678303093347e+03 3.140524326870299809e-01 5.601891324031987559e-04
3.391897186981397681e+03 3.141277026818380391e-01 6.703732794817265396e-04
3.395289084168380214e+03 3.144293277070858705e-01 6.415400224796260304e-04
3.398684373252549449e+03 3.151587972463467668e-01 6.254015266373456417e-04
3.402083057625803121e+03 3.159506754152437979e-01 5.637633514702325866e-04
3.405485140683430018e+03 3.172069271042450289e-01 5.926183462362319019e-04
3.408890625824114522e+03 3.191055323455286863e-01 8.304740204960678329e-04
3.412299516449939802e+03 3.211483128860528891e-01 9.691433060697994973e-04
3.415711815966390986e+03 3.230938779904916069e-01 9.739198831648341898e-04
3.419127527782358356e+03 3.250797183145826552e-01 9.151465327152866333e-04
3.422546655310141887e+03 3.269797813970886646e-01 9.066976271095389221e-04
3.425969201965453522e+03 3.287806243310328891e-01 8.900530545122259211e-04
3.429395171167419903e+03 3.302596166922321386e-01 9.046861175980023314e-04
3.432824566338588284e+03 3.315540914473347756e-01 9.678867815997339863e-04
3.436257390904928343e+03 3.325045225911596458e-01 1.045652823037323403e-03
3.439693648295834464e+03 3.336337259737562344e-01 1.098576427366406349e-03
3.443133341944131189e+03 3.348064442895242743e-01 1.144234391182299493e-03
3.446576475286076402e+03 3.362592132621146090e-01 1.128402312160538658e-03
3.450023051761363604e+03 3.376114829653857896e-01 1.048667762865616686e-03
3.453473074813126004e+03 3.390560540700956471e-01 1.023360665463637171e-03
3.456926547887940615e+03 3.407914203803676934e-01 1.089557828311234818e-03
3.460383474435829612e+03 3.422521596907672214e-01 1.094958072753228614e-03
3.463843857910266706e+03 3.434753532360727557e-01 1.080987360609235882e-03
3.467307701768178049e+03 3.447130307716925746e-01 1.035295053621062547e-03
3.470775009469947236e+03 3.457805986411048305e-01 9.413504869312064880e-04
3.474245784479418489e+03 3.467411204231011790e-01 8.660310770931924692e-04
3.477720030263898934e+03 3.473826381165959210e-01 8.359877907596700419e-04
3.481197750294164052e+03 3.482503566759248548e-01 7.924852607378699877e-04
3.484678948044459503e+03 3.485297962074667133e-01 8.221154086747365199e-04
3.488163626992504760e+03 3.483130003871977021e-01 8.301860914630218450e-04
3.491651790619498570e+03 3.480561951771123930e-01 7.300627948550384144e-04
3.495143442410119405e+03 3.480029930940247151e-01 6.677597594902097379e-04
3.498638585852530468e+03 3.476387889947187837e-01 5.434310378803376826e-04
3.502137224438384237e+03 3.475588703883189523e-01 5.847791253173571921e-04
3.505639361662823831e+03 3.477576189529512085e-01 6.334942747084361912e-04
3.509145001024487556e+03 3.477971104637013755e-01 6.523091616884354321e-04
3.512654146025513455e+03 3.475101887765748021e-01 6.356667040946262530e-04
3.516166800171540217e+03 3.472984932760523336e-01 5.873691812388663830e-04
3.519682966971712631e+03 3.470574574025117043e-01 5.534697549208220449e-04
3.523202649938685681e+03 3.464898688807726557e-01 8.094017233300722283e-04
3.526725852588625457e+03 3.461010133762146279e-01 8.639529169121109870e-04
3.530252578441215064e+03 3.455789499799255537e-01 9.703659486638184506e-04
3.533782831019657806e+03 3.455129766977014238e-01 9.613247410767629441e-04
3.537316613850678550e+03 3.453874621567913916e-01 9.593676902059375747e-04
3.540853930464530094e+03 3.456017416953601762e-01 1.179962301159799684e-03
3.544394784394995895e+03 3.458062312031877084e-01 1.330283400001824228e-03
3.547939179179392340e+03 3.461344790241010494e-01 1.586642883476161022e-03
3.551487118358572843e+03 3.464669756743983808e-01 1.657701532595137837e-03
3.555038605476932389e+03 3.470876426024361860e-01 1.716464535383772265e-03
3.558593644082410719e+03 3.470039270922654628e-01 1.764396399070301217e-03
3.562152237726494150e+03 3.462224497477555119e-01 2.204693610210215014e-03
3.565714389964221937e+03 3.456197081459050913e-01 2.516515285387050348e-03
3.569280104354187188e+03 3.451316596477410625e-01 2.608346394482824113e-03
3.572849384458542772e+03 3.456315539366363598e-01 2.468073710446757729e-03
3.576422233843002232e+03 3.466253063997751238e-01 2.210463025073688970e-03
3.579998656076846601e+03 3.488090928578482797e-01 2.100510074237612029e-03
3.583578654732924406e+03 3.519642317254634833e-01 2.098433226217826832e-03
3.587162233387658489e+03 3.555895508182326248e-01 2.041972525607833270e-03
3.590749395621047370e+03 3.595807843330002807e-01 1.895166540117739157e-03
3.594340145016669794e+03 3.638411422650060789e-01 1.755328078973763086e-03
3.597934485161687462e+03 3.687001270663691210e-01 1.429490957826844155e-03
3.601532419646850485e+03 3.734744936203082677e-01 1.226762331480281323e-03
3.605133952066498296e+03 3.781944773423091544e-01 1.095394696018249080e-03
3.608739086018566013e+03 3.827213028163464759e-01 9.528827305235573926e-04
3.612347825104585809e+03 3.871060581248169652e-01 8.467382466791021495e-04
3.615960172929691907e+03 3.909739268231815501e-01 6.449466956343468662e-04
3.619576133102622407e+03 3.942932826834222304e-01 6.345255414725964023e-04
3.623195709235726554e+03 3.971849783324384320e-01 6.331670643575158623e-04
3.626818904944963379e+03 3.994350473364324250e-01 6.136572944819840281e-04
3.630445723849909427e+03 4.014312150818806213e-01 5.140677380630925180e-04
3.634076169573760581e+03 4.026877381237748965e-01 4.493639202688419661e-04
3.637710245743335690e+03 4.033908874540024780e-01 3.992022162780968085e-04
3.641347955989080219e+03 4.033527976108355340e-01 4.912917251792555491e-04
3.644989303945070333e+03 4.024550406687575355e-01 7.846020687224340142e-04
3.648634293249016537e+03 4.014324383209270652e-01 7.667890883576155290e-04
3.652282927542266862e+03 4.000963353411057244e-01 7.481391865912555630e-04
3.655935210469810499e+03 3.985369583052744136e-01 9.096799223778427677e-04
3.659591145680281443e+03 3.966625578281380848e-01 1.013931931461974859e-03
3.663250736825963031e+03 3.945414400750610895e-01 1.268687554906844329e-03
3.666913987562790226e+03 3.927359230742342722e-01 1.607855384383913852e-03
3.670580901550354156e+03 3.908699349333516482e-01 1.785680699986684277e-03
3.674251482451905758e+03 3.890601718243252849e-01 2.005323614283420399e-03
3.677925733934358959e+03 3.867732158313995083e-01 2.334914678318009400e-03
3.681603659668294313e+03 3.839722786392262277e-01 2.739601225025180276e-03
3.685285263327964003e+03 3.807894431914857769e-01 3.080909212886295562e-03
3.688970548591293209e+03 3.779805876271951637e-01 3.479130399082929447e-03
3.692659519139885560e+03 3.752786065048311359e-01 3.887408313674724399e-03
3.696352178659026777e+03 3.724300789326457917e-01 4.258096343109486412e-03
3.700048530837686940e+03 3.712142053499435934e-01 4.787820026947261186e-03
3.703748579368525952e+03 3.711167380354052359e-01 5.324570102154430572e-03
3.707452327947895355e+03 3.746791530982160334e-01 5.481685760284103065e-03
3.711159780275844696e+03 3.777473407190541921e-01 5.548025115932139588e-03
3.714870940056121526e+03 3.809287374086026690e-01 5.546471942488796075e-03
3.718585810996179134e+03 3.788691432131077175e-01 5.731661350097469118e-03
3.722304396807176545e+03 3.714843530843602859e-01 2.378003638422051830e-03
3.726026701203984885e+03 3.717821439366783554e-01 2.578147445312155891e-03
3.729752727905190113e+03 3.736512735624267778e-01 2.536667504739549463e-03
3.733482480633096657e+03 3.740802856294495049e-01 2.516057288296905375e-03
3.737215963113731050e+03 3.745509493014811397e-01 1.593551682696913666e-03
3.740953179076846027e+03 3.740417818055497556e-01 1.781504832871824403e-03
3.744694132255923705e+03 3.739170459546259373e-01 1.489766610797296645e-03
3.748438826388181042e+03 3.747296634469677867e-01 1.411841143834384124e-03
3.752187265214570289e+03 3.756260933084924480e-01 1.452868811878352262e-03
3.755939452479786269e+03 3.759972259353473456e-01 1.414977756299398313e-03
3.759695391932267285e+03 3.760173695581206510e-01 1.288189408211655581e-03
3.763455087324201031e+03 3.757940715318163205e-01 1.188536269586893410e-03
3.767218542411526414e+03 3.752757276558500443e-01 1.217828962183124634e-03
3.770985760953939007e+03 3.751640207147250994e-01 1.245054318445756088e-03
3.774756746714894234e+03 3.754769678524859655e-01 1.345850304118228428e-03
3.778531503461610555e+03 3.771983352984356608e-01 1.271298629711295177e-03
3.782310034965073100e+03 3.801656420631694955e-01 1.213484626810626106e-03
3.786092345000039586e+03 3.839211686592791106e-01 1.039603903205665262e-03
3.789878437345040766e+03 3.893794189854107302e-01 1.158654123835648397e-03
3.793668315782387253e+03 3.956531467288776915e-01 1.216759261509076095e-03
3.797461984098170888e+03 4.032900463146925074e-01 1.218573895566225918e-03
3.801259446082270188e+03 4.117998310107728877e-01 9.029117808092212635e-04
3.805060705528353537e+03 4.205720462141424032e-01 6.506810528418624636e-04
3.808865766233883278e+03 4.290390265818203042e-01 9.154777285367252408e-04
3.812674632000118436e+03 4.377428926978432222e-01 8.687682929616649240e-04
3.816487306632119726e+03 4.469577831348019448e-01 8.476618595439700584e-04
3.820303793938753188e+03 4.564302929522650043e-01 1.003389664481502738e-03
3.824124097732693372e+03 4.659371119959875296e-01 1.222383050476055256e-03
3.827948221830427428e+03 4.752091398435042691e-01 1.244349475826127260e-03
3.831776170052258749e+03 4.843931192978950806e-01 1.304834724547134688e-03
3.835607946222312421e+03 4.938963911945384866e-01 1.353784447223993969e-03
3.839443554168536139e+03 5.034224163550422571e-01 1.575761349382940940e-03
3.843282997722705659e+03 5.133485650166061953e-01 1.725394408630861673e-03
3.847126280720429804e+03 5.235140574838368366e-01 1.628984797042500781e-03
3.850973407001151372e+03 5.349306514749205821e-01 1.633648937812978231e-03
3.854824380408153957e+03 5.472852792673218447e-01 1.877094406883500141e-03
3.858679204788563311e+03 5.602336049262020001e-01 1.991385506319079141e-03
3.862537883993353262e+03 5.746837051817175190e-01 2.016921596793618942e-03
3.866400421877347981e+03 5.900090318143954571e-01 1.989110670846322600e-03
3.870266822299226533e+03 6.068073860388641938e-01 1.827425659208047450e-03
3.874137089121526969e+03 6.241849563016649283e-01 1.913635298926248240e-03
3.878011226210649966e+03 6.416237485945052166e-01 2.153819081063135764e-03
3.881889237436861549e+03 6.597590514149770380e-01 1.763237677392802405e-03
3.885771126674299921e+03 6.798307766548978837e-01 1.274707052238590330e-03
3.889656897800975457e+03 7.025576837993530166e-01 1.299800336830062367e-03
3.893546554698777527e+03 7.270611150362289443e-01 1.295907212408934413e-03
3.897440101253477678e+03 7.535626996146280732e-01 1.107486560921320216e-03
3.901337541354732366e+03 7.810194375367007780e-01 1.024551864133210147e-03
3.905238878896088409e+03 8.096218837830460036e-01 9.760750217608761634e-04
3.909144117774985716e+03 8.386443373550835911e-01 8.734189418763936563e-04
3.913053261892762293e+03 8.667266938995227266e-01 8.726049752287932514e-04
3.916966315154656058e+03 8.942308468734719851e-01 1.263664396078957673e-03
3.920883281469812118e+03 9.196352996216189402e-01 1.451464074681172670e-03
3.924804164751283224e+03 9.423897842612919407e-01 1.396087617471572203e-03
3.928728968916035683e+03 9.621340843830126222e-01 1.033296970951820201e-03
3.932657697884953450e+03 9.779345954838345456e-01 8.639055405730979931e-04
3.936590355582839493e+03 9.893895418417522070e-01 9.631562792169021548e-04
3.940526945938423523e+03 9.968700983944231986e-01 1.262871582372031287e-03
3.944467472884363360e+03 1.001207131276655948e+00 1.412752951128085554e-03
3.948411940357249023e+03 1.002983162175517640e+00 1.340243551362513014e-03
3.952360352297607733e+03 1.002532014641259517e+00 1.099603323036474085e-03
3.956312712649906643e+03 1.001364502504977327e+00 8.079893746484730034e-04
3.960269025362557841e+03 1.000336204291716991e+00 5.011764938796404046e-04
3.964229294387921527e+03 1.000205578285530583e+00 5.968697042541009799e-04
3.968193523682310570e+03 1.000622324792780793e+00 8.280594883146422157e-04
3.972161717205994591e+03 1.001246485822269827e+00 8.496207655837537684e-04
3.976133878923201792e+03 1.001989759647719636e+00 8.092755068189804802e-04
3.980110012802126221e+03 1.002609752817033684e+00 6.194463608904484438e-04
3.984090122814929600e+03 1.002743945596412445e+00 5.685710588627157286e-04
3.988074212937745870e+03 1.002570154743799957e+00 5.507329645802375813e-04
3.992062287150684824e+03 1.001963314684098938e+00 5.943969210682817231e-04
3.996054349437837118e+03 1.000000385174197204e+00 6.690045110342051401e-04
4.000050403787276082e+03 9.964399324932399216e-01 7.531362270915483185e-04
4.004050454191064546e+03 9.911301863531298828e-01 8.315183708410975793e-04
4.008054504645257111e+03 9.837474710321832960e-01 7.884037868002550685e-04
4.012062559149903791e+03 9.738691835525008500e-01 8.127782782664099174e-04
4.016074621709055009e+03 9.621003137374128933e-01 8.485268645646971237e-04
4.020090696330765240e+03 9.486760324897052232e-01 9.071293998040636701e-04
4.024110787027097558e+03 9.337477572500214595e-01 1.073322893588600935e-03
4.028134897814125907e+03 9.174591663046330892e-01 1.227793730202521956e-03
4.032163032711941469e+03 9.007261632497998161e-01 1.077226017927539149e-03
4.036195195744654484e+03 8.841027579781476353e-01 7.673567080815104887e-04
4.040231390940400615e+03 8.686540425994579984e-01 5.445143205167760547e-04
4.044271622331342314e+03 8.546467273660337538e-01 6.678281981693290131e-04
4.048315893953675186e+03 8.418437614172563643e-01 7.315412832766372223e-04
4.052364209847629809e+03 8.304114488965969043e-01 7.026313145524849726e-04
4.056416574057479011e+03 8.195033284955024477e-01 6.050341847088400822e-04
4.060472990631537868e+03 8.088213913105999353e-01 6.163202165435188555e-04
4.064533463622170530e+03 7.986698729984836875e-01 6.185026151004466462e-04
4.068597997085794304e+03 7.886908191195538542e-01 7.017863826835763754e-04
4.072666595082881486e+03 7.782276109650392293e-01 9.629348239599196417e-04
4.076739261677965715e+03 7.671082285933685796e-01 1.122175580848990429e-03
4.080816000939644709e+03 7.551992673674654544e-01 1.065102137716368320e-03
4.084896816940585722e+03 7.417870059937218263e-01 1.044389322313652715e-03
4.088981713757527814e+03 7.270091385918252547e-01 1.196142051187872816e-03
4.093070695471286854e+03 7.121112211429115879e-01 1.397282130296261101e-03
4.097163766166759160e+03 6.970945706928172170e-01 1.784151406141804095e-03
4.101260929932927866e+03 6.828830620616490599e-01 1.792336058884237606e-03
4.105362190862862008e+03 6.699293416874597673e-01 1.541799131906342567e-03
4.109467553053726078e+03 6.596130960682141664e-01 1.302257719683118679e-03
4.113577020606780934e+03 6.517737058860169075e-01 8.996060136896539628e-04
4.117690597627389252e+03 6.472610606490929452e-01 8.565763984544451717e-04
4.121808288225018259e+03 6.463050091173230260e-01 9.452746165127223462e-04
4.125930096513244280e+03 6.480256180076601202e-01 9.113852516807824595e-04
4.130056026609759101e+03 6.523715125971711881e-01 6.027178629292442380e-04
4.134186082636369974e+03 6.580499144426592562e-01 5.232868835395394682e-04
4.138320268719007800e+03 6.648010254194867130e-01 7.034905916075004850e-04
4.142458588987728035e+03 6.713036064612104559e-01 6.780047761437971903e-04
4.146601047576717065e+03 6.781219979170521883e-01 6.815393167325250762e-04
4.150747648624294925e+03 6.845051536553770077e-01 6.393845837136127126e-04
4.154898396272920763e+03 6.903431790673061341e-01 6.325445944857734006e-04
4.159053294669195566e+03 6.950781309601755664e-01 5.748085061468585864e-04
4.163212347963865795e+03 6.982054904405409212e-01 5.726501415177233899e-04
4.167375560311830668e+03 7.000785411274326187e-01 5.894273001126347283e-04
4.171542935872143971e+03 7.006321642715338527e-01 6.747088181816809265e-04
4.175714478808017702e+03 6.999436641359897404e-01 7.393506971623486305e-04
4.179890193286827525e+03 6.988177129482372463e-01 9.466666947444367635e-04
4.184070083480115500e+03 6.975463724557255940e-01 1.046944995807398519e-03
4.188254153563597356e+03 6.971314053196137062e-01 9.728198508554593152e-04
4.192442407717161586e+03 6.976013340945610430e-01 8.781365470679967618e-04
4.196634850124880359e+03 6.988739148892683106e-01 8.627323496419555312e-04
4.200831484975006788e+03 7.013040832256377533e-01 1.067318281560958836e-03
4.205032316459983122e+03 7.041291089055814467e-01 1.149858182864930359e-03
4.209237348776444378e+03 7.073155842977019159e-01 1.078356389242195266e-03
4.213446586125221984e+03 7.104150008844661857e-01 8.534469248599398268e-04
4.217660032711349231e+03 7.133289434688822039e-01 4.653511208545976752e-04
4.221877692744061278e+03 7.150120001226684119e-01 6.576378980441763278e-04
4.226099570436806971e+03 7.166544679332891299e-01 6.749563302893178077e-04
4.230325670007245208e+03 7.177295334326568854e-01 6.221929458389785722e-04
4.234555995677254032e+03 7.187541315286530841e-01 5.509153504548136267e-04
4.238790551672932452e+03 7.198283790273799498e-01 4.108896917244116934e-04
4.243029342224606808e+03 7.211782728964682976e-01 3.182830469068656954e-04
4.247272371566832589e+03 7.230317932835589323e-01 3.342932052014758126e-04
4.251519643938400804e+03 7.253781954738272031e-01 3.201949598344571856e-04
4.255771163582340705e+03 7.281947425566470677e-01 2.643562017376860059e-04
4.260026934745924336e+03 7.311839679675072867e-01 5.336673822850405762e-04
4.264286961680671993e+03 7.347385651799360762e-01 5.719034274706989371e-04
4.268551248642354039e+03 7.389297755847625826e-01 5.834254904082743654e-04
4.272819799890998183e+03 7.435187209981548584e-01 6.279686140636138838e-04
4.277092619690890388e+03 7.481823457095219121e-01 7.513283705863978319e-04
4.281369712310583054e+03 7.528915657884018842e-01 8.806135936375617760e-04
4.285651082022895025e+03 7.571582695322092160e-01 9.901373450939502524e-04
4.289936733104918858e+03 7.609218992420849759e-01 1.039571580991478002e-03
4.294226669838025373e+03 7.638341574387604860e-01 1.025264003772286426e-03
4.298520896507864563e+03 7.656282455946302745e-01 9.178029264825311078e-04
4.302819417404373780e+03 7.653132490118772502e-01 9.661208384457623628e-04
4.307122236821779552e+03 7.640524594656185053e-01 1.065950143617582207e-03
4.311429359058603040e+03 7.613146022267236468e-01 1.751390021652628496e-03
4.315740788417662770e+03 7.579290721025224720e-01 2.010235133880267956e-03
4.320056529206081905e+03 7.546172631346832471e-01 1.908598951865125414e-03
4.324376585735290064e+03 7.522264837218360922e-01 1.652338810567571337e-03
4.328700962321026054e+03 7.516283060044224307e-01 1.838797375565948654e-03
4.333029663283348782e+03 7.528028780591692337e-01 2.105303451060883298e-03
4.337362692946633615e+03 7.551954098087741984e-01 2.145287780367855467e-03
4.341700055639581478e+03 7.566540052396829585e-01 2.293118169623905005e-03
4.346041755695222491e+03 7.590649120943991912e-01 2.211780103137487262e-03
4.350387797450919606e+03 7.612591294565074218e-01 2.094199275317600029e-03
4.354738185248371337e+03 7.625250817103849110e-01 1.948250780463262055e-03
4.359092923433621763e+03 7.624052180655688238e-01 2.525655445474739042e-03
4.363452016357056891e+03 7.621387140302701146e-01 2.690247971465678078e-03
4.367815468373414660e+03 7.634872037059450278e-01 2.193576868239857647e-03
4.372183283841789489e+03 7.656798143080498775e-01 1.582471259993349774e-03
4.376555467125633186e+03 7.699014434853251876e-01 1.272585707937083643e-03
4.380932022592760404e+03 7.773975307295811765e-01 1.260339817641608143e-03
4.385312954615354101e+03 7.874890814620855162e-01 1.213196114779269575e-03
4.389698267569970994e+03 7.990961864484570354e-01 1.186112411933816935e-03
4.394087965837542470e+03 8.116788887044312784e-01 1.205978939747087350e-03
4.398482053803381859e+03 8.252932431605384256e-01 1.133505943329322788e-03
4.402880535857186260e+03 8.385938602803643116e-01 1.034830632975178820e-03
4.407283416393044718e+03 8.524256280208305503e-01 9.284977999268865818e-04
4.411690699809440048e+03 8.662574168350920534e-01 9.067268892601405188e-04
4.416102390509250654e+03 8.799304472334649185e-01 9.241912535676052691e-04
4.420518492899761441e+03 8.939029861539314892e-01 8.375521950293700205e-04
4.424939011392662906e+03 9.081338428370839821e-01 7.557943877427611380e-04
4.429363950404056595e+03 9.234788230191969260e-01 6.937130209529084523e-04
4.433793314354462382e+03 9.398704179282676430e-01 6.738029968768980164e-04
4.438227107668818462e+03 9.566131340446002440e-01 6.807461909156861234e-04
4.442665334776488635e+03 9.744091961706551341e-01 5.855094550591005437e-04
4.447108000111265937e+03 9.938642460736616391e-01 5.939209908950626770e-04
4.451555108111379013e+03 1.014755396186391545e+00 4.536152643112634545e-04
4.456006663219492111e+03 1.036314119384720289e+00 5.064477630567941133e-04
4.460462669882713271e+03 1.058885578111477654e+00 5.066215615607302762e-04
4.464923132552597053e+03 1.082845933788860737e+00 5.071559654990244990e-04
4.469388055685150903e+03 1.107855460940227132e+00 6.500963848836324157e-04
4.473857443740837880e+03 1.133403115493086588e+00 7.924556871325507974e-04
4.478331301184580298e+03 1.159052887408794419e+00 7.892027984436954073e-04
4.482809632485766087e+03 1.184533142323637156e+00 6.818328205225545778e-04
4.487292442118253348e+03 1.209374473149361418e+00 6.709001828071162231e-04
4.491779734560373072e+03 1.233852413587481545e+00 6.191818320115493983e-04
4.496271514294934605e+03 1.257170705473537486e+00 6.602399540380343018e-04
4.500767785809231100e+03 1.279380581471391887e+00 7.772484580936244716e-04
4.505268553595042249e+03 1.300653545907870301e+00 8.878011356392765232e-04
4.509773822148638828e+03 1.321061904086395566e+00 7.849801055210860190e-04
4.514283595970789065e+03 1.341236428871901643e+00 7.967099474507006226e-04
4.518797879566761367e+03 1.360636564650018698e+00 9.424229570504066410e-04
4.523316677446328868e+03 1.378526442110802774e+00 9.838944137651815369e-04
4.527839994123776705e+03 1.395431109428218353e+00 1.051767964811560832e-03
4.532367834117902021e+03 1.411110874448937569e+00 8.752326812844870348e-04
4.536900201952022144e+03 1.424724732043669784e+00 7.498117212995456665e-04
4.541437102153975502e+03 1.436094152567441995e+00 7.780242588752003460e-04
4.545978539256130716e+03 1.445223180320109213e+00 8.059407488867539318e-04
4.550524517795388419e+03 1.452643773069566047e+00 8.285377808120683888e-04
4.555075042313184895e+03 1.458089078384597004e+00 8.520118551627688976e-04
4.559630117355500261e+03 1.461440042549951634e+00 8.784867591030700532e-04
4.564189747472856652e+03 1.462937032050916741e+00 8.595805437865551525e-04
4.568753937220330954e+03 1.462812670849266361e+00 8.598565435624369114e-04
4.573322691157552981e+03 1.462001336839789278e+00 8.720578489353708693e-04
4.577896013848711846e+03 1.460645294765345215e+00 8.540654763232207640e-04
4.582473909862562323e+03 1.458066155768469319e+00 1.064112191216754757e-03
4.587056383772426670e+03 1.454974121734633474e+00 1.080052627830560942e-03
4.591643440156200086e+03 1.451200568560936821e+00 8.995278705705519627e-04
4.596235083596357981e+03 1.447207056871815611e+00 7.564670313247255076e-04
4.600831318679955984e+03 1.443495754622692528e+00 1.078910495526960592e-03
4.605432149998637215e+03 1.439312034235567639e+00 1.411209416801492266e-03
4.610037582148637739e+03 1.433475132854763689e+00 1.413846412723752380e-03
4.614647619730787483e+03 1.426311822396062468e+00 1.138664210445445744e-03
4.619262267350520233e+03 1.416731001155775660e+00 8.459003387704962630e-04
4.623881529617872729e+03 1.404390472906974940e+00 8.395665899376095372e-04
4.628505411147491941e+03 1.389539652953836191e+00 9.699459701879881591e-04
4.633133916558640522e+03 1.372444384272255125e+00 9.533099634325793237e-04
4.637767050475200449e+03 1.354101134835506537e+00 9.556255345377644064e-04
4.642404817525677572e+03 1.333913228042915788e+00 1.026169815762575932e-03
4.647047222343205249e+03 1.312686312945013478e+00 9.395303803324885376e-04
4.651694269565549803e+03 1.291707307486788636e+00 8.542652475198571436e-04
4.656345963835116891e+03 1.270961887063154272e+00 7.560806867317839720e-04
4.661002309798953320e+03 1.251769034242912193e+00 7.533149414995637949e-04
4.665663312108753416e+03 1.233629519180170941e+00 7.537548287746161351e-04
4.670328975420864481e+03 1.216320761930512973e+00 7.480465825886369871e-04
4.674999304396286789e+03 1.200817030065279623e+00 7.717553917180681924e-04
4.679674303700684504e+03 1.186475117354820030e+00 7.617714502088945329e-04
4.684353978004386590e+03 1.173713641420995435e+00 7.455981239078117309e-04
4.689038331982392265e+03 1.163047400326279401e+00 8.236596662962744706e-04
4.693727370314376458e+03 1.153942604629277779e+00 7.667363331544002928e-04
4.698421097684692540e+03 1.145325923810956548e+00 8.152495311791341931e-04
4.703119518782378691e+03 1.137697865640455497e+00 8.105746600964833281e-04
4.707822638301162442e+03 1.129984085912255853e+00 8.535906806902585986e-04
4.712530460939465229e+03 1.122593770731298068e+00 1.062814685120042763e-03
4.717242991400406027e+03 1.114312282048501856e+00 1.176355323737842328e-03
4.721960234391808626e+03 1.106173799333439955e+00 1.225683247138729818e-03
4.726682194626201635e+03 1.097780054498982194e+00 7.680251989922598239e-04
4.731408876820829391e+03 1.087237047975457394e+00 1.185220741163757171e-03
4.736140285697651962e+03 1.076383143459167746e+00 1.277952159065816676e-03
4.740876425983350600e+03 1.065640901221313497e+00 1.424155935222221579e-03
4.745617302409335934e+03 1.054963011052232558e+00 1.234788152882980265e-03
4.750362919711747054e+03 1.045846089673494461e+00 1.176392456099277549e-03
4.755113282631459697e+03 1.037954416158569426e+00 1.242936103612210432e-03
4.759868395914093526e+03 1.032124208451553393e+00 1.173243003699682300e-03
4.764628264310008490e+03 1.029726338579181943e+00 1.182111237656164509e-03
4.769392892574320285e+03 1.029723347913298115e+00 1.206555907901408131e-03
4.774162285466896719e+03 1.032285910090431136e+00 1.217608357288670669e-03
4.778936447752364984e+03 1.037643716691000195e+00 1.168442971256388472e-03
4.783715384200118933e+03 1.045713602723354230e+00 1.156300549677877080e-03
4.788499099584319993e+03 1.056582857177702284e+00 1.802939502302686571e-03
4.793287598683906253e+03 1.067545605131302811e+00 1.749119374297537560e-03
4.798080886282591564e+03 1.079290021157586210e+00 1.719515698282575228e-03
4.802878967168876443e+03 1.092349091215504719e+00 1.613646695579689164e-03
4.807681846136046261e+03 1.106021653381963343e+00 1.684435746623406298e-03
4.812489527982183972e+03 1.119809849104225874e+00 1.574403709279966835e-03
4.817302017510168298e+03 1.132868277975644045e+00 1.558190701984702017e-03
4.822119319527679181e+03 1.144758804368179561e+00 1.614119274262520911e-03
4.826941438847208701e+03 1.156525095899146871e+00 2.372791910859245196e-03
4.831768380286057436e+03 1.169655932809410048e+00 2.265237649445165855e-03
4.836600148666345376e+03 1.183768479726516221e+00 2.279470683914007045e-03
4.841436748815013743e+03 1.198357383897753481e+00 2.346671938431087873e-03
4.846278185563829538e+03 1.212701577549956111e+00 2.458094290144718658e-03
4.851124463749395545e+03 1.227205839454749370e+00 2.640193111160403679e-03
4.855975588213146693e+03 1.241940283027964220e+00 2.651515857743926355e-03
4.860831563801360971e+03 1.256029266587689541e+00 2.544866752114954313e-03
4.865692395365163975e+03 1.267435778868029939e+00 2.832124580197002521e-03
4.870558087760530725e+03 1.277718215740402785e+00 2.852471838396161610e-03
4.875428645848292945e+03 1.287014119439310100e+00 2.872790174581864656e-03
4.880304074494142696e+03 1.294941438576270087e+00 2.585811801595462676e-03
4.885184378568638749e+03 1.298780911717509534e+00 2.449803914491811233e-03
4.890069562947209306e+03 1.300399706208113626e+00 2.314036027371462953e-03
4.894959632510157462e+03 1.299963487010496133e+00 2.186566380601301374e-03
4.899854592142669389e+03 1.298804754365515679e+00 2.134040974455452769e-03
4.904754446734813428e+03 1.296769627873249675e+00 2.111163481715267604e-03
4.909659201181550088e+03 1.294291188458063679e+00 2.087249631817526471e-03
4.914568860382732964e+03 1.291438304472997567e+00 1.917991223700221725e-03
4.919483429243117826e+03 1.288312260669254083e+00 1.239780272870747487e-03
4.924402912672362618e+03 1.286328723527311757e+00 1.348004689538084052e-03
4.929327315585036558e+03 1.284253574296996492e+00 1.357999793284897982e-03
4.934256642900622865e+03 1.282629052907598766e+00 1.439496939272498499e-03
4.939190899543525120e+03 1.281224077353084523e+00 1.352517087358131058e-03
4.944130090443070912e+03 1.279347402648599807e+00 1.322905217739100709e-03
4.949074220533515472e+03 1.277318300670178708e+00 1.711443452051609896e-03
4.954023294754050767e+03 1.275403223095661343e+00 1.813121214172094342e-03
4.958977318048806410e+03 1.272497489860143549e+00 1.920118733613772550e-03
4.963936295366856939e+03 1.269774801060730152e+00 2.085702447540631332e-03
4.968900231662225451e+03 1.266169919687130774e+00 2.214710605825459620e-03
4.973869131893889062e+03 1.262261761101765023e+00 2.455110993963702509e-03
4.978843001025784361e+03 1.257862149655835537e+00 2.596260167027669881e-03
4.983821844026811959e+03 1.253554509925663307e+00 2.655740748347195160e-03
4.988805665870840130e+03 1.248914840421886385e+00 2.710687646881616234e-03
4.993794471536712990e+03 1.243947127460722557e+00 2.769823006847493309e-03
4.998788266008251412e+03 1.237776804176154988e+00 2.990081754827326414e-03
5.003787054274261209e+03 1.231308015839509773e+00 3.234031893719459608e-03
5.008790841328536771e+03 1.226684293413851101e+00 3.041713545311084191e-03
5.013799632169867436e+03 1.225674539070914948e+00 2.736646319764749532e-03
5.018813431802038394e+03 1.228387194789000603e+00 2.547420185939697126e-03
5.023832245233842514e+03 1.235161034405140024e+00 2.618669837495246448e-03
5.028856077479077612e+03 1.245697597176664839e+00 2.535716153190811957e-03
5.033884933556558281e+03 1.258168318449508494e+00 2.212162483421009976e-03
5.038918818490116792e+03 1.271632630006551468e+00 2.169040546476921558e-03
5.043957737308608557e+03 1.285377283125795911e+00 2.042985402516505136e-03
5.049001695045918495e+03 1.299927525638627568e+00 1.798841367321818820e-03
5.054050696740966487e+03 1.314673035460779404e+00 1.519274084000402699e-03
5.059104747437709193e+03 1.329836158341206387e+00 1.461856051001069780e-03
5.064163852185148244e+03 1.345238960644448367e+00 1.375638937140593416e-03
5.069228016037335692e+03 1.360529427969048966e+00 1.317814587124861367e-03
5.074297244053374015e+03 1.375254558801612736e+00 9.107000525862940076e-04
5.079371541297429758e+03 1.390955067289003422e+00 7.887718227412500883e-04
5.084450912838728073e+03 1.408281830570408788e+00 8.149635564130485940e-04
5.089535363751569093e+03 1.426428976390775150e+00 1.130722338971772980e-03
5.094624899115322478e+03 1.445997756309661320e+00 1.170719118764844933e-03
5.099719524014439230e+03 1.466935831106519483e+00 1.357651231918203475e-03
5.104819243538455339e+03 1.488470542002749974e+00 1.529463453799149520e-03
5.109924062781995417e+03 1.510085778281143876e+00 1.586632149722933633e-03
5.115033986844779065e+03 1.531747367173363239e+00 1.788560962092824481e-03
5.120149020831625421e+03 1.552879894222407131e+00 1.977404226438021426e-03
5.125269169852458617e+03 1.572762542339084968e+00 2.020283223817285773e-03
5.130394439022313236e+03 1.590979546214029261e+00 2.112839748400352144e-03
5.135524833461337039e+03 1.607040720244101939e+00 2.023098055941025333e-03
5.140660358294800062e+03 1.620064055987749496e+00 2.497247009113938952e-03
5.145801018653096435e+03 1.630572712563677973e+00 2.776881135056686895e-03
5.150946819671751655e+03 1.638372343703746514e+00 2.470524071497059125e-03
5.156097766491425318e+03 1.646494912882579209e+00 2.275977667338661969e-03
5.161253864257918394e+03 1.654767710797715230e+00 2.341946927237784516e-03
5.166415118122177773e+03 1.662419522440595099e+00 2.438434197720469512e-03
5.171581533240301724e+03 1.669141090744095557e+00 2.422865461844191971e-03
5.176753114773543530e+03 1.675514401008260990e+00 2.296104494798169651e-03
5.181929867888318768e+03 1.681287458041324179e+00 1.899288638380677591e-03
5.187111797756208944e+03 1.684359166615917003e+00 1.946415500637704854e-03
5.192298909553966951e+03 1.687819046124292566e+00 2.130186304021489899e-03
5.197491208463522526e+03 1.692523891811934522e+00 2.084458746230257245e-03
5.202688699671987706e+03 1.696797864293994040e+00 2.018784881307078994e-03
5.207891388371661378e+03 1.701289716356234827e+00 1.385598258285051588e-03
5.213099279760034733e+03 1.707764834247451846e+00 1.403381820171612469e-03
5.218312379039796724e+03 1.715389157751454396e+00 1.632082144085811619e-03
5.223530691418837705e+03 1.724145103986735039e+00 1.908403023684569419e-03
5.228754222110258524e+03 1.733656431606486858e+00 1.352611515883525659e-03
5.233982976332370527e+03 1.742156976165590843e+00 1.213363843406049282e-03
5.239216959308704645e+03 1.750035727318874468e+00 1.431295119564619453e-03
5.244456176268015042e+03 1.757995501597275911e+00 1.442773517864977522e-03
5.249700632444284565e+03 1.764677750549817015e+00 1.421122470350988983e-03
5.254950333076731113e+03 1.771282172578763303e+00 1.376420208963699153e-03
5.260205283409809454e+03 1.777312527329491854e+00 1.389492070482156120e-03
5.265465488693221232e+03 1.782528116838639098e+00 1.398990360903669058e-03
5.270730954181915877e+03 1.787009819727748638e+00 1.414966680293001759e-03
5.276001685136099695e+03 1.791330267906202423e+00 1.365620899080286464e-03
5.281277686821237694e+03 1.794491507382452777e+00 1.210171691831184691e-03
5.286558964508059944e+03 1.795621201003245959e+00 1.318511237162746548e-03
5.291845523472569766e+03 1.795746984862650386e+00 1.332996624157695934e-03
5.297137368996044643e+03 1.794681791389277414e+00 1.307946804488426982e-03
5.302434506365042580e+03 1.791305885661587771e+00 1.266681692488142753e-03
5.307736940871409388e+03 1.786611469733458968e+00 1.162153081695897630e-03
5.313044677812282316e+03 1.781402375257062687e+00 1.101716116954618279e-03
5.318357722490096421e+03 1.776188976648951590e+00 1.150467474734701489e-03
5.323676080212588204e+03 1.770951447931882194e+00 1.045042371613520054e-03
5.328999756292802886e+03 1.764729443820137744e+00 1.015832807206621139e-03
5.334328756049097137e+03 1.757525783599702685e+00 1.011177127408107758e-03
5.339663084805148173e+03 1.749620788434504526e+00 9.988697716842287726e-04
5.345002747889954662e+03 1.742363615710102343e+00 1.027516852067044979e-03
5.350347750637846730e+03 1.733817524248621345e+00 1.137789693757010768e-03
5.355698098388485960e+03 1.726298636533050601e+00 1.232592194037371259e-03
5.361053796486876308e+03 1.719038432386723603e+00 1.231384170775777715e-03
5.366414850283365013e+03 1.712238070415312396e+00 1.200834035266177364e-03
5.371781265133649867e+03 1.705867399993098665e+00 1.195093751688887720e-03
5.377153046398785591e+03 1.700634369712588079e+00 1.519295091043960932e-03
5.382530199445186554e+03 1.694891330523789152e+00 1.615670023082999961e-03
5.387912729644633146e+03 1.688547991737869181e+00 1.698131493312696107e-03
5.393300642374279960e+03 1.682659450952850744e+00 1.384103273565500357e-03
5.398693943016655794e+03 1.675609569268135202e+00 1.011891264685810385e-03
5.404092636959673655e+03 1.666753848395419180e+00 1.448798766787071394e-03
5.409496729596635305e+03 1.657369158577964852e+00 1.871259974120651447e-03
5.414906226326233991e+03 1.648596904332837898e+00 1.929765067189324152e-03
5.420321132552561721e+03 1.641389340508961014e+00 1.844894248214974317e-03
5.425741453685116539e+03 1.636025576451840990e+00 1.592641192293894024e-03
5.431167195138803436e+03 1.633602422450341152e+00 1.149564244529431914e-03
5.436598362333943442e+03 1.634658107807223093e+00 9.919985265314883432e-04
5.442034960696279086e+03 1.639399635662704746e+00 1.228232156560795903e-03
5.447476995656978033e+03 1.647549769516083895e+00 1.203288241212744063e-03
5.452924472652636723e+03 1.657009519898435368e+00 1.161205453589969844e-03
5.458377397125291282e+03 1.668417234103281910e+00 1.046868183960731257e-03
5.463835774522417523e+03 1.680917841566720083e+00 1.107200185630020928e-03
5.469299610296941864e+03 1.692691496707541710e+00 1.105980748326848302e-03
5.474768909907241323e+03 1.702820802031438596e+00 1.141298571429186746e-03
5.480243678817149885e+03 1.711108551301692149e+00 1.186234745841767239e-03
5.485723922495968509e+03 1.715658311558293736e+00 1.176674746192043434e-03
5.491209646418466946e+03 1.716937704766014594e+00 1.133397464635798983e-03
5.496700856064887375e+03 1.714961471032789841e+00 1.111567780110972068e-03
5.502197556920953502e+03 1.709679007909823190e+00 1.317342334016237404e-03
5.507699754477876013e+03 1.700973685064038676e+00 1.538618558448013587e-03
5.513207454232356213e+03 1.690478212925236701e+00 1.587900228247674178e-03
5.518720661686590574e+03 1.679224449483979642e+00 1.503547013557316771e-03
5.524239382348278923e+03 1.667727336976134067e+00 1.421359105919216617e-03
5.529763621730628984e+03 1.656872626869579701e+00 1.143787622729170806e-03
5.535293385352360929e+03 1.648042097812808082e+00 9.814982510866091057e-04
5.540828678737715563e+03 1.642207387988788625e+00 9.060123115346006189e-04
5.546369507416455235e+03 1.639809485365225861e+00 1.143704542252517355e-03
5.551915876923872929e+03 1.639389095561366361e+00 1.064350079612084868e-03
5.557467792800798634e+03 1.640418808177918741e+00 1.080630904770979667e-03
5.563025260593602070e+03 1.643649175272050345e+00 1.227222138804015625e-03
5.568588285854197238e+03 1.648350366378267262e+00 1.255976677801396617e-03
5.574156874140053333e+03 1.653130918697545360e+00 1.526998500214983481e-03
5.579731031014194741e+03 1.657080164255549271e+00 1.465333213357181185e-03
5.585310762045211050e+03 1.660268514865769207e+00 1.177089305998671584e-03
5.590896072807257951e+03 1.661023582130163767e+00 1.531475239004246756e-03
5.596486968880067252e+03 1.660460710754435132e+00 1.727865265980939617e-03
5.602083455848949598e+03 1.658574528878181464e+00 1.659750639555490582e-03
5.607685539304799931e+03 1.655103721703539144e+00 1.852674235787149471e-03
5.613293224844106589e+03 1.649117502417808412e+00 2.045830700174687544e-03
5.618906518068952209e+03 1.640704414540962608e+00 2.113457231878183764e-03
5.624525424587023736e+03 1.629903422953054681e+00 2.005316435421460649e-03
5.630149950011612418e+03 1.615727468467140771e+00 1.881571738277129603e-03
5.635780099961625638e+03 1.598235217203300085e+00 1.890478273364226344e-03
5.641415880061589633e+03 1.577555931584752713e+00 2.611777360411603795e-03
5.647057295941652228e+03 1.556837280170737747e+00 2.900440722384100677e-03
5.652704353237596479e+03 1.535940815049981367e+00 3.153923274419999628e-03
5.658357057590835211e+03 1.515630758544856294e+00 2.770747210724233255e-03
5.664015414648428305e+03 1.497801573220765903e+00 2.089574499282892666e-03
5.669679430063079053e+03 1.483722383773857567e+00 1.840360216923616742e-03
5.675349109493143260e+03 1.473629533731708019e+00 1.800844261705193336e-03
5.681024458602638333e+03 1.468848306913487889e+00 1.714926630913446567e-03
5.686705483061243285e+03 1.468238858801291125e+00 1.513611910009628192e-03
5.692392188544306009e+03 1.471555100292166962e+00 1.272582866004888427e-03
5.698084580732852373e+03 1.477641169909647667e+00 1.265460943382188059e-03
5.703782665313587131e+03 1.487000677206071764e+00 1.483673981457332963e-03
5.709486447978903016e+03 1.499212550782560438e+00 2.232241596432529927e-03
5.715195934426883468e+03 1.512056714856627071e+00 2.514001330493404861e-03
5.720911130361312644e+03 1.524178414876125931e+00 2.596815299309568597e-03
5.726632041491675409e+03 1.534911807383887217e+00 2.470922481133651979e-03
5.732358673533169167e+03 1.544186030417003641e+00 2.132275842363208149e-03
5.738091032206703858e+03 1.551471783194971810e+00 1.982504664400414410e-03
5.743829123238912871e+03 1.556151410203515217e+00 2.579050169658971166e-03
5.749572952362153046e+03 1.559029617159115810e+00 2.570064235258880028e-03
5.755322525314517407e+03 1.562014598081287176e+00 2.425586363215409980e-03
5.761077847839834249e+03 1.564717136675924714e+00 1.994052310004310481e-03
5.766838925687675328e+03 1.569540788421194932e+00 1.387986920978665417e-03
5.772605764613364954e+03 1.577636900290549482e+00 1.042873268654620836e-03
5.778378370377980900e+03 1.589457993344171927e+00 1.724950078954899093e-03
5.784156748748360769e+03 1.603362085663216696e+00 2.212036740988519365e-03
5.789940905497111089e+03 1.619294049059492702e+00 2.246626947407362896e-03
5.795730846402610041e+03 1.635562507651836306e+00 1.945000970238947892e-03
5.801526577249013826e+03 1.651030090512358495e+00 1.915186274966562468e-03
5.807328103826264851e+03 1.665615464524019762e+00 2.211263388650350388e-03
5.813135431930093546e+03 1.679646645522830717e+00 2.686873406837428976e-03
5.818948567362025642e+03 1.693476738341080701e+00 3.135438748435945971e-03
5.824767515929389447e+03 1.706384263714127547e+00 3.052169917706358798e-03
5.830592283445320390e+03 1.717835595740598631e+00 3.484431728352500347e-03
5.836422875728768304e+03 1.726682698695653384e+00 5.273886874557536832e-03
5.842259298604498326e+03 1.731814527048827435e+00 6.389639793498133429e-03
5.848101557903105459e+03 1.732673997917519415e+00 6.544401948706183095e-03
5.853949659461010015e+03 1.727728274247262163e+00 6.746902777266246959e-03
5.859803609120473084e+03 1.718315239562627772e+00 7.681842937096337517e-03
5.865663412729595620e+03 1.703617576846289117e+00 9.300096819384885347e-03
5.871529076142326630e+03 1.683776242481276109e+00 9.891192057375692778e-03
5.877400605218471355e+03 1.664361499176339576e+00 8.535028835439406950e-03
5.883278005823691274e+03 1.647683682794536919e+00 6.278901625274065958e-03
5.889161283829516833e+03 1.637446853476287822e+00 5.345690624137741653e-03
5.895050445113348360e+03 1.633246587589893606e+00 5.231241550556787849e-03
5.900945495558464245e+03 1.635246771394102572e+00 5.089785557181102787e-03
5.906846441054024581e+03 1.641225215522674530e+00 4.071773796864628855e-03
5.912753287495080258e+03 1.650495022725456673e+00 3.105409630543036134e-03
5.918666040782577511e+03 1.660534191050942132e+00 2.049841617741640989e-03
5.924584706823361557e+03 1.668754343212375701e+00 1.896744670265050180e-03
5.930509291530187511e+03 1.674343216673372936e+00 1.724911587341563168e-03
5.936439800821719473e+03 1.677671773459595617e+00 1.796335374479081674e-03
5.942376240622543264e+03 1.680068979042639521e+00 1.580911129802759418e-03
5.948318616863167335e+03 1.682322593462550531e+00 1.518235407168438012e-03
5.954266935480032771e+03 1.683873923519948246e+00 1.662806200137325729e-03
5.960221202415515108e+03 1.683494314254118995e+00 1.729859120524180954e-03
5.966181423617932523e+03 1.680376092102219943e+00 1.710364553911858029e-03
5.972147605041552197e+03 1.674923730725071724e+00 1.698127718037219756e-03
5.978119752646595771e+03 1.667048270847961255e+00 1.756239902618808406e-03
5.984097872399243897e+03 1.657871003300874557e+00 1.839222739930783477e-03
5.990081970271645332e+03 1.648066682275515671e+00 2.063440723877239986e-03
5.996072052241918755e+03 1.637766285557147095e+00 2.288455992010354507e-03
6.002068124294162772e+03 1.627802016163676813e+00 2.304099663716692274e-03
6.008070192418459555e+03 1.619141813975587540e+00 2.039559193842020376e-03
6.014078262610879392e+03 1.612642542206370599e+00 1.794892011650998497e-03
6.020092340873492503e+03 1.607875315175100850e+00 1.772619713597665134e-03
6.026112433214368139e+03 1.605404891895436892e+00 1.948911127147919366e-03
6.032138545647584579e+03 1.604455595800528878e+00 1.775348937309283734e-03
6.038170684193233683e+03 1.604479750181529329e+00 1.254389045770957188e-03
6.044208854877429076e+03 1.604585890244057511e+00 7.091111638823164708e-04
6.050253063732308874e+03 1.603745877622775096e+00 6.566228909507616698e-04
6.056303316796042964e+03 1.601812199043042950e+00 6.567233244445549968e-04
6.062359620112841185e+03 1.598507414822882611e+00 6.326936810038372334e-04
6.068421979732956061e+03 1.594456567242827472e+00 6.980562668749315091e-04
6.074490401712690982e+03 1.588549022601430050e+00 7.726721225159637009e-04
6.080564892114405666e+03 1.581220573886233938e+00 8.297742065577416422e-04
6.086645457006521610e+03 1.573115870116134962e+00 8.938968073594335748e-04
6.092732102463530282e+03 1.563590082865486064e+00 9.851613890645230260e-04
6.098824834565995843e+03 1.553332897166414872e+00 1.328829090674942936e-03
6.104923659400564247e+03 1.541008202814551531e+00 2.104008886175668096e-03
6.111028583059966877e+03 1.526144694293007253e+00 2.567676459332073752e-03
6.117139611643028729e+03 1.508223249216364303e+00 2.713600736415367962e-03
6.123256751254673873e+03 1.487776046553636489e+00 2.840399936263426559e-03
6.129380008005929994e+03 1.466105151024037934e+00 3.249574996761207726e-03
6.135509388013938405e+03 1.443360075026116185e+00 3.926451245218448918e-03
6.141644897401954040e+03 1.420290764420994556e+00 4.575298322893256615e-03
6.147786542299358189e+03 1.397821603651454136e+00 4.877566169372858466e-03
6.153934328841659408e+03 1.378324993146156308e+00 4.333895294221048501e-03
6.160088263170503524e+03 1.363578741991286813e+00 3.759394007057940273e-03
6.166248351433675452e+03 1.354342549584468758e+00 3.667099465305574072e-03
6.172414599785111022e+03 1.351128008664320035e+00 4.059681442314301385e-03
6.178587014384898794e+03 1.353984711778348560e+00 4.706694972702395174e-03
6.184765601399285515e+03 1.361211128401946802e+00 3.823408113498966230e-03
6.190950367000687038e+03 1.367239898435128165e+00 2.671201617389927160e-03
6.197141317367689226e+03 1.372116860728143761e+00 1.781370375601364249e-03
6.203338458685059777e+03 1.373989951977294677e+00 2.329372821820356251e-03
6.209541797143746408e+03 1.373855793603205644e+00 2.287942645193299668e-03
6.215751338940892310e+03 1.374458919159512238e+00 2.325235091451573460e-03
6.221967090279835247e+03 1.376302907056354830e+00 2.142983485934065770e-03
6.228189057370116643e+03 1.379374025915421020e+00 1.861562953687707998e-03
6.234417246427488863e+03 1.384590161072795089e+00 1.606762327268080335e-03
6.240651663673918847e+03 1.391575639477930171e+00 1.551208524635017171e-03
6.246892315337594482e+03 1.400256320311907832e+00 1.607225176330894867e-03
6.253139207652934601e+03 1.410720454374813748e+00 1.592155478326891813e-03
6.259392346860589896e+03 1.421693115236842608e+00 1.339240601250270279e-03
6.265651739207452010e+03 1.433490885136508908e+00 1.177956023390773011e-03
6.271917390946661726e+03 1.446210735841781503e+00 1.017057786079514662e-03
6.278189308337610782e+03 1.457538584301074414e+00 9.533854760421404473e-04
6.284467497645950061e+03 1.467855931994639151e+00 1.054294847442643511e-03
6.290751965143597772e+03 1.477839256455361072e+00 9.707809676404140567e-04
6.297042717108744000e+03 1.487936299257226924e+00 9.878648347345596586e-04
6.303339759825854344e+03 1.498347599329332480e+00 9.642614538758119370e-04
6.309643099585682648e+03 1.509004766645401618e+00 9.167965300394545968e-04
6.315952742685270096e+03 1.520026208213146379e+00 9.972552248052328656e-04
6.322268695427957937e+03 1.530704163662359507e+00 1.196862000754590110e-03
6.328590964123387494e+03 1.540749332877236810e+00 1.227396154845145559e-03
6.334919555087512890e+03 1.550404122451627620e+00 1.263580472377234809e-03
6.341254474642602872e+03 1.559231229166899713e+00 1.237705494535834777e-03
6.347595729117247174e+03 1.566666494484125538e+00 1.245620624758106377e-03
6.353943324846366522e+03 1.573003261399831487e+00 1.228098704871608514e-03
6.360297268171215364e+03 1.577829327287004313e+00 1.234986669911485426e-03
6.366657565439388236e+03 1.581233820251795930e+00 1.194540877523358894e-03
6.373024223004829764e+03 1.583245894639357276e+00 1.137275420588266563e-03
6.379397247227837397e+03 1.583403624744536886e+00 8.815807678131758586e-04
6.385776644475066860e+03 1.583499959027691029e+00 1.759043239634605410e-03
6.392162421119543978e+03 1.581951586569323442e+00 1.422725833180467012e-03
6.398554583540665590e+03 1.578181091626025490e+00 1.773037314548877707e-03
6.404953138124208635e+03 1.574009654483692344e+00 2.181792996417050105e-03
6.411358091262334710e+03 1.569805254380468584e+00 2.580409958884989294e-03
6.417769449353599157e+03 1.565685237928430729e+00 2.583751200583167713e-03
6.424187218802954703e+03 1.562021920891333293e+00 2.499080577123246640e-03
6.430611406021760558e+03 1.559688366581170049e+00 2.591046185263356800e-03
6.437042017427784231e+03 1.558765189144845298e+00 2.945511311380847371e-03
6.443479059445214261e+03 1.558959801079679464e+00 3.212169895243316507e-03
6.449922538504661134e+03 1.558346833853321511e+00 3.398489064476336793e-03
6.456372461043168187e+03 1.557268407029922308e+00 3.026419255113174320e-03
6.462828833504213435e+03 1.555326001648039025e+00 2.775028141577764399e-03
6.469291662337719572e+03 1.552032705401747092e+00 2.934030715026251547e-03
6.475760954000059428e+03 1.546926678096320229e+00 3.212201107199767324e-03
6.482236714954061426e+03 1.539664586603965990e+00 3.339929208285030010e-03
6.488718951669017770e+03 1.531531681967809755e+00 3.047616191274787629e-03
6.495207670620688987e+03 1.524233235865972702e+00 2.267420364964979271e-03
6.501702878291312118e+03 1.519631220798694837e+00 2.010279840251527009e-03
6.508204581169605262e+03 1.519925888343991227e+00 1.630244490347232313e-03
6.514712785750777584e+03 1.519452835186142714e+00 1.772401359790899168e-03
6.521227498536530220e+03 1.520183597362148253e+00 1.959683368807326083e-03
6.527748726035069012e+03 1.520448319215187416e+00 1.747640052820832951e-03
6.534276474761106329e+03 1.519608950944948411e+00 1.683192323589508942e-03
6.540810751235869247e+03 1.518286699066525802e+00 1.527761718705427296e-03
6.547351561987107743e+03 1.515215612463629569e+00 1.531493995296499388e-03
6.553898913549096505e+03 1.511329951879861078e+00 1.507260286352153644e-03
6.560452812462647671e+03 1.506951196741105559e+00 1.541532363304512748e-03
6.567013265275112644e+03 1.501720241023667413e+00 1.633838440513971091e-03
6.573580278540390282e+03 1.495888035752308554e+00 1.756463651956888207e-03
6.580153858818932349e+03 1.487463722630535834e+00 1.667175508147047567e-03
6.586734012677753526e+03 1.478407621734403543e+00 1.632417245274312518e-03
6.593320746690433225e+03 1.468302823529075374e+00 1.622167412756706515e-03
6.599914067437126505e+03 1.458141662598640309e+00 1.459060557749519184e-03
6.606513981504565891e+03 1.447162036263750728e+00 1.676872535000190675e-03
6.613120495486072286e+03 1.436976643603796733e+00 1.443241324034196882e-03
6.619733615981560433e+03 1.426607617979299691e+00 1.389647544526324569e-03
6.626353349597544366e+03 1.415816646575805082e+00 1.452989505261988949e-03
6.632979702947143778e+03 1.404859344941173926e+00 1.460418536004924909e-03
6.639612682650093120e+03 1.393616460497589360e+00 1.305311736862000641e-03
6.646252295332745234e+03 1.381563766831786388e+00 1.350805008556710306e-03
6.652898547628080451e+03 1.369525842529761173e+00 1.340605151752627530e-03
6.659551446175711135e+03 1.356923008475068304e+00 1.353609045664379371e-03
6.666210997621888964e+03 1.343875195485986218e+00 1.386820373245769558e-03
6.672877208619513112e+03 1.329812811559587749e+00 1.432591616943076690e-03
6.679550085828134797e+03 1.315439511888825352e+00 1.519405553836972959e-03
6.686229635913964557e+03 1.300591565839373409e+00 1.662781711617378850e-03
6.692915865549881346e+03 1.286304289289024183e+00 1.718998400680719083e-03
6.699608781415433441e+03 1.273044022348835735e+00 1.899636243715562174e-03
6.706308390196851178e+03 1.260784458870377156e+00 2.030723754096303534e-03
6.713014698587049679e+03 1.249824225760268304e+00 2.119522677342249983e-03
6.719727713285638856e+03 1.239752293812207862e+00 2.295616854552884507e-03
6.726447440998927050e+03 1.229640493501441112e+00 2.324420920656853490e-03
6.733173888439928305e+03 1.219967911797996241e+00 2.413328244601848065e-03
6.739907062328370557e+03 1.212073175654173607e+00 2.620947001687916941e-03
6.746646969390701088e+03 1.203208224129156179e+00 2.161164814081985124e-03
6.753393616360093802e+03 1.192734451740111057e+00 1.787670350841066153e-03
6.760147009976456502e+03 1.181261242485668328e+00 1.853718834625385807e-03
6.766907156986434529e+03 1.169064310767257364e+00 2.107520015505046779e-03
6.773674064143423493e+03 1.157464138428076827e+00 1.767802339903413967e-03
6.780447738207569273e+03 1.147219706424968066e+00 1.488632774669888716e-03
6.787228185945778932e+03 1.138601691037679053e+00 1.080810240122025969e-03
6.794015414131727084e+03 1.132327731210535093e+00 1.113099551142044102e-03
6.800809429545861349e+03 1.127651042470121157e+00 1.088265071685904110e-03
6.807610238975408720e+03 1.125468329689372604e+00 9.393896880525662036e-04
6.814417849214386479e+03 1.124188641429660018e+00 9.566482272819439633e-04
6.821232267063603103e+03 1.125269797889016266e+00 8.247279924067538138e-04
6.828053499330669183e+03 1.127390547702988410e+00 8.300284487162226145e-04
6.834881552830001965e+03 1.130665683257809695e+00 8.319870424036934732e-04
6.841716434382834450e+03 1.134562369498697709e+00 8.489665045915253993e-04
6.848558150817219939e+03 1.138622407431929551e+00 9.202750768931222073e-04
6.855406708968039311e+03 1.141740729703750734e+00 9.021153988901991832e-04
6.862262115677009206e+03 1.144443725353998520e+00 1.397750205897854226e-03
6.869124377792688392e+03 1.145864807838465227e+00 1.694261859846849828e-03
6.875993502170483225e+03 1.144862996587042048e+00 1.595460698784104733e-03
6.882869495672656740e+03 1.141165902525892228e+00 1.361092133138359006e-03
6.889752365168331380e+03 1.134513080471344360e+00 1.294559093033487195e-03
6.896642117533501732e+03 1.124604505958928691e+00 1.710575853182816483e-03
6.903538759651037253e+03 1.112309207358274321e+00 1.952365809125684816e-03
6.910442298410691365e+03 1.098042429799617636e+00 1.866276666063058703e-03
6.917352740709104182e+03 1.083034525508840051e+00 1.652759725102233854e-03
6.924270093449815249e+03 1.068933321036896755e+00 1.594636031817267541e-03
6.931194363543267173e+03 1.055951292645410211e+00 1.513481960198245031e-03
6.938125557906812901e+03 1.045897827832740656e+00 1.731353329485541426e-03
6.945063683464722089e+03 1.037796520985498461e+00 1.618248075343923890e-03
6.952008747148189286e+03 1.034455080596978549e+00 1.679941612456274831e-03
6.958960755895339389e+03 1.033786186387946282e+00 1.795009916991899702e-03
6.965919716651237650e+03 1.036645923264050140e+00 1.927453434665624436e-03
6.972885636367890584e+03 1.041798173763509139e+00 2.114891061875577832e-03
6.979858522004260521e+03 1.048680815611917172e+00 2.435832012238117825e-03
6.986838380526267429e+03 1.056381433403480230e+00 3.118392757697869937e-03
6.993825218906796181e+03 1.066020856906803926e+00 3.071399409280020296e-03
7.000819044125705659e+03 1.074494056144598142e+00 2.315573126591718902e-03
7.007819863169833297e+03 1.079556542124447516e+00 1.668105711063278158e-03
7.014827683033005087e+03 1.081153840639472064e+00 1.052177160571936016e-03
7.021842510716041033e+03 1.077474187104003445e+00 1.606320647300771200e-03
7.028864353226758794e+03 1.069420725315944676e+00 2.037513756068541453e-03
7.035893217579988232e+03 1.059244031205626602e+00 2.356582892200828269e-03
7.042929110797570502e+03 1.048479686114885290e+00 2.421715784032223324e-03
7.049972039908370789e+03 1.038614105288653056e+00 1.918894262139392640e-03
7.057022011948281033e+03 1.031305140117110719e+00 1.553149792367692272e-03
7.064079033960231754e+03 1.026413024318575840e+00 1.564425853567685213e-03
7.071143112994193871e+03 1.023891065407910528e+00 1.868746312109529316e-03
7.078214256107190522e+03 1.023527640630264468e+00 1.948537378781085242e-03
7.085292470363300708e+03 1.024746095868066309e+00 1.756134850336218880e-03
7.092377762833665656e+03 1.026385330355804371e+00 1.505569922321508235e-03
7.099470140596501551e+03 1.029262318080582883e+00 1.151682821997690193e-03
7.106569610737100447e+03 1.032446680607632894e+00 1.246661318347381045e-03
7.113676180347840273e+03 1.036323806705891082e+00 1.342759898689880986e-03
7.120789856528190285e+03 1.041098135986010309e+00 1.342666977394759049e-03
7.127910646384721076e+03 1.046659922342402904e+00 1.101902870136320291e-03
7.135038557031108212e+03 1.053484642995549336e+00 8.846962552939958242e-04
7.142173595588141325e+03 1.061273370427046947e+00 8.237182457664545812e-04
7.149315769183732300e+03 1.070332299462836145e+00 7.936657203717437407e-04
7.156465084952918005e+03 1.080824142942777399e+00 1.190521049435703301e-03
7.163621550037873021e+03 1.091216743193702321e+00 1.037135550360023624e-03
7.170785171587913283e+03 1.100794524330520385e+00 8.588402080932197764e-04
7.177955956759504261e+03 1.109285231301466057e+00 9.514879460492519508e-04
7.185133912716265513e+03 1.116918394696590600e+00 9.735468346584626176e-04
7.192319046628984324e+03 1.123946501253796137e+00 9.599180882217075344e-04
7.199511365675615707e+03 1.129608481140571774e+00 9.355710854875980706e-04
7.206710877041294225e+03 1.134123589319959269e+00 1.018625296613185835e-03
7.213917587918337631e+03 1.136943048389885691e+00 1.026080456473323077e-03
7.221131505506257781e+03 1.137968521472243255e+00 9.419236831078812424e-04
7.228352637011767001e+03 1.136472063537266264e+00 9.622138916926591210e-04
7.235580989648780815e+03 1.133365729829353574e+00 9.972519842725326156e-04
7.242816570638432495e+03 1.128498339062668165e+00 1.116598677554500249e-03
7.250059387209073066e+03 1.122493414636675846e+00 1.175832582635568616e-03
7.257309446596284033e+03 1.115789400286227639e+00 1.116320582523534690e-03
7.264566756042882844e+03 1.108837037404180270e+00 9.935337241278637942e-04
7.271831322798928340e+03 1.101659801470339817e+00 9.200195538639982865e-04
7.279103154121729858e+03 1.094326365262189960e+00 7.776605498986627427e-04
7.286382257275853590e+03 1.087254748157557627e+00 9.367442472843536807e-04
7.293668639533132591e+03 1.080919963492039670e+00 1.182563489215715871e-03
7.300962308172667690e+03 1.073530367871391222e+00 1.026222296731500510e-03
7.308263270480842948e+03 1.064995246620161096e+00 9.419822204705515997e-04
7.315571533751325660e+03 1.055373868856488651e+00 1.074125241294660027e-03
7.322887105285079997e+03 1.044722742432426799e+00 1.317501411313780129e-03
7.330209992390367006e+03 1.033377390909016258e+00 1.414292924889604076e-03
7.337540202382760071e+03 1.021020522164946431e+00 1.303747927493662450e-03
7.344877742585144915e+03 1.008479230569138130e+00 1.491555430968440499e-03
7.352222620327733239e+03 9.952213171427937155e-01 1.746104190961618105e-03
7.359574842948062724e+03 9.810924241365960308e-01 1.785481587074158388e-03
7.366934417791013402e+03 9.654909092783762192e-01 1.760911602185120982e-03
7.374301352208806748e+03 9.489832296767527486e-01 1.647832576868383690e-03
7.381675653561018407e+03 9.311081071959276256e-01 1.603183790870899364e-03
7.389057329214581841e+03 9.119142586814553697e-01 1.616577744381327312e-03
7.396446386543798326e+03 8.916876210217942189e-01 1.601156820951718344e-03
7.403842832930345139e+03 8.704942258078817163e-01 1.545532097511436711e-03
7.411246675763277381e+03 8.483835279158946641e-01 1.213142268495480359e-03
7.418657922439043432e+03 8.263689888541511097e-01 9.286053091455578846e-04
7.426076580361484957e+03 8.050807886059524465e-01 1.078532775089054456e-03
7.433502656941848727e+03 7.846265948349749886e-01 1.010498025507168942e-03
7.440936159598792983e+03 7.634801792551177968e-01 8.267616501960070282e-04
7.448377095758394717e+03 7.418740604348985634e-01 7.737679474369957939e-04
7.455825472854155123e+03 7.202148658395453040e-01 8.425702168177615038e-04
7.463281298327012337e+03 6.983568389366889839e-01 9.416843249046159391e-04
7.470744579625341430e+03 6.769658643089068173e-01 8.778396945922920446e-04
7.478215324204968965e+03 6.563938472014162473e-01 7.483245010786027367e-04
7.485693539529176633e+03 6.373840520821750788e-01 8.250973140470551845e-04
7.493179233068708527e+03 6.194564336720768116e-01 8.539970128411959911e-04
7.500672412301779332e+03 6.026168761599559609e-01 8.776345436540254098e-04
7.508173084714083416e+03 5.874910766363831138e-01 8.980974270303170763e-04
7.515681257798800289e+03 5.741840623318108516e-01 9.226286388589995460e-04
7.523196939056601877e+03 5.629550741288100735e-01 9.979705316706262951e-04
7.530720135995660712e+03 5.539256999416021232e-01 1.147869065999675923e-03
7.538250856131659020e+03 5.475335021408225256e-01 1.213072545299326895e-03
7.545789106987793275e+03 5.435238860234459235e-01 1.142527523214506612e-03
7.553334896094783289e+03 5.422678521827187792e-01 8.505108378373036184e-04
7.560888230990880402e+03 5.441060472706432671e-01 8.537477490225761374e-04
7.568449119221873843e+03 5.492017508611738430e-01 1.451966313985901579e-03
7.576017568341098013e+03 5.564588520610334044e-01 1.377536109447285387e-03
7.583593585909441572e+03 5.646603150729134768e-01 1.183170401589053776e-03
7.591177179495353812e+03 5.734744821247682589e-01 1.009509061681462686e-03
7.598768356674851930e+03 5.826730434452077612e-01 9.806297329962312091e-04
7.606367125031529213e+03 5.918698437452784011e-01 1.064223443988036215e-03
7.613973492156563225e+03 6.011224099089819140e-01 1.259560782954909737e-03
7.621587465648722173e+03 6.107432254550440032e-01 1.331696241829119932e-03
7.629209053114373091e+03 6.207612538390294699e-01 1.327672875484580892e-03
7.636838262167490029e+03 6.309146811581937131e-01 1.235245907977154884e-03
7.644475100429660415e+03 6.415174854826359852e-01 1.115236070383521629e-03
7.652119575530092334e+03 6.536649471083166851e-01 1.174131503913497868e-03
7.659771695105625440e+03 6.661727923838683951e-01 1.294938317314273417e-03
7.667431466800733688e+03 6.794578720084528678e-01 1.302028390950577463e-03
7.675098898267536242e+03 6.926468716845572970e-01 1.318876701927093999e-03
7.682773997165806577e+03 7.055399526077016370e-01 1.355305743230914755e-03
7.690456771162975201e+03 7.170577949304646204e-01 1.545687330103592697e-03
7.698147227934140574e+03 7.273322174508983773e-01 2.265262360072193074e-03
7.705845375162077289e+03 7.352331827201369352e-01 2.411990091754737629e-03
7.713551220537241534e+03 7.417306236370769801e-01 2.093816917736264233e-03
7.721264771757782000e+03 7.441899730726087014e-01 1.801048499869348360e-03
7.728986036529541707e+03 7.429061804085828058e-01 2.610891153613641071e-03
7.736715022566074367e+03 7.391616335554146433e-01 3.545554956079373897e-03
7.744451737588642573e+03 7.343753059584336995e-01 4.048593034141557273e-03
7.752196189326234162e+03 7.300556265184893201e-01 3.851518117961120861e-03
7.759948385515562222e+03 7.266584596434947363e-01 3.058956575182401535e-03
7.767708333901080550e+03 7.263548207209088448e-01 3.035407590737821890e-03
7.775476042234984561e+03 7.288057270554272327e-01 3.348853795892552110e-03
7.783251518277222203e+03 7.328489858990625549e-01 3.321015368355286889e-03
7.791034769795502143e+03 7.382968523822268647e-01 2.897781151746030119e-03
7.798825804565300132e+03 7.438572039789084211e-01 2.168640752737414825e-03
7.806624630369868100e+03 7.483019963789833140e-01 1.882893853941789526e-03
7.814431255000240526e+03 7.520534125921107815e-01 1.666674845219834594e-03
7.822245686255242617e+03 7.534132740453837185e-01 1.542431508079146821e-03
7.830067931941501229e+03 7.527425341133250347e-01 1.334960096748873722e-03
7.837897999873444860e+03 7.495820209121119015e-01 1.296623811549576242e-03
7.845735897873320937e+03 7.438235101825834139e-01 1.474814287179962609e-03
7.853581633771196721e+03 7.340512442362853163e-01 1.431267286008604993e-03
7.861435215404970222e+03 7.215107165295044922e-01 1.031438452100936522e-03
7.869296650620378387e+03 7.045818782551590553e-01 1.028592819949015851e-03
7.877165947271001642e+03 6.834483343487935958e-01 1.435114394317325457e-03
7.885043113218274812e+03 6.588389902825317890e-01 1.491313859915202817e-03
7.892928156331495302e+03 6.305290214921119851e-01 1.446277391201546353e-03
7.900821084487829467e+03 5.991012362555649950e-01 1.728402315769434665e-03
7.908721905572319884e+03 5.648093210284008681e-01 2.089182632678921164e-03
7.916630627477895359e+03 5.287833530319676623e-01 2.309775330511756441e-03
7.924547258105375477e+03 4.916424135135958329e-01 2.616643999760360963e-03
7.932471805363483327e+03 4.544027210692324070e-01 3.301711545898173162e-03
7.940404277168850058e+03 4.185190367441671833e-01 4.229786279096471764e-03
7.948344681446021241e+03 3.841716246643682720e-01 5.048471894591602740e-03
7.956293026127469602e+03 3.521095069300890779e-01 5.229380432803857476e-03
7.964249319153599572e+03 3.244818274453060147e-01 5.111091121062609488e-03
7.972213568472756378e+03 3.012454874302382679e-01 4.676388669722342760e-03
7.980185782041231505e+03 2.852609176896513943e-01 5.211220588135580950e-03
7.988165967823275423e+03 2.759867889783393924e-01 5.950761662786319475e-03
7.996154133791101231e+03 2.710121834240626360e-01 5.219298948624052394e-03
8.004150287924895565e+03 2.671493574838606500e-01 4.224644017516506096e-03
8.012154438212822242e+03 2.638249005976716632e-01 1.716236310197756911e-03
8.020166592651037718e+03 2.549919176340015858e-01 2.309507822619601483e-03
8.028186759243691995e+03 2.437767965090650302e-01 2.427780350474605976e-03
8.036214946002938632e+03 2.314618745389299403e-01 2.414700643861291633e-03
8.044251160948943834e+03 2.191643241517909069e-01 1.508992113106379963e-03
8.052295412109895551e+03 2.089978671319737413e-01 1.438381737781486156e-03
8.060347707522008022e+03 1.992571341317902756e-01 1.464592175922438313e-03
8.068408055229532692e+03 1.896939631195747045e-01 1.354428698847301177e-03
8.076476463284764577e+03 1.807449860801162711e-01 1.268757672828189778e-03
8.084552939748052268e+03 1.721703428394070756e-01 1.338292297690503148e-03
8.092637492687803388e+03 1.655115615205807189e-01 1.256283733876675324e-03
8.100730130180493688e+03 1.601267627926862835e-01 1.179154328159488481e-03
8.108830860310677053e+03 1.565856826796672430e-01 1.168875996313386819e-03
8.116939691170990045e+03 1.540208918068318167e-01 1.150541080136610605e-03
8.125056630862163729e+03 1.523362806200804220e-01 1.145997359845627849e-03
8.133181687493028221e+03 1.513302330936855400e-01 1.125518485708799183e-03
8.141314869180524511e+03 1.505829651174024064e-01 1.060731582566495348e-03
8.149456184049707190e+03 1.502620603082951145e-01 1.030747882667462168e-03
8.157605640233759914e+03 1.506743928296572499e-01 1.005801184531863708e-03
8.165763245873996311e+03 1.520409485851299536e-01 9.311300686536082543e-04
8.173929009119872717e+03 1.536284393113648006e-01 9.027130994231777816e-04
8.182102938128995447e+03 1.554288226233029035e-01 1.008756872537619823e-03
8.190285041067127167e+03 1.581382107534348713e-01 7.649607496931693819e-04
8.198475326108196896e+03 1.619337553320115697e-01 7.428959673541272839e-04
8.206673801434308189e+03 1.669005546343153568e-01 8.540447004475752507e-04
8.214880475235744598e+03 1.724377020124533977e-01 8.454037001786506239e-04
8.223095355710984222e+03 1.783786666202800686e-01 7.527568500313671675e-04
8.231318451066697889e+03 1.843031418327532589e-01 5.676886154205976242e-04
8.239549769517767345e+03 1.895462809398785753e-01 6.473849456811354855e-04
8.247789319287287071e+03 1.946507162948833414e-01 7.785287762975980465e-04
8.256037108606577021e+03 1.999207454672426998e-01 7.090322471588173490e-04
8.264293145715186256e+03 2.054590339004727373e-01 7.086115599569095579e-04
8.272557438860903858e+03 2.106237518551061505e-01 7.017252262179115305e-04
8.280829996299768027e+03 2.156924834025696902e-01 6.570175324517302500e-04
8.289110826296069718e+03 2.204933077482440218e-01 6.619894831116375890e-04
8.297399937122369010e+03 2.251360486387266047e-01 7.785735467640190035e-04
8.305697337059495112e+03 2.298694279036878341e-01 8.877814394503355262e-04
8.314003034396557268e+03 2.352321902921269414e-01 8.994329787510687213e-04
8.322317037430955679e+03 2.415003889175824925e-01 8.565704168874364302e-04
8.330639354468388774e+03 2.481346790039881123e-01 8.351995983877527705e-04
8.338969993822860488e+03 2.556984782526839917e-01 8.273887285454083283e-04
8.347308963816685718e+03 2.636186778437452638e-01 8.673384589537951571e-04
8.355656272780506697e+03 2.714969308973838591e-01 8.314349691169941551e-04
8.364011929053289350e+03 2.801289801190622875e-01 8.441520563373460613e-04
8.372375940982345128e+03 2.890649994994086702e-01 8.332255376797701113e-04
8.380748316923331004e+03 2.984308451857593525e-01 8.350722407568921413e-04
8.389129065240256750e+03 3.078624962304863932e-01 8.124284069833409300e-04
8.397518194305499492e+03 3.175840122155840217e-01 7.579487609443732012e-04
8.405915712499807341e+03 3.273245661078446056e-01 6.899374209219320256e-04
8.414321628212310316e+03 3.365281435638110552e-01 6.734624848177610213e-04
8.422735949840525791e+03 3.455836195669663713e-01 6.585509950526616208e-04
8.431158685790369418e+03 3.537558697562236398e-01 7.331848645543929260e-04
8.439589844476162398e+03 3.615402209507401765e-01 6.904578056634061130e-04
8.448029434320640576e+03 3.688945186349149030e-01 5.965965609787390661e-04
8.456477463754963537e+03 3.761670731367451337e-01 5.778747306747205204e-04
8.464933941218721884e+03 3.830948009282577060e-01 6.012381358353565590e-04
8.473398875159942691e+03 3.893625703555978479e-01 6.059272660025811011e-04
8.481872274035105875e+03 3.952523754138429490e-01 6.092615834575814500e-04
8.490354146309144198e+03 4.005323486458811644e-01 6.483278870629222233e-04
8.498844500455456000e+03 4.057360690787997770e-01 6.583712508832853267e-04
8.507343344955914290e+03 4.099540468427116946e-01 7.896053417880477066e-04
8.515850688300872207e+03 4.140538906782602613e-01 7.241680422268423258e-04
8.524366538989177570e+03 4.178785024030421402e-01 6.468353861917102397e-04
8.532890905528169242e+03 4.214949296142800339e-01 6.491441465602977969e-04
8.541423796433698953e+03 4.249693716457859649e-01 7.109589769869234695e-04
8.549965220230136765e+03 4.278984457655162776e-01 7.758671763500146323e-04
8.558515185450369245e+03 4.302938274025389087e-01 8.383158290670091224e-04
8.567073700635823116e+03 4.323629662385534145e-01 8.591332525805723316e-04
8.575640774336461618e+03 4.337604460209018575e-01 8.387646903757693369e-04
8.584216415110800881e+03 4.345352379652094310e-01 8.072788506416552368e-04
8.592800631525913559e+03 4.344925908722657160e-01 8.224846952218365422e-04
8.601393432157443385e+03 4.335827233355344923e-01 8.228984082829490830e-04
8.609994825589603352e+03 4.321861969108010126e-01 8.204124622062457890e-04
8.618604820415195718e+03 4.299640447836714507e-01 7.944594610725541238e-04
8.627223425235613831e+03 4.268119885368125144e-01 7.920794306965941696e-04
8.635850648660851220e+03 4.226961051323160357e-01 8.314766439661908570e-04
8.644486499309516148e+03 4.180225040376987500e-01 8.647981278075387050e-04
8.653130985808827973e+03 4.123956754985858009e-01 9.129906821612475453e-04
8.661784116794638976e+03 4.062122277774698476e-01 9.931782627828429546e-04
8.670445900911438002e+03 3.993459234132200608e-01 1.098743605561429458e-03
8.679116346812352276e+03 3.918082173516259092e-01 1.257987903311425784e-03
8.687795463159167412e+03 3.839498220729902211e-01 1.475472510391588610e-03
8.696483258622329231e+03 3.763184858842708591e-01 1.284243042961485948e-03
8.705179741880954680e+03 3.686001924485132197e-01 1.582614073036960360e-03
8.713884921622837282e+03 3.613276430584271282e-01 1.877788679736281828e-03
8.722598806544463514e+03 3.544831131587095063e-01 2.227345305739834424e-03
8.731321405351010981e+03 3.478556085826706168e-01 2.749250168767516413e-03
8.740052726756364791e+03 3.407901062306069595e-01 3.652840917489414384e-03
8.748792779483124832e+03 3.331318764405573063e-01 4.591925636169504402e-03
8.757541572262609407e+03 3.264421660515039458e-01 6.336537974832276258e-03
8.766299113834875243e+03 3.204471348963578992e-01 8.525734219104078720e-03
8.775065412948713856e+03 3.172985621135209211e-01 1.134491269085368195e-02
