# starting wavelength: 3002.670
# ending wavelength: 7776.220
# wav flux eflux
3.005517802315240260e+03 9.167429249605684172e-01 1.454427118658471740e-02
3.008523320117556523e+03 9.170803273011856049e-01 1.062878718544803952e-02
3.011531843437674979e+03 9.166541675237133147e-01 8.845153866408370091e-03
3.014543375281113640e+03 9.140402876580988600e-01 6.642306300046701625e-03
3.017557918656395941e+03 9.091852622620172353e-01 5.196797474944534617e-03
3.020575476575053472e+03 9.037927156452871813e-01 4.107358359364635461e-03
3.023596052051629158e+03 8.977097006910323973e-01 3.689502510905177859e-03
3.026619648103681811e+03 8.920868253448401841e-01 3.780734670476249611e-03
3.029646267751786581e+03 8.878282905153274118e-01 3.369384578931966176e-03
3.032675914019539505e+03 8.843512016467728332e-01 2.868721160560330080e-03
3.035708589933559779e+03 8.811402466815347889e-01 2.487242335163787968e-03
3.038744298523494763e+03 8.780124682937879843e-01 2.226510426945548047e-03
3.041783042822019070e+03 8.753535962486707067e-01 2.009158055159757875e-03
3.044824825864842296e+03 8.731026336295613088e-01 1.849461530557349300e-03
3.047869650690708113e+03 8.715433122318891890e-01 1.749021246717837909e-03
3.050917520341399722e+03 8.700475283463896536e-01 1.651968694252973222e-03
3.053968437861742132e+03 8.692801507851668497e-01 1.600614844727438375e-03
3.057022406299604881e+03 8.687917362305704883e-01 1.556876759260857534e-03
3.060079428705905229e+03 8.687567999490077852e-01 1.551947545426415540e-03
3.063139508134612242e+03 8.694121392210800714e-01 1.569238787171134408e-03
3.066202647642748161e+03 8.695859534405186997e-01 1.519183502763535787e-03
3.069268850290391583e+03 8.696247529959129086e-01 1.563214602659968640e-03
3.072338119140682920e+03 8.691798143953463063e-01 1.987041253814922793e-03
3.075410457259824852e+03 8.689534365506647040e-01 2.358278405850606271e-03
3.078485867717085512e+03 8.692197257013025702e-01 2.599743328313092270e-03
3.081564353584803939e+03 8.712544129867235698e-01 2.618525688276608903e-03
3.084645917938389630e+03 8.741633697473836229e-01 2.512273339806608396e-03
3.087730563856328899e+03 8.773201949902625918e-01 2.307272855999023802e-03
3.090818294420186248e+03 8.807533133979738027e-01 2.203006088939773489e-03
3.093909112714607545e+03 8.858535018121989069e-01 2.314773355627927284e-03
3.097003021827323209e+03 8.918064302146140321e-01 2.591692867620956891e-03
3.100100024849151396e+03 8.979703720858652760e-01 2.924263267013382187e-03
3.103200124874001631e+03 9.044982559210313910e-01 3.239242417361668479e-03
3.106303324998876633e+03 9.110359731823333140e-01 3.534464981115754360e-03
3.109409628323876859e+03 9.183392309643528817e-01 3.510778116928100004e-03
3.112519037952201415e+03 9.238682243242385406e-01 3.353306124826527495e-03
3.115631556990154877e+03 9.280805903112391286e-01 3.116000044068601045e-03
3.118747188547145925e+03 9.311602030433028254e-01 2.842051574410795357e-03
3.121865935735694165e+03 9.312137792691475013e-01 3.080528158421862346e-03
3.124987801671431043e+03 9.297504259077679079e-01 3.628164267187087687e-03
3.128112789473103476e+03 9.273353560160215725e-01 4.157449485798722991e-03
3.131240902262577492e+03 9.250386431712114277e-01 4.283108467256270882e-03
3.134372143164840963e+03 9.227866221768489252e-01 4.325648699025675531e-03
3.137506515308006783e+03 9.210054092334296616e-01 4.434688075775231574e-03
3.140644021823316052e+03 9.178138562283859603e-01 4.320851558301239126e-03
3.143784665845140353e+03 9.141288629449302316e-01 4.079131756804337677e-03
3.146928450510986750e+03 9.106118097172691828e-01 3.694405592466204567e-03
3.150075378961498700e+03 9.078517589149946998e-01 3.297369516512432298e-03
3.153225454340461056e+03 9.060531279737904509e-01 3.081592700634481173e-03
3.156378679794802792e+03 9.046728099295832104e-01 2.985235350129199650e-03
3.159535058474598372e+03 9.053717042499016543e-01 3.011379298200665341e-03
3.162694593533074112e+03 9.075860422112445036e-01 2.996522813364596756e-03
3.165857288126608182e+03 9.113412380326425533e-01 2.768536351508551693e-03
3.169023145414736064e+03 9.159117707357252725e-01 2.373552618371625299e-03
3.172192168560151458e+03 9.210409493919555768e-01 2.154260069335371067e-03
3.175364360728712654e+03 9.267299162762422382e-01 2.067925129418844970e-03
3.178539725089442527e+03 9.324940247465673959e-01 2.124221547944029048e-03
3.181718264814533086e+03 9.391981337715324951e-01 2.110911076478661982e-03
3.184899983079348658e+03 9.471008431128987715e-01 2.264935672430347120e-03
3.188084883062429071e+03 9.544014520145378544e-01 2.334792507616117140e-03
3.191272967945492383e+03 9.622924482224073373e-01 2.495719170658186777e-03
3.194464240913438971e+03 9.690738581306598265e-01 2.479221499923574528e-03
3.197658705154353811e+03 9.754906780354979379e-01 2.465502784791541706e-03
3.200856363859509202e+03 9.817439335065853978e-01 2.477644266065238618e-03
3.204057220223369768e+03 9.878878358530975845e-01 2.553374110544172522e-03
3.207261277443593826e+03 9.935399833223048649e-01 2.453338125904594696e-03
3.210468538721038840e+03 9.985576931823023639e-01 2.309693693840156152e-03
3.213679007259760965e+03 1.003073631079469674e+00 2.149993692078374860e-03
3.216892686267021418e+03 1.006909147074436461e+00 2.024406186917602785e-03
3.220109578953289656e+03 1.009808272203260415e+00 1.997258547288139740e-03
3.223329688532243836e+03 1.010365433643688249e+00 2.016694890481882108e-03
3.226553018220777176e+03 1.010245491839090404e+00 1.807212818133678740e-03
3.229779571238999324e+03 1.009723556738836958e+00 1.642366856366063920e-03
3.233009350810239084e+03 1.009598716691539666e+00 1.610753049669086693e-03
3.236242360161050783e+03 1.008862359398528863e+00 1.606999677678902592e-03
3.239478602521212906e+03 1.008315115905587644e+00 1.671837738047342444e-03
3.242718081123734919e+03 1.007711846712636694e+00 1.945432937592388254e-03
3.245960799204859995e+03 1.006854648239829508e+00 2.088874773585375558e-03
3.249206760004065927e+03 1.005563420594433932e+00 2.023923295472223900e-03
3.252455966764071036e+03 1.004204605907927927e+00 2.014670358911808783e-03
3.255708422730835991e+03 1.002282776582533952e+00 2.106641869438717011e-03
3.258964131153567905e+03 1.000610230986969329e+00 2.248031653700419043e-03
3.262223095284722604e+03 9.995517634986355038e-01 2.295869054268126746e-03
3.265485318380008266e+03 9.987423227496000644e-01 2.264846377061714364e-03
3.268750803698389518e+03 9.986074463299084991e-01 2.177701542437303611e-03
3.272019554502088795e+03 9.986398499418174257e-01 2.017392905701556518e-03
3.275291574056592253e+03 9.994158630908072105e-01 1.830203599927320577e-03
3.278566865630649772e+03 1.001805147220775849e+00 1.866889921305450815e-03
3.281845432496281319e+03 1.005381976749881501e+00 1.801834242672308234e-03
3.285127277928778767e+03 1.009845974207317365e+00 1.870119068870280087e-03
3.288412405206708627e+03 1.014940825042963013e+00 1.866800343787680021e-03
3.291700817611916591e+03 1.021584601337405918e+00 1.856072162094628795e-03
3.294992518429529355e+03 1.029687204579532445e+00 1.876373765035088638e-03
3.298287510947960072e+03 1.039181300480295222e+00 1.979153153862869049e-03
3.301585798458909267e+03 1.049920397800056637e+00 2.012556361463154093e-03
3.304887384257369376e+03 1.061728069505126770e+00 2.178140062953720646e-03
3.308192271641627485e+03 1.075801603537428930e+00 2.172498749216261651e-03
3.311500463913270323e+03 1.091331292427423216e+00 2.295180558840245310e-03
3.314811964377184722e+03 1.107084611995366119e+00 2.375438614537845640e-03
3.318126776341563072e+03 1.123421391618844023e+00 2.599161240102463959e-03
3.321444903117905596e+03 1.139936880065608893e+00 2.905820444177663331e-03
3.324766348021024896e+03 1.156639838003801213e+00 3.123046536344151799e-03
3.328091114369046863e+03 1.172757733224181864e+00 2.868557593636663575e-03
3.331419205483417045e+03 1.187584554414325977e+00 2.282507635897928090e-03
3.334750624688901553e+03 1.200570583591261009e+00 1.743742536286464837e-03
3.338085375313591612e+03 1.210848985803264721e+00 1.789198195716775342e-03
3.341423460688906289e+03 1.218606444062017236e+00 2.093396404896777103e-03
3.344764884149596128e+03 1.223677178179154224e+00 2.190479990255910642e-03
3.348109649033746791e+03 1.227474678199688585e+00 2.136155227004373890e-03
3.351457758682781787e+03 1.230008001147421481e+00 1.948760843258590027e-03
3.354809216441465651e+03 1.231174303499262157e+00 1.802505279620108137e-03
3.358164025657908041e+03 1.230983933174793155e+00 1.539745303677923652e-03
3.361522189683567376e+03 1.230664699816893748e+00 1.440147342301108593e-03
3.364883711873251741e+03 1.231335465077153746e+00 1.478647644379759221e-03
3.368248595585126168e+03 1.232370996704352129e+00 1.670928593703904959e-03
3.371616844180712633e+03 1.233525646059446146e+00 1.722854965421098325e-03
3.374988461024894150e+03 1.234977760246142475e+00 1.516956395322819912e-03
3.378363449485920228e+03 1.236276422962664823e+00 1.380123194311880415e-03
3.381741812935407324e+03 1.237620375574018494e+00 1.322601889205288249e-03
3.385123554748343849e+03 1.238493761060150078e+00 1.314576898281734612e-03
3.388508678303093347e+03 1.238234201188998851e+00 1.306520120992276128e-03
3.391897186981397681e+03 1.239012199677318016e+00 1.377221220660206774e-03
3.395289084168380214e+03 1.239874620933903770e+00 1.317813837095991409e-03
3.398684373252549449e+03 1.240999721091464947e+00 1.279209617337506537e-03
3.402083057625803121e+03 1.242941672858366209e+00 1.288633422314878346e-03
3.405485140683430018e+03 1.244970326752347978e+00 1.327531199876941671e-03
3.408890625824114522e+03 1.247328519693649662e+00 1.403487780940215843e-03
3.412299516449939802e+03 1.250521339959201672e+00 1.368646430568020095e-03
3.415711815966390986e+03 1.254545858744565257e+00 1.637740412274634296e-03
3.419127527782358356e+03 1.258589877405632329e+00 1.808949148959325577e-03
3.422546655310141887e+03 1.262694204387095898e+00 1.812444550124874985e-03
3.425969201965453522e+03 1.266764833410078950e+00 1.671500549234572345e-03
3.429395171167419903e+03 1.270357640388244391e+00 1.355229618634015004e-03
3.432824566338588284e+03 1.272744056587162831e+00 1.270272932164957010e-03
3.436257390904928343e+03 1.273265906152397653e+00 1.596576302699025942e-03
3.439693648295834464e+03 1.273078183807701214e+00 1.854199947649999439e-03
3.443133341944131189e+03 1.273503259176190339e+00 1.986575577242615659e-03
3.446576475286076402e+03 1.274020930890734205e+00 1.930464718540476909e-03
3.450023051761363604e+03 1.275726431291718921e+00 1.776705849637484234e-03
3.453473074813126004e+03 1.278201652963184110e+00 1.719910087538327340e-03
3.456926547887940615e+03 1.282113189459296088e+00 1.962974644936666280e-03
3.460383474435829612e+03 1.286210947075221878e+00 2.155137838158543116e-03
3.463843857910266706e+03 1.291057038654421119e+00 2.155638039440927606e-03
3.467307701768178049e+03 1.296291000699035578e+00 1.916645541344945023e-03
3.470775009469947236e+03 1.300907442445842443e+00 1.458225615625476004e-03
3.474245784479418489e+03 1.303856082472052647e+00 1.159830784228177772e-03
3.477720030263898934e+03 1.305484857379972219e+00 1.229774715032020457e-03
3.481197750294164052e+03 1.305060912324103040e+00 1.251659020477877875e-03
3.484678948044459503e+03 1.304251330246536389e+00 1.239597030192912458e-03
3.488163626992504760e+03 1.302882012224838126e+00 1.447839057886217765e-03
3.491651790619498570e+03 1.301634836086397184e+00 1.195334076187137481e-03
3.495143442410119405e+03 1.301862771156321097e+00 8.580160304139879167e-04
3.498638585852530468e+03 1.304091556359610049e+00 9.413354805268623997e-04
3.502137224438384237e+03 1.308169756476108114e+00 1.456845635385069443e-03
3.505639361662823831e+03 1.312252509514836296e+00 1.464157821254354454e-03
3.509145001024487556e+03 1.317458685880024127e+00 1.396402546869466525e-03
3.512654146025513455e+03 1.323145052016000189e+00 1.374378726172412885e-03
3.516166800171540217e+03 1.329410659426387253e+00 1.420615996744243421e-03
3.519682966971712631e+03 1.336300823949181593e+00 1.642776616543532462e-03
3.523202649938685681e+03 1.343869661168959118e+00 1.557427259016142419e-03
3.526725852588625457e+03 1.352622357059075187e+00 1.674436119749756835e-03
3.530252578441215064e+03 1.361309850297224955e+00 1.968896581978800148e-03
3.533782831019657806e+03 1.369190610297051691e+00 2.035000149992827537e-03
3.537316613850678550e+03 1.376642714019610025e+00 1.975507979259746253e-03
3.540853930464530094e+03 1.383499219431551852e+00 1.875586594197307727e-03
3.544394784394995895e+03 1.389054929720752618e+00 1.849135115490068261e-03
3.547939179179392340e+03 1.393413573171520703e+00 1.920130387556399660e-03
3.551487118358572843e+03 1.396694204535879003e+00 2.044211240957301626e-03
3.555038605476932389e+03 1.398254273034010176e+00 1.940648626201966695e-03
3.558593644082410719e+03 1.398932828009243901e+00 1.663365155713766516e-03
3.562152237726494150e+03 1.398982106816232251e+00 1.505303189720229697e-03
3.565714389964221937e+03 1.398719016184093222e+00 1.611856111796861968e-03
3.569280104354187188e+03 1.398530838952056099e+00 1.537462116121434590e-03
3.572849384458542772e+03 1.397247865498250530e+00 1.690655342000834662e-03
3.576422233843002232e+03 1.394602973482300889e+00 1.270767694196767682e-03
3.579998656076846601e+03 1.389891892472615353e+00 1.376369676384457891e-03
3.583578654732924406e+03 1.384042384634835532e+00 1.480428493783433408e-03
3.587162233387658489e+03 1.376418428222864865e+00 1.342656720549597433e-03
3.590749395621047370e+03 1.368581516994854530e+00 1.447142136752574979e-03
3.594340145016669794e+03 1.361777954193143847e+00 1.336386383718922693e-03
3.597934485161687462e+03 1.356337624718097157e+00 1.271988441604499217e-03
3.601532419646850485e+03 1.351935746921711479e+00 1.152198063879841632e-03
3.605133952066498296e+03 1.349113555001284492e+00 1.401523726594408560e-03
3.608739086018566013e+03 1.347774681268208985e+00 1.468792310143398607e-03
3.612347825104585809e+03 1.347356274752061323e+00 1.218133331945891280e-03
3.615960172929691907e+03 1.346927939629384285e+00 1.179626345543992750e-03
3.619576133102622407e+03 1.346553579282336432e+00 1.021459373616597681e-03
3.623195709235726554e+03 1.345701483481448024e+00 1.118445944313373186e-03
3.626818904944963379e+03 1.344627406556111238e+00 1.291153396193561861e-03
3.630445723849909427e+03 1.343533971076175115e+00 1.208855544215653660e-03
3.634076169573760581e+03 1.342257521900292350e+00 1.075442504462302898e-03
3.637710245743335690e+03 1.341071538917410377e+00 1.059468762002223948e-03
3.641347955989080219e+03 1.340157357372572688e+00 1.022787920530068883e-03
3.644989303945070333e+03 1.338841670552302521e+00 1.024767958415839526e-03
3.648634293249016537e+03 1.337595986249805469e+00 1.161402272243559474e-03
3.652282927542266862e+03 1.336431243069354124e+00 9.179148892764214156e-04
3.655935210469810499e+03 1.334375789985071004e+00 7.081802436661138560e-04
3.659591145680281443e+03 1.330797552179216581e+00 8.558205313042937211e-04
3.663250736825963031e+03 1.326753461699317516e+00 1.107477034813005284e-03
3.666913987562790226e+03 1.322295692634892772e+00 1.326101660152642723e-03
3.670580901550354156e+03 1.318415567280872835e+00 1.284831586335585720e-03
3.674251482451905758e+03 1.315878177333723809e+00 1.194889454775495017e-03
3.677925733934358959e+03 1.314168708413481879e+00 1.175108120132805408e-03
3.681603659668294313e+03 1.313686284379029123e+00 1.464083107341618371e-03
3.685285263327964003e+03 1.314021673638465781e+00 1.461172294001558507e-03
3.688970548591293209e+03 1.314408839173186960e+00 1.359229192690243311e-03
3.692659519139885560e+03 1.314718016773572362e+00 1.382066602051045890e-03
3.696352178659026777e+03 1.315431413207589939e+00 1.392108542812455765e-03
3.700048530837686940e+03 1.316810118569965438e+00 1.335794954080620454e-03
3.703748579368525952e+03 1.318037219839149898e+00 1.330562775452986306e-03
3.707452327947895355e+03 1.318976948732536236e+00 1.341138383530240952e-03
3.711159780275844696e+03 1.319459888465330577e+00 1.150462581817659905e-03
3.714870940056121526e+03 1.320073231307330897e+00 1.102072467737969397e-03
3.718585810996179134e+03 1.320864331742263476e+00 1.105419540091569621e-03
3.722304396807176545e+03 1.321755766800994492e+00 1.073406578274548311e-03
3.726026701203984885e+03 1.322808198774145572e+00 8.931833365303105390e-04
3.729752727905190113e+03 1.323115161170831389e+00 8.980919436805733045e-04
3.733482480633096657e+03 1.323122503933532590e+00 8.934451996132684957e-04
3.737215963113731050e+03 1.322316013500138610e+00 9.959717731626615070e-04
3.740953179076846027e+03 1.320074789981445784e+00 9.716211340378930758e-04
3.744694132255923705e+03 1.317552471996807251e+00 1.010937280531608307e-03
3.748438826388181042e+03 1.315065515391924622e+00 1.014550444099853376e-03
3.752187265214570289e+03 1.312665981196560860e+00 9.427918532644957413e-04
3.755939452479786269e+03 1.309715517617983549e+00 9.179138370131908727e-04
3.759695391932267285e+03 1.306205566125333783e+00 9.135167146525219068e-04
3.763455087324201031e+03 1.302482909717536774e+00 9.013513845571467569e-04
3.767218542411526414e+03 1.298783965916226135e+00 9.205822764871888055e-04
3.770985760953939007e+03 1.294797691559071984e+00 1.015693653716312006e-03
3.774756746714894234e+03 1.291113060036878313e+00 1.107684140484781416e-03
3.778531503461610555e+03 1.288204326151796586e+00 1.066339478771402430e-03
3.782310034965073100e+03 1.286413579327669643e+00 1.062518414896785907e-03
3.786092345000039586e+03 1.285460787149824036e+00 1.079055514226773347e-03
3.789878437345040766e+03 1.285457085257593723e+00 1.053833704183851751e-03
3.793668315782387253e+03 1.286798541402306872e+00 1.214640903715813024e-03
3.797461984098170888e+03 1.288738926038419663e+00 1.275778854366635797e-03
3.801259446082270188e+03 1.291118567954158802e+00 1.302691766434573711e-03
3.805060705528353537e+03 1.294546245611068791e+00 1.159992446636111223e-03
3.808865766233883278e+03 1.298621615260548534e+00 1.038846442322545948e-03
3.812674632000118436e+03 1.302928858706924542e+00 1.047001861131084503e-03
3.816487306632119726e+03 1.307223240133784659e+00 1.052807534135289172e-03
3.820303793938753188e+03 1.312265595809806840e+00 1.063293136422344435e-03
3.824124097732693372e+03 1.317580910403468142e+00 1.026321366361620255e-03
3.827948221830427428e+03 1.323516159907820899e+00 9.571512039566887212e-04
3.831776170052258749e+03 1.330227639316111876e+00 9.932852286019266692e-04
3.835607946222312421e+03 1.337667506948597040e+00 9.736692873636595925e-04
3.839443554168536139e+03 1.345666232812065433e+00 8.997664018723343241e-04
3.843282997722705659e+03 1.353757428436418664e+00 1.168634376328812072e-03
3.847126280720429804e+03 1.361626340620639697e+00 1.193227894082526811e-03
3.850973407001151372e+03 1.369718313700389434e+00 1.167381480082708284e-03
3.854824380408153957e+03 1.377049268218744960e+00 1.525174224417689310e-03
3.858679204788563311e+03 1.383760804282665013e+00 1.920203107377710990e-03
3.862537883993353262e+03 1.391982728799552982e+00 1.789496493160562312e-03
3.866400421877347981e+03 1.401803735107528093e+00 1.893180045275554956e-03
3.870266822299226533e+03 1.411642552074008350e+00 1.934252768355998421e-03
3.874137089121526969e+03 1.421787216060302006e+00 2.041619126032493629e-03
3.878011226210649966e+03 1.431334498330785854e+00 2.129838003357872791e-03
3.881889237436861549e+03 1.439782923904935119e+00 2.127486014170507263e-03
3.885771126674299921e+03 1.448676868452191346e+00 1.836546954912190435e-03
3.889656897800975457e+03 1.455093641676467486e+00 1.788539440596799510e-03
3.893546554698777527e+03 1.459256871520239196e+00 1.787800069300590853e-03
3.897440101253477678e+03 1.461469660960052597e+00 1.787912995552809903e-03
3.901337541354732366e+03 1.461536606099669733e+00 1.804686912777367586e-03
3.905238878896088409e+03 1.459507059083530400e+00 1.774238447180862465e-03
3.909144117774985716e+03 1.455448615180449989e+00 1.545488540528151345e-03
3.913053261892762293e+03 1.450316826130463754e+00 1.378813494464565864e-03
3.916966315154656058e+03 1.445410494525473766e+00 1.272570681795681755e-03
3.920883281469812118e+03 1.439684508935852314e+00 1.329028379295681996e-03
3.924804164751283224e+03 1.434295611549246452e+00 1.385702006256256304e-03
3.928728968916035683e+03 1.428198071462047913e+00 1.489325856467707630e-03
3.932657697884953450e+03 1.423136839824942435e+00 1.044868969015357333e-03
3.936590355582839493e+03 1.419880237020314739e+00 1.236844814445541571e-03
3.940526945938423523e+03 1.417412080069418323e+00 1.214339099349156115e-03
3.944467472884363360e+03 1.415661122104541425e+00 1.212585784898597037e-03
3.948411940357249023e+03 1.415392077458805131e+00 1.189672661538751421e-03
3.952360352297607733e+03 1.415745591529604219e+00 1.183171663308386088e-03
3.956312712649906643e+03 1.416291880589937824e+00 1.255169077007939945e-03
3.960269025362557841e+03 1.417411461698844688e+00 1.081959149213541221e-03
3.964229294387921527e+03 1.417793228443411380e+00 1.017871863013424666e-03
3.968193523682310570e+03 1.417340728196413213e+00 9.950788641712043654e-04
3.972161717205994591e+03 1.416904760653886930e+00 1.137751119471248212e-03
3.976133878923201792e+03 1.414869547966012275e+00 1.142646135390870590e-03
3.980110012802126221e+03 1.412166987989716960e+00 1.154954100639359179e-03
3.984090122814929600e+03 1.408755722453290504e+00 1.313671291771964207e-03
3.988074212937745870e+03 1.405487477561525811e+00 1.324098591287552456e-03
3.992062287150684824e+03 1.401762403955838066e+00 1.348993492080804860e-03
3.996054349437837118e+03 1.398257926170560550e+00 1.311489540087677590e-03
4.000050403787276082e+03 1.394631424776970441e+00 1.247818578699878313e-03
4.004050454191064546e+03 1.391711024450548617e+00 9.227313716698570941e-04
4.008054504645257111e+03 1.391109179497842518e+00 1.056100988415485664e-03
4.012062559149903791e+03 1.391052139463181403e+00 9.748286872995293130e-04
4.016074621709055009e+03 1.391290199288617524e+00 9.850435024555022345e-04
4.020090696330765240e+03 1.392204354568976621e+00 1.063147249221643937e-03
4.024110787027097558e+03 1.393548252677654142e+00 1.034118661740999557e-03
4.028134897814125907e+03 1.394619166917243636e+00 9.698926332614512830e-04
4.032163032711941469e+03 1.395604667738401083e+00 9.131231747550295173e-04
4.036195195744654484e+03 1.395895902466377736e+00 1.017079283938499825e-03
4.040231390940400615e+03 1.395831553130967073e+00 9.055108550530285936e-04
4.044271622331342314e+03 1.396403396500995431e+00 1.076308003440722746e-03
4.048315893953675186e+03 1.396805016955845691e+00 1.005220022010285767e-03
4.052364209847629809e+03 1.396137033201694022e+00 1.001392462205465345e-03
4.056416574057479011e+03 1.395401364285441481e+00 9.990693443327678096e-04
4.060472990631537868e+03 1.394233570507682263e+00 9.672003478962899921e-04
4.064533463622170530e+03 1.393266917802335136e+00 1.033766377989173797e-03
4.068597997085794304e+03 1.392122278819877268e+00 1.308312372828809552e-03
4.072666595082881486e+03 1.391863940635791996e+00 1.342237506497530363e-03
4.076739261677965715e+03 1.391878676171104834e+00 1.166388775915409804e-03
4.080816000939644709e+03 1.392694398210378326e+00 1.181163975814192302e-03
4.084896816940585722e+03 1.394378490977589591e+00 1.377558219776679142e-03
4.088981713757527814e+03 1.395476956426899173e+00 1.443805031740010188e-03
4.093070695471286854e+03 1.396135317092755290e+00 1.458770479845998948e-03
4.097163766166759160e+03 1.397030867864765602e+00 1.375349575742784930e-03
4.101260929932927866e+03 1.397727899409013430e+00 1.313879637230493851e-03
4.105362190862862008e+03 1.397045561823577309e+00 1.300363486521531739e-03
4.109467553053726078e+03 1.394504852225346481e+00 1.286366647437296208e-03
4.113577020606780934e+03 1.390027869386713411e+00 1.319604043442411606e-03
4.117690597627389252e+03 1.383700492344557054e+00 1.409622782932825258e-03
4.121808288225018259e+03 1.375642354403481038e+00 1.330241067837633316e-03
4.125930096513244280e+03 1.364819581596462106e+00 1.382302882767845334e-03
4.130056026609759101e+03 1.352225429842351501e+00 1.492346294143996133e-03
4.134186082636369974e+03 1.338669929059724373e+00 1.558286204361440403e-03
4.138320268719007800e+03 1.324574623988542976e+00 1.549728039806776581e-03
4.142458588987728035e+03 1.308972484580502416e+00 1.583831532301692479e-03
4.146601047576717065e+03 1.292832055793269541e+00 1.425972510108981057e-03
4.150747648624294925e+03 1.277720485989347177e+00 1.312446621697498485e-03
4.154898396272920763e+03 1.264450952567212516e+00 1.194634208931974343e-03
4.159053294669195566e+03 1.253705205236494757e+00 1.153859597534384520e-03
4.163212347963865795e+03 1.246120087325760073e+00 1.167872418063372253e-03
4.167375560311830668e+03 1.240530462569947812e+00 1.180167801297283495e-03
4.171542935872143971e+03 1.236048765510986858e+00 1.112602838391280741e-03
4.175714478808017702e+03 1.234179293675387479e+00 1.433228799466171582e-03
4.179890193286827525e+03 1.233957038330435241e+00 1.948098773971735547e-03
4.184070083480115500e+03 1.233636663686981105e+00 2.417886109258954048e-03
4.188254153563597356e+03 1.231436219819357580e+00 2.345046693120537463e-03
4.192442407717161586e+03 1.227885405171319277e+00 1.943315453408450038e-03
4.196634850124880359e+03 1.221981987638379508e+00 1.637595892117382724e-03
4.200831484975006788e+03 1.213250884403849650e+00 2.022410690503995221e-03
4.205032316459983122e+03 1.202069483697243424e+00 2.435297007894032546e-03
4.209237348776444378e+03 1.189881797539765529e+00 2.414374443662849895e-03
4.213446586125221984e+03 1.178341635783145991e+00 2.043573075981734710e-03
4.217660032711349231e+03 1.168712413816635376e+00 1.885906352923691917e-03
4.221877692744061278e+03 1.160463005662167424e+00 1.630253264452899160e-03
4.226099570436806971e+03 1.154632783001980467e+00 1.571813813768044299e-03
4.230325670007245208e+03 1.151305297381948201e+00 1.564600593229070660e-03
4.234555995677254032e+03 1.151031734836522213e+00 1.548609042751618705e-03
4.238790551672932452e+03 1.153554163372868091e+00 1.429373296687351394e-03
4.243029342224606808e+03 1.158271315310676286e+00 1.072154185284909887e-03
4.247272371566832589e+03 1.163822712923348046e+00 1.025006177339491580e-03
4.251519643938400804e+03 1.169939049006385456e+00 1.314112642858976865e-03
4.255771163582340705e+03 1.176276190968861268e+00 1.395417038529700622e-03
4.260026934745924336e+03 1.182887027862750795e+00 1.577234018920954054e-03
4.264286961680671993e+03 1.188747283362411311e+00 1.454143015967188698e-03
4.268551248642354039e+03 1.192730820264237934e+00 1.399514468438001202e-03
4.272819799890998183e+03 1.195092058215063924e+00 1.257526674123432770e-03
4.277092619690890388e+03 1.195961754527035570e+00 1.230084439698701706e-03
4.281369712310583054e+03 1.194337406101497079e+00 1.967334067113303900e-03
4.285651082022895025e+03 1.191815644323302337e+00 2.292779660393500733e-03
4.289936733104918858e+03 1.189838283302219191e+00 1.919735962712865694e-03
4.294226669838025373e+03 1.189463003273999231e+00 1.547910178063179433e-03
4.298520896507864563e+03 1.191025070315073542e+00 1.611796170094769842e-03
4.302819417404373780e+03 1.193922828736288411e+00 1.647621331271278359e-03
4.307122236821779552e+03 1.198678539739915339e+00 1.712930804508148780e-03
4.311429359058603040e+03 1.204243887321025053e+00 1.683341798362647567e-03
4.315740788417662770e+03 1.211247887050823424e+00 1.551060629289342362e-03
4.320056529206081905e+03 1.218821837696920873e+00 1.436012635169461914e-03
4.324376585735290064e+03 1.225930210109001717e+00 1.462653021671293622e-03
4.328700962321026054e+03 1.231963017897415025e+00 1.528238746756118002e-03
4.333029663283348782e+03 1.237365000123840542e+00 1.645791885101685267e-03
4.337362692946633615e+03 1.239025430921999460e+00 1.864287559356416716e-03
4.341700055639581478e+03 1.239914014637271356e+00 1.984767997614985541e-03
4.346041755695222491e+03 1.239609773524899650e+00 2.083053250959727900e-03
4.350387797450919606e+03 1.239111380635674164e+00 2.083760715093368673e-03
4.354738185248371337e+03 1.237626198197716354e+00 2.082041384554663473e-03
4.359092923433621763e+03 1.236374574761725631e+00 2.092209967295924605e-03
4.363452016357056891e+03 1.232997913944193558e+00 2.006099334993742718e-03
4.367815468373414660e+03 1.229572327038569446e+00 1.884450004664392324e-03
4.372183283841789489e+03 1.226943870433066852e+00 1.907322265331577379e-03
4.376555467125633186e+03 1.224853892116392950e+00 1.923493287541203382e-03
4.380932022592760404e+03 1.223809767358381428e+00 1.999224582842814776e-03
4.385312954615354101e+03 1.223363588920876488e+00 2.225928381064378684e-03
4.389698267569970994e+03 1.224760996807517932e+00 2.240874630574974952e-03
4.394087965837542470e+03 1.226792920332560266e+00 2.028262494320221335e-03
4.398482053803381859e+03 1.230549963454439011e+00 2.086972903824868119e-03
4.402880535857186260e+03 1.235532032044597273e+00 2.421467588413649032e-03
4.407283416393044718e+03 1.241344533347819246e+00 2.708043551939389414e-03
4.411690699809440048e+03 1.247232740435627818e+00 2.467391755931475170e-03
4.416102390509250654e+03 1.252968422063960308e+00 1.340490349629405893e-03
4.420518492899761441e+03 1.254923168395671862e+00 1.822833576255965954e-03
4.424939011392662906e+03 1.256034125851955174e+00 2.015463152940120961e-03
4.429363950404056595e+03 1.255246398204537650e+00 2.114510077703947010e-03
4.433793314354462382e+03 1.254241895012061736e+00 2.052679664475331490e-03
4.438227107668818462e+03 1.251841860138124263e+00 1.950831099577645267e-03
4.442665334776488635e+03 1.249048461101428753e+00 2.172787636704255534e-03
4.447108000111265937e+03 1.244434012971012971e+00 2.263222292859525323e-03
4.451555108111379013e+03 1.239486551140600357e+00 2.210025993447228138e-03
4.456006663219492111e+03 1.233740987738047412e+00 2.016925133304493887e-03
4.460462669882713271e+03 1.226652500092588305e+00 2.557724886351158203e-03
4.464923132552597053e+03 1.219387887847427354e+00 2.939720816100329509e-03
4.469388055685150903e+03 1.212468386883064797e+00 2.798786318906361110e-03
4.473857443740837880e+03 1.206574509896068070e+00 2.611735791397750295e-03
4.478331301184580298e+03 1.201266184990815944e+00 2.279478428377283011e-03
4.482809632485766087e+03 1.197968808424709319e+00 2.593721888496721729e-03
4.487292442118253348e+03 1.196055841666423092e+00 3.089774407774330354e-03
4.491779734560373072e+03 1.194885789155498035e+00 3.123622486079881150e-03
4.496271514294934605e+03 1.193064846743482343e+00 2.607172243818084694e-03
4.500767785809231100e+03 1.190339493714360097e+00 1.720896042495682074e-03
4.505268553595042249e+03 1.184618105815458122e+00 2.087453910067295360e-03
4.509773822148638828e+03 1.177606708122391765e+00 2.691754158867060327e-03
4.514283595970789065e+03 1.169445327613055419e+00 2.418228996912395214e-03
4.518797879566761367e+03 1.162441237329777444e+00 2.041902469956934432e-03
4.523316677446328868e+03 1.156194926450351712e+00 1.578097797283488238e-03
4.527839994123776705e+03 1.152282308821148682e+00 1.563337237217043247e-03
4.532367834117902021e+03 1.150789276931546867e+00 1.631155409366020700e-03
4.536900201952022144e+03 1.151871524592393170e+00 1.431226206935296875e-03
4.541437102153975502e+03 1.154308292611414322e+00 1.773249522141000538e-03
4.545978539256130716e+03 1.158933898215225078e+00 2.045037484628750308e-03
4.550524517795388419e+03 1.166614202930049693e+00 2.058443144583247363e-03
4.555075042313184895e+03 1.177248698628588608e+00 2.116222276370674678e-03
4.559630117355500261e+03 1.189205169132730555e+00 2.212777702632109152e-03
4.564189747472856652e+03 1.201701539487300519e+00 2.319004347387431265e-03
4.568753937220330954e+03 1.215393909925044813e+00 2.775780216741445799e-03
4.573322691157552981e+03 1.228571156434518974e+00 2.904656306618460474e-03
4.577896013848711846e+03 1.240453821948808821e+00 2.922312320028139232e-03
4.582473909862562323e+03 1.248676492020477591e+00 2.405642436614897819e-03
4.587056383772426670e+03 1.252237011890943608e+00 1.593222177656054188e-03
4.591643440156200086e+03 1.249463481193322512e+00 2.895476325910636712e-03
4.596235083596357981e+03 1.242549379553288480e+00 3.315089891064879231e-03
4.600831318679955984e+03 1.233353094272961581e+00 3.144671142544388544e-03
4.605432149998637215e+03 1.222652014161167422e+00 2.903663948790321820e-03
4.610037582148637739e+03 1.211243184126870043e+00 2.211511890814610217e-03
4.614647619730787483e+03 1.201501719389173495e+00 1.999263518721799710e-03
4.619262267350520233e+03 1.193740315485907422e+00 2.125904341632658869e-03
4.623881529617872729e+03 1.187642446369713278e+00 2.224328817242464049e-03
4.628505411147491941e+03 1.182243697468781773e+00 2.370147310082534268e-03
4.633133916558640522e+03 1.177785962755001359e+00 2.305159508239373965e-03
4.637767050475200449e+03 1.174700291680187636e+00 2.087630314655766327e-03
4.642404817525677572e+03 1.172217991352682676e+00 1.844714271848496958e-03
4.647047222343205249e+03 1.169274097305518456e+00 1.904791430800096847e-03
4.651694269565549803e+03 1.166075928497254610e+00 1.820202790405257235e-03
4.656345963835116891e+03 1.163078120528484138e+00 1.852365471137167605e-03
4.661002309798953320e+03 1.159456757369236701e+00 1.728837123193549758e-03
4.665663312108753416e+03 1.157862193757214886e+00 1.712178608341903942e-03
4.670328975420864481e+03 1.156383405973406164e+00 1.441112555370295360e-03
4.674999304396286789e+03 1.153969888703209490e+00 1.904670694772835201e-03
4.679674303700684504e+03 1.150418601212096492e+00 2.364797878384549638e-03
4.684353978004386590e+03 1.149534618170557243e+00 2.344403829316438551e-03
4.689038331982392265e+03 1.150482552943816961e+00 2.410942167014073698e-03
4.693727370314376458e+03 1.151920299643815815e+00 2.813271933752768683e-03
4.698421097684692540e+03 1.152968697274576959e+00 3.059742866693372729e-03
4.703119518782378691e+03 1.153707506888952627e+00 3.225727323633242882e-03
4.707822638301162442e+03 1.153657047336462460e+00 3.195644850069727805e-03
4.712530460939465229e+03 1.152077981044735466e+00 2.934349519412839287e-03
4.717242991400406027e+03 1.148263943331454762e+00 2.451682733801738723e-03
4.721960234391808626e+03 1.140244987372110774e+00 2.602999317394400630e-03
4.726682194626201635e+03 1.129414365514810115e+00 3.285556901815159681e-03
4.731408876820829391e+03 1.116317164751896351e+00 3.812463285259936642e-03
4.736140285697651962e+03 1.103104299771155317e+00 3.332266641141535223e-03
4.740876425983350600e+03 1.091793784221369190e+00 2.835954002621227793e-03
4.745617302409335934e+03 1.082488627671721604e+00 2.602229958475811480e-03
4.750362919711747054e+03 1.074823458854618830e+00 2.333141605776113247e-03
4.755113282631459697e+03 1.072555696011188608e+00 2.300955235546461603e-03
4.759868395914093526e+03 1.073351832914690940e+00 2.270541019390510951e-03
4.764628264310008490e+03 1.074416959273049699e+00 2.317083182763237433e-03
4.769392892574320285e+03 1.075583786121194763e+00 2.422246023796904412e-03
4.774162285466896719e+03 1.077749349293631198e+00 2.427234488728466453e-03
4.778936447752364984e+03 1.079653566160144962e+00 2.427635625079052357e-03
4.783715384200118933e+03 1.079661486338424403e+00 1.986256715987227452e-03
4.788499099584319993e+03 1.075879482790304431e+00 2.066030909200236316e-03
4.793287598683906253e+03 1.069586279464530332e+00 2.294623600629256376e-03
4.798080886282591564e+03 1.061844888832535361e+00 2.485910555398376191e-03
4.802878967168876443e+03 1.054136025739805804e+00 2.603365731876330219e-03
4.807681846136046261e+03 1.046852411111717229e+00 2.917888126830522639e-03
4.812489527982183972e+03 1.039656181887323116e+00 3.062439956808663249e-03
4.817302017510168298e+03 1.034341832736816791e+00 2.598002755022057325e-03
4.822119319527679181e+03 1.032486625417146753e+00 1.838090693600984713e-03
4.826941438847208701e+03 1.035556661834312830e+00 2.877757198842383415e-03
4.831768380286057436e+03 1.041494645172848177e+00 3.036010830450580275e-03
4.836600148666345376e+03 1.048222536538027105e+00 2.850501263512775912e-03
4.841436748815013743e+03 1.054473849312091094e+00 2.878983562085670866e-03
4.846278185563829538e+03 1.061305552116738715e+00 2.462397275450353348e-03
4.851124463749395545e+03 1.066225990444967797e+00 1.916987406314620826e-03
4.855975588213146693e+03 1.068061765344146208e+00 2.097325142412097450e-03
4.860831563801360971e+03 1.067613555121076585e+00 2.073911562362984202e-03
4.865692395365163975e+03 1.065444161625979547e+00 1.980725448329485102e-03
4.870558087760530725e+03 1.061854569502760359e+00 1.982879673158060435e-03
4.875428645848292945e+03 1.056861686853499016e+00 1.987095452438325874e-03
4.880304074494142696e+03 1.049999941095008271e+00 1.905699043152951980e-03
4.885184378568638749e+03 1.042745132084216042e+00 2.038278617057122117e-03
4.890069562947209306e+03 1.036739533844436068e+00 2.070659003181054246e-03
4.894959632510157462e+03 1.031876504865374633e+00 2.315325573868768066e-03
4.899854592142669389e+03 1.028061288166655762e+00 2.571612217320036996e-03
4.904754446734813428e+03 1.025529457930568489e+00 2.381602597761720355e-03
4.909659201181550088e+03 1.025925422102056839e+00 1.770203528407667155e-03
4.914568860382732964e+03 1.030189527250764847e+00 2.176295252644571895e-03
4.919483429243117826e+03 1.037654128271568110e+00 2.400621278076389524e-03
4.924402912672362618e+03 1.045925301344197589e+00 2.535848094980801271e-03
4.929327315585036558e+03 1.055113200182533850e+00 2.601606945120547593e-03
4.934256642900622865e+03 1.064941357584728188e+00 2.386724322929646789e-03
4.939190899543525120e+03 1.073492874876907699e+00 1.539596814206611050e-03
4.944130090443070912e+03 1.078693517484739184e+00 2.299584488001589575e-03
4.949074220533515472e+03 1.082274986119539095e+00 2.645838039264015399e-03
4.954023294754050767e+03 1.084556320081048852e+00 2.868184420817554599e-03
4.958977318048806410e+03 1.086887688361994897e+00 2.777276479194515629e-03
4.963936295366856939e+03 1.087934833245083110e+00 2.712262971889342449e-03
4.968900231662225451e+03 1.089530098195788943e+00 3.074303948663137647e-03
4.973869131893889062e+03 1.089100159729879058e+00 3.091358604664549981e-03
4.978843001025784361e+03 1.087564523068695665e+00 3.005637712380528070e-03
4.983821844026811959e+03 1.085629501147954201e+00 2.536156691778676357e-03
4.988805665870840130e+03 1.081228553125348046e+00 2.562236674526664412e-03
4.993794471536712990e+03 1.075095832117001882e+00 2.741927043470227324e-03
4.998788266008251412e+03 1.067293379556122579e+00 2.690663260478139314e-03
5.003787054274261209e+03 1.059087711350140015e+00 2.706918467155721656e-03
5.008790841328536771e+03 1.050899430833613035e+00 2.707058545841789336e-03
5.013799632169867436e+03 1.042270694070922987e+00 2.569188052084363759e-03
5.018813431802038394e+03 1.034010778651448970e+00 2.438099857428446815e-03
5.023832245233842514e+03 1.027127406791925379e+00 2.430758294006061995e-03
5.028856077479077612e+03 1.022365931693860475e+00 2.412652418079537075e-03
5.033884933556558281e+03 1.019754396859726020e+00 2.395953165939677075e-03
5.038918818490116792e+03 1.018795124295470256e+00 2.198233211264554853e-03
5.043957737308608557e+03 1.019545075428708314e+00 2.074148882043351603e-03
5.049001695045918495e+03 1.022050506116112256e+00 2.188528959135806282e-03
5.054050696740966487e+03 1.027474048662878392e+00 2.389394628428167990e-03
5.059104747437709193e+03 1.032168651740960730e+00 2.211828621899115856e-03
5.064163852185148244e+03 1.037736602990533497e+00 1.785114249488592517e-03
5.069228016037335692e+03 1.042669227024420442e+00 1.636121254844632089e-03
5.074297244053374015e+03 1.046301964402602369e+00 1.650319254181688202e-03
5.079371541297429758e+03 1.049267454124572785e+00 1.662644878648715649e-03
5.084450912838728073e+03 1.050900814461928068e+00 1.600943126417229186e-03
5.089535363751569093e+03 1.050942889573947880e+00 1.454787516734855346e-03
5.094624899115322478e+03 1.051199795735696219e+00 1.420665051292626171e-03
5.099719524014439230e+03 1.050674230300619127e+00 1.495962601030932258e-03
5.104819243538455339e+03 1.049796011936914075e+00 1.470370593340960272e-03
5.109924062781995417e+03 1.048188487690256299e+00 1.303663693281566748e-03
5.115033986844779065e+03 1.045804630233801324e+00 1.283687813813516945e-03
5.120149020831625421e+03 1.042437541703684190e+00 1.519271943342419360e-03
5.125269169852458617e+03 1.038377734767079952e+00 1.761789496613019737e-03
5.130394439022313236e+03 1.035515960101828670e+00 1.625212140889550905e-03
5.135524833461337039e+03 1.033205885532123114e+00 1.517356528117185703e-03
5.140660358294800062e+03 1.031710194222519528e+00 1.720700057689959067e-03
5.145801018653096435e+03 1.031029325926034357e+00 1.971352546034237357e-03
5.150946819671751655e+03 1.030519665349214353e+00 2.100527075894345098e-03
5.156097766491425318e+03 1.028049222773939508e+00 2.061134903313347356e-03
5.161253864257918394e+03 1.025571401360045876e+00 1.882160343580481900e-03
5.166415118122177773e+03 1.022479945087628739e+00 1.805782427389625343e-03
5.171581533240301724e+03 1.017972655631242063e+00 2.021631884526053392e-03
5.176753114773543530e+03 1.013218840526923348e+00 2.172434620797092548e-03
5.181929867888318768e+03 1.008548549482067624e+00 1.972671932221333607e-03
5.187111797756208944e+03 1.004017118848181012e+00 1.450014930593852098e-03
5.192298909553966951e+03 1.000963446503299048e+00 1.643529243456933343e-03
5.197491208463522526e+03 9.981078637576465962e-01 1.671678913824034248e-03
5.202688699671987706e+03 9.961384313322543260e-01 1.666749558010945749e-03
5.207891388371661378e+03 9.945956067119199329e-01 1.495087491729828492e-03
5.213099279760034733e+03 9.925137294830980172e-01 1.142767951788742267e-03
5.218312379039796724e+03 9.896365461497077520e-01 1.130548446952545387e-03
5.223530691418837705e+03 9.856870349175934631e-01 1.214021108944213050e-03
5.228754222110258524e+03 9.818653527213737631e-01 1.230188537457229661e-03
5.233982976332370527e+03 9.776825433994487113e-01 9.143253243090790610e-04
5.239216959308704645e+03 9.743549949567528179e-01 7.847057206079538581e-04
5.244456176268015042e+03 9.721298222744865214e-01 9.772949842560482714e-04
5.249700632444284565e+03 9.704496807393638846e-01 9.019196383810955397e-04
5.254950333076731113e+03 9.686046426200264348e-01 9.171636629884389160e-04
5.260205283409809454e+03 9.680573822666951322e-01 8.640808791174552994e-04
5.265465488693221232e+03 9.679647972133204048e-01 8.555022542784673778e-04
5.270730954181915877e+03 9.682569876223809935e-01 8.418050984993309194e-04
5.276001685136099695e+03 9.689814357691340918e-01 8.901473580552164309e-04
5.281277686821237694e+03 9.701253184687972375e-01 1.085264015417225936e-03
5.286558964508059944e+03 9.711128541441613748e-01 1.143224594431502912e-03
5.291845523472569766e+03 9.708687959803065093e-01 1.243335709462496923e-03
5.297137368996044643e+03 9.704290709620356781e-01 1.218595236651420300e-03
5.302434506365042580e+03 9.700648824591664443e-01 1.223658500028925681e-03
5.307736940871409388e+03 9.686329318021077439e-01 1.323106736232971615e-03
5.313044677812282316e+03 9.666058795421703653e-01 1.416527202874905784e-03
5.318357722490096421e+03 9.649383915662397282e-01 1.437393279300536175e-03
5.323676080212588204e+03 9.623774753715989005e-01 1.395127899467130247e-03
5.328999756292802886e+03 9.594313806581965531e-01 1.398726524405729220e-03
5.334328756049097137e+03 9.572020784376815694e-01 1.457066835675326164e-03
5.339663084805148173e+03 9.549471819533909001e-01 1.469191704960613005e-03
5.345002747889954662e+03 9.534793254383648886e-01 1.396746657032305224e-03
5.350347750637846730e+03 9.509603653942969581e-01 1.350729870676462734e-03
5.355698098388485960e+03 9.482767133249256908e-01 1.327420137017930584e-03
5.361053796486876308e+03 9.453776264301336774e-01 1.324237494090362835e-03
5.366414850283365013e+03 9.420132442243072113e-01 1.311241905625333722e-03
5.371781265133649867e+03 9.387409341026456966e-01 1.353337165866490928e-03
5.377153046398785591e+03 9.364232669700669476e-01 1.349148200824429669e-03
5.382530199445186554e+03 9.351647913701849335e-01 1.366307191008465319e-03
5.387912729644633146e+03 9.349943110048397621e-01 1.335297616983543946e-03
5.393300642374279960e+03 9.354222971672842002e-01 1.031670680518747846e-03
5.398693943016655794e+03 9.383197469005201130e-01 1.506176479085626985e-03
5.404092636959673655e+03 9.415861715544533439e-01 1.533161936330614504e-03
5.409496729596635305e+03 9.439224930527245760e-01 1.520201497441990264e-03
5.414906226326233991e+03 9.466512760110050717e-01 1.529597936854250155e-03
5.420321132552561721e+03 9.489264300799074014e-01 1.041491622990728090e-03
5.425741453685116539e+03 9.489690230391737424e-01 1.047330950143950676e-03
5.431167195138803436e+03 9.474006719958738554e-01 1.050343726011186739e-03
5.436598362333943442e+03 9.449880895591044050e-01 1.033549636984970989e-03
5.442034960696279086e+03 9.404684136593221000e-01 1.138267760887451017e-03
5.447476995656978033e+03 9.357083466883616696e-01 1.108904496786895224e-03
5.452924472652636723e+03 9.295034965137343175e-01 9.082187085211604945e-04
5.458377397125291282e+03 9.234102117239594287e-01 8.745194263351821441e-04
5.463835774522417523e+03 9.173394531544040165e-01 8.624032008364029313e-04
5.469299610296941864e+03 9.116383528057131480e-01 8.579619702952447254e-04
5.474768909907241323e+03 9.060181263125741680e-01 8.724459350379283910e-04
5.480243678817149885e+03 9.010989788715743076e-01 8.686550094597969562e-04
5.485723922495968509e+03 8.963762302318010189e-01 8.766829290667275693e-04
5.491209646418466946e+03 8.921266230934019603e-01 1.156170393273079017e-03
5.496700856064887375e+03 8.878987579660853058e-01 1.519568568756360372e-03
5.502197556920953502e+03 8.834607017246641769e-01 1.202219103590062123e-03
5.507699754477876013e+03 8.774690358904534415e-01 1.254139553173219939e-03
5.513207454232356213e+03 8.709458379235632819e-01 1.286289282524278417e-03
5.518720661686590574e+03 8.644358769419772104e-01 1.383592017265726721e-03
5.524239382348278923e+03 8.574969242949611603e-01 1.616540639176956666e-03
5.529763621730628984e+03 8.509307562864201202e-01 1.526820875039418225e-03
5.535293385352360929e+03 8.455686395600322536e-01 1.394972058085204797e-03
5.540828678737715563e+03 8.414376153461288199e-01 1.316604613878742842e-03
5.546369507416455235e+03 8.382945021559280452e-01 1.205576063850282136e-03
5.551915876923872929e+03 8.374398493441995717e-01 1.406758251191728148e-03
5.557467792800798634e+03 8.367498588686724803e-01 1.444052118472547233e-03
5.563025260593602070e+03 8.378814015975306617e-01 1.364129828363840361e-03
5.568588285854197238e+03 8.402124438216562741e-01 1.357234753929457841e-03
5.574156874140053333e+03 8.426501208246276464e-01 1.262409036163048611e-03
5.579731031014194741e+03 8.442975227181348519e-01 1.274013715735014931e-03
5.585310762045211050e+03 8.458335051263693449e-01 1.265050517735994686e-03
5.590896072807257951e+03 8.467726146391880704e-01 1.215607414110045359e-03
5.596486968880067252e+03 8.483932878914038911e-01 1.235482227139805432e-03
5.602083455848949598e+03 8.498343640064256466e-01 1.245483036380536307e-03
5.607685539304799931e+03 8.508078439515834868e-01 1.498797702920900369e-03
5.613293224844106589e+03 8.521032544939047826e-01 1.446686313292897463e-03
5.618906518068952209e+03 8.546789189460500813e-01 1.472710766852910287e-03
5.624525424587023736e+03 8.568773769970809973e-01 1.477658730308539304e-03
5.630149950011612418e+03 8.595986595908885475e-01 1.392843713949808940e-03
5.635780099961625638e+03 8.631983344842899530e-01 1.649839676848075150e-03
5.641415880061589633e+03 8.668388908215750588e-01 1.781743221507617499e-03
5.647057295941652228e+03 8.701348270028428367e-01 1.759072407099138017e-03
5.652704353237596479e+03 8.724025423116164024e-01 1.541724395424716801e-03
5.658357057590835211e+03 8.735482661107968338e-01 1.318280641387239776e-03
5.664015414648428305e+03 8.717538616588080824e-01 1.675745689066795996e-03
5.669679430063079053e+03 8.702753212130734939e-01 1.655083670933571189e-03
5.675349109493143260e+03 8.682481916390037968e-01 1.657209311627399649e-03
5.681024458602638333e+03 8.650604780304835817e-01 1.601715865608915141e-03
5.686705483061243285e+03 8.612403970881005177e-01 1.450053863852054318e-03
5.692392188544306009e+03 8.576197085522043739e-01 1.492290389660088767e-03
5.698084580732852373e+03 8.536685612776522269e-01 1.532058250596411882e-03
5.703782665313587131e+03 8.502018624557509119e-01 1.352602455076270995e-03
5.709486447978903016e+03 8.455164418004714744e-01 1.352883816306160942e-03
5.715195934426883468e+03 8.403850577159505120e-01 1.360905168362650788e-03
5.720911130361312644e+03 8.351933806277138661e-01 1.316538567862985277e-03
5.726632041491675409e+03 8.296232197555712951e-01 1.264472449975904619e-03
5.732358673533169167e+03 8.225631042734208309e-01 1.035966982799195251e-03
5.738091032206703858e+03 8.157412820657201635e-01 9.763899208474888973e-04
5.743829123238912871e+03 8.096812632784962105e-01 9.847770511965401111e-04
5.749572952362153046e+03 8.039935129157785854e-01 1.188638550976259950e-03
5.755322525314517407e+03 7.997752630381494976e-01 1.427155197308018278e-03
5.761077847839834249e+03 7.968670785724971672e-01 1.678852715119635375e-03
5.766838925687675328e+03 7.958319902068928808e-01 1.595197436600817803e-03
5.772605764613364954e+03 7.960923086452782460e-01 9.293232785337071861e-04
5.778378370377980900e+03 7.997480460124885004e-01 1.203058464630091685e-03
5.784156748748360769e+03 8.048365621416513349e-01 1.895734226305573937e-03
5.789940905497111089e+03 8.103409839761219757e-01 2.673038743656082870e-03
5.795730846402610041e+03 8.150386581982028700e-01 2.719320184589604783e-03
5.801526577249013826e+03 8.177733242402791536e-01 2.293564555625463280e-03
5.807328103826264851e+03 8.180447763302086672e-01 1.853596747125970138e-03
5.813135431930093546e+03 8.143839863782579291e-01 1.476569702164514091e-03
5.818948567362025642e+03 8.062605401573521569e-01 1.796112995487355842e-03
5.824767515929389447e+03 7.952844176291471445e-01 2.014280085234288614e-03
5.830592283445320390e+03 7.814619584674662445e-01 2.142242878975494751e-03
5.836422875728768304e+03 7.663664154632272574e-01 2.020508615333192672e-03
5.842259298604498326e+03 7.517822994052681951e-01 1.697492332381146793e-03
5.848101557903105459e+03 7.392123354605046881e-01 1.377849608696671627e-03
5.853949659461010015e+03 7.304295402556021388e-01 1.284906787940338349e-03
5.859803609120473084e+03 7.250819210621685107e-01 1.283537218432038041e-03
5.865663412729595620e+03 7.246615080340378379e-01 1.271610720246133192e-03
5.871529076142326630e+03 7.288386403646653910e-01 1.405502585152356137e-03
5.877400605218471355e+03 7.374726735642727071e-01 2.112330143696484336e-03
5.883278005823691274e+03 7.479528872700418329e-01 2.404065434418855424e-03
5.889161283829516833e+03 7.606573622455203854e-01 2.685819280207735367e-03
5.895050445113348360e+03 7.742278884370692449e-01 2.573419023626767610e-03
5.900945495558464245e+03 7.868453998886820733e-01 1.856147225860287986e-03
5.906846441054024581e+03 7.961531785106173986e-01 1.551131552881223090e-03
5.912753287495080258e+03 8.022453590733763518e-01 1.500991587790620561e-03
5.918666040782577511e+03 8.051224497693392212e-01 1.241268739430706784e-03
5.924584706823361557e+03 8.029179954963202581e-01 1.411356117444144799e-03
5.930509291530187511e+03 7.969259686859597736e-01 1.814362907836131059e-03
5.936439800821719473e+03 7.888402797285308798e-01 2.060192777369440707e-03
5.942376240622543264e+03 7.792440810357806891e-01 1.827175161742355513e-03
5.948318616863167335e+03 7.692597654760279235e-01 1.522983340843062647e-03
5.954266935480032771e+03 7.601361058959928974e-01 1.581549455015833191e-03
5.960221202415515108e+03 7.513724570362170230e-01 1.775855978819703687e-03
5.966181423617932523e+03 7.430960524123912947e-01 1.825054310344891928e-03
5.972147605041552197e+03 7.342400840371504644e-01 1.936032281802072203e-03
5.978119752646595771e+03 7.252787059431153871e-01 1.913300699091565393e-03
5.984097872399243897e+03 7.169421684610086665e-01 1.798924180069982285e-03
5.990081970271645332e+03 7.090304355592800256e-01 1.640835409510203301e-03
5.996072052241918755e+03 7.002273780769835421e-01 1.876702393134971900e-03
6.002068124294162772e+03 6.924605946964074166e-01 1.924992286628719393e-03
6.008070192418459555e+03 6.854711571601223019e-01 1.822160858444518347e-03
6.014078262610879392e+03 6.793073582036005531e-01 1.448208848404111812e-03
6.020092340873492503e+03 6.750275431241825608e-01 1.190471311754928534e-03
6.026112433214368139e+03 6.733691655067225446e-01 1.531073690804276178e-03
6.032138545647584579e+03 6.728816772587614681e-01 1.542310265492490918e-03
6.038170684193233683e+03 6.727742414186875797e-01 1.115891415668709237e-03
6.044208854877429076e+03 6.723938736737796740e-01 9.568196977344919571e-04
6.050253063732308874e+03 6.711717369477250283e-01 8.509957462483347260e-04
6.056303316796042964e+03 6.689683084130099155e-01 1.189803450048731049e-03
6.062359620112841185e+03 6.662097920753621283e-01 1.290195361667735531e-03
6.068421979732956061e+03 6.638925922181221351e-01 1.592570948545965915e-03
6.074490401712690982e+03 6.617637849017674601e-01 1.537824649839151375e-03
6.080564892114405666e+03 6.607997735156196928e-01 1.282427770420540344e-03
6.086645457006521610e+03 6.613410923855418400e-01 1.551869074736189668e-03
6.092732102463530282e+03 6.624089015954655046e-01 2.150996695420670339e-03
6.098824834565995843e+03 6.638780314350135603e-01 2.173897175047364346e-03
6.104923659400564247e+03 6.650790345538825088e-01 2.015781533131639873e-03
6.111028583059966877e+03 6.656002246000636280e-01 1.882825070431871136e-03
6.117139611643028729e+03 6.654557019239812909e-01 1.557980292773698122e-03
6.123256751254673873e+03 6.632297680859169375e-01 1.616688722784875593e-03
6.129380008005929994e+03 6.589596594494572246e-01 1.917400776413843034e-03
6.135509388013938405e+03 6.541200315290190970e-01 2.088846520455368144e-03
6.141644897401954040e+03 6.492088553413986052e-01 2.056551446474581910e-03
6.147786542299358189e+03 6.452827486781915756e-01 1.736350769426965287e-03
6.153934328841659408e+03 6.425834699178440967e-01 1.890182233951962637e-03
6.160088263170503524e+03 6.414665290032306455e-01 1.957742622819058208e-03
6.166248351433675452e+03 6.409351517975007129e-01 1.916735118367862527e-03
6.172414599785111022e+03 6.415450045787842726e-01 1.830350631043378262e-03
6.178587014384898794e+03 6.431623535895719668e-01 1.630079647429628778e-03
6.184765601399285515e+03 6.445064894807038813e-01 1.642452626626168680e-03
6.190950367000687038e+03 6.454851690644541895e-01 1.672755073997381301e-03
6.197141317367689226e+03 6.471326610319116934e-01 1.640489405857543069e-03
6.203338458685059777e+03 6.498564895701975930e-01 1.640946005472977004e-03
6.209541797143746408e+03 6.530794475284548151e-01 1.653696091242265768e-03
6.215751338940892310e+03 6.558955174598776194e-01 1.481187814256105378e-03
6.221967090279835247e+03 6.595115043669572685e-01 1.375473168795339355e-03
6.228189057370116643e+03 6.643747042390253377e-01 1.395692226477032900e-03
6.234417246427488863e+03 6.700513473758438199e-01 1.202311521652594780e-03
6.240651663673918847e+03 6.756334956973548689e-01 1.199687195818248181e-03
6.246892315337594482e+03 6.803662045413770842e-01 1.215904026928521335e-03
6.253139207652934601e+03 6.837953837458912165e-01 1.226488122940029221e-03
6.259392346860589896e+03 6.862408609359033074e-01 1.117998084922060091e-03
6.265651739207452010e+03 6.892082461271731297e-01 1.246627773126190606e-03
6.271917390946661726e+03 6.912980338332089802e-01 9.747064753750970222e-04
6.278189308337610782e+03 6.908916723328307752e-01 9.587153835599054744e-04
6.284467497645950061e+03 6.878787244613884244e-01 1.284498717534511862e-03
6.290751965143597772e+03 6.841426090176041530e-01 1.338898891063341643e-03
6.297042717108744000e+03 6.797260113626437672e-01 1.351763680381359726e-03
6.303339759825854344e+03 6.746428653301110856e-01 1.540158434656355418e-03
6.309643099585682648e+03 6.677954397835088596e-01 1.616311223975825133e-03
6.315952742685270096e+03 6.597923518107037255e-01 1.801613532127929697e-03
6.322268695427957937e+03 6.510723740466202170e-01 2.364647112316220663e-03
6.328590964123387494e+03 6.429873137949975170e-01 2.507216960469831751e-03
6.334919555087512890e+03 6.363595570595619311e-01 2.437293319376569560e-03
6.341254474642602872e+03 6.314033328141813728e-01 2.749866913916440038e-03
6.347595729117247174e+03 6.269887022122488940e-01 2.972047699256878325e-03
6.353943324846366522e+03 6.226276788056227529e-01 2.988036610026390417e-03
6.360297268171215364e+03 6.194181867747802217e-01 3.040280973827601263e-03
6.366657565439388236e+03 6.177224338429428974e-01 3.078066453297933439e-03
6.373024223004829764e+03 6.154387503523905956e-01 3.092591643718883756e-03
6.379397247227837397e+03 6.140980372732550707e-01 3.092198268833553070e-03
6.385776644475066860e+03 6.142279687598036775e-01 3.043214914882530660e-03
6.392162421119543978e+03 6.144137689765197807e-01 3.071030213984886435e-03
6.398554583540665590e+03 6.143931938130069437e-01 3.086421905298525597e-03
6.404953138124208635e+03 6.137000671825133535e-01 2.627112369065610561e-03
6.411358091262334710e+03 6.151711191568705051e-01 2.589815136642992146e-03
6.417769449353599157e+03 6.176297790100518936e-01 2.667135947910008031e-03
6.424187218802954703e+03 6.198005777824067142e-01 2.151566992167645073e-03
6.430611406021760558e+03 6.206338063485398182e-01 1.615367870996389961e-03
6.437042017427784231e+03 6.199920227547298657e-01 1.670706890964294630e-03
6.443479059445214261e+03 6.182532982921364884e-01 1.531074986366821227e-03
6.449922538504661134e+03 6.157366189469194451e-01 1.439940634690583957e-03
6.456372461043168187e+03 6.127340055108182471e-01 1.465156296687376066e-03
6.462828833504213435e+03 6.098989791103285318e-01 1.438172989773853954e-03
6.469291662337719572e+03 6.066634906088610446e-01 1.474009478556934831e-03
6.475760954000059428e+03 6.026997246423636545e-01 1.323079484087852278e-03
6.482236714954061426e+03 5.991591368779968230e-01 1.104065501452583878e-03
6.488718951669017770e+03 5.973399966608774481e-01 1.045951338643292487e-03
6.495207670620688987e+03 5.956502204781396470e-01 1.021555724937009890e-03
6.501702878291312118e+03 5.954925475218652009e-01 1.035820008851657701e-03
6.508204581169605262e+03 5.964667043788610679e-01 1.103531266735668535e-03
6.514712785750777584e+03 5.976926689887654964e-01 1.401204155628731334e-03
6.521227498536530220e+03 5.984049291229622813e-01 1.458055044540185110e-03
6.527748726035069012e+03 5.985118690904772665e-01 1.554266815910153787e-03
6.534276474761106329e+03 5.994483251083065900e-01 1.759463980580216807e-03
6.540810751235869247e+03 6.012643537866310117e-01 1.794712512986654631e-03
6.547351561987107743e+03 6.033460980069308421e-01 1.810900054610573061e-03
6.553898913549096505e+03 6.051220292553672886e-01 1.750253626800078862e-03
6.560452812462647671e+03 6.068409079278000995e-01 1.691782285716481688e-03
6.567013265275112644e+03 6.090494975950015988e-01 1.699909889771845494e-03
6.573580278540390282e+03 6.116109234101450021e-01 1.686388733675368108e-03
6.580153858818932349e+03 6.140304603153923235e-01 1.687841632449437260e-03
6.586734012677753526e+03 6.169346041190703067e-01 1.708799264713826808e-03
6.593320746690433225e+03 6.198579179490154578e-01 1.689537523235221496e-03
6.599914067437126505e+03 6.219904084152722001e-01 1.655525890117314630e-03
6.606513981504565891e+03 6.229255144025207525e-01 1.604202044328851672e-03
6.613120495486072286e+03 6.223835626597209458e-01 1.674748992739871637e-03
6.619733615981560433e+03 6.207747607734545037e-01 1.637374965828476475e-03
6.626353349597544366e+03 6.192875722599386901e-01 1.500804386245499890e-03
6.632979702947143778e+03 6.188497337720971769e-01 1.486363906774196839e-03
6.639612682650093120e+03 6.195402935064029393e-01 1.452067230204550329e-03
6.646252295332745234e+03 6.198482169602937963e-01 1.419884694032356055e-03
6.652898547628080451e+03 6.191944761356014126e-01 1.403695330111495157e-03
6.659551446175711135e+03 6.186301743052665669e-01 1.264718776249594947e-03
6.666210997621888964e+03 6.189552539091821570e-01 1.261116734983528526e-03
6.672877208619513112e+03 6.198307810038993226e-01 1.234242713331503869e-03
6.679550085828134797e+03 6.210749032844476991e-01 1.108215794662890247e-03
6.686229635913964557e+03 6.223152964607104876e-01 1.045433579933697111e-03
6.692915865549881346e+03 6.230874686050875688e-01 1.059029811612913772e-03
6.699608781415433441e+03 6.231668945762653955e-01 1.055712850406826655e-03
6.706308390196851178e+03 6.223126488562534808e-01 9.908320100040317584e-04
6.713014698587049679e+03 6.213400404593416582e-01 9.901269181210564218e-04
6.719727713285638856e+03 6.204433397153671370e-01 1.090748018555796547e-03
6.726447440998927050e+03 6.188201700792271831e-01 9.291183221696198025e-04
6.733173888439928305e+03 6.157273710271257139e-01 8.988629921629720607e-04
6.739907062328370557e+03 6.115557292544807622e-01 1.213812303439544419e-03
6.746646969390701088e+03 6.066035823859353693e-01 1.361388935909486897e-03
6.753393616360093802e+03 6.015997284476358731e-01 1.210689816158176885e-03
6.760147009976456502e+03 5.971937805688555256e-01 1.164054254895101424e-03
6.766907156986434529e+03 5.941358805391553366e-01 1.524469470147589564e-03
6.773674064143423493e+03 5.910797598352057758e-01 1.613093646058823098e-03
6.780447738207569273e+03 5.874764916033904383e-01 1.732189532551810024e-03
6.787228185945778932e+03 5.848375428259615649e-01 1.851183502890379031e-03
6.794015414131727084e+03 5.835750635687054766e-01 1.862660496073817798e-03
6.800809429545861349e+03 5.826759633572693442e-01 1.914610924471965092e-03
6.807610238975408720e+03 5.816973305358630331e-01 1.984071533792877966e-03
6.814417849214386479e+03 5.804513003446342134e-01 1.969550037534288211e-03
6.821232267063603103e+03 5.788374154441932040e-01 1.948881174051728289e-03
6.828053499330669183e+03 5.768661456384328590e-01 2.058709856819689130e-03
6.834881552830001965e+03 5.732183894989495432e-01 2.101738801451070570e-03
6.841716434382834450e+03 5.686380222157454423e-01 2.135641447301867609e-03
6.848558150817219939e+03 5.633478794405619716e-01 2.035181752032583832e-03
6.855406708968039311e+03 5.566541103747678632e-01 2.686639652866269941e-03
6.862262115677009206e+03 5.495185908246893458e-01 3.028198881239399336e-03
6.869124377792688392e+03 5.427318570635975004e-01 2.747865064061144353e-03
6.875993502170483225e+03 5.370556788413867189e-01 2.986692201342129593e-03
6.882869495672656740e+03 5.316999499989287781e-01 3.536952958227885385e-03
6.889752365168331380e+03 5.259426935773191536e-01 3.675166081556381116e-03
6.896642117533501732e+03 5.202104303888356318e-01 3.320047792410004382e-03
6.903538759651037253e+03 5.135749586552819101e-01 3.568964995424972475e-03
6.910442298410691365e+03 5.065597811742458267e-01 3.766246982666813809e-03
6.917352740709104182e+03 5.003975393137078953e-01 3.730386360243256698e-03
6.924270093449815249e+03 4.958679623046099438e-01 3.807743445347433128e-03
6.931194363543267173e+03 4.913786129495975041e-01 3.890069549842399381e-03
6.938125557906812901e+03 4.863449360918754016e-01 3.880572015734471553e-03
6.945063683464722089e+03 4.808156822231883232e-01 3.805892661455121100e-03
6.952008747148189286e+03 4.765033307081208980e-01 3.742847305759074410e-03
6.958960755895339389e+03 4.748307303229031273e-01 3.748963816491195089e-03
6.965919716651237650e+03 4.743358143500269741e-01 3.611861695328221714e-03
6.972885636367890584e+03 4.734701760140922477e-01 3.201992855814177630e-03
6.979858522004260521e+03 4.710535860266844566e-01 3.395831273939782513e-03
6.986838380526267429e+03 4.677734040532643411e-01 3.141947589095061763e-03
6.993825218906796181e+03 4.644554536070486517e-01 2.720122698926114198e-03
7.000819044125705659e+03 4.620482633649662385e-01 2.657152928279158700e-03
7.007819863169833297e+03 4.611788314984854309e-01 2.562875399865331000e-03
7.014827683033005087e+03 4.613161901239783980e-01 2.652957390574541517e-03
7.021842510716041033e+03 4.627106555938839683e-01 2.854222244418791205e-03
7.028864353226758794e+03 4.648163787547734960e-01 2.761234041230899768e-03
7.035893217579988232e+03 4.688982778848991284e-01 2.878366232822524538e-03
7.042929110797570502e+03 4.739071631818263519e-01 3.390840356612877683e-03
7.049972039908370789e+03 4.789378406338181127e-01 3.460951880248429140e-03
7.057022011948281033e+03 4.842063137511162796e-01 3.171331118646657926e-03
7.064079033960231754e+03 4.890225493149126246e-01 3.110164670529352859e-03
7.071143112994193871e+03 4.933810182032793978e-01 3.098588965787361753e-03
7.078214256107190522e+03 4.967761917219135626e-01 3.101286357169529169e-03
7.085292470363300708e+03 4.990790521570793170e-01 3.145814596251837649e-03
7.092377762833665656e+03 5.000557574819466389e-01 3.108328022529010387e-03
7.099470140596501551e+03 4.993250205038154421e-01 3.162193891046070904e-03
7.106569610737100447e+03 4.962913878605341167e-01 3.181340557304065259e-03
7.113676180347840273e+03 4.932061815558316797e-01 2.899811842189539864e-03
7.120789856528190285e+03 4.910581691063962140e-01 2.896434453980501877e-03
7.127910646384721076e+03 4.895744180411543689e-01 2.841047721104316640e-03
7.135038557031108212e+03 4.881202458536638700e-01 2.683236894735079297e-03
7.142173595588141325e+03 4.855257593272088723e-01 2.677106204745374578e-03
7.149315769183732300e+03 4.819634484891887061e-01 2.597643914618258474e-03
7.156465084952918005e+03 4.778268750738743353e-01 2.524075530135267906e-03
7.163621550037873021e+03 4.735329568835137115e-01 2.548043095302949396e-03
7.170785171587913283e+03 4.703923045291139582e-01 2.193405642097183850e-03
7.177955956759504261e+03 4.667595675941628719e-01 1.939931333882557226e-03
7.185133912716265513e+03 4.621940935530147176e-01 2.237467250800220797e-03
7.192319046628984324e+03 4.571321727535147539e-01 2.102391771070782640e-03
7.199511365675615707e+03 4.520911187280116650e-01 1.349147103073039663e-03
7.206710877041294225e+03 4.486081831070357073e-01 1.080491554679569683e-03
7.213917587918337631e+03 4.471546795779722805e-01 1.349557844466967634e-03
7.221131505506257781e+03 4.469805005451074065e-01 1.539211111828036813e-03
7.228352637011767001e+03 4.471511854342567482e-01 1.646771911584015953e-03
7.235580989648780815e+03 4.461477925982668125e-01 1.542458601575092281e-03
7.242816570638432495e+03 4.441021224492828212e-01 1.895031484303433223e-03
7.250059387209073066e+03 4.430015023782450378e-01 1.977373564786414403e-03
7.257309446596284033e+03 4.422308728021456803e-01 1.990463562621544447e-03
7.264566756042882844e+03 4.413928616504835256e-01 2.090976865973645689e-03
7.271831322798928340e+03 4.395494476706073850e-01 2.066080715308723365e-03
7.279103154121729858e+03 4.368385693752637744e-01 2.147352614518755701e-03
7.286382257275853590e+03 4.350341666302389165e-01 2.426569117917289162e-03
7.293668639533132591e+03 4.350604005577399791e-01 2.547737696903095567e-03
7.300962308172667690e+03 4.378165728039302707e-01 2.677937202201191580e-03
7.308263270480842948e+03 4.438487885968216973e-01 3.673915963955262220e-03
7.315571533751325660e+03 4.466388562279599572e-01 3.653431520409125034e-03
7.322887105285079997e+03 4.477882327409989927e-01 3.770941212620739901e-03
7.330209992390367006e+03 4.482268569608547359e-01 4.148312004150956842e-03
7.337540202382760071e+03 4.487406522027370670e-01 4.283436346158057788e-03
7.344877742585144915e+03 4.507675611859375819e-01 4.139692612240157381e-03
7.352222620327733239e+03 4.517665295694600069e-01 4.298828343278342581e-03
7.359574842948062724e+03 4.521361471829745127e-01 4.174473495473404218e-03
7.366934417791013402e+03 4.507588503092541110e-01 4.232068825591575427e-03
7.374301352208806748e+03 4.488604477749376653e-01 4.329558068368482594e-03
7.381675653561018407e+03 4.461165822712607754e-01 4.299309129577085463e-03
7.389057329214581841e+03 4.437010095634034146e-01 4.120742967655877456e-03
7.396446386543798326e+03 4.396111500669582228e-01 3.946756543726268919e-03
7.403842832930345139e+03 4.364211794775036402e-01 3.772319924206193019e-03
7.411246675763277381e+03 4.355138444951823229e-01 3.802401304096683556e-03
7.418657922439043432e+03 4.354099792413438919e-01 3.677190803381075526e-03
7.426076580361484957e+03 4.347463009748535612e-01 3.701542376776960699e-03
7.433502656941848727e+03 4.341156979198056987e-01 3.602279335855542060e-03
7.440936159598792983e+03 4.330356146306020282e-01 3.614665969729412200e-03
7.448377095758394717e+03 4.322245323074357937e-01 3.307333254055568224e-03
7.455825472854155123e+03 4.341053354314026724e-01 3.727189305911649854e-03
7.463281298327012337e+03 4.359653810988226019e-01 3.839362010732187518e-03
7.470744579625341430e+03 4.386861835290964962e-01 3.418516065839989626e-03
7.478215324204968965e+03 4.410851309231214046e-01 2.577706933185190067e-03
7.485693539529176633e+03 4.403258341843153123e-01 2.734536966827317075e-03
7.493179233068708527e+03 4.398383881325417244e-01 3.031927085820400065e-03
7.500672412301779332e+03 4.378330881811087760e-01 2.952541348243606627e-03
7.508173084714083416e+03 4.356772882033942973e-01 2.643918400886210822e-03
7.515681257798800289e+03 4.336368709772709384e-01 2.559701308304714387e-03
7.523196939056601877e+03 4.322202278968861888e-01 2.565032218075699935e-03
7.530720135995660712e+03 4.301127188854695360e-01 2.487094184642490557e-03
7.538250856131659020e+03 4.281222416521378582e-01 2.505003641470476133e-03
7.545789106987793275e+03 4.257117159534501982e-01 2.546911606393870240e-03
7.553334896094783289e+03 4.235256137786634345e-01 2.523908257430406039e-03
7.560888230990880402e+03 4.201547358505121066e-01 2.495581874271265380e-03
7.568449119221873843e+03 4.169441712029867131e-01 2.550483540379525939e-03
7.576017568341098013e+03 4.142524726034287896e-01 2.502015101345459163e-03
7.583593585909441572e+03 4.123249634631134808e-01 2.514467988913234118e-03
7.591177179495353812e+03 4.106346285179564015e-01 2.582869899991160380e-03
7.598768356674851930e+03 4.098779464514989423e-01 3.017199416659872759e-03
7.606367125031529213e+03 4.077041592477694265e-01 3.048564293984728623e-03
7.613973492156563225e+03 4.055000862213826163e-01 3.028553575768211555e-03
7.621587465648722173e+03 4.024410021368159951e-01 3.093633957315967097e-03
7.629209053114373091e+03 4.007337233534525867e-01 3.183086562274381037e-03
7.636838262167490029e+03 3.984893225275184525e-01 3.407131724863650315e-03
7.644475100429660415e+03 3.953804591212711217e-01 3.572294342353393194e-03
7.652119575530092334e+03 3.931620789578990638e-01 3.484882880953468504e-03
7.659771695105625440e+03 3.910565805829103736e-01 3.279267910196599720e-03
7.667431466800733688e+03 3.908748550952056977e-01 3.422563886683925062e-03
7.675098898267536242e+03 3.922796477845063023e-01 3.635199590122153383e-03
7.682773997165806577e+03 3.947712933766189258e-01 3.972220089758475223e-03
7.690456771162975201e+03 3.971579936221951157e-01 4.466752980030770995e-03
7.698147227934140574e+03 4.000458182276742658e-01 5.133328174250714054e-03
7.705845375162077289e+03 4.030436734625431616e-01 6.036997324338637221e-03
7.713551220537241534e+03 4.061627438056808481e-01 7.174429301476691230e-03
7.721264771757782000e+03 4.090736257994538883e-01 8.919998811142021769e-03
7.728986036529541707e+03 4.135791891176543444e-01 1.017893815561215186e-02
7.736715022566074367e+03 4.183401391376795342e-01 1.154727571060651901e-02
7.744451737588642573e+03 4.204733951965240468e-01 1.422887897748405760e-02
7.752196189326234162e+03 4.173638390922068675e-01 1.875958957437574154e-02
7.759948385515562222e+03 4.075404316240872071e-01 2.522430332975530987e-02
7.767708333901080550e+03 3.875262972655804661e-01 3.377826700208694244e-02
7.775476042234984561e+03 3.537371290824390946e-01 4.729815834213437625e-02
