# starting wavelength: 2579.440
# ending wavelength: 6463.390
# wav flux eflux
2.581900656032661573e+03 1.956534354313138158e+00 1.201246955404404460e-01
2.584482556688695240e+03 1.897445957808336914e+00 9.989504876392861499e-02
2.587067039245384876e+03 1.811500808991369116e+00 1.138125600439534452e-01
2.589654106284630871e+03 1.754841517609964097e+00 8.796989200593659242e-02
2.592243760390916577e+03 1.724406547738199347e+00 6.866079302668899598e-02
2.594836004151308316e+03 1.707350162865407528e+00 6.012525904498252499e-02
2.597430840155460373e+03 1.681690538131112911e+00 4.857414844514850588e-02
2.600028270995616822e+03 1.657499936920312500e+00 4.013307106689085330e-02
2.602628299266613340e+03 1.632545507355677605e+00 3.495874362143544523e-02
2.605230927565880847e+03 1.605889570997901750e+00 3.017560337330605150e-02
2.607836158493447329e+03 1.579128321950928449e+00 2.648095327984350059e-02
2.610443994651941921e+03 1.555355780432286616e+00 2.371395116468600489e-02
2.613054438646594463e+03 1.534629053429605650e+00 2.143331371196583596e-02
2.615667493085241858e+03 1.512637577521721122e+00 1.972935924759494988e-02
2.618283160578328079e+03 1.502968001264876508e+00 1.925425109669416657e-02
2.620901443738907346e+03 1.491393345822609184e+00 1.824659249143391337e-02
2.623522345182646859e+03 1.477172714262636521e+00 1.720005572827398160e-02
2.626145867527830433e+03 1.461452487563959179e+00 1.638091733124953306e-02
2.628772013395359409e+03 1.448577210429765838e+00 1.573355888052269808e-02
2.631400785408755382e+03 1.434738495155443827e+00 1.527419065310890549e-02
2.634032186194165206e+03 1.418928629628129601e+00 1.534368507739867181e-02
2.636666218380360078e+03 1.407531349859246106e+00 1.487052197827094628e-02
2.639302884598741457e+03 1.396900402838398225e+00 1.429817582529184332e-02
2.641942187483341058e+03 1.391343417760251722e+00 1.340861032412492444e-02
2.644584129670825405e+03 1.386592088546372725e+00 1.241454877292321596e-02
2.647228713800496735e+03 1.386397681488148903e+00 1.197900646814389035e-02
2.649875942514298458e+03 1.388659924407190882e+00 1.212255215760501235e-02
2.652525818456813340e+03 1.400437490351268188e+00 1.237428902829429411e-02
2.655178344275271229e+03 1.410053161845729708e+00 1.173477141493549543e-02
2.657833522619547239e+03 1.418119581141861429e+00 1.170748761890846174e-02
2.660491356142167660e+03 1.431419507403789204e+00 1.143956696852339860e-02
2.663151847498310872e+03 1.449922319167378459e+00 1.105091140396368028e-02
2.665814999345810065e+03 1.470283503930539970e+00 1.069392054219032301e-02
2.668480814345156887e+03 1.490291659170117633e+00 9.890665881814916099e-03
2.671149295159502799e+03 1.514191722919808525e+00 8.943776933935790319e-03
2.673820444454663175e+03 1.542583061875625328e+00 8.594490117491228320e-03
2.676494264899118662e+03 1.576653888602458808e+00 8.853815945859070877e-03
2.679170759164018818e+03 1.614970901362738465e+00 9.116723075638417592e-03
2.681849929923183481e+03 1.656041585277330253e+00 7.735626988308636973e-03
2.684531779853107764e+03 1.694947517057788122e+00 7.385052498485446953e-03
2.687216311632961606e+03 1.735426186128212755e+00 7.520646377715703088e-03
2.689903527944595680e+03 1.771749852139838710e+00 7.637351301179121262e-03
2.692593431472540942e+03 1.811135394996226999e+00 7.201217248342946242e-03
2.695286024904014539e+03 1.846483309751442592e+00 7.027675008419143575e-03
2.697981310928919356e+03 1.876431280062087259e+00 6.845747323354039841e-03
2.700679292239849019e+03 1.902527726537641684e+00 6.778126728078740296e-03
2.703379971532089712e+03 1.924095440896984588e+00 7.117607976381435525e-03
2.706083351503622907e+03 1.944735545614177941e+00 7.217959632016537549e-03
2.708789434855127183e+03 1.964361160047930932e+00 6.767525535407103131e-03
2.711498224289983227e+03 1.979090188992477239e+00 6.987283265136530301e-03
2.714209722514274290e+03 1.990804116357238751e+00 7.165497747656380222e-03
2.716923932236789369e+03 2.001193001538876359e+00 7.031428452059821158e-03
2.719640856169027302e+03 2.011174974053393516e+00 6.747416445950540388e-03
2.722360497025197219e+03 2.018499075918229746e+00 6.201123774527105871e-03
2.725082857522223094e+03 2.025102551353312297e+00 5.332255509576879979e-03
2.727807940379746015e+03 2.032214601892686545e+00 5.046126360789415441e-03
2.730535748320126913e+03 2.037728855436967024e+00 4.848938874437712029e-03
2.733266284068447931e+03 2.044849199787516891e+00 4.778851813783846492e-03
2.735999550352517417e+03 2.051990545289672507e+00 4.698580729437344672e-03
2.738735549902870844e+03 2.061605228030072290e+00 4.506596152934532092e-03
2.741474285452774438e+03 2.073443898195985735e+00 3.924535370471459762e-03
2.744215759738227916e+03 2.083961974208587531e+00 4.066653808696051031e-03
2.746959975497967207e+03 2.097556270132513667e+00 3.833270806449656353e-03
2.749706935473466274e+03 2.112819117754424436e+00 3.645278565696948980e-03
2.752456642408940297e+03 2.128800992142712456e+00 3.655920845863421410e-03
2.755209099051350222e+03 2.144724041667266157e+00 3.571346592159267783e-03
2.757964308150402758e+03 2.160641664897599235e+00 3.542993453315211247e-03
2.760722272458554016e+03 2.176931055503976253e+00 3.604289055969118766e-03
2.763482994731013605e+03 2.193578564828856159e+00 3.658008480652883733e-03
2.766246477725745535e+03 2.208102917827702960e+00 3.828770998257103285e-03
2.769012724203471862e+03 2.223005759528856817e+00 3.966923441802536199e-03
2.771781736927676320e+03 2.237131531461311607e+00 3.956380686726289342e-03
2.774553518664604780e+03 2.253347710525881009e+00 4.198080455950587916e-03
2.777328072183270706e+03 2.267439175248569416e+00 4.021283527813019482e-03
2.780105400255454697e+03 2.277950992664657281e+00 3.869980446007487314e-03
2.782885505655710858e+03 2.284401067351669923e+00 3.884605449941878636e-03
2.785668391161367708e+03 2.288067934892116462e+00 4.036677118634389438e-03
2.788454059552529998e+03 2.289478836899183634e+00 4.091188780913721651e-03
2.791242513612083258e+03 2.285966602982623552e+00 4.083804014198859009e-03
2.794033756125696527e+03 2.276109974637420486e+00 4.096123584453561194e-03
2.796827789881823264e+03 2.261770376554578466e+00 4.182770270833992103e-03
2.799624617671705892e+03 2.243825043153251375e+00 4.496779359805531083e-03
2.802424242289378526e+03 2.224284514500113108e+00 4.532225091399054960e-03
2.805226666531668798e+03 2.200364933584807670e+00 4.635991777038382319e-03
2.808031893198201487e+03 2.175600583479377459e+00 4.828001893364012274e-03
2.810839925091400346e+03 2.147780659660343705e+00 5.121877652770088357e-03
2.813650765016492642e+03 2.117605587603921258e+00 5.260384379195974860e-03
2.816464415781510070e+03 2.086523733364765043e+00 5.155225460203068620e-03
2.819280880197292845e+03 2.053275025447917290e+00 5.137374641121241273e-03
2.822100161077491066e+03 2.021776759232615017e+00 4.945739455905791629e-03
2.824922261238569263e+03 1.991020405111775471e+00 4.913687547649089188e-03
2.827747183499808671e+03 1.962641878323543310e+00 4.993227521074139821e-03
2.830574930683309503e+03 1.936840246066916515e+00 4.968444750460550285e-03
2.833405505613993682e+03 1.914601575141709144e+00 4.820717532203658284e-03
2.836238911119608929e+03 1.894291104232686429e+00 4.810177921203070105e-03
2.839075150030729219e+03 1.876577964824717615e+00 4.868289690757345890e-03
2.841914225180761150e+03 1.861359827353604501e+00 4.924562364056602089e-03
2.844756139405942577e+03 1.846540401410208476e+00 4.389680667817965828e-03
2.847600895545349431e+03 1.838839020159334092e+00 4.607400556181692058e-03
2.850448496440895724e+03 1.835723090634196142e+00 4.638441045634713981e-03
2.853298944937337637e+03 1.834457864842484742e+00 4.505624896461850673e-03
2.856152243882275798e+03 1.834543589359597382e+00 3.296610870722967851e-03
2.859008396126159369e+03 1.842099511147628155e+00 3.390394891115324025e-03
2.861867404522286051e+03 1.857995785335066596e+00 3.569707098030977521e-03
2.864729271926809361e+03 1.876985734018795648e+00 3.620173699459028425e-03
2.867594001198737260e+03 1.900221062987677234e+00 4.493813205557364680e-03
2.870461595199936710e+03 1.926217009364787014e+00 5.917055843047113947e-03
2.873332056795137760e+03 1.951568473104377199e+00 6.273912216213164972e-03
2.876205388851934003e+03 1.982172216636949091e+00 9.161350786727412779e-03
2.879081594240786671e+03 2.003829818952066688e+00 8.991560677640878310e-03
2.881960675835028724e+03 2.018883306176602943e+00 8.933595107551949022e-03
2.884842636510864395e+03 2.029036328414776325e+00 9.735344962492271589e-03
2.887727479147376471e+03 2.038972678685502249e+00 1.007012738728635913e-02
2.890615206626524468e+03 2.040696809214494145e+00 1.184280736939699596e-02
2.893505821833151913e+03 2.041562909134518655e+00 1.347754408098204501e-02
2.896399327654986337e+03 2.033584342448358395e+00 1.376466647745895090e-02
2.899295726982642009e+03 2.032275856994436136e+00 1.245355359716911539e-02
2.902195022709625846e+03 2.035568744640140704e+00 1.266170732713502167e-02
2.905097217732336503e+03 2.039740414895196086e+00 1.359139638504111222e-02
2.908002314950069831e+03 2.046004875062733763e+00 1.578388539048948547e-02
2.910910317265020694e+03 2.055685976966100448e+00 1.729413035168930746e-02
2.913821227582286610e+03 2.064919632661670335e+00 1.814295626614217255e-02
2.916735048809870023e+03 2.071707951211749332e+00 1.718510056031974029e-02
2.919651783858680574e+03 2.072988077628632020e+00 1.530447621162647764e-02
2.922571435642540564e+03 2.060437333816098171e+00 1.587976156519697868e-02
2.925494007078184040e+03 2.042268343472811054e+00 1.683684462320798533e-02
2.928419501085263164e+03 2.012501035060385579e+00 1.807887957844216478e-02
2.931347920586349119e+03 1.971593242992669026e+00 1.725036162177063376e-02
2.934279268506936660e+03 1.919321913552230141e+00 1.234447457974423464e-02
2.937213547775444567e+03 1.882416312844855666e+00 8.929098263540744679e-03
2.940150761323221104e+03 1.867805728264718912e+00 4.548158767034393528e-03
2.943090912084544925e+03 1.851469314751400086e+00 4.713980042324860190e-03
2.946034002996630534e+03 1.842251941707786056e+00 3.998403652972881694e-03
2.948980036999628283e+03 1.842125307155501490e+00 5.126352894755604496e-03
2.951929017036628920e+03 1.843487987100129288e+00 5.221738695384371687e-03
2.954880946053666321e+03 1.842765428468069455e+00 5.276700193593062208e-03
2.957835826999721121e+03 1.839937519216016559e+00 5.423514457695337299e-03
2.960793662826721629e+03 1.835332037772403169e+00 4.775651219734118602e-03
2.963754456489549284e+03 1.827249204917189340e+00 5.027446065567016745e-03
2.966718210946040017e+03 1.816799472831398754e+00 5.232421694260569293e-03
2.969684929156986982e+03 1.804440887656466375e+00 5.339100914672198495e-03
2.972654614086145102e+03 1.790297014538023923e+00 5.179221279275939525e-03
2.975627268700231980e+03 1.775159996275487151e+00 5.666069140728431652e-03
2.978602895968933353e+03 1.759956747360055473e+00 5.560510136123574497e-03
2.981581498864903097e+03 1.749890981962211489e+00 5.114276534677313774e-03
2.984563080363769132e+03 1.743420774963489572e+00 5.325032223264036108e-03
2.987547643444133882e+03 1.746735776851160660e+00 5.298778975115017893e-03
2.990535191087578823e+03 1.755806004303802403e+00 5.381348159304947913e-03
2.993525726278667662e+03 1.772611617471112622e+00 6.328190622514390760e-03
2.996519252004947248e+03 1.792243824395187035e+00 6.025004048078964024e-03
2.999515771256953030e+03 1.813219679557983799e+00 6.402325562260364512e-03
3.002515287028211333e+03 1.830982210327047222e+00 6.798991307948158182e-03
3.005517802315240260e+03 1.842329358361593172e+00 6.981329340592006515e-03
3.008523320117556523e+03 1.850561439634104133e+00 5.665250530725790719e-03
3.011531843437674979e+03 1.851670462371559411e+00 6.086521074584622451e-03
3.014543375281113640e+03 1.846571257249341791e+00 7.405315350972995446e-03
3.017557918656395941e+03 1.838312018405475534e+00 8.174866413506353541e-03
3.020575476575053472e+03 1.828602074086849827e+00 6.696054934680941047e-03
3.023596052051629158e+03 1.819265289921924600e+00 4.929474974825439650e-03
3.026619648103681811e+03 1.816099580880253805e+00 6.126301578186736999e-03
3.029646267751786581e+03 1.814772637422199519e+00 6.191892618053915394e-03
3.032675914019539505e+03 1.812488619987233207e+00 6.547951069971772939e-03
3.035708589933559779e+03 1.815451778472706446e+00 6.525441963721762863e-03
3.038744298523494763e+03 1.823368800258020173e+00 6.233674981538484851e-03
3.041783042822019070e+03 1.830831870245009929e+00 6.100343837051170823e-03
3.044824825864842296e+03 1.841940346981487675e+00 5.987065101322598497e-03
3.047869650690708113e+03 1.852958604270052101e+00 5.982796295191184291e-03
3.050917520341399722e+03 1.865230511966906146e+00 6.711280896345424990e-03
3.053968437861742132e+03 1.873499650809406614e+00 7.180014903416923923e-03
3.057022406299604881e+03 1.880409437581041399e+00 7.172789586711393606e-03
3.060079428705905229e+03 1.882916364630144779e+00 6.333330230066395485e-03
3.063139508134612242e+03 1.878744576372709307e+00 6.234574859083362279e-03
3.066202647642748161e+03 1.868700383896324757e+00 6.917824251174435786e-03
3.069268850290391583e+03 1.855648752606521290e+00 6.954220270683357345e-03
3.072338119140682920e+03 1.835740099018416949e+00 6.721644220278510419e-03
3.075410457259824852e+03 1.816297955146217502e+00 5.946390535531240196e-03
3.078485867717085512e+03 1.795490612746970971e+00 5.695266079667922476e-03
3.081564353584803939e+03 1.774031287586668171e+00 5.540413137323123467e-03
3.084645917938389630e+03 1.758165503382232764e+00 4.816038556310631158e-03
3.087730563856328899e+03 1.740895062826445683e+00 5.684306183895063320e-03
3.090818294420186248e+03 1.725231537425924389e+00 6.115647905705585280e-03
3.093909112714607545e+03 1.717601291395099761e+00 6.073523970279450478e-03
3.097003021827323209e+03 1.715644717798103347e+00 7.071988606191842788e-03
3.100100024849151396e+03 1.713127813783327680e+00 7.423519156759240088e-03
3.103200124874001631e+03 1.709445704571945557e+00 7.397437097154206317e-03
3.106303324998876633e+03 1.707771983451915609e+00 7.701601280638127080e-03
3.109409628323876859e+03 1.704137737185982937e+00 7.211566445016145445e-03
3.112519037952201415e+03 1.699523204060672033e+00 6.689469478443959768e-03
3.115631556990154877e+03 1.691786488451901382e+00 6.392172104440211472e-03
3.118747188547145925e+03 1.680661164239538374e+00 6.669374952492052727e-03
3.121865935735694165e+03 1.666279520034007700e+00 6.305042702362099322e-03
3.124987801671431043e+03 1.649852419400891224e+00 5.779179437721660741e-03
3.128112789473103476e+03 1.635120941151598339e+00 5.366538884666545439e-03
3.131240902262577492e+03 1.620266341486222172e+00 4.761515343672822857e-03
3.134372143164840963e+03 1.610161431518771558e+00 4.401325459421684058e-03
3.137506515308006783e+03 1.600171229025458830e+00 4.475174868878938582e-03
3.140644021823316052e+03 1.592833431747112005e+00 5.038521053828946307e-03
3.143784665845140353e+03 1.591039671493722496e+00 5.023689319727431615e-03
3.146928450510986750e+03 1.589054252102382936e+00 4.938616020581627387e-03
3.150075378961498700e+03 1.594215803169193313e+00 4.328260343891493847e-03
3.153225454340461056e+03 1.605120961154250958e+00 5.443203949901874797e-03
3.156378679794802792e+03 1.618471708444195523e+00 5.547782330085135674e-03
3.159535058474598372e+03 1.631145588059517149e+00 5.492910194549381966e-03
3.162694593533074112e+03 1.643372797283654041e+00 5.532181519856758933e-03
3.165857288126608182e+03 1.653974881713708989e+00 4.497645489591176396e-03
3.169023145414736064e+03 1.659620894671650193e+00 4.228102093672359008e-03
3.172192168560151458e+03 1.660784689154850113e+00 3.597157609028576834e-03
3.175364360728712654e+03 1.650734311095599427e+00 4.637245551111723006e-03
3.178539725089442527e+03 1.634591695038500658e+00 5.691038395715585126e-03
3.181718264814533086e+03 1.614948037494763788e+00 6.341973364818428820e-03
3.184899983079348658e+03 1.594532736682073626e+00 5.379319004697944752e-03
3.188084883062429071e+03 1.577730174927073570e+00 4.730299733917689951e-03
3.191272967945492383e+03 1.566012790454120118e+00 4.643839892972508737e-03
3.194464240913438971e+03 1.557424629276596528e+00 4.543625463242845913e-03
3.197658705154353811e+03 1.553646662676474444e+00 4.650094422444192924e-03
3.200856363859509202e+03 1.553581017385997187e+00 4.658623129982140260e-03
3.204057220223369768e+03 1.556948960521600256e+00 4.411456627261407110e-03
3.207261277443593826e+03 1.562584812798325062e+00 4.349866104544540535e-03
3.210468538721038840e+03 1.573763458654330094e+00 4.051878493478576655e-03
3.213679007259760965e+03 1.583611799695855193e+00 3.341699490700353672e-03
3.216892686267021418e+03 1.591555917302658330e+00 3.223026596083682343e-03
3.220109578953289656e+03 1.596871812695530801e+00 3.159874004549736038e-03
3.223329688532243836e+03 1.600633320043225449e+00 3.506875838260127120e-03
3.226553018220777176e+03 1.600926614558841887e+00 3.768397650030123631e-03
3.229779571238999324e+03 1.596235142309199162e+00 4.032036921017233960e-03
3.233009350810239084e+03 1.590707185532879819e+00 4.107046720463466277e-03
3.236242360161050783e+03 1.581285687511865712e+00 4.971250587452524967e-03
3.239478602521212906e+03 1.572242628959778177e+00 5.452369983336329343e-03
3.242718081123734919e+03 1.567228634103565277e+00 4.611392374369956658e-03
3.245960799204859995e+03 1.564915586201747866e+00 4.012814974379843268e-03
3.249206760004065927e+03 1.566808365265661473e+00 3.877428479755136697e-03
3.252455966764071036e+03 1.574042368169962236e+00 4.191935224282342630e-03
3.255708422730835991e+03 1.583160248707917939e+00 4.086864031943291710e-03
3.258964131153567905e+03 1.598177004003642487e+00 4.174726892233857241e-03
3.262223095284722604e+03 1.613489813011253826e+00 3.687523416327162691e-03
3.265485318380008266e+03 1.627517709317042538e+00 3.780002790218439483e-03
3.268750803698389518e+03 1.642770834438824989e+00 3.818517358194147091e-03
3.272019554502088795e+03 1.659635696844787622e+00 3.698375823737928836e-03
3.275291574056592253e+03 1.674648227680986645e+00 3.427659812931600509e-03
3.278566865630649772e+03 1.688637353763449589e+00 3.131922506572702714e-03
3.281845432496281319e+03 1.702097679833062704e+00 2.970568836884302129e-03
3.285127277928778767e+03 1.716437694814245463e+00 2.976928643204641671e-03
3.288412405206708627e+03 1.729227758828376871e+00 2.546517817842117257e-03
3.291700817611916591e+03 1.738650494221005482e+00 2.699562337285967353e-03
3.294992518429529355e+03 1.747868164321905837e+00 2.599989855123839393e-03
3.298287510947960072e+03 1.753829676493685819e+00 2.810807920063745045e-03
3.301585798458909267e+03 1.758518780411177262e+00 2.613175468986504279e-03
3.304887384257369376e+03 1.764654484061226603e+00 2.619366981077718773e-03
3.308192271641627485e+03 1.769083272160699050e+00 2.582708610172646316e-03
3.311500463913270323e+03 1.772308259529664642e+00 2.674680541668742872e-03
3.314811964377184722e+03 1.774715383874057251e+00 3.097097239486961990e-03
3.318126776341563072e+03 1.772751136877735112e+00 3.047548110538897664e-03
3.321444903117905596e+03 1.771230786497251852e+00 2.342684073853597542e-03
3.324766348021024896e+03 1.764414127167394764e+00 2.291108884095894183e-03
3.328091114369046863e+03 1.753793350259000627e+00 2.334435242015562260e-03
3.331419205483417045e+03 1.740459956712244072e+00 2.353089733614189411e-03
3.334750624688901553e+03 1.725318371442717380e+00 2.311278317315837178e-03
3.338085375313591612e+03 1.707703246022210797e+00 2.173439865515702611e-03
3.341423460688906289e+03 1.687976076310815587e+00 1.954434598463677605e-03
3.344764884149596128e+03 1.668181500014133567e+00 2.107080906564444064e-03
3.348109649033746791e+03 1.648282952424544590e+00 2.179046894100217929e-03
3.351457758682781787e+03 1.627274121251870653e+00 2.050792871788005133e-03
3.354809216441465651e+03 1.604870394207583262e+00 2.821366185824272701e-03
3.358164025657908041e+03 1.584069138218272554e+00 3.691773600340458091e-03
3.361522189683567376e+03 1.565251465600167702e+00 3.727181498941760287e-03
3.364883711873251741e+03 1.550630212230834637e+00 3.280881658838308811e-03
3.368248595585126168e+03 1.541020688552148910e+00 3.519681737520475012e-03
3.371616844180712633e+03 1.534502961757869599e+00 3.771297826570792992e-03
3.374988461024894150e+03 1.530826697508617551e+00 3.782735852116974815e-03
3.378363449485920228e+03 1.531269613311693645e+00 3.669395149610704676e-03
3.381741812935407324e+03 1.532196216177366566e+00 3.667547172947742667e-03
3.385123554748343849e+03 1.537855683872210388e+00 3.282698650292320552e-03
3.388508678303093347e+03 1.541713967062529722e+00 3.263364916669534918e-03
3.391897186981397681e+03 1.546609798811022563e+00 3.203110560639961871e-03
3.395289084168380214e+03 1.549891828181752418e+00 3.200817282286409424e-03
3.398684373252549449e+03 1.551566989896796978e+00 3.317761838740268011e-03
3.402083057625803121e+03 1.552822655159459941e+00 3.153948542241511842e-03
3.405485140683430018e+03 1.552139329910705134e+00 2.997607457712525222e-03
3.408890625824114522e+03 1.553203121862413605e+00 3.012968489195621494e-03
3.412299516449939802e+03 1.554626550785070727e+00 2.897986514795413294e-03
3.415711815966390986e+03 1.555040127804713457e+00 2.693522169879263711e-03
3.419127527782358356e+03 1.551320737933541416e+00 2.988439957315449421e-03
3.422546655310141887e+03 1.546658228916464983e+00 2.878537503273245150e-03
3.425969201965453522e+03 1.540360884663047214e+00 2.996598687995683050e-03
3.429395171167419903e+03 1.532975734277721713e+00 3.423382089672743610e-03
3.432824566338588284e+03 1.523316137910736723e+00 3.176831452023745010e-03
3.436257390904928343e+03 1.509202964616933818e+00 3.111768387410659541e-03
3.439693648295834464e+03 1.491791646517655723e+00 3.211328392232466397e-03
3.443133341944131189e+03 1.472089352201815249e+00 3.356920930819887097e-03
3.446576475286076402e+03 1.449232178497641188e+00 3.128211218043918090e-03
3.450023051761363604e+03 1.427863700667813207e+00 3.147610024690888127e-03
3.453473074813126004e+03 1.404485922209919302e+00 2.822343667518033197e-03
3.456926547887940615e+03 1.383393015606923848e+00 2.984300375047769377e-03
3.460383474435829612e+03 1.363764450305458675e+00 3.161327789447478109e-03
3.463843857910266706e+03 1.347057051983554077e+00 3.294521677416419308e-03
3.467307701768178049e+03 1.336957331904792712e+00 3.321731870235351304e-03
3.470775009469947236e+03 1.329797811877511782e+00 2.905477391602962790e-03
3.474245784479418489e+03 1.330304236347374047e+00 3.477382987579313682e-03
3.477720030263898934e+03 1.335084873365116831e+00 3.922447033478743128e-03
3.481197750294164052e+03 1.342173872037752735e+00 4.097144623129714974e-03
3.484678948044459503e+03 1.347844866697567534e+00 4.130696348164972220e-03
3.488163626992504760e+03 1.356039036550679810e+00 3.980300105455298124e-03
3.491651790619498570e+03 1.364601838339903228e+00 3.823253915123233249e-03
3.495143442410119405e+03 1.372849420981256952e+00 3.449577077797693746e-03
3.498638585852530468e+03 1.379060193519490607e+00 3.386800258940882331e-03
3.502137224438384237e+03 1.380918762852941795e+00 3.216240623074941019e-03
3.505639361662823831e+03 1.381170461440538455e+00 3.246978936906466228e-03
3.509145001024487556e+03 1.378065496420848746e+00 3.100007491800652396e-03
3.512654146025513455e+03 1.372992637632166835e+00 3.062644401214998941e-03
3.516166800171540217e+03 1.367743804767038496e+00 3.066348907928191821e-03
3.519682966971712631e+03 1.361267676202835286e+00 3.411248600104471295e-03
3.523202649938685681e+03 1.354135072665284989e+00 3.722827079296731675e-03
3.526725852588625457e+03 1.346907636602799885e+00 3.734304836092227058e-03
3.530252578441215064e+03 1.338416798886465253e+00 3.473525570895749388e-03
3.533782831019657806e+03 1.330581092127438358e+00 3.491406130795817603e-03
3.537316613850678550e+03 1.321673651525451465e+00 3.245296407051371720e-03
3.540853930464530094e+03 1.315576507727578504e+00 3.263584473753460870e-03
3.544394784394995895e+03 1.310268488242594342e+00 2.996566139200987529e-03
3.547939179179392340e+03 1.304462491731136708e+00 2.323528425310190763e-03
3.551487118358572843e+03 1.296485978722591526e+00 2.558945111781848938e-03
3.555038605476932389e+03 1.288155514884117281e+00 2.678925561709006534e-03
3.558593644082410719e+03 1.279073445292304267e+00 2.890636638739246204e-03
3.562152237726494150e+03 1.268913268103382341e+00 2.371559445354767901e-03
3.565714389964221937e+03 1.260737730831279269e+00 2.456481266414853662e-03
3.569280104354187188e+03 1.253026835345983692e+00 2.761975588883118764e-03
3.572849384458542772e+03 1.246817630974897506e+00 2.652916032680265566e-03
3.576422233843002232e+03 1.241482687913192162e+00 2.432148966785853926e-03
3.579998656076846601e+03 1.235557852912165133e+00 2.198232568044607930e-03
3.583578654732924406e+03 1.228983539149685944e+00 2.459006699132953479e-03
3.587162233387658489e+03 1.221888495335380131e+00 2.431041959313527158e-03
3.590749395621047370e+03 1.215352759331732591e+00 2.291500287276265844e-03
3.594340145016669794e+03 1.209479217758792302e+00 2.583335156737719997e-03
3.597934485161687462e+03 1.204937180358184534e+00 2.468726308186484659e-03
3.601532419646850485e+03 1.201656282899701278e+00 2.417116794221970712e-03
3.605133952066498296e+03 1.200026265763479483e+00 2.741576904911253911e-03
3.608739086018566013e+03 1.199639863301811049e+00 3.369289898037985259e-03
3.612347825104585809e+03 1.199638580394519538e+00 3.011291811886751980e-03
3.615960172929691907e+03 1.197464274185506827e+00 2.878230368999023462e-03
3.619576133102622407e+03 1.194428039309975320e+00 2.944650967775519924e-03
3.623195709235726554e+03 1.190640449232475362e+00 3.240998720463256471e-03
3.626818904944963379e+03 1.184722286752939890e+00 3.561423884699213820e-03
3.630445723849909427e+03 1.180356764490778421e+00 3.098062670653864859e-03
3.634076169573760581e+03 1.177964720695981571e+00 3.121525504466729235e-03
3.637710245743335690e+03 1.176581219550865143e+00 3.204551963574011307e-03
3.641347955989080219e+03 1.176004988863209588e+00 3.417539964809224954e-03
3.644989303945070333e+03 1.177736775952336279e+00 3.610955562042311891e-03
3.648634293249016537e+03 1.178074736494659325e+00 3.622945020696121711e-03
3.652282927542266862e+03 1.179100223355360022e+00 3.645033847710995797e-03
3.655935210469810499e+03 1.181848016824952330e+00 3.506116193394153216e-03
3.659591145680281443e+03 1.184618304482300211e+00 4.215449112963846195e-03
3.663250736825963031e+03 1.186722586290737347e+00 4.057227847420150600e-03
3.666913987562790226e+03 1.192384598638673410e+00 3.681469424323445885e-03
3.670580901550354156e+03 1.199417846659877940e+00 2.963222098511826032e-03
3.674251482451905758e+03 1.210250402645713264e+00 3.199580931238144802e-03
3.677925733934358959e+03 1.224326848701463133e+00 3.457995283153790077e-03
3.681603659668294313e+03 1.239354480311967821e+00 3.502550464685505460e-03
3.685285263327964003e+03 1.253345346604777699e+00 3.372438059271688857e-03
3.688970548591293209e+03 1.266082678099672787e+00 2.639989506593126960e-03
3.692659519139885560e+03 1.274752301487090955e+00 2.271955921808285934e-03
3.696352178659026777e+03 1.278505419539158083e+00 2.282861230620926614e-03
3.700048530837686940e+03 1.279308056550066519e+00 1.940022079996191542e-03
3.703748579368525952e+03 1.272864836298687408e+00 1.890431964044969864e-03
3.707452327947895355e+03 1.263798867601514830e+00 1.723571361188979681e-03
3.711159780275844696e+03 1.252207015417213354e+00 1.651332407090855096e-03
3.714870940056121526e+03 1.239547408326470590e+00 1.867042692063548143e-03
3.718585810996179134e+03 1.225338659033368804e+00 2.061655122346810979e-03
3.722304396807176545e+03 1.212234942930453974e+00 1.918568770767351689e-03
3.726026701203984885e+03 1.200627143234253014e+00 1.964974588494238558e-03
3.729752727905190113e+03 1.189084987868020082e+00 1.649660739106649857e-03
3.733482480633096657e+03 1.181682587784853133e+00 1.436249145115620594e-03
3.737215963113731050e+03 1.178549750856155542e+00 1.561916039891832241e-03
3.740953179076846027e+03 1.177311435407351503e+00 1.600213555982977608e-03
3.744694132255923705e+03 1.179817786612425312e+00 1.952672735424632782e-03
3.748438826388181042e+03 1.183363110227665160e+00 1.858124826670594669e-03
3.752187265214570289e+03 1.188131566342729650e+00 1.678805126004213584e-03
3.755939452479786269e+03 1.192974962374908854e+00 1.619891279582168437e-03
3.759695391932267285e+03 1.198415958869474718e+00 2.047102104764662086e-03
3.763455087324201031e+03 1.201964705481960438e+00 2.182753613198210041e-03
3.767218542411526414e+03 1.203925640965324284e+00 2.040032723662491693e-03
3.770985760953939007e+03 1.202881350773684632e+00 1.959485692138262462e-03
3.774756746714894234e+03 1.198336579338546093e+00 2.133553407207325423e-03
3.778531503461610555e+03 1.192648814639081234e+00 2.211433415873220037e-03
3.782310034965073100e+03 1.184696297445074764e+00 2.403732488622755108e-03
3.786092345000039586e+03 1.175622131724863406e+00 2.309640447367653296e-03
3.789878437345040766e+03 1.166020598460304480e+00 2.113201608767616927e-03
3.793668315782387253e+03 1.158013202079372084e+00 2.129023546086949818e-03
3.797461984098170888e+03 1.149656602432106656e+00 2.084011783159407313e-03
3.801259446082270188e+03 1.141718834185699638e+00 2.199986558826010768e-03
3.805060705528353537e+03 1.134989137851062813e+00 2.216369585185685217e-03
3.808865766233883278e+03 1.128382322854971864e+00 2.201652510500111491e-03
3.812674632000118436e+03 1.122805693970952534e+00 2.222138141930495372e-03
3.816487306632119726e+03 1.118936682040717390e+00 2.123530408762171456e-03
3.820303793938753188e+03 1.114842358556312751e+00 2.197151124187366172e-03
3.824124097732693372e+03 1.112017215504678580e+00 1.944637403773936089e-03
3.827948221830427428e+03 1.110383748445179064e+00 1.914150939925780967e-03
3.831776170052258749e+03 1.111218729881635836e+00 2.547759626405888666e-03
3.835607946222312421e+03 1.111173749587398341e+00 2.496483291191855212e-03
3.839443554168536139e+03 1.111988089975140426e+00 2.363901196414795736e-03
3.843282997722705659e+03 1.111287973007419438e+00 2.400731855832046856e-03
3.847126280720429804e+03 1.110739461787030091e+00 2.446368925322985315e-03
3.850973407001151372e+03 1.110411632382152236e+00 2.536310818265495245e-03
3.854824380408153957e+03 1.109192474697613395e+00 2.866949461376049058e-03
3.858679204788563311e+03 1.108745113912175118e+00 2.967864873099062845e-03
3.862537883993353262e+03 1.110225287228997937e+00 2.305570271125273983e-03
3.866400421877347981e+03 1.114604887921217147e+00 2.149922432854885039e-03
3.870266822299226533e+03 1.121506713904283581e+00 2.790479755146458608e-03
3.874137089121526969e+03 1.130138342569452670e+00 2.669196696178094755e-03
3.878011226210649966e+03 1.139197604695009192e+00 2.369675228686059579e-03
3.881889237436861549e+03 1.147327256311166277e+00 2.196093067885405720e-03
3.885771126674299921e+03 1.154937329178695959e+00 1.900003567090700939e-03
3.889656897800975457e+03 1.160707145547438035e+00 1.867511640925180417e-03
3.893546554698777527e+03 1.163195258874435201e+00 1.857047025132597950e-03
3.897440101253477678e+03 1.163124345919782199e+00 1.993256591222330749e-03
3.901337541354732366e+03 1.159661346830955342e+00 2.036045347870272734e-03
3.905238878896088409e+03 1.152298567857965361e+00 2.060546501933239669e-03
3.909144117774985716e+03 1.140799009175632595e+00 2.182153294232189438e-03
3.913053261892762293e+03 1.128623497980979051e+00 2.248452403895908214e-03
3.916966315154656058e+03 1.111787746175655345e+00 2.367012063384145958e-03
3.920883281469812118e+03 1.094425843967773870e+00 2.348724606469830469e-03
3.924804164751283224e+03 1.075632702761801784e+00 2.353855280426006384e-03
3.928728968916035683e+03 1.054968876003798961e+00 2.323459736292840007e-03
3.932657697884953450e+03 1.034448727214318353e+00 1.953223483158133753e-03
3.936590355582839493e+03 1.016110179030482064e+00 1.835245803723324978e-03
3.940526945938423523e+03 1.000039891777267043e+00 1.823684230742106741e-03
3.944467472884363360e+03 9.872572238361332353e-01 1.668431801646448392e-03
3.948411940357249023e+03 9.760866487534081148e-01 1.956928303282202877e-03
3.952360352297607733e+03 9.692431334108790875e-01 1.943522934334755443e-03
3.956312712649906643e+03 9.655100831267455774e-01 1.861251610495415470e-03
3.960269025362557841e+03 9.658795869167022818e-01 1.997464463939385617e-03
3.964229294387921527e+03 9.693697323232154384e-01 1.992628139887408275e-03
3.968193523682310570e+03 9.764871412387752247e-01 1.987468983938915634e-03
3.972161717205994591e+03 9.875777843294765157e-01 1.908824728261821228e-03
3.976133878923201792e+03 1.001995158701717958e+00 1.928515205150264618e-03
3.980110012802126221e+03 1.018006228754188669e+00 2.056291945920905861e-03
3.984090122814929600e+03 1.035220808003836312e+00 2.083697465260618466e-03
3.988074212937745870e+03 1.054332906602979625e+00 1.713069797423530860e-03
3.992062287150684824e+03 1.072157482505425419e+00 1.670144681064508318e-03
3.996054349437837118e+03 1.091212291010775548e+00 1.926921998155122851e-03
4.000050403787276082e+03 1.108326034558400952e+00 1.975562469778869602e-03
4.004050454191064546e+03 1.121782005670027171e+00 2.079399847665789561e-03
4.008054504645257111e+03 1.133075312363558185e+00 2.278430264030122544e-03
4.012062559149903791e+03 1.143111610933981170e+00 2.253787239605839661e-03
4.016074621709055009e+03 1.150523066563298391e+00 2.238652509678383962e-03
4.020090696330765240e+03 1.154906586280397329e+00 2.262413873017273067e-03
4.024110787027097558e+03 1.156570709058796664e+00 1.902441170728035383e-03
4.028134897814125907e+03 1.157712767550644450e+00 2.026290057684599320e-03
4.032163032711941469e+03 1.157008923793909183e+00 2.080944140284622830e-03
4.036195195744654484e+03 1.154502864431884657e+00 1.968751172566769823e-03
4.040231390940400615e+03 1.149231909192527157e+00 2.584407519590136912e-03
4.044271622331342314e+03 1.144170333322116262e+00 2.686708034364651207e-03
4.048315893953675186e+03 1.139791955860575356e+00 2.541982943920649465e-03
4.052364209847629809e+03 1.136551717453679666e+00 2.549086398014217825e-03
4.056416574057479011e+03 1.133840568141384342e+00 2.554380012323055962e-03
4.060472990631537868e+03 1.130511695183534782e+00 2.574543138731447654e-03
4.064533463622170530e+03 1.128175870102910094e+00 2.440383636006219006e-03
4.068597997085794304e+03 1.128341552714793083e+00 3.112828008862895002e-03
4.072666595082881486e+03 1.129704945362832058e+00 3.128201034788489088e-03
4.076739261677965715e+03 1.129110272381091740e+00 2.683444903314652786e-03
4.080816000939644709e+03 1.125526902212504510e+00 2.832453923674004004e-03
4.084896816940585722e+03 1.120748360700054347e+00 2.838430730038912862e-03
4.088981713757527814e+03 1.114782359745512652e+00 2.809731846151579133e-03
4.093070695471286854e+03 1.106108111415630368e+00 2.800611863687321040e-03
4.097163766166759160e+03 1.094675407514530630e+00 2.800282912823296843e-03
4.101260929932927866e+03 1.081015749076786658e+00 2.879609047460580159e-03
4.105362190862862008e+03 1.065431078449310842e+00 2.764051610720660683e-03
4.109467553053726078e+03 1.047007749623158235e+00 2.747485798861296156e-03
4.113577020606780934e+03 1.026178837981549963e+00 2.822138873064349192e-03
4.117690597627389252e+03 1.002868727299391027e+00 2.817800085776356583e-03
4.121808288225018259e+03 9.802057849524837829e-01 2.764921630738147954e-03
4.125930096513244280e+03 9.586985682403758036e-01 2.764899895451396975e-03
4.130056026609759101e+03 9.379955967057823640e-01 2.762616010574799139e-03
4.134186082636369974e+03 9.179301519818191535e-01 2.881752488870555594e-03
4.138320268719007800e+03 8.990262722084758629e-01 2.362690230928011711e-03
4.142458588987728035e+03 8.842533581311953217e-01 1.995967808830546777e-03
4.146601047576717065e+03 8.757905486639337989e-01 1.825129454697473454e-03
4.150747648624294925e+03 8.703669404848423108e-01 1.768732334295838914e-03
4.154898396272920763e+03 8.679213471060081009e-01 1.870718853139263609e-03
4.159053294669195566e+03 8.692219387728038482e-01 1.854487694259279121e-03
4.163212347963865795e+03 8.738696031676855824e-01 2.107720074908407161e-03
4.167375560311830668e+03 8.808984924519496218e-01 2.728082038347177159e-03
4.171542935872143971e+03 8.887178047039852036e-01 3.252526571001976112e-03
4.175714478808017702e+03 8.966583724680254885e-01 3.083417448740844152e-03
4.179890193286827525e+03 9.020204565125367058e-01 2.550546433688138676e-03
4.184070083480115500e+03 9.052737944643846069e-01 2.170170686252532143e-03
4.188254153563597356e+03 9.045242876029100376e-01 2.431678521855566624e-03
4.192442407717161586e+03 9.016452151776422896e-01 2.463744421671520100e-03
4.196634850124880359e+03 8.948748142035631847e-01 2.423725915464330916e-03
4.200831484975006788e+03 8.878535345282018154e-01 2.239469656243265033e-03
4.205032316459983122e+03 8.803314399500055121e-01 2.186793587197015214e-03
4.209237348776444378e+03 8.724984971788179999e-01 2.439863535371849298e-03
4.213446586125221984e+03 8.656507793028938025e-01 2.374456063711002669e-03
4.217660032711349231e+03 8.621486611661529631e-01 2.232333992459127007e-03
4.221877692744061278e+03 8.626305596864808356e-01 2.244881959649364968e-03
4.226099570436806971e+03 8.664479247052659927e-01 2.204276407663775805e-03
4.230325670007245208e+03 8.722698425737207550e-01 2.250240650433052176e-03
4.234555995677254032e+03 8.805396626923150949e-01 2.756660699088958350e-03
4.238790551672932452e+03 8.903167304248301717e-01 2.897817788451218391e-03
4.243029342224606808e+03 9.001532995938938964e-01 3.067330741910226019e-03
4.247272371566832589e+03 9.108744882238152263e-01 3.521989429171965870e-03
4.251519643938400804e+03 9.186452892007597182e-01 2.787178749985006788e-03
4.255771163582340705e+03 9.227655722129614047e-01 2.345522956643573877e-03
4.260026934745924336e+03 9.218727846830331307e-01 3.003362082922025889e-03
4.264286961680671993e+03 9.192019327496337988e-01 3.155502059466504770e-03
4.268551248642354039e+03 9.132058735687723638e-01 3.068416419279648786e-03
4.272819799890998183e+03 9.065877373687547536e-01 3.102685651030172038e-03
4.277092619690890388e+03 8.994527950577125841e-01 2.237784881302243463e-03
4.281369712310583054e+03 8.954828478421703597e-01 2.310081266819061056e-03
4.285651082022895025e+03 8.924030804371788639e-01 2.333348698308753983e-03
4.289936733104918858e+03 8.899105322350332470e-01 2.295477373745100601e-03
4.294226669838025373e+03 8.897540896425116808e-01 2.453537166053243197e-03
4.298520896507864563e+03 8.913967205442314690e-01 2.516185073516671693e-03
4.302819417404373780e+03 8.930667783376765589e-01 2.314135372703817611e-03
4.307122236821779552e+03 8.936744185549121422e-01 2.367099839976235815e-03
4.311429359058603040e+03 8.935162010975832292e-01 2.197780601099214547e-03
4.315740788417662770e+03 8.909445433116204294e-01 2.326685005373815320e-03
4.320056529206081905e+03 8.855467946617940900e-01 2.663726862765023861e-03
4.324376585735290064e+03 8.810569581543236106e-01 2.593586406798123987e-03
4.328700962321026054e+03 8.778844052271715936e-01 2.612255861700918912e-03
4.333029663283348782e+03 8.714422222405876495e-01 2.685491615551274802e-03
4.337362692946633615e+03 8.644591031572995687e-01 2.756081640383882710e-03
4.341700055639581478e+03 8.574114136870354397e-01 2.767309011727149982e-03
4.346041755695222491e+03 8.529370701489927820e-01 2.778277122081507233e-03
4.350387797450919606e+03 8.488813448184993060e-01 2.739981011098481783e-03
4.354738185248371337e+03 8.456494065064874555e-01 2.686952865911672924e-03
4.359092923433621763e+03 8.444530447990074018e-01 2.698888695238741559e-03
4.363452016357056891e+03 8.452285865498513351e-01 2.650163812190129906e-03
4.367815468373414660e+03 8.459979936694689284e-01 2.858684524729912090e-03
4.372183283841789489e+03 8.456556178473896290e-01 2.932161699936286416e-03
4.376555467125633186e+03 8.459073312521618870e-01 3.327833262648422635e-03
4.380932022592760404e+03 8.444684783732383515e-01 3.406675447967781427e-03
4.385312954615354101e+03 8.399644874858888111e-01 3.171576924929693769e-03
4.389698267569970994e+03 8.326167600719083239e-01 2.991323779326155851e-03
4.394087965837542470e+03 8.221543477790805854e-01 3.595081334532988088e-03
4.398482053803381859e+03 8.082738569172079890e-01 3.637574467697574435e-03
4.402880535857186260e+03 7.929709137448378575e-01 2.646715314484239870e-03
4.407283416393044718e+03 7.806741764624219870e-01 2.582043336304483405e-03
4.411690699809440048e+03 7.696171910637605862e-01 2.592074124428613447e-03
4.416102390509250654e+03 7.586003327007193597e-01 2.305846264821540415e-03
4.420518492899761441e+03 7.499866683775020526e-01 2.252880988102290167e-03
4.424939011392662906e+03 7.438900978477098747e-01 2.409032493340418617e-03
4.429363950404056595e+03 7.404730603904976505e-01 2.182541944226816608e-03
4.433793314354462382e+03 7.384692855448183879e-01 1.848315569711837282e-03
4.438227107668818462e+03 7.359295296477120774e-01 1.784135530007593213e-03
4.442665334776488635e+03 7.339224908484798249e-01 1.810749255326968288e-03
4.447108000111265937e+03 7.307138625343366778e-01 1.818065026329549654e-03
4.451555108111379013e+03 7.270992867135084303e-01 1.922753137470072787e-03
4.456006663219492111e+03 7.220117045261951194e-01 2.266368623499792970e-03
4.460462669882713271e+03 7.168102289099619329e-01 2.363706835242429614e-03
4.464923132552597053e+03 7.096794542072937251e-01 1.861725054052524014e-03
4.469388055685150903e+03 6.999740671294031324e-01 2.173839562374173164e-03
4.473857443740837880e+03 6.884431857581285730e-01 2.945916394583888379e-03
4.478331301184580298e+03 6.772316517310559281e-01 2.945507257169391237e-03
4.482809632485766087e+03 6.672068111699326343e-01 2.893183052222707621e-03
4.487292442118253348e+03 6.596270123190952628e-01 2.693984563805473190e-03
4.491779734560373072e+03 6.566484953610748354e-01 2.729443995653801393e-03
4.496271514294934605e+03 6.594961688450646786e-01 2.674319856359447852e-03
4.500767785809231100e+03 6.670743989425622633e-01 2.955670185828924382e-03
4.505268553595042249e+03 6.798763997768432210e-01 3.606638095990271405e-03
4.509773822148638828e+03 6.973555408519778176e-01 3.876164032735475874e-03
4.514283595970789065e+03 7.160137927162389948e-01 3.401478644433147350e-03
4.518797879566761367e+03 7.368873229819871140e-01 3.074549761619188495e-03
4.523316677446328868e+03 7.575049608614659036e-01 4.125062378860922321e-03
4.527839994123776705e+03 7.808169126846953301e-01 4.534577861925855914e-03
4.532367834117902021e+03 8.048890702686440912e-01 3.988631350296853451e-03
4.536900201952022144e+03 8.325579947440883144e-01 4.233233918252299159e-03
4.541437102153975502e+03 8.613633162540574872e-01 5.171819777895637904e-03
4.545978539256130716e+03 8.892887665057396251e-01 5.751551935317311161e-03
4.550524517795388419e+03 9.142074242644732118e-01 5.865231565959664814e-03
4.555075042313184895e+03 9.335295408157513464e-01 5.573843081041899954e-03
4.559630117355500261e+03 9.478755822016489141e-01 5.143535225402135619e-03
4.564189747472856652e+03 9.567654022704548122e-01 4.721037543068206700e-03
4.568753937220330954e+03 9.578817931738605740e-01 5.456303377222833720e-03
4.573322691157552981e+03 9.527007720513881450e-01 5.538475071538234706e-03
4.577896013848711846e+03 9.419360380257494336e-01 4.550057529379423690e-03
4.582473909862562323e+03 9.301115588105353105e-01 3.857049992111304115e-03
4.587056383772426670e+03 9.162451463692692366e-01 3.323466197431396499e-03
4.591643440156200086e+03 9.033139373163854291e-01 3.800596659360395545e-03
4.596235083596357981e+03 8.902375613038795432e-01 3.242781772472318452e-03
4.600831318679955984e+03 8.754458706542778135e-01 3.522545344505034065e-03
4.605432149998637215e+03 8.622791010478095819e-01 3.496282324360003562e-03
4.610037582148637739e+03 8.484608986795352248e-01 3.484093061092411250e-03
4.614647619730787483e+03 8.356187591352201016e-01 3.257088458161385130e-03
4.619262267350520233e+03 8.237724657919061055e-01 3.051544180886988332e-03
4.623881529617872729e+03 8.146024790215552480e-01 3.542654192837329120e-03
4.628505411147491941e+03 8.054473165055747730e-01 3.606548540435519472e-03
4.633133916558640522e+03 7.970361461181162399e-01 3.499963970112173351e-03
4.637767050475200449e+03 7.888712943298062941e-01 3.264088021484909830e-03
4.642404817525677572e+03 7.805219671485523758e-01 3.328465664965131205e-03
4.647047222343205249e+03 7.732379177864543429e-01 3.307270828842278840e-03
4.651694269565549803e+03 7.658079711184885285e-01 3.394418476178718159e-03
4.656345963835116891e+03 7.578390787336226619e-01 3.130818452380096980e-03
4.661002309798953320e+03 7.516659154793797759e-01 2.866471399935856344e-03
4.665663312108753416e+03 7.462090201282030044e-01 2.549403003445874661e-03
4.670328975420864481e+03 7.432196282315184366e-01 2.671567394956816510e-03
4.674999304396286789e+03 7.417437555480401734e-01 2.562265920317709830e-03
4.679674303700684504e+03 7.423515710922388156e-01 1.504514517567045843e-03
4.684353978004386590e+03 7.420489015860557425e-01 1.370501461728796571e-03
4.689038331982392265e+03 7.405781370944626296e-01 1.538888661552822047e-03
4.693727370314376458e+03 7.403544242946284992e-01 1.587704858535696640e-03
4.698421097684692540e+03 7.392187078152911983e-01 1.483784698624152380e-03
4.703119518782378691e+03 7.376539990665232915e-01 1.391087310464305359e-03
4.707822638301162442e+03 7.364001131787599741e-01 1.419901892783352777e-03
4.712530460939465229e+03 7.352647302356402070e-01 1.342452829971533612e-03
4.717242991400406027e+03 7.329950661084928543e-01 1.289421599932003394e-03
4.721960234391808626e+03 7.300126979782534109e-01 1.118813998514772571e-03
4.726682194626201635e+03 7.255788797885444064e-01 1.200737932627830764e-03
4.731408876820829391e+03 7.203196470701583864e-01 1.444775366051167815e-03
4.736140285697651962e+03 7.150877568491185166e-01 1.614219169105217096e-03
4.740876425983350600e+03 7.100327911198054398e-01 1.414818646045387304e-03
4.745617302409335934e+03 7.055745807907356504e-01 9.703104095781854392e-04
4.750362919711747054e+03 7.034792312200471853e-01 1.193348788715385429e-03
4.755113282631459697e+03 7.020177644979767040e-01 1.208549789262350089e-03
4.759868395914093526e+03 7.020515853185730348e-01 1.307961835764779495e-03
4.764628264310008490e+03 7.024375745555120343e-01 1.243192698131940230e-03
4.769392892574320285e+03 7.036716537082369216e-01 1.139267453071099532e-03
4.774162285466896719e+03 7.052086580184918629e-01 1.140764237541133739e-03
4.778936447752364984e+03 7.064687921270896842e-01 1.122010080635746452e-03
4.783715384200118933e+03 7.090350427014692203e-01 1.106133835409986010e-03
4.788499099584319993e+03 7.098700938634686652e-01 1.102707429862040574e-03
4.793287598683906253e+03 7.103311695784167989e-01 1.210798648946910441e-03
4.798080886282591564e+03 7.095797987257181916e-01 1.201964673950706034e-03
4.802878967168876443e+03 7.082208949897480510e-01 1.199956821989326501e-03
4.807681846136046261e+03 7.061768865649700189e-01 1.280718828640387994e-03
4.812489527982183972e+03 7.035692331757675833e-01 1.607749726876183055e-03
4.817302017510168298e+03 7.009820423503535514e-01 1.860973053258851029e-03
4.822119319527679181e+03 6.990944761155403198e-01 1.686408099614388053e-03
4.826941438847208701e+03 6.979889388256185212e-01 1.543845498872446894e-03
4.831768380286057436e+03 6.976712031206944165e-01 1.673349682703166542e-03
4.836600148666345376e+03 6.972944657010882175e-01 1.678636666503520837e-03
4.841436748815013743e+03 6.981819025361779563e-01 1.734311102775179308e-03
4.846278185563829538e+03 6.983610593549826051e-01 1.726329292246334092e-03
4.851124463749395545e+03 6.981328043033966368e-01 1.362040364191493495e-03
4.855975588213146693e+03 6.952451424770976773e-01 1.288940207919051471e-03
4.860831563801360971e+03 6.908585177019178625e-01 1.236420285666141360e-03
4.865692395365163975e+03 6.843127031487431511e-01 1.323234926552235066e-03
4.870558087760530725e+03 6.759327928208248570e-01 1.203764170943164968e-03
4.875428645848292945e+03 6.665730887784048209e-01 1.192128580944230420e-03
4.880304074494142696e+03 6.548718233771857467e-01 1.116523101927606671e-03
4.885184378568638749e+03 6.437849526091993235e-01 1.128861875981775932e-03
4.890069562947209306e+03 6.323465422085805532e-01 1.148903875693413129e-03
4.894959632510157462e+03 6.216796651345735114e-01 1.216055840659636261e-03
4.899854592142669389e+03 6.120213976728430261e-01 1.233240566041759502e-03
4.904754446734813428e+03 6.033755736164850836e-01 1.112589647173607655e-03
4.909659201181550088e+03 5.960522325886215000e-01 1.014440868754817784e-03
4.914568860382732964e+03 5.907898653769911856e-01 1.164072744295096629e-03
4.919483429243117826e+03 5.866809629148130867e-01 1.128100682366293397e-03
4.924402912672362618e+03 5.835954866225420146e-01 1.045773381274621092e-03
4.929327315585036558e+03 5.810195380994225278e-01 1.045076379831254374e-03
4.934256642900622865e+03 5.798787726894718553e-01 1.124239732136758738e-03
4.939190899543525120e+03 5.785221088493793795e-01 1.042495927352340588e-03
4.944130090443070912e+03 5.768585051798326147e-01 9.116670985760433896e-04
4.949074220533515472e+03 5.742543633266555814e-01 8.819349004441436350e-04
4.954023294754050767e+03 5.716277347859117786e-01 9.147060315845880743e-04
4.958977318048806410e+03 5.679363159149467544e-01 8.812823611909736650e-04
4.963936295366856939e+03 5.644021465238006074e-01 8.506964792254231942e-04
4.968900231662225451e+03 5.600527501905409045e-01 1.267620517990781246e-03
4.973869131893889062e+03 5.549356634622572004e-01 1.866488185537795112e-03
4.978843001025784361e+03 5.516313691850500689e-01 1.889426182482371050e-03
4.983821844026811959e+03 5.494106351529888244e-01 1.875995821401444134e-03
4.988805665870840130e+03 5.481030469195827814e-01 2.258276476499332212e-03
4.993794471536712990e+03 5.470627187522233426e-01 2.553793369626529853e-03
4.998788266008251412e+03 5.461850162210215576e-01 2.694107282407173874e-03
5.003787054274261209e+03 5.441782190247554940e-01 2.557427782461370140e-03
5.008790841328536771e+03 5.420867277434504583e-01 2.360581450112450401e-03
5.013799632169867436e+03 5.387052691336794430e-01 2.497880913444959928e-03
5.018813431802038394e+03 5.347631808777257856e-01 2.553898307216547099e-03
5.023832245233842514e+03 5.305386599327582831e-01 2.582797115125654193e-03
5.028856077479077612e+03 5.270013599435541263e-01 2.534148307979250132e-03
5.033884933556558281e+03 5.237464393086227465e-01 2.320451698989668514e-03
5.038918818490116792e+03 5.210881470498763823e-01 2.155528558813831451e-03
5.043957737308608557e+03 5.197429945665262840e-01 2.234226658729093155e-03
5.049001695045918495e+03 5.196799253940929120e-01 2.137895317117805873e-03
5.054050696740966487e+03 5.204211809072795125e-01 2.041685637408519743e-03
5.059104747437709193e+03 5.227379072665498949e-01 1.727931700503512443e-03
5.064163852185148244e+03 5.245483733159688189e-01 1.765119936926261941e-03
5.069228016037335692e+03 5.261799682693638625e-01 1.483057192887625875e-03
5.074297244053374015e+03 5.283778123151534611e-01 1.671434895500715535e-03
5.079371541297429758e+03 5.307434660405954130e-01 2.098133985668718809e-03
5.084450912838728073e+03 5.326906021889112886e-01 2.285137413762030299e-03
5.089535363751569093e+03 5.327762281081817042e-01 2.156720704130700352e-03
5.094624899115322478e+03 5.321571135165931166e-01 2.149891562994040405e-03
5.099719524014439230e+03 5.298099485734619751e-01 2.589313251646509391e-03
5.104819243538455339e+03 5.280877933233989463e-01 2.651564251496586928e-03
5.109924062781995417e+03 5.255416104281676049e-01 2.721919764214538601e-03
5.115033986844779065e+03 5.240606826671294627e-01 2.537912744476037048e-03
5.120149020831625421e+03 5.230751559441260135e-01 2.133815001375310733e-03
5.125269169852458617e+03 5.239226189472456774e-01 2.077930012015873074e-03
5.130394439022313236e+03 5.268329230671718877e-01 2.394098433638091033e-03
5.135524833461337039e+03 5.310346050287844122e-01 2.367922265730253509e-03
5.140660358294800062e+03 5.361459451937459209e-01 1.911237485720009227e-03
5.145801018653096435e+03 5.401233241001109908e-01 1.566213835967078223e-03
5.150946819671751655e+03 5.430332074100773232e-01 1.539342960368347748e-03
5.156097766491425318e+03 5.452050542856783366e-01 1.637693396858995063e-03
5.161253864257918394e+03 5.452079886753349314e-01 1.662795105020234377e-03
5.166415118122177773e+03 5.433064640352688324e-01 1.853906151118880647e-03
5.171581533240301724e+03 5.409657611932946475e-01 2.096815986992099732e-03
5.176753114773543530e+03 5.396661579504974382e-01 2.219723047957394835e-03
5.181929867888318768e+03 5.393125744292844859e-01 2.371505296204493105e-03
5.187111797756208944e+03 5.389036548382531988e-01 2.224512118565508210e-03
5.192298909553966951e+03 5.402975164037432387e-01 2.105830147907650478e-03
5.197491208463522526e+03 5.432351503939515380e-01 2.078778126536356789e-03
5.202688699671987706e+03 5.485146247340941805e-01 2.341315682288584634e-03
5.207891388371661378e+03 5.531853479892923087e-01 2.391800693958689474e-03
5.213099279760034733e+03 5.593675089776073417e-01 2.581184611688833955e-03
5.218312379039796724e+03 5.641403460797090874e-01 2.576492086270036792e-03
5.223530691418837705e+03 5.676405449841613882e-01 2.403482453833956280e-03
5.228754222110258524e+03 5.699327685902746410e-01 2.354527517921505518e-03
5.233982976332370527e+03 5.682888878865051119e-01 2.367861514899012500e-03
5.239216959308704645e+03 5.624206724372614596e-01 2.375538957903063249e-03
5.244456176268015042e+03 5.507155027360365329e-01 2.278332104126197348e-03
5.249700632444284565e+03 5.371072155622674815e-01 2.340427336063904094e-03
5.254950333076731113e+03 5.217207501894668420e-01 2.178254601156843617e-03
5.260205283409809454e+03 5.040034626274487728e-01 2.442489956499418677e-03
5.265465488693221232e+03 4.835554415968918440e-01 3.569666227423952919e-03
5.270730954181915877e+03 4.647858528880602358e-01 4.025679865933670144e-03
5.276001685136099695e+03 4.497622697998117092e-01 4.087780833521051718e-03
5.281277686821237694e+03 4.393503527920233909e-01 3.552522411602179655e-03
5.286558964508059944e+03 4.351328683498383310e-01 3.061048354338539220e-03
5.291845523472569766e+03 4.370854353879246590e-01 2.906854476688039684e-03
5.297137368996044643e+03 4.468824801638635602e-01 3.678822587780463619e-03
5.302434506365042580e+03 4.618788510441653172e-01 3.902296296386110076e-03
5.307736940871409388e+03 4.788752995480897723e-01 3.805776807234369924e-03
5.313044677812282316e+03 4.988484949006138369e-01 2.780214517249292045e-03
5.318357722490096421e+03 5.169123056891574697e-01 2.612404999799949456e-03
5.323676080212588204e+03 5.316374638038965372e-01 2.676170522282652741e-03
5.328999756292802886e+03 5.444372298191704207e-01 2.636738727572629330e-03
5.334328756049097137e+03 5.506380213297447090e-01 2.790798831796427893e-03
5.339663084805148173e+03 5.496664900767169737e-01 2.851713681219121988e-03
5.345002747889954662e+03 5.409648698313231918e-01 2.857991242904086866e-03
5.350347750637846730e+03 5.281731226387832434e-01 2.849476363531830165e-03
5.355698098388485960e+03 5.100958588994671805e-01 3.868187993639351282e-03
5.361053796486876308e+03 4.890021301287537092e-01 4.956185861535815883e-03
5.366414850283365013e+03 4.656947580935857922e-01 5.370152594882231581e-03
5.371781265133649867e+03 4.445233824167627024e-01 5.568247754658945704e-03
5.377153046398785591e+03 4.290151916051131442e-01 4.466594191244209651e-03
5.382530199445186554e+03 4.203689541863320223e-01 3.610246591790879003e-03
5.387912729644633146e+03 4.205319717548811620e-01 4.642601619725105107e-03
5.393300642374279960e+03 4.260276600536216374e-01 5.375972271403675271e-03
5.398693943016655794e+03 4.394352763501455650e-01 5.079788369067214301e-03
5.404092636959673655e+03 4.563234977177896279e-01 4.613763387959840361e-03
5.409496729596635305e+03 4.722321474881376879e-01 3.740731354627040584e-03
5.414906226326233991e+03 4.864576233699553498e-01 2.735094372310052993e-03
5.420321132552561721e+03 4.969243495184766379e-01 2.524408268497733716e-03
5.425741453685116539e+03 5.019794936665795682e-01 3.013501358942017629e-03
5.431167195138803436e+03 5.044109554727504996e-01 3.287327404635397281e-03
5.436598362333943442e+03 5.038674542695373848e-01 2.897352489355630410e-03
5.442034960696279086e+03 5.008803193104414131e-01 2.478234912903324715e-03
5.447476995656978033e+03 4.963397648703060661e-01 2.371223562827891058e-03
5.452924472652636723e+03 4.909765835486230023e-01 2.413339056002132641e-03
5.458377397125291282e+03 4.838672426079213551e-01 2.370329699985067318e-03
5.463835774522417523e+03 4.760685117561573310e-01 2.182376304805269326e-03
5.469299610296941864e+03 4.668656655275810752e-01 2.476238292292044698e-03
5.474768909907241323e+03 4.563627554372728379e-01 2.573308013752741413e-03
5.480243678817149885e+03 4.481486287263877766e-01 3.070122819854876478e-03
5.485723922495968509e+03 4.418399871168076642e-01 2.827962141953230691e-03
5.491209646418466946e+03 4.397400728945435877e-01 2.933184080343887931e-03
5.496700856064887375e+03 4.384882800549323445e-01 2.949822395333331123e-03
5.502197556920953502e+03 4.399596037445544505e-01 3.954595465299606989e-03
5.507699754477876013e+03 4.449081668984980475e-01 4.074650771289193944e-03
5.513207454232356213e+03 4.500357515372032657e-01 4.310668774054849869e-03
5.518720661686590574e+03 4.553779933562115967e-01 3.589645893476917701e-03
5.524239382348278923e+03 4.598503188403753050e-01 4.332775234883737107e-03
5.529763621730628984e+03 4.623712874473084322e-01 5.511882215226143397e-03
5.535293385352360929e+03 4.655293517360673539e-01 5.793578448236344491e-03
5.540828678737715563e+03 4.714422275515790517e-01 5.450793795334492493e-03
5.546369507416455235e+03 4.802827421397898311e-01 4.932031473335492244e-03
5.551915876923872929e+03 4.925911147933624834e-01 5.111413716172264268e-03
5.557467792800798634e+03 5.081751850516317282e-01 5.393841025624602180e-03
5.563025260593602070e+03 5.259748676660226385e-01 5.177156565277042655e-03
5.568588285854197238e+03 5.452093515733248408e-01 4.536697894953966963e-03
5.574156874140053333e+03 5.636823987278866133e-01 3.566255523373246163e-03
5.579731031014194741e+03 5.786065580081446447e-01 3.274189901040539322e-03
5.585310762045211050e+03 5.900107989702950695e-01 3.194338198854551874e-03
5.590896072807257951e+03 5.983840620323367387e-01 3.524659462735284850e-03
5.596486968880067252e+03 6.004646759894763930e-01 3.416900583091443677e-03
5.602083455848949598e+03 5.973727306131232373e-01 3.441165832031399009e-03
5.607685539304799931e+03 5.916972430757810875e-01 3.506468645921296916e-03
5.613293224844106589e+03 5.833115022754304935e-01 3.565256702037095278e-03
5.618906518068952209e+03 5.735931854186070433e-01 3.824377446256656959e-03
5.624525424587023736e+03 5.617825144070929255e-01 3.955685489016392067e-03
5.630149950011612418e+03 5.492036654506247118e-01 3.721197439452209738e-03
5.635780099961625638e+03 5.352925293844259524e-01 3.523478857397690633e-03
5.641415880061589633e+03 5.211785485926494488e-01 3.506676315740518603e-03
5.647057295941652228e+03 5.078960194890208557e-01 3.850020036245514407e-03
5.652704353237596479e+03 4.953899760916656292e-01 3.639735124642726541e-03
5.658357057590835211e+03 4.819280127065008190e-01 3.160916121919955194e-03
5.664015414648428305e+03 4.668496519039699311e-01 3.381647163806377095e-03
5.669679430063079053e+03 4.509412374546092339e-01 4.190549245157701441e-03
5.675349109493143260e+03 4.358690627028768416e-01 4.737759262263216593e-03
5.681024458602638333e+03 4.228975162822751210e-01 4.243469251716145904e-03
5.686705483061243285e+03 4.125638277131495890e-01 4.411967750152138469e-03
5.692392188544306009e+03 4.048740569062682093e-01 5.072450773192703488e-03
5.698084580732852373e+03 3.993741431782203977e-01 4.790468274857216831e-03
5.703782665313587131e+03 3.942745139695949530e-01 4.614418924447047897e-03
5.709486447978903016e+03 3.893950106697255942e-01 4.640391799709122495e-03
5.715195934426883468e+03 3.857698077700619788e-01 5.009885043045451264e-03
5.720911130361312644e+03 3.836552236198730315e-01 5.241274633777355876e-03
5.726632041491675409e+03 3.823188789400844279e-01 4.951049058998108383e-03
5.732358673533169167e+03 3.835788888765242488e-01 5.344723377199546779e-03
5.738091032206703858e+03 3.853476963229511276e-01 5.535053054538157692e-03
5.743829123238912871e+03 3.851144449521490820e-01 5.436925722840879605e-03
5.749572952362153046e+03 3.867178677489457317e-01 5.482611684638346097e-03
5.755322525314517407e+03 3.896812301486824448e-01 5.267225938928321756e-03
5.761077847839834249e+03 3.923105987496445790e-01 4.831981072127945059e-03
5.766838925687675328e+03 3.940190436390131334e-01 5.033947619784654576e-03
5.772605764613364954e+03 3.948004372762551895e-01 5.286682072809623795e-03
5.778378370377980900e+03 3.942358566052033275e-01 5.071696081569818278e-03
5.784156748748360769e+03 3.949860845315237290e-01 3.514197715636889312e-03
5.789940905497111089e+03 3.990835455078420302e-01 3.090087065758495045e-03
5.795730846402610041e+03 4.072021452847526812e-01 3.482585839521888053e-03
5.801526577249013826e+03 4.163478177669934777e-01 3.668770074870119670e-03
5.807328103826264851e+03 4.257495636754500823e-01 3.670071396002273518e-03
5.813135431930093546e+03 4.334200074602126418e-01 2.537206741025116886e-03
5.818948567362025642e+03 4.375873049290330830e-01 2.077918296310802063e-03
5.824767515929389447e+03 4.373424295896485292e-01 2.295844826918204493e-03
5.830592283445320390e+03 4.318051189388604216e-01 2.298271507073050817e-03
5.836422875728768304e+03 4.211793626040012395e-01 2.474539357349310291e-03
5.842259298604498326e+03 4.062289349104458158e-01 4.172463817885607718e-03
5.848101557903105459e+03 3.879797854672795698e-01 5.194060123755285009e-03
5.853949659461010015e+03 3.708786035583720997e-01 4.184585172385439471e-03
5.859803609120473084e+03 3.554639306508784458e-01 3.845180221664123380e-03
5.865663412729595620e+03 3.434068615480575515e-01 4.134063736912147076e-03
5.871529076142326630e+03 3.323219699234378766e-01 4.168471838797673662e-03
5.877400605218471355e+03 3.233553774728997188e-01 4.174236579961891451e-03
5.883278005823691274e+03 3.174956165847291900e-01 4.077279866996298165e-03
5.889161283829516833e+03 3.130626531826194991e-01 4.043300105317421990e-03
5.895050445113348360e+03 3.114943187542983383e-01 3.839481802557543916e-03
5.900945495558464245e+03 3.097342091698118693e-01 3.692569411144154025e-03
5.906846441054024581e+03 3.074506011474754663e-01 4.512475776489454499e-03
5.912753287495080258e+03 3.074832336884258943e-01 4.474385925073483955e-03
5.918666040782577511e+03 3.095555686757897607e-01 4.474141689298406603e-03
5.924584706823361557e+03 3.112162227278953974e-01 4.123154116115818751e-03
5.930509291530187511e+03 3.148266778718577519e-01 4.117533645808011712e-03
5.936439800821719473e+03 3.224194708283119049e-01 4.372690293271921762e-03
5.942376240622543264e+03 3.291024516993038551e-01 3.963758094392404868e-03
5.948318616863167335e+03 3.347893178748446719e-01 4.900868560493046137e-03
5.954266935480032771e+03 3.407255130973138590e-01 4.782257858731361888e-03
5.960221202415515108e+03 3.477002407399703565e-01 4.415258933523410513e-03
5.966181423617932523e+03 3.569439381405001277e-01 4.562592527689086734e-03
5.972147605041552197e+03 3.655319360108942317e-01 5.156700531072535079e-03
5.978119752646595771e+03 3.734301272235771019e-01 5.202391717803506524e-03
5.984097872399243897e+03 3.766514175253684038e-01 5.261912571743645149e-03
5.990081970271645332e+03 3.778390988743198786e-01 5.353668333998222971e-03
5.996072052241918755e+03 3.775007760755742514e-01 5.393760355218223806e-03
6.002068124294162772e+03 3.755770588322479009e-01 5.361643428905663727e-03
6.008070192418459555e+03 3.723765345825852946e-01 5.352853113644174231e-03
6.014078262610879392e+03 3.631782043048873421e-01 5.517379398623767882e-03
6.020092340873492503e+03 3.470162375561628432e-01 5.214902080822046530e-03
6.026112433214368139e+03 3.289708960055651721e-01 5.252908179189791187e-03
6.032138545647584579e+03 3.095230681178586241e-01 5.329521096452675966e-03
6.038170684193233683e+03 2.887933124693995435e-01 5.382953508734624956e-03
6.044208854877429076e+03 2.681152586289515249e-01 5.642721361804612160e-03
6.050253063732308874e+03 2.507129656241656734e-01 5.843278818849859807e-03
6.056303316796042964e+03 2.319861005736905124e-01 6.362238709249053679e-03
6.062359620112841185e+03 2.170576095569909103e-01 5.116437381609387908e-03
6.068421979732956061e+03 2.078006035632214421e-01 4.548091906523358749e-03
6.074490401712690982e+03 2.053441256259565528e-01 4.278353885536984383e-03
6.080564892114405666e+03 2.127211272791454388e-01 5.111698101516649710e-03
6.086645457006521610e+03 2.258253854785624570e-01 4.307255491467571785e-03
6.092732102463530282e+03 2.438013888212255675e-01 3.369054049253460918e-03
6.098824834565995843e+03 2.628730654272636302e-01 3.874413300039826046e-03
6.104923659400564247e+03 2.820032913586348333e-01 4.282697268111733575e-03
6.111028583059966877e+03 2.957314987542313256e-01 4.055500329440691817e-03
6.117139611643028729e+03 3.075326120983593037e-01 4.258451452746395832e-03
6.123256751254673873e+03 3.142230061887723025e-01 6.305040223927339815e-03
6.129380008005929994e+03 3.229321934355346979e-01 8.645470328532812651e-03
6.135509388013938405e+03 3.357550042387772993e-01 8.511502934500122033e-03
6.141644897401954040e+03 3.498308888008426210e-01 7.931465905605464273e-03
6.147786542299358189e+03 3.692117375213279096e-01 7.893712138345750431e-03
6.153934328841659408e+03 3.865104569989299410e-01 7.945244846769972460e-03
6.160088263170503524e+03 4.057318623943424463e-01 8.196598992839958936e-03
6.166248351433675452e+03 4.278888313892743600e-01 8.479320039566633216e-03
6.172414599785111022e+03 4.505125911822626117e-01 8.867366246272765859e-03
6.178587014384898794e+03 4.744050578767013415e-01 9.931740510602875618e-03
6.184765601399285515e+03 4.924717754051303742e-01 1.091137680786659868e-02
6.190950367000687038e+03 5.094550337788392724e-01 1.153807165327957150e-02
6.197141317367689226e+03 5.220148100476068587e-01 1.018201882463083165e-02
6.203338458685059777e+03 5.227205271062475012e-01 9.872909091675676624e-03
6.209541797143746408e+03 5.158026264636413893e-01 1.140715221334714750e-02
6.215751338940892310e+03 5.019003205714098748e-01 1.379518227868876783e-02
6.221967090279835247e+03 4.819387485607979360e-01 1.536095827287224137e-02
6.228189057370116643e+03 4.686249569457239805e-01 1.621798264434117995e-02
6.234417246427488863e+03 4.484746955411530456e-01 1.500120819221068859e-02
6.240651663673918847e+03 4.325100345325065265e-01 1.346554743919385969e-02
6.246892315337594482e+03 4.256654637385098860e-01 1.290282824704991685e-02
6.253139207652934601e+03 4.271970643612738594e-01 1.308254655863585331e-02
6.259392346860589896e+03 4.356204345951305568e-01 1.374573793831988452e-02
6.265651739207452010e+03 4.510598143087829470e-01 1.416018878173713400e-02
6.271917390946661726e+03 4.700873105077205127e-01 1.517356521380781691e-02
6.278189308337610782e+03 4.952294322669208437e-01 1.615360126790909082e-02
6.284467497645950061e+03 5.182557682723453185e-01 1.696643172685289788e-02
6.290751965143597772e+03 5.430228901982726564e-01 1.777780173146564086e-02
6.297042717108744000e+03 5.770491222812091925e-01 1.648042423167819098e-02
6.303339759825854344e+03 5.975234096991052235e-01 1.662216126082957310e-02
6.309643099585682648e+03 6.258146465543561465e-01 1.415845560137356587e-02
6.315952742685270096e+03 6.485503432227127663e-01 1.092715368285439304e-02
6.322268695427957937e+03 6.603206939681919296e-01 8.639917733161802532e-03
6.328590964123387494e+03 6.590833699104272636e-01 8.902822801727668101e-03
6.334919555087512890e+03 6.414082748554019719e-01 7.962557440960900054e-03
6.341254474642602872e+03 6.235646494165806297e-01 8.567050041585989525e-03
6.347595729117247174e+03 5.948241641814655534e-01 8.928964686342220208e-03
6.353943324846366522e+03 5.594073423201371131e-01 9.119563486664804611e-03
6.360297268171215364e+03 5.247054037534573112e-01 1.180890368616469011e-02
6.366657565439388236e+03 4.943923451068085728e-01 1.202070190459313646e-02
6.373024223004829764e+03 4.652496390475928667e-01 1.263003572019284759e-02
6.379397247227837397e+03 4.383413537539487814e-01 1.320846239410200691e-02
6.385776644475066860e+03 4.109305219032787226e-01 1.431507099186324350e-02
6.392162421119543978e+03 3.828442111246004309e-01 1.499664536161490584e-02
6.398554583540665590e+03 3.606255581929162513e-01 1.661882131015734662e-02
6.404953138124208635e+03 3.419937915366180747e-01 1.785320682242617571e-02
6.411358091262334710e+03 3.305520619615709421e-01 1.889035941678630232e-02
6.417769449353599157e+03 3.276808046115354256e-01 2.303113520694288763e-02
6.424187218802954703e+03 3.323453498514847282e-01 2.518112690481837806e-02
6.430611406021760558e+03 3.443954109610171677e-01 2.841626345388623825e-02
6.437042017427784231e+03 3.588732969815426888e-01 3.499508361354553704e-02
6.443479059445214261e+03 3.749984400939597173e-01 4.101092855177755625e-02
6.449922538504661134e+03 3.852994603384206629e-01 4.156472023743151140e-02
6.456372461043168187e+03 3.703535805308761364e-01 5.506274563630342289e-02
6.462828833504213435e+03 3.242091237801862369e-01 5.865624551497231748e-02
