# starting wavelength: 3328.280
# ending wavelength: 9993.720
# wav flux eflux
3.331419205483417045e+03 6.282296677313956579e-01 1.109013425098580308e-01
3.334750624688901553e+03 6.706829982965900605e-01 8.467548338983012235e-02
3.338085375313591612e+03 6.817538187870626487e-01 7.906182710270838465e-02
3.341423460688906289e+03 6.946289637147891050e-01 5.978743577112964613e-02
3.344764884149596128e+03 7.129069247356563110e-01 4.611474301081812388e-02
3.348109649033746791e+03 7.315004521326226028e-01 3.689194033605464745e-02
3.351457758682781787e+03 7.424010919434856914e-01 2.980692329529694914e-02
3.354809216441465651e+03 7.528728223353604587e-01 2.602169341130953356e-02
3.358164025657908041e+03 7.668127328237981377e-01 2.415854701098902116e-02
3.361522189683567376e+03 7.835944613020031646e-01 2.077319248454622194e-02
3.364883711873251741e+03 7.988493360561559342e-01 1.801948254450099970e-02
3.368248595585126168e+03 8.071214928910099839e-01 1.676147876813283491e-02
3.371616844180712633e+03 8.111953521688864965e-01 1.535094594782139728e-02
3.374988461024894150e+03 8.135358181087062324e-01 1.405998991187176403e-02
3.378363449485920228e+03 8.137685880696698959e-01 1.319180111514126584e-02
3.381741812935407324e+03 8.082300334374190598e-01 1.264658388981672321e-02
3.385123554748343849e+03 7.982154834902134288e-01 1.210016221578264287e-02
3.388508678303093347e+03 7.803549467693686736e-01 1.239385556263158765e-02
3.391897186981397681e+03 7.601428326662486024e-01 1.282278185579011770e-02
3.395289084168380214e+03 7.351480443518316754e-01 1.491677395931821810e-02
3.398684373252549449e+03 7.110639607503751458e-01 1.660313483856015043e-02
3.402083057625803121e+03 6.867548405550506496e-01 1.918109776137612993e-02
3.405485140683430018e+03 6.654149968278950666e-01 2.105935124957460797e-02
3.408890625824114522e+03 6.492680059273540083e-01 2.141729223838308507e-02
3.412299516449939802e+03 6.331925313871626937e-01 1.959186418959037862e-02
3.415711815966390986e+03 6.295616924014163507e-01 1.765778957278455949e-02
3.419127527782358356e+03 6.354225360599177197e-01 1.685938298088293999e-02
3.422546655310141887e+03 6.483507799293695140e-01 1.711620880484965995e-02
3.425969201965453522e+03 6.681201442050994643e-01 1.767038759952239274e-02
3.429395171167419903e+03 6.982097489615343155e-01 1.900244102182921391e-02
3.432824566338588284e+03 7.357482755267384933e-01 2.043349504553191448e-02
3.436257390904928343e+03 7.763248848861784568e-01 2.100315224906046732e-02
3.439693648295834464e+03 8.177970916906479593e-01 2.096815023104785236e-02
3.443133341944131189e+03 8.631840126471059804e-01 2.054420289389500068e-02
3.446576475286076402e+03 9.074328137715268472e-01 1.956623028227160929e-02
3.450023051761363604e+03 9.483539463646583068e-01 1.957126364014925499e-02
3.453473074813126004e+03 9.881349833903612101e-01 1.932598090702516286e-02
3.456926547887940615e+03 1.030985885737777608e+00 1.719922485164228354e-02
3.460383474435829612e+03 1.068243214254364748e+00 1.672653997025449341e-02
3.463843857910266706e+03 1.098968954165702616e+00 1.500466836036011206e-02
3.467307701768178049e+03 1.111445180093043161e+00 1.497136287585000732e-02
3.470775009469947236e+03 1.111929173059450271e+00 1.530445603134657044e-02
3.474245784479418489e+03 1.098264275074506191e+00 1.533966308174046327e-02
3.477720030263898934e+03 1.076728155150494803e+00 1.598453639414298966e-02
3.481197750294164052e+03 1.039461452844735456e+00 1.777201796750400853e-02
3.484678948044459503e+03 9.877452522155339976e-01 2.022278366353079740e-02
3.488163626992504760e+03 9.275523275340615825e-01 2.252791003434974001e-02
3.491651790619498570e+03 8.619822843081224040e-01 2.260095559720187025e-02
3.495143442410119405e+03 8.006392818360149599e-01 2.369743448759881535e-02
3.498638585852530468e+03 7.493681211955470767e-01 2.375554421146500172e-02
3.502137224438384237e+03 7.038970513302387211e-01 2.374853734549218359e-02
3.505639361662823831e+03 6.630157397022274912e-01 2.342319001094577205e-02
3.509145001024487556e+03 6.278905653991491143e-01 2.298515995173868592e-02
3.512654146025513455e+03 5.984139260592125087e-01 2.277834247262080017e-02
3.516166800171540217e+03 5.738968955217449430e-01 2.273552314022637966e-02
3.519682966971712631e+03 5.576829150221340736e-01 2.216897772504351424e-02
3.523202649938685681e+03 5.488445709401872374e-01 2.090053713072851510e-02
3.526725852588625457e+03 5.545135378347214594e-01 2.082796586578821579e-02
3.530252578441215064e+03 5.734881156849156447e-01 2.137679158096003618e-02
3.533782831019657806e+03 6.056084325389607947e-01 2.212590474603572110e-02
3.537316613850678550e+03 6.495725281552280350e-01 2.238781116388770601e-02
3.540853930464530094e+03 7.001801977466087790e-01 2.119122885292763075e-02
3.544394784394995895e+03 7.590005185379546937e-01 1.933612200588960550e-02
3.547939179179392340e+03 8.179804418773434227e-01 1.684618981830234008e-02
3.551487118358572843e+03 8.778217536319141701e-01 1.546132210428443655e-02
3.555038605476932389e+03 9.303882435313275412e-01 1.567176679198174771e-02
3.558593644082410719e+03 9.737686416516927457e-01 1.618105663522332455e-02
3.562152237726494150e+03 1.008838316761996534e+00 1.683701714925189136e-02
3.565714389964221937e+03 1.030738496223841505e+00 1.698509862458900954e-02
3.569280104354187188e+03 1.045170527672927729e+00 1.753752697354269210e-02
3.572849384458542772e+03 1.048874865192082062e+00 1.749499071291965233e-02
3.576422233843002232e+03 1.043057427174139296e+00 1.720132963761828587e-02
3.579998656076846601e+03 1.025362984983286152e+00 1.838449859311650295e-02
3.583578654732924406e+03 1.007376600010069234e+00 1.878087754332465747e-02
3.587162233387658489e+03 9.781833885785529148e-01 2.048700007170672216e-02
3.590749395621047370e+03 9.399924902131537863e-01 2.315471185199165574e-02
3.594340145016669794e+03 8.947119866848806113e-01 2.609866424062064552e-02
3.597934485161687462e+03 8.469264240848340952e-01 2.726761369618192071e-02
3.601532419646850485e+03 7.993312081977772543e-01 2.565590347423768805e-02
3.605133952066498296e+03 7.555636104192747782e-01 2.176423208606047613e-02
3.608739086018566013e+03 7.130117480791375861e-01 1.450941804296628987e-02
3.612347825104585809e+03 7.015816015720480747e-01 1.735448499594421934e-02
3.615960172929691907e+03 7.015651918019308875e-01 2.146704812440954069e-02
3.619576133102622407e+03 7.102458660942227997e-01 2.332677347179267294e-02
3.623195709235726554e+03 7.225198690287629733e-01 2.285435186952336148e-02
3.626818904944963379e+03 7.366827555424433349e-01 2.254865888304054614e-02
3.630445723849909427e+03 7.573194416739182921e-01 2.219340813126568016e-02
3.634076169573760581e+03 7.868411339034269147e-01 2.138511273383654834e-02
3.637710245743335690e+03 8.249857747994864265e-01 1.988303434049432800e-02
3.641347955989080219e+03 8.662374147706854988e-01 1.906256990972937312e-02
3.644989303945070333e+03 9.071172708472241553e-01 1.826970708029248061e-02
3.648634293249016537e+03 9.448783778239092657e-01 1.816688569032667497e-02
3.652282927542266862e+03 9.763910474684204255e-01 1.856928777101071737e-02
3.655935210469810499e+03 1.000221070241164245e+00 1.755264522811732231e-02
3.659591145680281443e+03 1.027252209145860684e+00 1.752577269604635793e-02
3.663250736825963031e+03 1.053353612730971500e+00 1.857353151247480988e-02
3.666913987562790226e+03 1.071526594588258385e+00 1.876785034593798918e-02
3.670580901550354156e+03 1.086007939899714447e+00 1.908319274675143729e-02
3.674251482451905758e+03 1.101378475797523571e+00 1.927027363204343591e-02
3.677925733934358959e+03 1.110286765287145094e+00 1.838314480727170491e-02
3.681603659668294313e+03 1.113651739180914424e+00 1.816973495913915340e-02
3.685285263327964003e+03 1.112747501756357948e+00 1.805867411032851394e-02
3.688970548591293209e+03 1.107570769107049546e+00 1.798710059674158909e-02
3.692659519139885560e+03 1.095643563652389796e+00 1.807124075828106177e-02
3.696352178659026777e+03 1.074023882417049602e+00 1.863309051577225622e-02
3.700048530837686940e+03 1.043299790060037813e+00 1.826824052413937929e-02
3.703748579368525952e+03 1.010492091874078291e+00 1.661135091078938530e-02
3.707452327947895355e+03 9.778845529025574912e-01 1.397691235155376112e-02
3.711159780275844696e+03 9.497555253785958662e-01 1.144155538675342872e-02
3.714870940056121526e+03 9.333119885713037078e-01 1.146136437809558428e-02
3.718585810996179134e+03 9.257069847553329733e-01 1.150209132366430270e-02
3.722304396807176545e+03 9.266253532087637135e-01 1.026412614112896457e-02
3.726026701203984885e+03 9.301099347580542576e-01 1.008841076865745270e-02
3.729752727905190113e+03 9.356397649487939727e-01 1.023290214564654896e-02
3.733482480633096657e+03 9.456180485799059454e-01 1.181251833838938871e-02
3.737215963113731050e+03 9.582526728332159127e-01 1.373362418800226289e-02
3.740953179076846027e+03 9.776393599333901285e-01 1.419806900668376878e-02
3.744694132255923705e+03 9.914634152824440827e-01 1.326804382932337753e-02
3.748438826388181042e+03 9.995024485464678587e-01 1.319857388435791493e-02
3.752187265214570289e+03 9.991801684525374316e-01 1.327482099016347172e-02
3.755939452479786269e+03 9.918452913046816866e-01 1.410121479928056962e-02
3.759695391932267285e+03 9.866906595018637427e-01 1.377040594713328965e-02
3.763455087324201031e+03 9.798261901896224702e-01 1.338397192560487198e-02
3.767218542411526414e+03 9.622864060091300686e-01 1.385432188924520108e-02
3.770985760953939007e+03 9.405705037468286012e-01 1.419177495177654548e-02
3.774756746714894234e+03 9.132457893391614512e-01 1.291221069792160801e-02
3.778531503461610555e+03 8.869833322338085413e-01 9.838683676122974425e-03
3.782310034965073100e+03 8.671821250862919994e-01 1.024754762441235957e-02
3.786092345000039586e+03 8.465250544890405848e-01 1.067853824977025787e-02
3.789878437345040766e+03 8.377071581373106701e-01 1.255164048317932053e-02
3.793668315782387253e+03 8.263630886608601678e-01 1.214970994832634266e-02
3.797461984098170888e+03 8.140059289496082151e-01 1.265002740826426560e-02
3.801259446082270188e+03 8.062809286625176597e-01 1.350255106914546172e-02
3.805060705528353537e+03 8.061677485063225568e-01 1.489569408904174198e-02
3.808865766233883278e+03 8.084471779826966076e-01 1.623935087077495176e-02
3.812674632000118436e+03 8.203551994605928765e-01 1.603992972802104761e-02
3.816487306632119726e+03 8.372960278874734819e-01 1.444255337119827905e-02
3.820303793938753188e+03 8.621317817565481434e-01 1.265925368156408000e-02
3.824124097732693372e+03 9.011770696322490837e-01 1.351805925173445513e-02
3.827948221830427428e+03 9.517620534151757239e-01 1.546483317517528301e-02
3.831776170052258749e+03 1.007369121938984424e+00 1.615599467791661165e-02
3.835607946222312421e+03 1.064892497830170814e+00 1.566607873126833056e-02
3.839443554168536139e+03 1.124512967572337097e+00 1.474098831266962978e-02
3.843282997722705659e+03 1.185615489490768004e+00 1.310689657073688986e-02
3.847126280720429804e+03 1.239319042026902240e+00 1.296172281081227860e-02
3.850973407001151372e+03 1.288034197926128721e+00 1.290993531117576483e-02
3.854824380408153957e+03 1.330975377720433395e+00 1.323820950346861480e-02
3.858679204788563311e+03 1.366464434235787229e+00 1.307506564866004264e-02
3.862537883993353262e+03 1.384665725878714948e+00 1.342097617275944850e-02
3.866400421877347981e+03 1.386442593938873813e+00 1.335136370736608735e-02
3.870266822299226533e+03 1.373556934672647944e+00 1.335983372512469965e-02
3.874137089121526969e+03 1.358482587985870405e+00 1.233090259555225110e-02
3.878011226210649966e+03 1.329738236804450580e+00 9.349203357859421290e-03
3.881889237436861549e+03 1.284254458189334258e+00 9.939149508581178460e-03
3.885771126674299921e+03 1.221084208266816518e+00 1.537516767742158098e-02
3.889656897800975457e+03 1.154944793356497357e+00 1.819934833144318254e-02
3.893546554698777527e+03 1.089685745579540121e+00 1.838498221421589959e-02
3.897440101253477678e+03 1.028780593128451715e+00 1.584863255169304680e-02
3.901337541354732366e+03 9.809070161304471736e-01 1.395369951421458928e-02
3.905238878896088409e+03 9.455776350398562569e-01 1.066325672567396479e-02
3.909144117774985716e+03 9.288077478833236533e-01 7.929571598519220138e-03
3.913053261892762293e+03 9.391922224470213854e-01 8.611186032138258908e-03
3.916966315154656058e+03 9.763028735811793979e-01 1.129217352401533023e-02
3.920883281469812118e+03 1.023339940326251307e+00 1.074070332125423750e-02
3.924804164751283224e+03 1.088360604152615041e+00 1.248466465863755023e-02
3.928728968916035683e+03 1.160338953079020907e+00 1.267393258056245288e-02
3.932657697884953450e+03 1.230519061788490909e+00 1.138880694159992608e-02
3.936590355582839493e+03 1.290188031457979889e+00 1.037729898544439457e-02
3.940526945938423523e+03 1.344102371155412090e+00 9.094708229880050718e-03
3.944467472884363360e+03 1.379532326557955102e+00 8.711702158387315403e-03
3.948411940357249023e+03 1.398712490138995124e+00 8.723225002144620668e-03
3.952360352297607733e+03 1.401299986718385515e+00 8.898900421192793703e-03
3.956312712649906643e+03 1.386170452744478476e+00 1.076136261351897869e-02
3.960269025362557841e+03 1.359382763283713436e+00 1.313174980530238713e-02
3.964229294387921527e+03 1.327873177071153377e+00 1.367538461479396276e-02
3.968193523682310570e+03 1.286877930050497998e+00 1.026931929475312366e-02
3.972161717205994591e+03 1.253122458054897193e+00 8.851954009011998165e-03
3.976133878923201792e+03 1.232479842738372966e+00 8.366376227698882340e-03
3.980110012802126221e+03 1.232820437192360341e+00 8.554448168397588495e-03
3.984090122814929600e+03 1.249701802475351231e+00 9.768632538629156217e-03
3.988074212937745870e+03 1.274388536418154194e+00 1.040672600905019098e-02
3.992062287150684824e+03 1.312796438449871150e+00 1.272104105191489663e-02
3.996054349437837118e+03 1.360534858116199564e+00 1.619391091048973802e-02
4.000050403787276082e+03 1.413120341807290403e+00 1.620680522385204228e-02
4.004050454191064546e+03 1.458647851164737164e+00 1.392537036644092563e-02
4.008054504645257111e+03 1.488265973015464816e+00 1.056185555328260049e-02
4.012062559149903791e+03 1.500121562042011192e+00 1.298003945093522196e-02
4.016074621709055009e+03 1.495977474476708702e+00 1.535901332499999168e-02
4.020090696330765240e+03 1.483861283601863867e+00 1.511971791109637149e-02
4.024110787027097558e+03 1.465102008177461279e+00 1.334153267414929685e-02
4.028134897814125907e+03 1.446594541977087145e+00 1.197474595263123623e-02
4.032163032711941469e+03 1.428989387977448011e+00 1.109048074477217947e-02
4.036195195744654484e+03 1.412416847353078042e+00 1.021996455286842097e-02
4.040231390940400615e+03 1.404514691829541029e+00 1.116269021243302025e-02
4.044271622331342314e+03 1.405372827914775913e+00 9.822472386246471066e-03
4.048315893953675186e+03 1.401463993297110466e+00 8.613437016430745483e-03
4.052364209847629809e+03 1.393375585651236426e+00 1.172970663221688248e-02
4.056416574057479011e+03 1.387017164481797682e+00 1.219978137141162176e-02
4.060472990631537868e+03 1.388856403233184489e+00 1.351277122147867028e-02
4.064533463622170530e+03 1.386103699297061898e+00 1.608180772541516201e-02
4.068597997085794304e+03 1.376629913051989451e+00 1.792728013841152213e-02
4.072666595082881486e+03 1.360129414505131695e+00 1.767145432867732457e-02
4.076739261677965715e+03 1.336842413809219421e+00 1.687724253552827514e-02
4.080816000939644709e+03 1.309203597937770525e+00 1.644938395493762001e-02
4.084896816940585722e+03 1.272150409991370967e+00 1.756060359904734747e-02
4.088981713757527814e+03 1.231490780361251147e+00 1.765698443263987935e-02
4.093070695471286854e+03 1.191036379702626435e+00 1.720327185427016417e-02
4.097163766166759160e+03 1.155696659850682373e+00 1.659939560073062439e-02
4.101260929932927866e+03 1.126981904470649498e+00 1.547466798064428377e-02
4.105362190862862008e+03 1.111772991757076667e+00 1.505122836180830016e-02
4.109467553053726078e+03 1.110226195343421596e+00 1.569277821648931703e-02
4.113577020606780934e+03 1.121530558582050086e+00 1.604473854064041721e-02
4.117690597627389252e+03 1.148169795861163411e+00 1.381117141391651620e-02
4.121808288225018259e+03 1.183067538706469746e+00 1.199015576674350783e-02
4.125930096513244280e+03 1.218425039246329833e+00 1.384038998850070298e-02
4.130056026609759101e+03 1.256850765630255884e+00 1.070405754510222497e-02
4.134186082636369974e+03 1.303779287896073447e+00 1.109434785091180722e-02
4.138320268719007800e+03 1.360793878422192460e+00 1.647736009014713621e-02
4.142458588987728035e+03 1.414005654422819891e+00 1.738279500514117865e-02
4.146601047576717065e+03 1.456252320136488976e+00 1.512672012876987819e-02
4.150747648624294925e+03 1.481801214262005617e+00 1.424549672479251232e-02
4.154898396272920763e+03 1.491750330831951743e+00 1.587188562327560698e-02
4.159053294669195566e+03 1.491774331016561872e+00 1.729705493822858431e-02
4.163212347963865795e+03 1.482800901677258754e+00 1.861261135409295053e-02
4.167375560311830668e+03 1.470273235141084989e+00 1.899808738271876671e-02
4.171542935872143971e+03 1.458460551296808960e+00 1.717447970628608461e-02
4.175714478808017702e+03 1.451290481282701217e+00 1.469817801049019129e-02
4.179890193286827525e+03 1.450816438792980057e+00 1.330840559028509916e-02
4.184070083480115500e+03 1.463933506616164060e+00 1.462140386586682599e-02
4.188254153563597356e+03 1.488183398692683790e+00 1.407501454503326706e-02
4.192442407717161586e+03 1.516853225177926756e+00 1.036028689455334439e-02
4.196634850124880359e+03 1.541157018237772069e+00 5.692548901797880694e-03
4.200831484975006788e+03 1.555342229576158086e+00 5.872099309513392762e-03
4.205032316459983122e+03 1.561927891105965083e+00 5.574675712184676106e-03
4.209237348776444378e+03 1.562060316682809091e+00 6.974756266343800672e-03
4.213446586125221984e+03 1.551862340886936753e+00 6.979170697470114468e-03
4.217660032711349231e+03 1.535804898238032790e+00 7.163464196109413894e-03
4.221877692744061278e+03 1.513572169767043007e+00 8.370845445948824765e-03
4.226099570436806971e+03 1.488243749786722692e+00 9.385612989564008635e-03
4.230325670007245208e+03 1.462318109487184437e+00 9.736295036959777965e-03
4.234555995677254032e+03 1.441080603549061978e+00 9.050750567951321157e-03
4.238790551672932452e+03 1.427551218144279765e+00 8.819536427119111996e-03
4.243029342224606808e+03 1.422190891624439679e+00 8.261029378940645818e-03
4.247272371566832589e+03 1.425483383029609863e+00 8.078007136726591750e-03
4.251519643938400804e+03 1.440930523686710041e+00 8.986914138481797570e-03
4.255771163582340705e+03 1.464435704304877017e+00 8.755252174279184660e-03
4.260026934745924336e+03 1.492163565194595254e+00 8.687453156586744801e-03
4.264286961680671993e+03 1.527975838451111068e+00 8.154693573339352741e-03
4.268551248642354039e+03 1.569659233084606864e+00 8.063827376549292589e-03
4.272819799890998183e+03 1.610901389324780997e+00 9.391575225366171134e-03
4.277092619690890388e+03 1.642295093229087399e+00 9.506744821023196609e-03
4.281369712310583054e+03 1.668484927483145031e+00 9.698779967188184831e-03
4.285651082022895025e+03 1.693105590370061586e+00 9.357662892188561843e-03
4.289936733104918858e+03 1.711627658960735099e+00 8.108942418776316635e-03
4.294226669838025373e+03 1.718916691220990112e+00 1.087655520486784967e-02
4.298520896507864563e+03 1.722170415810001520e+00 1.299551917809608527e-02
4.302819417404373780e+03 1.728120779469567880e+00 1.261007469525706089e-02
4.307122236821779552e+03 1.734124419709698994e+00 1.193585553032975623e-02
4.311429359058603040e+03 1.744445781318425537e+00 1.071613293519259498e-02
4.315740788417662770e+03 1.762386281176761216e+00 1.136106170413879977e-02
4.320056529206081905e+03 1.782966468018426065e+00 1.159232053868486899e-02
4.324376585735290064e+03 1.811500277673640191e+00 1.180273796581899660e-02
4.328700962321026054e+03 1.841208778872422736e+00 1.096158190434537612e-02
4.333029663283348782e+03 1.876057818418806811e+00 8.694941142648944174e-03
4.337362692946633615e+03 1.907539266630977837e+00 7.989714396058578486e-03
4.341700055639581478e+03 1.928293659235134516e+00 8.088630383392497736e-03
4.346041755695222491e+03 1.945564511680797137e+00 7.159028301365820759e-03
4.350387797450919606e+03 1.961805853287603929e+00 7.457370099369891280e-03
4.354738185248371337e+03 1.973349851588477977e+00 7.899923932635024432e-03
4.359092923433621763e+03 1.976757651263571613e+00 8.697767261724520874e-03
4.363452016357056891e+03 1.975637512475288959e+00 9.723123055749450377e-03
4.367815468373414660e+03 1.966310701837705732e+00 7.911629029822909651e-03
4.372183283841789489e+03 1.940566168243087253e+00 6.801642319950762169e-03
4.376555467125633186e+03 1.897803339692611058e+00 1.146732426267650998e-02
4.380932022592760404e+03 1.850630738222816651e+00 1.335670901881292651e-02
4.385312954615354101e+03 1.807734484685849852e+00 1.333916064141581551e-02
4.389698267569970994e+03 1.762916178947832480e+00 1.219562463248667454e-02
4.394087965837542470e+03 1.731726269295493337e+00 1.028854327401914487e-02
4.398482053803381859e+03 1.719968489057612793e+00 1.111462506548264485e-02
4.402880535857186260e+03 1.718594409868742012e+00 1.117751612406634246e-02
4.407283416393044718e+03 1.733619345234867826e+00 1.132439520353900608e-02
4.411690699809440048e+03 1.761366738366041407e+00 1.235664926512412658e-02
4.416102390509250654e+03 1.802079799264878712e+00 1.109199315053742418e-02
4.420518492899761441e+03 1.849003668549833446e+00 8.769553412759898553e-03
4.424939011392662906e+03 1.895035897307306261e+00 9.455426772129946200e-03
4.429363950404056595e+03 1.945100458919840847e+00 9.615505410466511360e-03
4.433793314354462382e+03 1.997141265761078088e+00 9.820432125550322341e-03
4.438227107668818462e+03 2.045400476114684896e+00 1.015943327967371024e-02
4.442665334776488635e+03 2.091731384808371175e+00 1.194622253998408289e-02
4.447108000111265937e+03 2.135129697819218020e+00 1.220776098740956016e-02
4.451555108111379013e+03 2.169522434479085327e+00 1.014299639461011503e-02
4.456006663219492111e+03 2.190683521083662821e+00 1.194476235150928288e-02
4.460462669882713271e+03 2.203674193479202792e+00 1.358837450490053660e-02
4.464923132552597053e+03 2.216741562577869917e+00 1.427642588078411288e-02
4.469388055685150903e+03 2.230937406410724577e+00 1.466279208244095598e-02
4.473857443740837880e+03 2.243705549911386044e+00 1.176712609177183073e-02
4.478331301184580298e+03 2.266627735089481011e+00 1.060074159237206146e-02
4.482809632485766087e+03 2.303534682527550448e+00 1.278636760068301188e-02
4.487292442118253348e+03 2.340869395430033695e+00 1.282620029958105728e-02
4.491779734560373072e+03 2.388925981648144514e+00 1.280056933798623571e-02
4.496271514294934605e+03 2.450261502681436721e+00 1.088493869272442842e-02
4.500767785809231100e+03 2.511629422924630539e+00 9.381308158119888371e-03
4.505268553595042249e+03 2.572912543535619712e+00 1.142376407473259629e-02
4.509773822148638828e+03 2.637631582869794045e+00 1.106170049659724319e-02
4.514283595970789065e+03 2.708203092699493997e+00 9.667412458638549241e-03
4.518797879566761367e+03 2.786738927792303588e+00 9.641468933627576551e-03
4.523316677446328868e+03 2.870627375534203551e+00 1.039939811129056424e-02
4.527839994123776705e+03 2.957927143861777353e+00 1.072195298130361810e-02
4.532367834117902021e+03 3.053540638248298134e+00 1.051687261111663128e-02
4.536900201952022144e+03 3.151168325665991254e+00 1.089022898183695555e-02
4.541437102153975502e+03 3.249989731636599100e+00 1.086431612168024113e-02
4.545978539256130716e+03 3.351564211073108090e+00 1.102480055520075990e-02
4.550524517795388419e+03 3.448841450390306651e+00 1.120210775539696828e-02
4.555075042313184895e+03 3.537115119648277517e+00 1.159812580318281446e-02
4.559630117355500261e+03 3.615363184906425609e+00 1.335297970168928920e-02
4.564189747472856652e+03 3.676900263304933247e+00 1.357141540215492034e-02
4.568753937220330954e+03 3.720639771425386932e+00 1.192936566441634393e-02
4.573322691157552981e+03 3.734066493724940372e+00 1.185467963609278079e-02
4.577896013848711846e+03 3.722081630660489804e+00 1.072295162571214495e-02
4.582473909862562323e+03 3.678051168181260433e+00 7.229270796869674727e-03
4.587056383772426670e+03 3.590512319928095053e+00 9.076211581774979581e-03
4.591643440156200086e+03 3.468935222473990887e+00 1.048595429739630595e-02
4.596235083596357981e+03 3.327366873447191065e+00 9.858885877455226057e-03
4.600831318679955984e+03 3.171857414963474842e+00 8.564334670386872586e-03
4.605432149998637215e+03 3.007926320919102725e+00 8.714742614011368807e-03
4.610037582148637739e+03 2.838451536152443833e+00 1.036039971054986651e-02
4.614647619730787483e+03 2.666397213980336467e+00 9.980073752060931655e-03
4.619262267350520233e+03 2.510416086344096076e+00 9.126847985823182199e-03
4.623881529617872729e+03 2.370314432342111033e+00 8.096492961144074324e-03
4.628505411147491941e+03 2.250171231237698244e+00 7.750123993380837913e-03
4.633133916558640522e+03 2.154332218200696314e+00 7.810184152625597453e-03
4.637767050475200449e+03 2.080668162036337865e+00 8.260384995857929930e-03
4.642404817525677572e+03 2.028878362783384848e+00 8.607267008570812505e-03
4.647047222343205249e+03 1.997502597649197131e+00 8.352155791210784386e-03
4.651694269565549803e+03 1.976711236063211086e+00 8.750541302454796153e-03
4.656345963835116891e+03 1.967634016445955814e+00 9.586678246321676117e-03
4.661002309798953320e+03 1.965650031222915040e+00 9.575835415677556167e-03
4.665663312108753416e+03 1.968737468993803086e+00 7.230645523519397058e-03
4.670328975420864481e+03 1.968236064909443028e+00 5.392173608504633939e-03
4.674999304396286789e+03 1.959571189056030782e+00 5.864680652031315812e-03
4.679674303700684504e+03 1.943211721672654768e+00 6.822874456708613242e-03
4.684353978004386590e+03 1.928435921332612990e+00 7.500360257859995695e-03
4.689038331982392265e+03 1.919550009467750451e+00 7.564262577831288442e-03
4.693727370314376458e+03 1.908395655097864685e+00 7.482888228022604310e-03
4.698421097684692540e+03 1.895077318082190487e+00 7.141488260654571367e-03
4.703119518782378691e+03 1.880257850393423302e+00 6.722187741015810472e-03
4.707822638301162442e+03 1.869187338282116251e+00 6.730172747859833500e-03
4.712530460939465229e+03 1.858891459459927509e+00 8.142100287410835788e-03
4.717242991400406027e+03 1.851623353254558291e+00 9.010804062248137930e-03
4.721960234391808626e+03 1.851430969324083575e+00 9.021052440876975442e-03
4.726682194626201635e+03 1.855536585346189371e+00 1.039420244613287712e-02
4.731408876820829391e+03 1.856539348214673479e+00 1.085134792925604441e-02
4.736140285697651962e+03 1.855917782935855520e+00 1.179620196368609021e-02
4.740876425983350600e+03 1.850222412330276844e+00 1.293391382303286409e-02
4.745617302409335934e+03 1.838214989790062148e+00 1.254311287916582383e-02
4.750362919711747054e+03 1.815512331066083895e+00 1.193692088260496498e-02
4.755113282631459697e+03 1.784320479135414805e+00 1.376721289315909272e-02
4.759868395914093526e+03 1.747306905684937739e+00 1.658146999961139165e-02
4.764628264310008490e+03 1.711825443613518294e+00 1.638653611308781358e-02
4.769392892574320285e+03 1.671634652745634053e+00 1.389489550978323558e-02
4.774162285466896719e+03 1.635629608181601746e+00 1.102082167281749105e-02
4.778936447752364984e+03 1.612207228752944754e+00 1.142744172295299954e-02
4.783715384200118933e+03 1.597192323432350403e+00 1.192691197665044466e-02
4.788499099584319993e+03 1.593032023351406590e+00 1.093654101361198928e-02
4.793287598683906253e+03 1.595037816868419833e+00 1.081920658254489041e-02
4.798080886282591564e+03 1.604698122879049782e+00 1.166701377202443955e-02
4.802878967168876443e+03 1.620338141700456092e+00 1.149649960008827625e-02
4.807681846136046261e+03 1.641655960037043727e+00 1.127309688957381026e-02
4.812489527982183972e+03 1.669427336036891862e+00 1.318293508564976138e-02
4.817302017510168298e+03 1.696023368926925956e+00 1.526590947503840556e-02
4.822119319527679181e+03 1.713612005021070583e+00 1.661310792737058506e-02
4.826941438847208701e+03 1.726009597370377291e+00 1.689022919670071440e-02
4.831768380286057436e+03 1.726223526592085777e+00 1.394377620263350694e-02
4.836600148666345376e+03 1.710883538099205348e+00 1.221442650600431355e-02
4.841436748815013743e+03 1.676185722714315762e+00 1.664538438809062479e-02
4.846278185563829538e+03 1.627251824637491850e+00 1.988470054927941183e-02
4.851124463749395545e+03 1.576557250457766290e+00 1.756400612510266787e-02
4.855975588213146693e+03 1.537149896130814319e+00 1.590190787239054854e-02
4.860831563801360971e+03 1.500238614108510449e+00 1.365268007841355206e-02
4.865692395365163975e+03 1.473700615449994977e+00 1.317373244021050049e-02
4.870558087760530725e+03 1.463194637380086816e+00 1.323499028196105896e-02
4.875428645848292945e+03 1.467192444670456286e+00 1.203130614315178239e-02
4.880304074494142696e+03 1.480632074595138237e+00 1.002098596440790385e-02
4.885184378568638749e+03 1.495042981007044247e+00 9.891197272168736343e-03
4.890069562947209306e+03 1.514401146406612719e+00 9.863956276024600858e-03
4.894959632510157462e+03 1.538284859600648202e+00 1.024788720291714555e-02
4.899854592142669389e+03 1.560322600838529361e+00 1.043244538284386798e-02
4.904754446734813428e+03 1.580484015006033971e+00 1.043477359753712704e-02
4.909659201181550088e+03 1.598875026128887988e+00 1.045974276564882489e-02
4.914568860382732964e+03 1.616993016690224438e+00 1.071344057019057994e-02
4.919483429243117826e+03 1.634464436867772319e+00 9.469719843865253422e-03
4.924402912672362618e+03 1.646663094169280583e+00 9.342788897645049745e-03
4.929327315585036558e+03 1.654650040126403043e+00 1.005627035045673391e-02
4.934256642900622865e+03 1.656070815279381714e+00 9.853158340141065369e-03
4.939190899543525120e+03 1.655247425176038512e+00 6.580013525983919621e-03
4.944130090443070912e+03 1.659734402866678060e+00 4.842838767774991504e-03
4.949074220533515472e+03 1.672465137487741060e+00 4.693581008668202062e-03
4.954023294754050767e+03 1.687876823465927378e+00 4.679775596782393202e-03
4.958977318048806410e+03 1.706829068955012518e+00 4.822182038146688443e-03
4.963936295366856939e+03 1.729524157966781495e+00 5.058682818076768763e-03
4.968900231662225451e+03 1.755289946620659958e+00 5.107861378319676800e-03
4.973869131893889062e+03 1.778706296613306037e+00 5.157119156581408369e-03
4.978843001025784361e+03 1.790803338636895337e+00 5.143999010493351641e-03
4.983821844026811959e+03 1.796729623216313465e+00 6.149500024112386151e-03
4.988805665870840130e+03 1.801419140233453842e+00 5.825840763561787247e-03
4.993794471536712990e+03 1.796881497887188983e+00 5.957728366216953272e-03
4.998788266008251412e+03 1.782076049289365027e+00 6.019433596228095790e-03
5.003787054274261209e+03 1.760386960462700712e+00 7.075048371516843779e-03
5.008790841328536771e+03 1.729824946578171874e+00 6.882483413252723711e-03
5.013799632169867436e+03 1.685947315728778761e+00 7.259259471459186472e-03
5.018813431802038394e+03 1.633717122846798597e+00 8.885778394528792007e-03
5.023832245233842514e+03 1.581511298928178100e+00 9.075880270080534037e-03
5.028856077479077612e+03 1.527113742999179458e+00 1.100875295805514228e-02
5.033884933556558281e+03 1.479795927241364772e+00 1.200220733656954565e-02
5.038918818490116792e+03 1.443109970418631871e+00 1.214148322889394699e-02
5.043957737308608557e+03 1.420702642236606472e+00 1.046993941604853345e-02
5.049001695045918495e+03 1.418911836231157464e+00 1.086885294830011034e-02
5.054050696740966487e+03 1.432841018549777523e+00 1.243238987185568342e-02
5.059104747437709193e+03 1.460583232627913342e+00 1.307030409106580901e-02
5.064163852185148244e+03 1.503848756924815344e+00 1.240201037225630194e-02
5.069228016037335692e+03 1.554528456365138256e+00 8.903933239777298003e-03
5.074297244053374015e+03 1.600304406448344929e+00 7.210578581371861716e-03
5.079371541297429758e+03 1.640239454315212342e+00 7.277702928894552031e-03
5.084450912838728073e+03 1.679049932536353040e+00 7.159230053865831868e-03
5.089535363751569093e+03 1.707628587146689636e+00 7.380040139221792118e-03
5.094624899115322478e+03 1.725389166532220075e+00 7.333595901883924358e-03
5.099719524014439230e+03 1.735437911474637218e+00 7.258030260801181383e-03
5.104819243538455339e+03 1.735682684913921303e+00 7.959387875408901677e-03
5.109924062781995417e+03 1.727811213125700851e+00 8.786314051716493864e-03
5.115033986844779065e+03 1.718856076578864078e+00 9.325940076004650067e-03
5.120149020831625421e+03 1.715036959013203299e+00 9.843783011945331923e-03
5.125269169852458617e+03 1.710460464805102943e+00 9.441363023215869690e-03
5.130394439022313236e+03 1.712740575170107471e+00 8.586876650482199586e-03
5.135524833461337039e+03 1.722369390574810977e+00 7.352240233921487553e-03
5.140660358294800062e+03 1.740569097885391603e+00 7.028331707670799205e-03
5.145801018653096435e+03 1.774301137797865469e+00 8.243505886492870360e-03
5.150946819671751655e+03 1.811102926604587937e+00 7.675486437177157784e-03
5.156097766491425318e+03 1.849416043112402930e+00 7.691119907504337903e-03
5.161253864257918394e+03 1.895793264306831150e+00 6.459744836869716657e-03
5.166415118122177773e+03 1.939525260514370242e+00 6.472257438588722989e-03
5.171581533240301724e+03 1.978846543093025989e+00 5.849970699655362635e-03
5.176753114773543530e+03 2.016332669073835238e+00 6.246990361543244136e-03
5.181929867888318768e+03 2.050970870142261315e+00 8.350046000547201031e-03
5.187111797756208944e+03 2.074418218086780730e+00 8.193794337467199054e-03
5.192298909553966951e+03 2.088811508416153817e+00 7.831474065363917131e-03
5.197491208463522526e+03 2.091854666142569652e+00 7.368850475115982721e-03
5.202688699671987706e+03 2.075170788553282630e+00 8.610748640914758431e-03
5.207891388371661378e+03 2.047017277526380408e+00 8.903335604914922041e-03
5.213099279760034733e+03 2.007661045504987474e+00 8.873745429352878494e-03
5.218312379039796724e+03 1.955766182714665069e+00 8.745021938829072167e-03
5.223530691418837705e+03 1.892263375072951614e+00 8.312883913130947669e-03
5.228754222110258524e+03 1.821512224203367225e+00 8.429954034655242137e-03
5.233982976332370527e+03 1.751416870964603634e+00 8.196153069700217245e-03
5.239216959308704645e+03 1.684068777422728536e+00 7.844851650147643962e-03
5.244456176268015042e+03 1.624608367371215722e+00 7.811253826471534212e-03
5.249700632444284565e+03 1.568306052021844366e+00 9.459132127087613306e-03
5.254950333076731113e+03 1.522971482153199885e+00 9.146320093459024692e-03
5.260205283409809454e+03 1.496529959316923009e+00 9.378301846260291355e-03
5.265465488693221232e+03 1.478474491638842370e+00 8.751894273425096446e-03
5.270730954181915877e+03 1.475111316993787947e+00 9.355343028483922158e-03
5.276001685136099695e+03 1.486042514630081302e+00 1.051056204806999697e-02
5.281277686821237694e+03 1.504893088221683328e+00 9.771206520501941190e-03
5.286558964508059944e+03 1.523480577774119826e+00 9.426301075969058946e-03
5.291845523472569766e+03 1.547503975656246977e+00 8.087964931550596648e-03
5.297137368996044643e+03 1.569353404261793372e+00 6.431368155772199634e-03
5.302434506365042580e+03 1.577716495548407982e+00 6.062109677575124901e-03
5.307736940871409388e+03 1.584692190789349420e+00 6.181281262379786576e-03
5.313044677812282316e+03 1.585500411263251141e+00 6.218319288755685958e-03
5.318357722490096421e+03 1.578086664840976594e+00 6.299897320023971348e-03
5.323676080212588204e+03 1.561344753372063243e+00 6.278067185526189919e-03
5.328999756292802886e+03 1.533838421796601459e+00 7.420283042263280289e-03
5.334328756049097137e+03 1.505457760692865854e+00 9.481649691727957879e-03
5.339663084805148173e+03 1.478583294407181725e+00 1.179044597133900758e-02
5.345002747889954662e+03 1.453433256668876128e+00 1.285732401459377915e-02
5.350347750637846730e+03 1.435375815926231979e+00 1.018066771017829032e-02
5.355698098388485960e+03 1.430231180664749635e+00 1.189179975318565945e-02
5.361053796486876308e+03 1.432954368639865361e+00 1.410283341443578121e-02
5.366414850283365013e+03 1.434389282866296522e+00 1.441656852328405437e-02
5.371781265133649867e+03 1.438612018918539404e+00 1.389548145861765720e-02
5.377153046398785591e+03 1.443260494470034683e+00 1.208078505875581979e-02
5.382530199445186554e+03 1.441087618273150239e+00 1.078449203810260236e-02
5.387912729644633146e+03 1.427608585766946492e+00 1.034100895841336826e-02
5.393300642374279960e+03 1.401564139448424839e+00 1.026757275069309708e-02
5.398693943016655794e+03 1.361898629584740839e+00 1.040493473556195446e-02
5.404092636959673655e+03 1.308671280840253193e+00 9.071777559567308774e-03
5.409496729596635305e+03 1.248752675853287863e+00 9.175525305136360971e-03
5.414906226326233991e+03 1.178453307349463630e+00 9.056199216277165467e-03
5.420321132552561721e+03 1.107712470414971007e+00 8.925930493989353218e-03
5.425741453685116539e+03 1.035120568660072626e+00 8.245599192336311098e-03
5.431167195138803436e+03 9.563596059468708610e-01 1.247164897176084204e-02
5.436598362333943442e+03 8.813474696246137441e-01 1.714301367943490279e-02
5.442034960696279086e+03 8.174228665898486401e-01 1.712660940923500449e-02
5.447476995656978033e+03 7.725395076214686130e-01 1.260178147496348461e-02
5.452924472652636723e+03 7.546610885921674061e-01 1.454968651615373872e-02
5.458377397125291282e+03 7.608431742334572645e-01 2.040025399306883910e-02
5.463835774522417523e+03 7.742555070102630221e-01 2.135976883348771754e-02
5.469299610296941864e+03 7.902570120680960652e-01 2.111508499296880365e-02
5.474768909907241323e+03 8.068989011309053438e-01 1.937599097160370640e-02
5.480243678817149885e+03 8.202713139809216791e-01 1.747709207719989541e-02
5.485723922495968509e+03 8.258355202685667695e-01 1.789519976790274539e-02
5.491209646418466946e+03 8.227653729612300904e-01 2.045933910346912563e-02
5.496700856064887375e+03 8.128771611348833970e-01 1.981584707757846897e-02
5.502197556920953502e+03 8.035468904718580108e-01 1.769115056686427004e-02
5.507699754477876013e+03 7.930104270833693292e-01 1.665702273952476484e-02
5.513207454232356213e+03 7.846051159576132861e-01 1.739506041465881461e-02
5.518720661686590574e+03 7.754974357149316821e-01 1.809860957068528189e-02
5.524239382348278923e+03 7.727894683064586712e-01 1.570660880394163586e-02
5.529763621730628984e+03 7.645666511651594277e-01 1.575117138852563659e-02
5.535293385352360929e+03 7.526297315115344500e-01 1.959539000984757140e-02
5.540828678737715563e+03 7.396990466426601740e-01 2.119779111691722298e-02
5.546369507416455235e+03 7.359421358667415092e-01 1.840131755116978726e-02
5.551915876923872929e+03 7.413660729830305884e-01 1.959168242824742279e-02
5.557467792800798634e+03 7.544458773757545256e-01 2.514993902761059399e-02
5.563025260593602070e+03 7.654695846410516369e-01 2.665030055021120128e-02
5.568588285854197238e+03 7.648833299134794039e-01 2.582131576330081585e-02
5.574156874140053333e+03 7.540940669888513970e-01 2.388384957645890705e-02
5.579731031014194741e+03 7.343902513485470740e-01 2.341165858597627283e-02
5.585310762045211050e+03 7.043812207394325453e-01 2.552484256429809334e-02
5.590896072807257951e+03 6.647904613028139398e-01 2.702617838667570327e-02
5.596486968880067252e+03 6.241062528892387107e-01 2.399898186634808264e-02
5.602083455848949598e+03 5.850898058007313329e-01 2.040339532305454270e-02
5.607685539304799931e+03 5.580850996761338445e-01 1.820084855010141098e-02
5.613293224844106589e+03 5.481507020873048752e-01 1.720561223746183699e-02
5.618906518068952209e+03 5.610401406573056748e-01 1.795965559322243096e-02
5.624525424587023736e+03 5.945022243503310655e-01 1.591791208603792265e-02
5.630149950011612418e+03 6.392603151571469855e-01 1.176196608542936367e-02
5.635780099961625638e+03 6.867330703027200167e-01 1.192581518617979487e-02
5.641415880061589633e+03 7.404088846541004854e-01 1.228486286150730009e-02
5.647057295941652228e+03 7.904313493748542641e-01 1.247812945490026949e-02
5.652704353237596479e+03 8.393248672306899971e-01 1.370818495624208724e-02
5.658357057590835211e+03 8.847520373981969666e-01 1.519328779228779069e-02
5.664015414648428305e+03 9.218984329092621000e-01 1.376307362596526987e-02
5.669679430063079053e+03 9.382237753858080342e-01 1.218360972984232175e-02
5.675349109493143260e+03 9.372992232630779075e-01 1.279256526939000910e-02
5.681024458602638333e+03 9.175615471093921949e-01 1.445347693165207302e-02
5.686705483061243285e+03 8.854834341038519963e-01 1.415258559288280413e-02
5.692392188544306009e+03 8.438191714065890192e-01 1.307867607223320468e-02
5.698084580732852373e+03 7.910356550303803136e-01 1.202928150523393559e-02
5.703782665313587131e+03 7.367427772198986702e-01 1.280255747849215822e-02
5.709486447978903016e+03 6.774389941905170076e-01 1.554908450838318572e-02
5.715195934426883468e+03 6.301810614160915369e-01 1.526073689068429932e-02
5.720911130361312644e+03 6.041502183136431281e-01 1.580932973542983899e-02
5.726632041491675409e+03 5.910483774246660937e-01 1.586464335944113083e-02
5.732358673533169167e+03 5.879704388809681159e-01 1.601420972655544922e-02
5.738091032206703858e+03 5.876512422278377112e-01 1.583001230873624932e-02
5.743829123238912871e+03 5.973482094174051849e-01 1.600240436641858083e-02
5.749572952362153046e+03 6.189862008378482772e-01 1.654581369058906459e-02
5.755322525314517407e+03 6.426599631550740099e-01 1.634294611328000052e-02
5.761077847839834249e+03 6.667595832449416671e-01 1.580764499480312793e-02
5.766838925687675328e+03 6.916573588180680021e-01 1.397871832227982891e-02
5.772605764613364954e+03 7.123258539068912931e-01 1.313562712665164271e-02
5.778378370377980900e+03 7.189385488670524404e-01 1.540637443958382813e-02
5.784156748748360769e+03 7.256607992183718991e-01 1.532555964537188169e-02
5.789940905497111089e+03 7.410593183518283666e-01 1.199971775919858076e-02
5.795730846402610041e+03 7.686475255991362943e-01 1.255641225984453595e-02
5.801526577249013826e+03 8.075105170214482708e-01 1.167145331854107550e-02
5.807328103826264851e+03 8.502336669645010891e-01 1.172312223515727982e-02
5.813135431930093546e+03 8.985344519584546052e-01 1.205760198375940839e-02
5.818948567362025642e+03 9.507736642879542899e-01 1.059017126326523492e-02
5.824767515929389447e+03 1.018129355221771615e+00 1.189681974021724459e-02
5.830592283445320390e+03 1.094861981290802699e+00 1.165650580460290964e-02
5.836422875728768304e+03 1.166808423090001767e+00 1.119096660072563428e-02
5.842259298604498326e+03 1.237663377331589265e+00 1.080576872230325051e-02
5.848101557903105459e+03 1.299857731199811184e+00 1.089829349816834846e-02
5.853949659461010015e+03 1.358282955161580707e+00 1.082167913741910112e-02
5.859803609120473084e+03 1.412824580850836842e+00 1.128496048944654592e-02
5.865663412729595620e+03 1.455823326352083669e+00 1.160003481572188973e-02
5.871529076142326630e+03 1.486112247358187144e+00 1.120271604428274038e-02
5.877400605218471355e+03 1.503025958092832903e+00 1.063831318944200889e-02
5.883278005823691274e+03 1.503671970151040593e+00 1.052622891871057322e-02
5.889161283829516833e+03 1.481436310651788935e+00 1.008389795084159608e-02
5.895050445113348360e+03 1.449198768191253928e+00 8.742731213617368699e-03
5.900945495558464245e+03 1.415832466286771396e+00 9.048293164832396651e-03
5.906846441054024581e+03 1.371747298464369713e+00 8.389569041023727317e-03
5.912753287495080258e+03 1.315306995862751016e+00 8.403700614169664837e-03
5.918666040782577511e+03 1.249398425348989150e+00 7.974736867967822246e-03
5.924584706823361557e+03 1.177084106395548835e+00 7.464456982907612462e-03
5.930509291530187511e+03 1.102359096564114571e+00 7.377206054577811756e-03
5.936439800821719473e+03 1.036385627926414088e+00 6.918461926920256577e-03
5.942376240622543264e+03 9.716850651565520636e-01 6.987227402845606200e-03
5.948318616863167335e+03 9.094312767081758064e-01 7.134393879039857556e-03
5.954266935480032771e+03 8.545981412461618465e-01 7.422201951472984401e-03
5.960221202415515108e+03 8.077145240899976653e-01 5.609096030263605905e-03
5.966181423617932523e+03 7.753212215880525005e-01 5.468738750282608509e-03
5.972147605041552197e+03 7.568032694449859932e-01 6.034054106447133727e-03
5.978119752646595771e+03 7.490621328402149448e-01 6.139402514911448082e-03
5.984097872399243897e+03 7.496454041798075174e-01 5.822181247550731707e-03
5.990081970271645332e+03 7.590066593205230250e-01 4.878462595529329919e-03
5.996072052241918755e+03 7.707367209963690291e-01 4.170760130483475506e-03
6.002068124294162772e+03 7.800108162514244325e-01 4.238619534023589132e-03
6.008070192418459555e+03 7.928612531592699186e-01 4.233252295858891054e-03
6.014078262610879392e+03 8.086255689064180130e-01 4.207166952967902537e-03
6.020092340873492503e+03 8.201374959325682390e-01 5.631326124519434560e-03
6.026112433214368139e+03 8.251408325100426655e-01 5.599272766729328221e-03
6.032138545647584579e+03 8.225861979006217073e-01 6.275942427501720287e-03
6.038170684193233683e+03 8.151426761098838902e-01 6.565369956857546908e-03
6.044208854877429076e+03 8.028859016102047885e-01 6.730164176693093601e-03
6.050253063732308874e+03 7.929848528048144551e-01 6.636831262960644733e-03
6.056303316796042964e+03 7.784622263013588617e-01 6.563635056722484304e-03
6.062359620112841185e+03 7.634328102517679016e-01 6.412580359185092449e-03
6.068421979732956061e+03 7.477254037662265373e-01 5.891567367922701318e-03
6.074490401712690982e+03 7.361085306300977349e-01 6.150850639268228871e-03
6.080564892114405666e+03 7.282816212424375601e-01 6.240903794981471180e-03
6.086645457006521610e+03 7.224826393735187535e-01 6.198177402387858304e-03
6.092732102463530282e+03 7.217498947867999615e-01 6.498214639405917523e-03
6.098824834565995843e+03 7.279561062452037934e-01 6.905159391122499962e-03
6.104923659400564247e+03 7.445757849850517252e-01 6.932588794695852472e-03
6.111028583059966877e+03 7.689330055983067957e-01 6.732173875544043666e-03
6.117139611643028729e+03 8.014231681507670846e-01 5.165505273570721555e-03
6.123256751254673873e+03 8.495342418214006930e-01 5.739077889897982107e-03
6.129380008005929994e+03 9.117261214551289905e-01 6.512217933891144804e-03
6.135509388013938405e+03 9.876815544402555158e-01 5.307153784674065525e-03
6.141644897401954040e+03 1.072283052802101011e+00 4.604731474045780856e-03
6.147786542299358189e+03 1.167213105763473813e+00 4.571424417313869372e-03
6.153934328841659408e+03 1.276100802749607910e+00 4.677114076990391937e-03
6.160088263170503524e+03 1.393309740267371977e+00 4.641227885085560771e-03
6.166248351433675452e+03 1.521232163914691071e+00 6.111743180037491202e-03
6.172414599785111022e+03 1.661370746354875916e+00 7.083039425445098597e-03
6.178587014384898794e+03 1.818213474085757175e+00 7.310142890615219970e-03
6.184765601399285515e+03 1.998857804442987218e+00 6.719755219131717978e-03
6.190950367000687038e+03 2.204079882143938018e+00 9.469780603094089116e-03
6.197141317367689226e+03 2.429377715391201509e+00 1.232640714699714465e-02
6.203338458685059777e+03 2.671527146554967480e+00 1.497595180370728772e-02
6.209541797143746408e+03 2.928713280431595400e+00 1.611830760443597535e-02
6.215751338940892310e+03 3.186362520370476403e+00 1.924858075264499271e-02
6.221967090279835247e+03 3.464869566773995047e+00 2.452930993095683854e-02
6.228189057370116643e+03 3.761581032479439646e+00 3.824119898893235669e-02
6.234417246427488863e+03 4.102506181476404556e+00 4.204314509605371064e-02
6.240651663673918847e+03 4.498631702388928844e+00 4.154077371189828644e-02
6.246892315337594482e+03 4.959809520077335776e+00 3.538639855206242996e-02
6.253139207652934601e+03 5.484631829976841288e+00 3.301379627441694553e-02
6.259392346860589896e+03 6.061081657331435224e+00 3.860370300458682707e-02
6.265651739207452010e+03 6.677021163928533731e+00 4.822689707344354759e-02
6.271917390946661726e+03 7.307857220324631697e+00 5.508686415992699453e-02
6.278189308337610782e+03 7.903186946145651426e+00 4.842393298162868398e-02
6.284467497645950061e+03 8.432754542230181727e+00 3.666035063672185706e-02
6.290751965143597772e+03 8.858944238509913305e+00 2.388738166894159576e-02
6.297042717108744000e+03 9.167310279044139421e+00 1.931877637368646650e-02
6.303339759825854344e+03 9.339526758285471075e+00 2.073805851788358343e-02
6.309643099585682648e+03 9.376681836399896497e+00 1.951184160438170292e-02
6.315952742685270096e+03 9.281300927693513003e+00 1.517762428838550712e-02
6.322268695427957937e+03 9.067500841958230140e+00 1.465051346103767027e-02
6.328590964123387494e+03 8.756933903144664910e+00 1.653693840944188073e-02
6.334919555087512890e+03 8.348252542265589327e+00 2.050802942621653135e-02
6.341254474642602872e+03 7.879802870097738499e+00 2.855440363803184514e-02
6.347595729117247174e+03 7.362516016407240294e+00 2.971570006864216601e-02
6.353943324846366522e+03 6.834436026592186408e+00 2.859439445331034280e-02
6.360297268171215364e+03 6.307783433851520627e+00 2.299600352577392884e-02
6.366657565439388236e+03 5.804683855281579596e+00 2.062869209445205437e-02
6.373024223004829764e+03 5.330865130529834239e+00 2.233869195755733977e-02
6.379397247227837397e+03 4.891030041381090321e+00 2.739356974745461512e-02
6.385776644475066860e+03 4.488059159457677083e+00 3.094458616470824666e-02
6.392162421119543978e+03 4.117989755947191632e+00 2.524517121213571552e-02
6.398554583540665590e+03 3.757557250656546000e+00 1.920489531525826007e-02
6.404953138124208635e+03 3.412871698044442681e+00 1.416548554263557906e-02
6.411358091262334710e+03 3.074709309593970374e+00 1.684760699165410366e-02
6.417769449353599157e+03 2.756667650394297286e+00 1.967382117109082312e-02
6.424187218802954703e+03 2.456536390416596216e+00 1.729940264523528726e-02
6.430611406021760558e+03 2.193148955785504839e+00 1.394712049844511019e-02
6.437042017427784231e+03 1.963446241848607166e+00 1.075265202320775486e-02
6.443479059445214261e+03 1.772045130704372085e+00 1.116046241388119094e-02
6.449922538504661134e+03 1.623277890129317891e+00 1.333813432977438117e-02
6.456372461043168187e+03 1.500423177641768913e+00 1.317460026006234651e-02
6.462828833504213435e+03 1.400109227520633937e+00 1.138724333776358101e-02
6.469291662337719572e+03 1.318940113687133042e+00 8.965134852048355085e-03
6.475760954000059428e+03 1.249379253033918946e+00 7.030163831216712511e-03
6.482236714954061426e+03 1.186978461764625514e+00 8.200692574700079937e-03
6.488718951669017770e+03 1.131245559692767744e+00 8.875294694405988158e-03
6.495207670620688987e+03 1.084135584647039519e+00 6.676531396274604582e-03
6.501702878291312118e+03 1.046222395755097789e+00 4.836028192567121131e-03
6.508204581169605262e+03 1.018420254589438967e+00 4.839439508023485326e-03
6.514712785750777584e+03 9.992990881133343439e-01 5.377413491607130162e-03
6.521227498536530220e+03 9.827202665096871348e-01 6.235332407636387866e-03
6.527748726035069012e+03 9.678748038198299319e-01 5.528732504167093234e-03
6.534276474761106329e+03 9.521128176597408732e-01 4.219152705434077791e-03
6.540810751235869247e+03 9.312606386008014381e-01 3.824903968626877215e-03
6.547351561987107743e+03 9.048439501570708643e-01 4.062995924165176478e-03
6.553898913549096505e+03 8.749483288274876314e-01 4.574772930043623231e-03
6.560452812462647671e+03 8.376322720878475181e-01 5.496208497107551126e-03
6.567013265275112644e+03 8.015044639767266998e-01 4.852349256136215261e-03
6.573580278540390282e+03 7.684328398469940646e-01 4.521333140907344596e-03
6.580153858818932349e+03 7.352253804926043301e-01 3.594089691155947543e-03
6.586734012677753526e+03 7.058288909138139555e-01 3.437010806739451176e-03
6.593320746690433225e+03 6.833485666703018602e-01 4.790163583509958294e-03
6.599914067437126505e+03 6.598596449967606414e-01 4.618366504406007031e-03
6.606513981504565891e+03 6.361771236188997758e-01 4.557330778586268435e-03
6.613120495486072286e+03 6.148408814179819881e-01 4.442105385360163063e-03
6.619733615981560433e+03 5.952102611443056412e-01 4.308231376072928047e-03
6.626353349597544366e+03 5.760335625315923247e-01 4.527162476603732548e-03
6.632979702947143778e+03 5.586120439566608642e-01 4.230162984780336255e-03
6.639612682650093120e+03 5.442560479131923756e-01 4.163436672171500277e-03
6.646252295332745234e+03 5.319646870310263953e-01 4.100651446239386017e-03
6.652898547628080451e+03 5.205441446640530767e-01 3.965497758390317679e-03
6.659551446175711135e+03 5.142921374384850086e-01 3.930184690555091169e-03
6.666210997621888964e+03 5.134279956073017903e-01 4.351913415551186132e-03
6.672877208619513112e+03 5.145958090893709702e-01 3.983584923633372993e-03
6.679550085828134797e+03 5.170938378205904851e-01 3.711284121255632295e-03
6.686229635913964557e+03 5.182762275480723435e-01 3.796746179461584197e-03
6.692915865549881346e+03 5.230417716268862538e-01 3.782566398973216237e-03
6.699608781415433441e+03 5.289877521684486217e-01 3.888007798692696797e-03
6.706308390196851178e+03 5.334846080522221978e-01 3.728281272730634473e-03
6.713014698587049679e+03 5.396826284194216061e-01 3.965859110351014315e-03
6.719727713285638856e+03 5.469245901854271619e-01 3.118726694249477835e-03
6.726447440998927050e+03 5.513919768254624820e-01 3.756425094735689214e-03
6.733173888439928305e+03 5.568083083783279541e-01 3.772302782458015862e-03
6.739907062328370557e+03 5.642724203400588667e-01 3.760510210142732537e-03
6.746646969390701088e+03 5.704137896409415820e-01 3.626958438728100295e-03
6.753393616360093802e+03 5.792271687421071125e-01 3.315246470235199295e-03
6.760147009976456502e+03 5.920361158939604351e-01 3.408472606663490341e-03
6.766907156986434529e+03 6.070162222215672587e-01 3.451577193932670647e-03
6.773674064143423493e+03 6.222811514844079905e-01 3.450398654157908317e-03
6.780447738207569273e+03 6.357558785135107859e-01 3.702002620433196382e-03
6.787228185945778932e+03 6.537703986579024296e-01 4.487473795290603841e-03
6.794015414131727084e+03 6.739061330928450833e-01 6.410417132012321932e-03
6.800809429545861349e+03 6.879570479320412657e-01 7.402502783316593053e-03
6.807610238975408720e+03 6.924244154231143922e-01 6.920490049863781135e-03
6.814417849214386479e+03 6.871660602670827123e-01 7.756529232961990698e-03
6.821232267063603103e+03 6.769507542319138649e-01 8.960080328280132719e-03
6.828053499330669183e+03 6.648787728527788543e-01 9.062039801776767406e-03
6.834881552830001965e+03 6.499604670351419866e-01 8.876247089570113782e-03
6.841716434382834450e+03 6.336608444896444370e-01 9.248531777992506295e-03
6.848558150817219939e+03 6.183783917075992287e-01 8.676670114993609295e-03
6.855406708968039311e+03 6.077364706720007614e-01 7.616142810990912670e-03
6.862262115677009206e+03 6.051731285100613311e-01 8.145686623770966375e-03
6.869124377792688392e+03 6.082727971928262312e-01 9.013392681443842605e-03
6.875993502170483225e+03 6.122754188770720418e-01 8.924656864012761939e-03
6.882869495672656740e+03 6.198758060693744243e-01 8.264959738134429121e-03
6.889752365168331380e+03 6.305332177778696368e-01 7.134713146157019639e-03
6.896642117533501732e+03 6.409009409940997770e-01 6.617792408548291497e-03
6.903538759651037253e+03 6.467157839741661807e-01 6.819072573122844996e-03
6.910442298410691365e+03 6.475192288467929158e-01 5.377015506348911331e-03
6.917352740709104182e+03 6.552811884768103834e-01 6.178733496146727490e-03
6.924270093449815249e+03 6.656506657161881391e-01 7.682375820830011567e-03
6.931194363543267173e+03 6.731477949769062441e-01 7.343270269802149204e-03
6.938125557906812901e+03 6.729457402080617490e-01 7.760973033663676017e-03
6.945063683464722089e+03 6.713593280121352702e-01 8.028377978602906778e-03
6.952008747148189286e+03 6.705986131012071638e-01 8.187303858044392424e-03
6.958960755895339389e+03 6.734474204278947385e-01 8.650848272761279753e-03
6.965919716651237650e+03 6.787048414657144146e-01 9.636989625536634962e-03
6.972885636367890584e+03 6.871935781450653202e-01 9.351272793333777894e-03
6.979858522004260521e+03 7.067696577323714369e-01 7.823609966529417731e-03
6.986838380526267429e+03 7.378632175066313081e-01 7.924243590638516480e-03
6.993825218906796181e+03 7.807926538335341338e-01 9.040896798376244978e-03
7.000819044125705659e+03 8.312494425614738169e-01 8.698504143212009224e-03
7.007819863169833297e+03 8.875096556803465653e-01 8.499579242654970931e-03
7.014827683033005087e+03 9.484921727339203912e-01 8.045857779466335236e-03
7.021842510716041033e+03 1.014226769486388235e+00 7.299240454812908931e-03
7.028864353226758794e+03 1.080519324756567201e+00 7.069178341906233107e-03
7.035893217579988232e+03 1.137520768384157721e+00 7.145139252500939432e-03
7.042929110797570502e+03 1.189309182834234369e+00 6.310860643585589937e-03
7.049972039908370789e+03 1.242563202588362392e+00 7.855623734021405236e-03
7.057022011948281033e+03 1.289088992579933368e+00 7.914181585233570973e-03
7.064079033960231754e+03 1.325762417175490704e+00 7.529797748559375475e-03
7.071143112994193871e+03 1.349762741853491432e+00 7.693709608758618132e-03
7.078214256107190522e+03 1.369353243922565744e+00 8.265100862575239585e-03
7.085292470363300708e+03 1.384369921322305075e+00 1.170284324686759678e-02
7.092377762833665656e+03 1.399788061536113792e+00 1.454983843952684444e-02
7.099470140596501551e+03 1.422466063008275494e+00 1.364823803477787680e-02
7.106569610737100447e+03 1.457182150751093586e+00 1.024784916299470439e-02
7.113676180347840273e+03 1.515289187663004800e+00 8.232517354021423248e-03
7.120789856528190285e+03 1.597026997872707188e+00 8.269996274746144183e-03
7.127910646384721076e+03 1.701739075031274417e+00 9.290163021531940013e-03
7.135038557031108212e+03 1.823668524198675200e+00 9.999758679198675684e-03
7.142173595588141325e+03 1.964089763057634608e+00 1.120764283807796323e-02
7.149315769183732300e+03 2.112919211130190433e+00 1.184845499253367115e-02
7.156465084952918005e+03 2.265217924498390101e+00 9.955137321671074513e-03
7.163621550037873021e+03 2.410430634207995748e+00 5.385816488601079602e-03
7.170785171587913283e+03 2.533912129226204346e+00 6.938866534890955444e-03
7.177955956759504261e+03 2.648343850860726878e+00 6.949458612282441265e-03
7.185133912716265513e+03 2.751446036440991616e+00 6.957446216114280928e-03
7.192319046628984324e+03 2.837452640191538755e+00 7.548249458496900099e-03
7.199511365675615707e+03 2.913159558586725151e+00 8.265321528638645832e-03
7.206710877041294225e+03 2.979267843911863611e+00 9.817822081786739194e-03
7.213917587918337631e+03 3.043362369618520802e+00 1.081977528555311263e-02
7.221131505506257781e+03 3.105974800483792375e+00 1.067561861734058620e-02
7.228352637011767001e+03 3.175769648912633691e+00 1.043418228305092836e-02
7.235580989648780815e+03 3.261357185792065572e+00 9.602379111013699398e-03
7.242816570638432495e+03 3.361526867738648061e+00 8.059802211232853716e-03
7.250059387209073066e+03 3.478761449032396147e+00 9.039153450376095217e-03
7.257309446596284033e+03 3.607312277649704857e+00 1.260187426311445980e-02
7.264566756042882844e+03 3.738204034299881684e+00 1.743895087157741261e-02
7.271831322798928340e+03 3.856971361887866045e+00 1.911444041461831181e-02
7.279103154121729858e+03 3.959411518048207679e+00 1.803119759231537958e-02
7.286382257275853590e+03 4.032480389133102250e+00 1.446283051774013839e-02
7.293668639533132591e+03 4.068215414278125941e+00 9.403326570454617617e-03
7.300962308172667690e+03 4.057527243030223829e+00 8.981745498326582436e-03
7.308263270480842948e+03 3.996052779953093825e+00 1.036227914130660559e-02
7.315571533751325660e+03 3.899370144950807138e+00 1.014012730196505938e-02
7.322887105285079997e+03 3.763756234433125236e+00 9.471363896304296412e-03
7.330209992390367006e+03 3.590622809013191752e+00 7.247164499166640697e-03
7.337540202382760071e+03 3.391275495969701126e+00 6.929739814767493788e-03
7.344877742585144915e+03 3.172428008851778003e+00 8.094231894271573802e-03
7.352222620327733239e+03 2.947211775684947632e+00 9.196304049555844434e-03
7.359574842948062724e+03 2.718313569356822779e+00 1.073534765364106067e-02
7.366934417791013402e+03 2.493648752380404066e+00 1.106520959319408012e-02
7.374301352208806748e+03 2.282009568703314173e+00 1.031043714020525061e-02
7.381675653561018407e+03 2.086665919695566362e+00 9.055567002427605469e-03
7.389057329214581841e+03 1.911609203326202433e+00 9.581288765458649895e-03
7.396446386543798326e+03 1.759641864563851854e+00 1.179097201033766328e-02
7.403842832930345139e+03 1.628642126654302080e+00 1.181417089013400180e-02
7.411246675763277381e+03 1.513366026328747616e+00 1.124122933267580546e-02
7.418657922439043432e+03 1.413916212123640825e+00 8.621488431198042618e-03
7.426076580361484957e+03 1.324759314930889387e+00 7.407471146623262684e-03
7.433502656941848727e+03 1.245142904530817107e+00 7.990576288782703582e-03
7.440936159598792983e+03 1.172274921697836980e+00 7.905196199420788661e-03
7.448377095758394717e+03 1.109454340087136615e+00 5.244049684819281770e-03
7.455825472854155123e+03 1.060785871854686091e+00 5.584004365040373848e-03
7.463281298327012337e+03 1.022157948369676994e+00 6.727623895753809952e-03
7.470744579625341430e+03 9.908890515899048124e-01 7.129347795189597617e-03
7.478215324204968965e+03 9.643747347110586121e-01 6.860216209751332332e-03
7.485693539529176633e+03 9.424556641951300495e-01 6.653455446991403920e-03
7.493179233068708527e+03 9.257153978707659547e-01 5.776779161238279788e-03
7.500672412301779332e+03 9.078560491296553403e-01 5.863806419998897693e-03
7.508173084714083416e+03 8.876257841253986092e-01 6.104394120758554164e-03
7.515681257798800289e+03 8.670831521897053307e-01 6.089783688459647452e-03
7.523196939056601877e+03 8.452293830365136262e-01 6.044088377567484634e-03
7.530720135995660712e+03 8.236946882369476919e-01 6.564457168902873563e-03
7.538250856131659020e+03 8.045298229681682178e-01 7.292581191758688158e-03
7.545789106987793275e+03 7.835377648911474591e-01 7.286901752775724710e-03
7.553334896094783289e+03 7.624487857724971951e-01 8.439644603199850798e-03
7.560888230990880402e+03 7.404866785955999120e-01 1.110435071432462097e-02
7.568449119221873843e+03 7.200707380356621279e-01 1.131352006572508041e-02
7.576017568341098013e+03 7.069431637195208173e-01 9.836413943120198705e-03
7.583593585909441572e+03 7.033837993451087511e-01 7.757177984625739098e-03
7.591177179495353812e+03 7.121371407599914605e-01 9.532961087564326835e-03
7.598768356674851930e+03 7.266968435370686485e-01 1.028201924877765287e-02
7.606367125031529213e+03 7.470324033411346321e-01 9.258121311020052827e-03
7.613973492156563225e+03 7.656028518276420947e-01 7.466513741459917912e-03
7.621587465648722173e+03 7.825639482107001887e-01 7.021276267250678958e-03
7.629209053114373091e+03 7.986910816214966014e-01 6.854460496990078151e-03
7.636838262167490029e+03 8.133578769777919382e-01 6.787703740707330506e-03
7.644475100429660415e+03 8.262391510971607289e-01 6.679312134831358501e-03
7.652119575530092334e+03 8.334065526084958320e-01 5.950295711146504941e-03
7.659771695105625440e+03 8.410986134420038729e-01 5.441732687505101800e-03
7.667431466800733688e+03 8.487131010333438530e-01 4.640418380456915425e-03
7.675098898267536242e+03 8.592119464400825857e-01 4.646268731896915742e-03
7.682773997165806577e+03 8.726829792490766735e-01 4.240730698027985954e-03
7.690456771162975201e+03 8.879352111640568257e-01 4.979121009691233474e-03
7.698147227934140574e+03 9.059109245597609661e-01 5.697182309052379462e-03
7.705845375162077289e+03 9.279222761634815519e-01 5.347119437048924832e-03
7.713551220537241534e+03 9.540690567269797251e-01 4.625385300880550596e-03
7.721264771757782000e+03 9.848453007767108414e-01 4.171627843030501978e-03
7.728986036529541707e+03 1.020558520738869213e+00 5.311755363409328273e-03
7.736715022566074367e+03 1.059578158694907568e+00 6.848967054832657587e-03
7.744451737588642573e+03 1.096400925366873391e+00 7.644695044226563346e-03
7.752196189326234162e+03 1.126414239258884065e+00 5.940498741425354924e-03
7.759948385515562222e+03 1.143165997228386965e+00 5.373180929529260824e-03
7.767708333901080550e+03 1.149720450415784523e+00 5.398930948941696624e-03
7.775476042234984561e+03 1.144409538117963532e+00 6.281558596841346764e-03
7.783251518277222203e+03 1.128744224347200342e+00 6.912904510161418416e-03
7.791034769795502143e+03 1.104553977123459152e+00 6.789636513598801444e-03
7.798825804565300132e+03 1.072342376893625326e+00 4.894006080592942266e-03
7.806624630369868100e+03 1.037483567984625488e+00 4.839683970204855697e-03
7.814431255000240526e+03 1.000037575287973546e+00 5.491188919350280945e-03
7.822245686255242617e+03 9.582292567756822699e-01 5.336613090210510536e-03
7.830067931941501229e+03 9.140645183572599919e-01 5.628365723849801036e-03
7.837897999873444860e+03 8.702960057032400609e-01 5.824272165960225726e-03
7.845735897873320937e+03 8.278012050188970905e-01 6.057901052420469959e-03
7.853581633771196721e+03 7.873446552728948777e-01 6.382190827885687347e-03
7.861435215404970222e+03 7.490134202771383531e-01 6.048726409856530588e-03
7.869296650620378387e+03 7.168027040809726858e-01 5.344624384504810012e-03
7.877165947271001642e+03 6.908438271954795429e-01 5.540578751418752737e-03
7.885043113218274812e+03 6.729417777807435996e-01 6.773738432278879860e-03
7.892928156331495302e+03 6.612764696249066043e-01 6.597789953786771522e-03
7.900821084487829467e+03 6.508822188341694126e-01 5.634436722037267260e-03
7.908721905572319884e+03 6.413939181043207816e-01 6.310170008112026170e-03
7.916630627477895359e+03 6.366212022553155991e-01 6.700148238758482991e-03
7.924547258105375477e+03 6.333979084020009420e-01 7.056861094370665138e-03
7.932471805363483327e+03 6.329494381622545740e-01 6.410623893740279543e-03
7.940404277168850058e+03 6.362751042568678406e-01 5.597283641910333687e-03
7.948344681446021241e+03 6.447070060112288781e-01 7.312084868977556523e-03
7.956293026127469602e+03 6.558827415015986428e-01 8.122330819940508373e-03
7.964249319153599572e+03 6.649087900256590578e-01 7.383576048521708554e-03
7.972213568472756378e+03 6.704089068214778013e-01 7.165830774038517079e-03
7.980185782041231505e+03 6.736969130664652861e-01 6.940129575430653390e-03
7.988165967823275423e+03 6.741523951420632654e-01 6.552137176573988482e-03
7.996154133791101231e+03 6.686793673123364590e-01 6.780474598112667776e-03
8.004150287924895565e+03 6.565661724714564329e-01 6.930080751159565892e-03
8.012154438212822242e+03 6.400901015075657341e-01 5.755756491464302307e-03
8.020166592651037718e+03 6.229748241682534493e-01 4.921337627938374495e-03
8.028186759243691995e+03 6.064687875817691420e-01 4.953328990237749335e-03
8.036214946002938632e+03 5.914331667799419545e-01 4.915975091896790904e-03
8.044251160948943834e+03 5.784891046386466673e-01 4.556994980454342689e-03
8.052295412109895551e+03 5.655662035933261000e-01 4.592925615399690714e-03
8.060347707522008022e+03 5.525355937897959979e-01 4.720649212853709857e-03
8.068408055229532692e+03 5.395528646358555003e-01 4.790359531157863462e-03
8.076476463284764577e+03 5.236800628512934264e-01 4.762531677479140031e-03
8.084552939748052268e+03 5.085357626744664294e-01 4.559051475338960630e-03
8.092637492687803388e+03 4.955951418962833976e-01 4.716231349021781510e-03
8.100730130180493688e+03 4.865727367387766011e-01 3.864676532528586381e-03
8.108830860310677053e+03 4.768924822590569490e-01 3.391461208722296519e-03
8.116939691170990045e+03 4.637167585771932443e-01 3.773025762133250770e-03
8.125056630862163729e+03 4.521671640078420151e-01 3.898462893850357120e-03
8.133181687493028221e+03 4.447881274384319350e-01 3.941597782467751859e-03
8.141314869180524511e+03 4.394560505399056072e-01 3.983386246444892489e-03
8.149456184049707190e+03 4.350884851417317067e-01 3.887564265565672354e-03
8.157605640233759914e+03 4.331608736876924604e-01 3.682752802751950490e-03
8.165763245873996311e+03 4.364180000974555163e-01 3.982211140573179223e-03
8.173929009119872717e+03 4.429341235480357963e-01 3.672237162190984672e-03
8.182102938128995447e+03 4.504281523143462973e-01 3.503516499464909457e-03
8.190285041067127167e+03 4.569546548939498742e-01 3.660206529214875965e-03
8.198475326108196896e+03 4.661062671501740029e-01 3.493284896088672594e-03
8.206673801434308189e+03 4.783843958483047776e-01 3.637054857662249622e-03
8.214880475235744598e+03 4.901096432819150861e-01 3.607324219621380838e-03
8.223095355710984222e+03 5.012245719682040246e-01 3.704748386316617913e-03
8.231318451066697889e+03 5.117305262121609744e-01 4.207364090158067539e-03
8.239549769517767345e+03 5.225125650983609704e-01 5.198250562553628426e-03
8.247789319287287071e+03 5.294742324647817577e-01 5.066463636169602457e-03
8.256037108606577021e+03 5.324341147418553133e-01 4.806239124784166851e-03
8.264293145715186256e+03 5.319913524936489280e-01 5.014155222860725708e-03
8.272557438860903858e+03 5.265285499264429347e-01 5.472785208445915886e-03
8.280829996299768027e+03 5.197433182915640604e-01 5.726906574187029877e-03
8.289110826296069718e+03 5.158413855117933711e-01 5.705619681070141572e-03
8.297399937122369010e+03 5.122086100971157130e-01 5.603610464996380131e-03
8.305697337059495112e+03 5.093017452690314917e-01 5.528454577086060716e-03
8.314003034396557268e+03 5.086282827594726941e-01 5.544664043992246841e-03
8.322317037430955679e+03 5.129545391004242116e-01 5.359714663846678814e-03
8.330639354468388774e+03 5.200474026103109049e-01 5.411377083513063853e-03
8.338969993822860488e+03 5.290834334977297937e-01 5.822995883378812021e-03
8.347308963816685718e+03 5.438433697920956877e-01 5.856003348474646091e-03
8.355656272780506697e+03 5.651923718684459530e-01 5.776689536994402720e-03
8.364011929053289350e+03 5.878703298232746954e-01 5.940489571506855915e-03
8.372375940982345128e+03 6.123700676070902293e-01 5.780499758448885868e-03
8.380748316923331004e+03 6.390477275356926112e-01 6.636793747668266914e-03
8.389129065240256750e+03 6.699089536200516504e-01 7.096005110166022853e-03
8.397518194305499492e+03 7.001087360811396598e-01 5.851001080581517792e-03
8.405915712499807341e+03 7.271263478579154116e-01 5.173446420942398941e-03
8.414321628212310316e+03 7.504845992353533779e-01 5.181977693727694151e-03
8.422735949840525791e+03 7.704741852800377488e-01 5.370419854983710974e-03
8.431158685790369418e+03 7.844042114970779522e-01 5.751697150197804774e-03
8.439589844476162398e+03 7.954917498884447324e-01 4.368362972745747433e-03
8.448029434320640576e+03 8.081003325970290696e-01 3.851998324339101724e-03
8.456477463754963537e+03 8.217658868216846102e-01 3.911868909463159065e-03
8.464933941218721884e+03 8.362378163121846342e-01 3.944381017355426400e-03
8.473398875159942691e+03 8.515515038571078721e-01 3.976384364629028702e-03
8.481872274035105875e+03 8.689150089714606784e-01 3.900693346037816239e-03
8.490354146309144198e+03 8.865443872366401967e-01 4.140788091240465985e-03
8.498844500455456000e+03 9.007588857157819984e-01 4.292947545630608486e-03
8.507343344955914290e+03 9.154238994387700057e-01 4.552993523796921606e-03
8.515850688300872207e+03 9.288723659333742999e-01 4.735754435878000365e-03
8.524366538989177570e+03 9.404570841221657762e-01 3.512934576128691304e-03
8.532890905528169242e+03 9.560040093665266303e-01 3.859402651717220613e-03
8.541423796433698953e+03 9.714739359001274277e-01 3.788579067438837319e-03
8.549965220230136765e+03 9.869577362603226822e-01 3.871615033055575330e-03
8.558515185450369245e+03 1.002660542448090109e+00 4.360536001199139672e-03
8.567073700635823116e+03 1.017733968231905095e+00 4.667662619219814686e-03
8.575640774336461618e+03 1.032749023751432516e+00 4.468311105177943596e-03
8.584216415110800881e+03 1.045183278305621410e+00 5.500022000084607045e-03
8.592800631525913559e+03 1.056474661780721691e+00 6.161948302957627292e-03
8.601393432157443385e+03 1.071937886953632013e+00 6.173280411862650495e-03
8.609994825589603352e+03 1.088868206484522982e+00 6.218931846441531908e-03
8.618604820415195718e+03 1.106524440579634838e+00 6.234649818289202984e-03
8.627223425235613831e+03 1.124254597005299949e+00 6.028248211431590925e-03
8.635850648660851220e+03 1.143924271645327728e+00 6.470863969032064102e-03
8.644486499309516148e+03 1.165117598335863480e+00 6.454410697722313787e-03
8.653130985808827973e+03 1.186077766909217068e+00 5.478046336866051851e-03
8.661784116794638976e+03 1.201441884515936476e+00 5.725370104089742493e-03
8.670445900911438002e+03 1.214613462627387896e+00 5.829096303322039985e-03
8.679116346812352276e+03 1.223777282739211270e+00 6.047073254654660238e-03
8.687795463159167412e+03 1.227916082909482398e+00 6.080656867179587942e-03
8.696483258622329231e+03 1.224370328929465179e+00 6.164336053995669341e-03
8.705179741880954680e+03 1.210392497435011316e+00 6.221429918857519260e-03
8.713884921622837282e+03 1.187703691224999192e+00 6.152793015391904916e-03
8.722598806544463514e+03 1.163088048660400942e+00 5.483061752065897416e-03
8.731321405351010981e+03 1.129936253801572477e+00 6.125624853609654835e-03
8.740052726756364791e+03 1.091473055949001347e+00 7.314502372088888850e-03
8.748792779483124832e+03 1.046240215149629282e+00 6.836767265926899095e-03
8.757541572262609407e+03 1.001945906241212825e+00 5.764007701405589670e-03
8.766299113834875243e+03 9.604908111252874470e-01 5.744037214338699147e-03
8.775065412948713856e+03 9.193398768425262713e-01 5.426956233339707940e-03
8.783840478361664282e+03 8.824231157157340633e-01 5.180444607513711407e-03
8.792624318840029446e+03 8.526063856740651037e-01 5.188128668038038266e-03
8.801416943158872527e+03 8.297432217974689550e-01 4.648256646150854959e-03
8.810218360102035149e+03 8.107207085257772672e-01 4.341527771736295935e-03
8.819028578462139194e+03 7.938052022610491143e-01 4.842309754115823976e-03
8.827847607040604998e+03 7.781558384951755558e-01 6.119315811913717852e-03
8.836675454647647712e+03 7.631572275482662038e-01 6.236941219000636388e-03
8.845512130102299125e+03 7.464538821629681520e-01 6.290018008357545209e-03
8.854357642232404032e+03 7.274203618979804276e-01 6.333790388722532194e-03
8.863211999874638423e+03 7.070673836460034112e-01 7.056737625792472955e-03
8.872075211874516754e+03 6.880594232374911412e-01 8.052658288160508340e-03
8.880947287086393771e+03 6.692330281899923072e-01 9.443476290626372921e-03
8.889828234373482701e+03 6.565046096956607125e-01 1.003385286890254822e-02
8.898718062607858883e+03 6.438756861607123350e-01 8.205636805259014510e-03
8.907616780670470689e+03 6.383873234834898103e-01 7.511239832071425933e-03
8.916524397451143159e+03 6.403978288907715699e-01 9.895021201488584869e-03
8.925440921848598009e+03 6.494455132964127575e-01 1.050158377613627687e-02
8.934366362770449996e+03 6.590661179238396228e-01 9.430494885521646664e-03
8.943300729133223285e+03 6.658555260782472729e-01 7.997931890971053670e-03
8.952244029862358730e+03 6.685180430041327559e-01 7.112242197510008739e-03
8.961196273892224781e+03 6.645461210332229696e-01 8.665951497649206428e-03
8.970157470166119310e+03 6.568836021186560403e-01 8.661504386113596382e-03
8.979127627636287798e+03 6.455614252355137417e-01 7.434616920194502855e-03
8.988106755263928790e+03 6.341177876030973382e-01 6.885444498766191655e-03
8.997094862019195716e+03 6.236774112389904534e-01 6.775742237781943837e-03
9.006091956881216902e+03 6.138972500145295497e-01 6.825667638254648457e-03
9.015098048838101022e+03 6.118220250750743272e-01 6.947341396136620141e-03
9.024113146886942559e+03 6.146095835827531939e-01 7.746707267471791489e-03
9.033137260033832717e+03 6.240500632095808964e-01 7.935099655059573570e-03
9.042170397293868518e+03 6.407549659452002055e-01 8.445693601859443136e-03
9.051212567691165532e+03 6.574888624059286313e-01 8.667607644659215682e-03
9.060263780258859697e+03 6.761616165796289213e-01 9.029022503268457553e-03
9.069324044039121873e+03 6.955785128050682165e-01 9.845422810215666634e-03
9.078393368083163296e+03 7.159931517704515302e-01 1.016933419582973473e-02
9.087471761451250131e+03 7.349108038706070323e-01 8.964098026544011985e-03
9.096559233212705294e+03 7.481839000645666982e-01 8.210236262837953755e-03
9.105655792445919360e+03 7.560588495989227775e-01 7.999359284227803776e-03
9.114761448238368757e+03 7.569366207700574112e-01 8.717794376817803587e-03
9.123876209686610309e+03 7.485366068584462518e-01 8.831496413532169756e-03
9.133000085896299424e+03 7.374251941478846550e-01 5.716476422382749285e-03
9.142133085982199191e+03 7.310897280509697227e-01 5.230145739159762323e-03
9.151275219068184015e+03 7.276472816472696614e-01 5.921124152469193352e-03
9.160426494287255991e+03 7.256459678002942226e-01 5.968992272869088657e-03
9.169586920781546723e+03 7.268274691530020037e-01 5.833651474078435824e-03
9.178756507702330055e+03 7.290355495955238574e-01 5.878606225207087983e-03
9.187935264210036621e+03 7.335041507931037152e-01 6.188447573034201385e-03
9.197123199474248395e+03 7.314175502174179444e-01 6.383737877353542686e-03
9.206320322673725968e+03 7.296182339976223785e-01 6.616536356617900259e-03
9.215526642996403098e+03 7.289967895406138654e-01 6.293158566280637918e-03
9.224742169639403073e+03 7.224855646106891349e-01 7.190057014384962537e-03
9.233966911809044177e+03 7.154362189005635253e-01 7.412762489150076170e-03
9.243200878720857872e+03 7.099946664019356479e-01 8.124461796852418607e-03
9.252444079599581528e+03 7.054402602286059532e-01 9.120940819550641884e-03
9.261696523679183883e+03 7.023973772888933986e-01 9.318998505891002912e-03
9.270958220202865050e+03 7.033315335980449001e-01 9.371430673086961205e-03
9.280229178423071062e+03 7.085157269818377346e-01 9.877732931586764506e-03
9.289509407601497514e+03 7.153994033813827480e-01 1.246202701506143352e-02
9.298798917009102297e+03 7.150109041716283809e-01 1.299234592467034266e-02
9.308097715926114688e+03 7.158520086969214491e-01 1.331594478634334604e-02
9.317405813642044450e+03 7.125350680417016358e-01 9.223264096359993017e-03
9.326723219455689105e+03 6.977391248959486925e-01 6.678035406732442565e-03
9.336049942675148486e+03 6.629032191278225739e-01 7.778809867196108570e-03
9.345385992617826560e+03 6.187525451749307237e-01 7.854544722881110635e-03
9.354731378610447791e+03 5.662267555099986804e-01 8.714646155361003080e-03
9.364086109989060787e+03 5.137384650317423640e-01 9.267521629055417917e-03
9.373450196099052846e+03 4.583389576890204986e-01 8.488284505603956726e-03
9.382823646295155413e+03 4.160814204366438673e-01 8.535374102418297887e-03
9.392206469941453179e+03 3.723648313895495665e-01 7.730203435962091675e-03
9.401598676411396809e+03 3.374297836637304426e-01 7.746989146627837608e-03
9.411000275087812042e+03 3.074384258716710283e-01 8.017124431370122387e-03
9.420411275362903325e+03 2.964662411684533261e-01 8.178294676816078024e-03
9.429831686638268366e+03 2.893353205892924551e-01 8.085416326455551611e-03
9.439261518324910867e+03 2.908865865834492359e-01 8.182331266704175390e-03
9.448700779843238706e+03 3.031813309481812269e-01 1.115153804689465906e-02
9.458149480623085765e+03 3.166938213733979657e-01 1.172346524130959099e-02
9.467607630103711926e+03 3.298999147711106916e-01 1.160939415854922441e-02
9.477075237733817630e+03 3.432809539301356905e-01 1.075940018710306104e-02
9.486552312971554784e+03 3.570538079696580769e-01 9.743878996530673173e-03
9.496038865284530402e+03 3.585609595136851069e-01 1.251812114379461868e-02
9.505534904149817521e+03 3.677292186887075043e-01 1.245037191878135829e-02
9.515040439053969749e+03 3.773967229541178581e-01 1.248392031876434730e-02
9.524555479493026724e+03 3.855768264622333463e-01 1.559808786194100648e-02
9.534080034972523208e+03 3.812069117726877288e-01 1.537194618012808697e-02
9.543614115007500004e+03 3.638996940780740985e-01 1.544907743216591967e-02
9.553157729122509409e+03 3.477217609789921560e-01 1.601401197311167271e-02
9.562710886851635223e+03 3.255797033327392231e-01 1.710241310883820962e-02
9.572273597738490935e+03 3.069720759531067711e-01 1.637841891549851603e-02
9.581845871336232449e+03 2.920351525111350988e-01 1.573195021728225618e-02
9.591427717207570822e+03 2.781354918057361014e-01 1.525363498380792431e-02
9.601019144924781358e+03 2.658283639507265095e-01 1.490024382092285452e-02
9.610620164069710881e+03 2.568301984906866675e-01 1.453158334581012429e-02
9.620230784233783197e+03 2.556958712034714809e-01 1.451963672245233997e-02
9.629851015018019098e+03 2.613027130430122247e-01 1.536244910054040611e-02
9.639480866033041821e+03 2.614227547452731004e-01 1.515925098916595312e-02
9.649120346899077049e+03 2.672590319060165198e-01 1.474035641544706003e-02
9.658769467245980195e+03 2.795180838262529832e-01 1.471090149304104568e-02
9.668428236713229126e+03 2.959939286910347467e-01 1.469049437287307282e-02
9.678096664949945989e+03 3.227185760590359220e-01 1.601372855781145119e-02
9.687774761614899035e+03 3.511584597547632303e-01 1.714564735419411498e-02
9.697462536376517164e+03 3.813053273559986467e-01 1.608635214469115310e-02
9.707159998912895389e+03 4.076477375588419827e-01 1.596380338036789900e-02
9.716867158911813021e+03 4.237122972550462219e-01 1.562952987075843375e-02
9.726584026070726395e+03 4.414985314774073077e-01 1.548298152774085952e-02
9.736310610096801611e+03 4.477749599853370621e-01 1.499949067977258618e-02
9.746046920706901801e+03 4.404969354036121221e-01 1.603214912302886042e-02
9.755792967627610778e+03 4.254026881580539321e-01 1.899656665937219172e-02
9.765548760595242129e+03 4.066111389808572119e-01 1.906744826836102163e-02
9.775314309355841033e+03 3.898844126877109573e-01 2.097947225952151440e-02
9.785089623665198815e+03 3.771082932216895944e-01 2.217367252462295116e-02
9.794874713288867497e+03 3.725496695645773571e-01 2.203099199389995516e-02
9.804669588002159799e+03 3.694787650893423536e-01 2.207788616049789071e-02
9.814474257590165507e+03 3.578107784735525820e-01 2.098165397544355174e-02
9.824288731847758754e+03 3.631694251707423549e-01 2.074778006211084463e-02
9.834113020579610748e+03 3.660735970397591688e-01 2.072894106108016943e-02
9.843947133600193411e+03 3.781301301293633621e-01 2.107289405295940596e-02
9.853791080733795752e+03 3.876770580413368972e-01 2.124122999675553264e-02
9.863644871814532962e+03 4.020715951734963323e-01 2.174263996487145467e-02
9.873508516686351868e+03 4.266196140337982223e-01 2.342006649115669845e-02
9.883382025203040030e+03 4.551070967181897187e-01 2.564536840351927180e-02
9.893265407228247568e+03 4.891544834266550734e-01 2.858242253692146531e-02
9.903158672635478069e+03 5.227179520987916828e-01 3.267442648813796008e-02
9.913061831308117689e+03 5.542835585154509692e-01 3.897646738790586096e-02
9.922974893139427877e+03 5.825502057632705455e-01 4.676325329503886602e-02
9.932897868032570841e+03 6.016394748137963155e-01 5.396012966618281975e-02
9.942830765900607730e+03 6.036137626774857878e-01 5.941151573896432531e-02
9.952773596666511366e+03 5.855684202840956143e-01 5.935549753026138353e-02
9.962726370263180797e+03 5.627794668474086492e-01 7.415577008851104157e-02
9.972689096633446752e+03 5.348271325613797034e-01 9.350655066112244229e-02
9.982661785730084375e+03 5.159362618966618630e-01 1.239902563274537795e-01
9.992644447515816864e+03 5.100777846777366786e-01 1.637339502015222326e-01
