# starting wavelength: 3626.438
# ending wavelength: 7350.848
# wav flux eflux
3.626818904944963379e+03 5.163057659907366315e-01 3.946840621408910232e-01
3.630445723849909427e+03 4.319517448004668858e-01 3.073861369511524666e-01
3.634076169573760581e+03 4.185829389619792340e-01 2.283329244433656424e-01
3.637710245743335690e+03 4.120035308985725564e-01 1.721890512871602497e-01
3.641347955989080219e+03 4.073123040474784240e-01 1.341144809365583668e-01
3.644989303945070333e+03 3.892675618473813715e-01 1.052809955010327592e-01
3.648634293249016537e+03 3.736183502746212026e-01 8.373195560937349291e-02
3.652282927542266862e+03 3.614710949224724801e-01 6.802818790519574166e-02
3.655935210469810499e+03 3.500785207468994908e-01 5.979928334467174422e-02
3.659591145680281443e+03 3.525885409623692457e-01 5.417198944874164479e-02
3.663250736825963031e+03 3.590583655217720049e-01 4.820625254652761982e-02
3.666913987562790226e+03 3.439102051463718834e-01 4.469842286027992523e-02
3.670580901550354156e+03 3.356960818989614959e-01 4.052269490939575808e-02
3.674251482451905758e+03 3.267159310603702238e-01 3.760194343832076042e-02
3.677925733934358959e+03 3.265336410825419033e-01 3.500807195970746799e-02
3.681603659668294313e+03 3.308924315801564653e-01 3.307738775785373092e-02
3.685285263327964003e+03 3.491893295495684391e-01 3.240557810743915218e-02
3.688970548591293209e+03 3.580562752495310974e-01 3.127866479071384626e-02
3.692659519139885560e+03 3.669740986142615569e-01 3.000335829159315668e-02
3.696352178659026777e+03 3.841240123629691694e-01 3.057301638728182266e-02
3.700048530837686940e+03 3.937624386887615957e-01 3.039017505272132227e-02
3.703748579368525952e+03 4.013276377153884300e-01 2.977032412281740981e-02
3.707452327947895355e+03 4.035598147026449034e-01 2.976092590748967773e-02
3.711159780275844696e+03 4.053343722885851541e-01 2.951882783788724665e-02
3.714870940056121526e+03 4.073912946224369502e-01 2.871284714605620153e-02
3.718585810996179134e+03 4.108162517781123180e-01 2.864804266272114736e-02
3.722304396807176545e+03 4.138452938264320369e-01 2.787453387580274625e-02
3.726026701203984885e+03 4.089862396423288859e-01 2.742540702376478415e-02
3.729752727905190113e+03 4.061665878631856574e-01 2.757413559959713198e-02
3.733482480633096657e+03 3.993840191367999393e-01 2.761271042552867691e-02
3.737215963113731050e+03 3.824025115946004250e-01 2.725510588926314398e-02
3.740953179076846027e+03 3.688915120144082294e-01 2.697024881974573532e-02
3.744694132255923705e+03 3.528815598943508824e-01 2.544820216570918905e-02
3.748438826388181042e+03 3.468066913299349130e-01 2.522193462787453849e-02
3.752187265214570289e+03 3.606023982496243674e-01 2.424818653332797697e-02
3.755939452479786269e+03 3.697452771225048784e-01 2.348472921828047635e-02
3.759695391932267285e+03 3.711046448614365723e-01 2.347423342433086271e-02
3.763455087324201031e+03 3.653806616653323402e-01 2.295223677288731751e-02
3.767218542411526414e+03 3.605115507325309943e-01 2.297795383483554332e-02
3.770985760953939007e+03 3.550376206850524574e-01 2.307345456855504698e-02
3.774756746714894234e+03 3.481867220546326358e-01 2.413723325578241707e-02
3.778531503461610555e+03 3.619243197419519942e-01 2.386990260265866790e-02
3.782310034965073100e+03 3.757530783221312287e-01 2.373214452397044705e-02
3.786092345000039586e+03 4.139153727797382221e-01 2.081458325911757917e-02
3.789878437345040766e+03 4.305733203130655551e-01 2.028467211225089967e-02
3.793668315782387253e+03 4.367524723912731277e-01 2.019653046901086907e-02
3.797461984098170888e+03 4.422674020283662299e-01 2.012529564544649624e-02
3.801259446082270188e+03 4.415757773583939283e-01 1.995001538877917008e-02
3.805060705528353537e+03 4.410118865252296017e-01 2.003357952691048674e-02
3.808865766233883278e+03 4.421336676399713617e-01 1.977213339930024294e-02
3.812674632000118436e+03 4.370317316508051109e-01 2.007964096048249492e-02
3.816487306632119726e+03 4.446268559247484875e-01 2.025301139153697777e-02
3.820303793938753188e+03 4.312447667283830777e-01 2.071289508724345751e-02
3.824124097732693372e+03 4.227358701554424503e-01 2.097232472738412568e-02
3.827948221830427428e+03 4.306431028498942104e-01 2.084066327088682571e-02
3.831776170052258749e+03 4.474159844427300081e-01 2.043423501236022247e-02
3.835607946222312421e+03 4.609937084645838734e-01 2.056063364936847743e-02
3.839443554168536139e+03 4.788444436197252796e-01 2.045118793595464973e-02
3.843282997722705659e+03 4.992917988705344867e-01 2.112118540613541762e-02
3.847126280720429804e+03 5.249601522445075386e-01 2.178099490379618169e-02
3.850973407001151372e+03 5.397594737578690349e-01 2.266452121254097091e-02
3.854824380408153957e+03 5.546758291252502637e-01 2.275722957853655234e-02
3.858679204788563311e+03 5.739793897806214629e-01 2.247143040976612785e-02
3.862537883993353262e+03 5.815775679618033767e-01 2.238361392802280803e-02
3.866400421877347981e+03 5.871875936385563266e-01 2.305429453226829142e-02
3.870266822299226533e+03 5.959019591415030126e-01 2.253985502760904799e-02
3.874137089121526969e+03 5.965684877390924346e-01 2.254843234452559922e-02
3.878011226210649966e+03 5.741420383468791577e-01 2.204764156379658210e-02
3.881889237436861549e+03 5.489523597843412039e-01 2.080827248016368924e-02
3.885771126674299921e+03 5.374273261215911646e-01 1.893707660319273595e-02
3.889656897800975457e+03 5.417852804833628300e-01 1.965844765586789028e-02
3.893546554698777527e+03 5.635047838782160090e-01 2.154280455800037034e-02
3.897440101253477678e+03 5.880958514339353904e-01 2.305900968539889573e-02
3.901337541354732366e+03 6.033234917044716372e-01 2.350886235990934728e-02
3.905238878896088409e+03 6.086614879883893714e-01 2.340239173521213925e-02
3.909144117774985716e+03 6.167019614505894198e-01 2.287686826087258207e-02
3.913053261892762293e+03 6.297483858159342862e-01 2.251903038851979164e-02
3.916966315154656058e+03 6.152878389165837847e-01 2.499352329162747924e-02
3.920883281469812118e+03 6.027143870597102548e-01 2.470935670678296378e-02
3.924804164751283224e+03 5.895541506473463977e-01 2.385923239138628554e-02
3.928728968916035683e+03 5.784723565893615804e-01 2.356982236510943643e-02
3.932657697884953450e+03 5.735459703729219871e-01 2.435317501537326290e-02
3.936590355582839493e+03 5.623446151607124355e-01 2.506218172503513544e-02
3.940526945938423523e+03 5.519607348074887510e-01 2.553259608805727096e-02
3.944467472884363360e+03 5.310873010959057394e-01 2.602037546625481090e-02
3.948411940357249023e+03 5.197822849264024381e-01 2.594221187932252426e-02
3.952360352297607733e+03 5.199369207535962101e-01 2.506460031842246486e-02
3.956312712649906643e+03 5.118537926109690828e-01 2.536124386711165885e-02
3.960269025362557841e+03 5.179073383156225230e-01 2.468627014829437652e-02
3.964229294387921527e+03 5.250229075954484514e-01 2.485065705676384532e-02
3.968193523682310570e+03 5.295580257229883792e-01 2.360161577182987372e-02
3.972161717205994591e+03 5.250015094357560752e-01 2.186065323788349835e-02
3.976133878923201792e+03 5.221782844795630485e-01 2.185208433460371358e-02
3.980110012802126221e+03 5.422748370643054594e-01 2.136420351104491994e-02
3.984090122814929600e+03 5.705539170925056913e-01 2.137090811139174401e-02
3.988074212937745870e+03 6.051735031841053436e-01 2.096858956084875561e-02
3.992062287150684824e+03 6.354451938052060322e-01 2.112154419885447013e-02
3.996054349437837118e+03 6.706943556948486984e-01 2.104695969218823084e-02
4.000050403787276082e+03 6.853840096877276133e-01 1.906934379744865821e-02
4.004050454191064546e+03 6.984883496679520354e-01 1.822096921344374537e-02
4.008054504645257111e+03 7.033173580204684638e-01 1.804476658613091838e-02
4.012062559149903791e+03 7.006451418894718008e-01 1.806456775462407863e-02
4.016074621709055009e+03 7.122653419875661918e-01 1.720506948448604842e-02
4.020090696330765240e+03 7.305332112184731441e-01 1.560968384634753639e-02
4.024110787027097558e+03 7.289217825282982011e-01 1.481718785724160659e-02
4.028134897814125907e+03 7.273215624812220392e-01 1.419791139443806610e-02
4.032163032711941469e+03 7.252904107795474786e-01 1.402385320735185376e-02
4.036195195744654484e+03 7.186804477714281436e-01 1.365399762243009116e-02
4.040231390940400615e+03 7.230316525203684952e-01 1.408284032982884751e-02
4.044271622331342314e+03 7.207877436038930830e-01 1.444858884553005228e-02
4.048315893953675186e+03 7.199063106369273379e-01 1.401799109570908697e-02
4.052364209847629809e+03 7.308604778541837321e-01 1.379934433257708204e-02
4.056416574057479011e+03 7.229356167182915405e-01 1.296034808670875650e-02
4.060472990631537868e+03 7.208654282138546865e-01 1.419694120646062575e-02
4.064533463622170530e+03 7.369099615778295087e-01 1.665654478253641990e-02
4.068597997085794304e+03 7.270079331520553634e-01 1.611669111657322226e-02
4.072666595082881486e+03 7.212192939075097176e-01 1.570659508707758154e-02
4.076739261677965715e+03 7.149503883143647487e-01 1.484212475395962558e-02
4.080816000939644709e+03 7.027140028790774817e-01 1.548777340182480415e-02
4.084896816940585722e+03 6.868776621397706394e-01 1.660449368519245628e-02
4.088981713757527814e+03 6.595187988225081899e-01 1.741592668886273246e-02
4.093070695471286854e+03 6.307875205687620834e-01 1.795283430656929510e-02
4.097163766166759160e+03 6.203096097976623646e-01 1.785658044450282034e-02
4.101260929932927866e+03 6.162481133652015775e-01 1.741564913386394256e-02
4.105362190862862008e+03 6.251717902759050816e-01 1.708758507579835953e-02
4.109467553053726078e+03 6.510350318423847593e-01 1.867309079491698970e-02
4.113577020606780934e+03 6.944697392737729791e-01 2.171855064078852260e-02
4.117690597627389252e+03 7.238220004940948415e-01 2.016524691252459880e-02
4.121808288225018259e+03 7.379482026425844277e-01 2.201063376728886606e-02
4.125930096513244280e+03 7.650766420730045203e-01 2.208610829516578430e-02
4.130056026609759101e+03 7.845808829491636160e-01 2.186646714571926359e-02
4.134186082636369974e+03 7.805822807287969844e-01 2.193544221712131689e-02
4.138320268719007800e+03 7.673979168745879154e-01 2.050016674915175821e-02
4.142458588987728035e+03 7.708309265834591972e-01 2.062129996316250033e-02
4.146601047576717065e+03 7.589585796254375571e-01 1.975733347305185308e-02
4.150747648624294925e+03 7.473924648823724315e-01 1.994662471997871861e-02
4.154898396272920763e+03 7.462172727907394609e-01 2.014543011034055503e-02
4.159053294669195566e+03 7.379675755425965100e-01 2.072350177077058112e-02
4.163212347963865795e+03 7.346023149052373080e-01 2.076654821912641766e-02
4.167375560311830668e+03 7.457647048067339579e-01 1.937533361144401847e-02
4.171542935872143971e+03 7.437646415602037209e-01 1.907947146246173967e-02
4.175714478808017702e+03 7.398896491886473026e-01 1.926342288592831561e-02
4.179890193286827525e+03 7.468026576775423919e-01 1.891372207515377990e-02
4.184070083480115500e+03 7.496239575091159235e-01 1.909131608823135678e-02
4.188254153563597356e+03 7.622077006622014483e-01 1.910043210158235763e-02
4.192442407717161586e+03 7.849964240812771221e-01 1.710427542355700062e-02
4.196634850124880359e+03 8.050354597210445107e-01 1.764385317856267954e-02
4.200831484975006788e+03 8.081084284467511258e-01 1.726495389572719336e-02
4.205032316459983122e+03 8.136518817468646469e-01 1.710759023310655727e-02
4.209237348776444378e+03 8.079033774451311878e-01 1.734705131895469821e-02
4.213446586125221984e+03 7.910092327819738811e-01 1.839316305148603128e-02
4.217660032711349231e+03 7.907145139343333407e-01 1.832844119363804397e-02
4.221877692744061278e+03 7.726629951611949654e-01 1.855077940392689528e-02
4.226099570436806971e+03 7.690293093534984470e-01 1.871363661563701236e-02
4.230325670007245208e+03 7.646537104329103052e-01 1.868616502047834929e-02
4.234555995677254032e+03 7.646456363571739745e-01 1.838764184004184135e-02
4.238790551672932452e+03 7.640019410162716129e-01 1.761323601252659521e-02
4.243029342224606808e+03 7.750535255227457565e-01 1.683294208860364530e-02
4.247272371566832589e+03 7.820265228098257637e-01 1.596374298329575683e-02
4.251519643938400804e+03 7.943110262586567938e-01 1.598080308926374399e-02
4.255771163582340705e+03 8.041012870144017555e-01 1.617311953666564217e-02
4.260026934745924336e+03 8.168020691706189274e-01 1.560810214298541387e-02
4.264286961680671993e+03 8.212611219297070164e-01 1.563229917994626156e-02
4.268551248642354039e+03 8.262230112947009930e-01 1.584937329638751516e-02
4.272819799890998183e+03 8.200421382883575916e-01 1.514971144483637754e-02
4.277092619690890388e+03 8.302592344515367095e-01 1.463570607464845762e-02
4.281369712310583054e+03 8.223193347573048984e-01 1.556043149089368811e-02
4.285651082022895025e+03 8.164008475396818953e-01 1.567113807805017509e-02
4.289936733104918858e+03 7.973846687271085587e-01 1.657428388178538992e-02
4.294226669838025373e+03 7.838052136978589379e-01 1.446411818437091414e-02
4.298520896507864563e+03 8.006768621523508989e-01 1.543813483774092964e-02
4.302819417404373780e+03 7.958640534174380443e-01 1.509616101116554969e-02
4.307122236821779552e+03 8.071165154239111628e-01 1.628381192780903666e-02
4.311429359058603040e+03 8.058318074825228106e-01 1.634824434898156029e-02
4.315740788417662770e+03 7.968399667857435364e-01 1.613612180510750130e-02
4.320056529206081905e+03 7.821210095985526856e-01 1.626945439422033610e-02
4.324376585735290064e+03 7.676241378420390893e-01 1.699709844519086896e-02
4.328700962321026054e+03 7.526761283839180638e-01 1.691051476387837524e-02
4.333029663283348782e+03 7.296641822570842928e-01 1.771023227307331679e-02
4.337362692946633615e+03 7.191712768456973714e-01 1.730571914341021145e-02
4.341700055639581478e+03 7.169223851964776628e-01 1.663730011631329997e-02
4.346041755695222491e+03 7.260859935785390906e-01 1.655472307630099366e-02
4.350387797450919606e+03 7.566608929676210682e-01 1.810735753058935471e-02
4.354738185248371337e+03 7.923070513069654375e-01 1.806133843823352556e-02
4.359092923433621763e+03 8.341052715424345232e-01 1.425793390876388053e-02
4.363452016357056891e+03 8.629745372950474724e-01 1.431390292535228773e-02
4.367815468373414660e+03 8.831079898907023829e-01 1.358389362300646379e-02
4.372183283841789489e+03 8.823438860837027331e-01 1.354596774498568676e-02
4.376555467125633186e+03 8.840012699845078981e-01 1.315521350214407352e-02
4.380932022592760404e+03 8.746531985382500762e-01 1.255873169901259613e-02
4.385312954615354101e+03 8.670416827654345848e-01 1.174293525087692636e-02
4.389698267569970994e+03 8.670426586315085338e-01 1.185721632501584612e-02
4.394087965837542470e+03 8.663494392579920156e-01 1.142340016086609671e-02
4.398482053803381859e+03 8.623686713870695186e-01 1.107549608784020798e-02
4.402880535857186260e+03 8.668382796125795320e-01 1.141278514056823408e-02
4.407283416393044718e+03 8.669315727337963962e-01 1.141981368467263024e-02
4.411690699809440048e+03 8.774178405906141176e-01 1.031442180783485700e-02
4.416102390509250654e+03 8.822725973658962495e-01 1.075607929770627455e-02
4.420518492899761441e+03 8.822634345625596231e-01 1.137261885539837640e-02
4.424939011392662906e+03 8.815035840792881938e-01 1.166713047185899237e-02
4.429363950404056595e+03 8.801569321570168469e-01 1.169432165081901384e-02
4.433793314354462382e+03 8.822683599291072376e-01 1.153347473765219643e-02
4.438227107668818462e+03 8.721163421083866218e-01 1.260944529040030487e-02
4.442665334776488635e+03 8.712822587766020366e-01 1.267889760321571496e-02
4.447108000111265937e+03 8.712991754655076138e-01 1.267801117281274099e-02
4.451555108111379013e+03 8.685252966239768169e-01 1.231209044419839804e-02
4.456006663219492111e+03 8.657637123181557426e-01 1.209595465361330141e-02
4.460462669882713271e+03 8.747766979880591265e-01 1.258479225720137915e-02
4.464923132552597053e+03 8.763477473399823303e-01 1.245779651164694024e-02
4.469388055685150903e+03 8.775204979294887186e-01 1.223072334073731227e-02
4.473857443740837880e+03 8.825903388672581285e-01 1.206137656299810339e-02
4.478331301184580298e+03 8.919383622843389814e-01 1.193537306294094845e-02
4.482809632485766087e+03 9.006527874115536347e-01 1.207940038007447765e-02
4.487292442118253348e+03 9.069410226598387803e-01 1.304172245953182444e-02
4.491779734560373072e+03 9.119667853173979433e-01 1.296308237581050501e-02
4.496271514294934605e+03 9.157100483284467130e-01 1.296422252262940944e-02
4.500767785809231100e+03 9.227316768772969580e-01 1.328535599721052986e-02
4.505268553595042249e+03 9.233890235488746434e-01 1.279917864010998718e-02
4.509773822148638828e+03 9.197572869606484014e-01 1.223748050218528664e-02
4.514283595970789065e+03 9.338556276317605542e-01 1.160673694896088327e-02
4.518797879566761367e+03 9.305948716505915153e-01 1.162563781376368954e-02
4.523316677446328868e+03 9.231030087176957943e-01 1.110764998622434420e-02
4.527839994123776705e+03 9.300698126844715308e-01 1.111059303436459644e-02
4.532367834117902021e+03 9.396486625885299704e-01 1.123788587282217172e-02
4.536900201952022144e+03 9.495823817576968251e-01 1.139045164394809906e-02
4.541437102153975502e+03 9.618552449419356387e-01 1.206952762619264985e-02
4.545978539256130716e+03 9.706661656866670818e-01 1.144935629474897604e-02
4.550524517795388419e+03 9.669920589623928198e-01 1.316946111997051132e-02
4.555075042313184895e+03 9.689749738618845809e-01 1.356873236314266873e-02
4.559630117355500261e+03 9.731247635014007580e-01 1.360268539902781057e-02
4.564189747472856652e+03 9.818457803744774504e-01 1.374762447707684847e-02
4.568753937220330954e+03 9.891718363208105158e-01 1.360281400029390332e-02
4.573322691157552981e+03 9.958091110239958299e-01 1.353778244437906300e-02
4.577896013848711846e+03 9.994678154073584064e-01 1.259055160207428990e-02
4.582473909862562323e+03 1.000082818154726771e+00 1.268402615946688690e-02
4.587056383772426670e+03 1.016735363842248718e+00 1.265251121030175861e-02
4.591643440156200086e+03 1.023061582913567413e+00 1.261214790652453663e-02
4.596235083596357981e+03 1.035547671566470873e+00 1.255817371485487555e-02
4.600831318679955984e+03 1.049739477996193049e+00 1.224689857739251660e-02
4.605432149998637215e+03 1.060773852289751185e+00 1.188226013089130513e-02
4.610037582148637739e+03 1.062657486798184170e+00 1.119906080013246576e-02
4.614647619730787483e+03 1.062911392592558402e+00 1.127764251004821812e-02
4.619262267350520233e+03 1.058386763773697448e+00 1.139360865468864309e-02
4.623881529617872729e+03 1.056573901942786886e+00 1.127010355407810638e-02
4.628505411147491941e+03 1.056863358317151835e+00 1.118057764346736677e-02
4.633133916558640522e+03 1.057747640709377102e+00 1.089241047811780050e-02
4.637767050475200449e+03 1.051960140944618871e+00 1.021777498842708735e-02
4.642404817525677572e+03 1.055722921166657224e+00 9.558509816151510713e-03
4.647047222343205249e+03 1.057648636805840203e+00 9.283772894538239520e-03
4.651694269565549803e+03 1.061973405925352276e+00 9.791900796519448572e-03
4.656345963835116891e+03 1.053479631997098265e+00 1.080424644815832988e-02
4.661002309798953320e+03 1.058766812954526682e+00 1.071338287994138237e-02
4.665663312108753416e+03 1.059415524820775056e+00 1.065429876948762768e-02
4.670328975420864481e+03 1.052851997093974479e+00 1.068428913974885965e-02
4.674999304396286789e+03 1.044491892530047483e+00 1.070195910577554331e-02
4.679674303700684504e+03 1.039553805266895781e+00 1.061204732437973433e-02
4.684353978004386590e+03 1.031974032102438432e+00 1.050927096084991637e-02
4.689038331982392265e+03 1.022685331774797257e+00 1.049086714969473498e-02
4.693727370314376458e+03 1.016641567831669590e+00 1.075517351424489822e-02
4.698421097684692540e+03 1.011374139324576316e+00 1.028359463477327915e-02
4.703119518782378691e+03 1.004760505582899199e+00 1.108613873881143450e-02
4.707822638301162442e+03 9.999388085078024790e-01 1.114780448660045338e-02
4.712530460939465229e+03 1.003904766049526609e+00 1.175490361152759129e-02
4.717242991400406027e+03 9.936330256207841494e-01 1.154168025955798656e-02
4.721960234391808626e+03 9.897554010160733995e-01 1.145572205570641842e-02
4.726682194626201635e+03 9.872024330773808698e-01 1.161516281056680644e-02
4.731408876820829391e+03 9.859467873030766105e-01 1.123963015289803843e-02
4.736140285697651962e+03 9.876448806223943055e-01 1.117338652038908295e-02
4.740876425983350600e+03 9.924029854916478488e-01 1.051342203112498597e-02
4.745617302409335934e+03 9.863604121560806126e-01 1.036853785751355381e-02
4.750362919711747054e+03 9.837175596198057814e-01 9.372554578131086361e-03
4.755113282631459697e+03 9.747075516258378869e-01 9.353746392673905133e-03
4.759868395914093526e+03 9.596764854858725879e-01 9.265339868750449223e-03
4.764628264310008490e+03 9.418666768697074865e-01 9.104988603704969319e-03
4.769392892574320285e+03 9.299243018283511741e-01 8.987758904403659807e-03
4.774162285466896719e+03 9.186167248168080057e-01 8.539238271538497627e-03
4.778936447752364984e+03 9.155183520984896406e-01 8.731303353152981839e-03
4.783715384200118933e+03 9.227715356927923551e-01 1.014028044896954014e-02
4.788499099584319993e+03 9.322506151010577780e-01 1.018717098606128184e-02
4.793287598683906253e+03 9.389273072479660254e-01 1.006762456762568675e-02
4.798080886282591564e+03 9.625518925212345200e-01 1.054067035374990288e-02
4.802878967168876443e+03 9.828954801026321686e-01 9.107299272932514386e-03
4.807681846136046261e+03 9.930147997347088529e-01 9.553149673304589529e-03
4.812489527982183972e+03 1.017092157634462257e+00 1.097220560003989154e-02
4.817302017510168298e+03 1.042211679637687904e+00 1.418091512481757174e-02
4.822119319527679181e+03 1.030058972727148081e+00 1.713137719113803567e-02
4.826941438847208701e+03 1.029177967279082839e+00 1.603309114833703988e-02
4.831768380286057436e+03 1.029528068729671730e+00 1.603024771658827230e-02
4.836600148666345376e+03 1.059577746786084962e+00 1.934183450176212710e-02
4.841436748815013743e+03 1.051460485061452621e+00 2.417834122302884789e-02
4.846278185563829538e+03 1.011449652804106369e+00 3.151812398816603716e-02
4.851124463749395545e+03 1.053082277096821562e+00 3.052972125778211435e-02
4.855975588213146693e+03 1.116428645104235784e+00 3.252152338145090221e-02
4.860831563801360971e+03 1.183964472745558272e+00 3.390993741980510845e-02
4.865692395365163975e+03 1.213581505729615317e+00 3.051780682187173535e-02
4.870558087760530725e+03 1.198108108253072013e+00 3.179882355486125800e-02
4.875428645848292945e+03 1.124683212896585571e+00 2.774857833312408331e-02
4.880304074494142696e+03 1.057730870728747608e+00 2.377111592871979789e-02
4.885184378568638749e+03 1.063032543038377575e+00 1.459210687878251603e-02
4.890069562947209306e+03 1.063177319519743369e+00 1.318839399348777953e-02
4.894959632510157462e+03 1.088326336651139536e+00 1.336048154951196762e-02
4.899854592142669389e+03 1.096544148529136287e+00 1.356820536764526304e-02
4.904754446734813428e+03 1.114543085852911952e+00 1.181106978041797546e-02
4.909659201181550088e+03 1.102554587483160153e+00 1.278304717322673381e-02
4.914568860382732964e+03 1.088443120513501006e+00 1.306998801788882697e-02
4.919483429243117826e+03 1.068795986997320702e+00 1.181171337962032448e-02
4.924402912672362618e+03 1.097639842398315579e+00 9.442954398714710484e-03
4.929327315585036558e+03 1.109713487945895860e+00 9.474595349073772210e-03
4.934256642900622865e+03 1.116614669173897623e+00 9.653032200320888975e-03
4.939190899543525120e+03 1.123111308745537773e+00 9.868101354316403256e-03
4.944130090443070912e+03 1.133529770280034654e+00 9.652973323647527637e-03
4.949074220533515472e+03 1.138325247817816077e+00 9.203252925344584251e-03
4.954023294754050767e+03 1.138353108612256470e+00 9.054222253037622764e-03
4.958977318048806410e+03 1.141091271928780904e+00 9.606365392966756747e-03
4.963936295366856939e+03 1.132111951600623945e+00 1.006366533109760535e-02
4.968900231662225451e+03 1.118704230654229193e+00 1.014687984096962481e-02
4.973869131893889062e+03 1.126007310893872848e+00 1.055208381685083900e-02
4.978843001025784361e+03 1.128530185974996991e+00 1.023544018331756095e-02
4.983821844026811959e+03 1.144311457254534092e+00 1.063623270304946133e-02
4.988805665870840130e+03 1.158395789508055440e+00 1.092052102278378081e-02
4.993794471536712990e+03 1.172902918103838177e+00 1.022923303911204423e-02
4.998788266008251412e+03 1.186441116445591248e+00 9.694023830737134861e-03
5.003787054274261209e+03 1.198422268999276508e+00 9.560872452018320117e-03
5.008790841328536771e+03 1.210459943082131451e+00 9.644936622589911704e-03
5.013799632169867436e+03 1.216908682035593880e+00 9.552177871322868261e-03
5.018813431802038394e+03 1.220989844459564599e+00 9.857224987682692077e-03
5.023832245233842514e+03 1.218253736575784396e+00 1.025425436069326950e-02
5.028856077479077612e+03 1.214384943273113526e+00 1.001589963552231705e-02
5.033884933556558281e+03 1.207045046197317451e+00 1.035752346721494771e-02
5.038918818490116792e+03 1.204649667276957548e+00 1.025556059195626389e-02
5.043957737308608557e+03 1.197033027530474802e+00 1.008946042361162296e-02
5.049001695045918495e+03 1.192327077156851933e+00 1.020348126635649277e-02
5.054050696740966487e+03 1.191767113156605440e+00 1.006549167208229713e-02
5.059104747437709193e+03 1.184981023923705079e+00 8.963576464073808037e-03
5.064163852185148244e+03 1.175357736663100949e+00 8.294144790772412651e-03
5.069228016037335692e+03 1.178948007413833876e+00 8.679728557791884999e-03
5.074297244053374015e+03 1.171237487257970278e+00 8.466819360816696394e-03
5.079371541297429758e+03 1.172485315946845796e+00 8.684797567356570755e-03
5.084450912838728073e+03 1.174231930902296606e+00 8.539937866003309910e-03
5.089535363751569093e+03 1.164921027443248214e+00 8.605341600105351554e-03
5.094624899115322478e+03 1.156770582958497551e+00 8.622860354910083514e-03
5.099719524014439230e+03 1.146221085780938287e+00 8.606077099517843790e-03
5.104819243538455339e+03 1.132941146049092129e+00 9.424855484816495321e-03
5.109924062781995417e+03 1.127786260195060120e+00 9.374496381999103747e-03
5.115033986844779065e+03 1.130591133784088154e+00 9.526380080832026059e-03
5.120149020831625421e+03 1.125308709327400791e+00 8.983281423017630551e-03
5.125269169852458617e+03 1.131494076789145709e+00 8.833932767402302363e-03
5.130394439022313236e+03 1.140286037964777677e+00 9.345053180277420463e-03
5.135524833461337039e+03 1.151650120208707273e+00 9.240248398217437709e-03
5.140660358294800062e+03 1.163250607185541519e+00 9.014168350216433465e-03
5.145801018653096435e+03 1.166445047503226418e+00 9.132555342708476714e-03
5.150946819671751655e+03 1.174143763486074299e+00 9.068592184762800865e-03
5.156097766491425318e+03 1.170263428142979789e+00 9.294659827532619073e-03
5.161253864257918394e+03 1.160128210810253524e+00 1.011956822229143418e-02
5.166415118122177773e+03 1.161806613141261435e+00 1.008311457204866604e-02
5.171581533240301724e+03 1.153132447102817704e+00 9.420314202038012133e-03
5.176753114773543530e+03 1.154329980371635367e+00 9.571198538356445740e-03
5.181929867888318768e+03 1.160216266292464216e+00 8.959754019603903899e-03
5.187111797756208944e+03 1.175363162131741523e+00 9.526807691411199111e-03
5.192298909553966951e+03 1.192730028393958586e+00 9.185941632208859467e-03
5.197491208463522526e+03 1.207535652982475227e+00 9.006905157347634000e-03
5.202688699671987706e+03 1.217707474581181115e+00 9.161214896999137283e-03
5.207891388371661378e+03 1.231567226653834224e+00 8.580904974781105102e-03
5.213099279760034733e+03 1.241622396184899779e+00 8.517191864053178310e-03
5.218312379039796724e+03 1.234703692316290846e+00 9.117412922350244878e-03
5.223530691418837705e+03 1.230793863643564245e+00 8.785864822671960936e-03
5.228754222110258524e+03 1.233364104287528074e+00 9.042929776068495823e-03
5.233982976332370527e+03 1.231820164591805655e+00 9.019738507557641116e-03
5.239216959308704645e+03 1.233030113878898160e+00 9.282847291817381344e-03
5.244456176268015042e+03 1.233340955654073090e+00 9.606695499451523707e-03
5.249700632444284565e+03 1.236679327529051298e+00 9.259881970227163556e-03
5.254950333076731113e+03 1.241149692956332595e+00 9.253637766880347740e-03
5.260205283409809454e+03 1.244020157149382522e+00 8.849378223289461332e-03
5.265465488693221232e+03 1.259612160079697674e+00 9.044535520614262886e-03
5.270730954181915877e+03 1.276252038086488128e+00 9.648478943703714394e-03
5.276001685136099695e+03 1.277961573970006759e+00 9.408117079699717875e-03
5.281277686821237694e+03 1.282078838974494150e+00 9.438687328523208062e-03
5.286558964508059944e+03 1.287756386957071619e+00 9.344100984468460894e-03
5.291845523472569766e+03 1.288236862820649087e+00 9.336534055835413182e-03
5.297137368996044643e+03 1.286011939481087163e+00 9.462491259485058398e-03
5.302434506365042580e+03 1.284226208335394359e+00 9.649078202555897571e-03
5.307736940871409388e+03 1.289102008122357867e+00 9.766922637675675214e-03
5.313044677812282316e+03 1.294426834365558276e+00 1.012509150835094913e-02
5.318357722490096421e+03 1.290640058274741930e+00 9.311603179740416888e-03
5.323676080212588204e+03 1.295200332027913070e+00 9.336552003216031306e-03
5.328999756292802886e+03 1.300729347344441234e+00 9.303002291133538604e-03
5.334328756049097137e+03 1.308103568708629316e+00 9.015120608780236022e-03
5.339663084805148173e+03 1.316823167642915404e+00 8.673942965741735303e-03
5.345002747889954662e+03 1.324052415216836698e+00 8.567320593935310452e-03
5.350347750637846730e+03 1.320252713545299716e+00 7.776548938241666965e-03
5.355698098388485960e+03 1.321891191428417711e+00 7.552757234647182114e-03
5.361053796486876308e+03 1.321179308258624729e+00 7.070597943846975916e-03
5.366414850283365013e+03 1.330849156658409971e+00 7.450626945328014776e-03
5.371781265133649867e+03 1.342252423920855975e+00 7.115444210415510819e-03
5.377153046398785591e+03 1.345699153902124356e+00 7.233883641610036781e-03
5.382530199445186554e+03 1.350267260700337202e+00 8.973422808012766066e-03
5.387912729644633146e+03 1.345466989066280927e+00 1.208191099530690586e-02
5.393300642374279960e+03 1.338958876889280392e+00 1.314079129802826762e-02
5.398693943016655794e+03 1.337063922642856673e+00 1.342705896658894296e-02
5.404092636959673655e+03 1.337008534431805007e+00 1.320603081225201099e-02
5.409496729596635305e+03 1.337977180660946841e+00 1.289106087293635100e-02
5.414906226326233991e+03 1.347246119752109283e+00 1.313551908483093916e-02
5.420321132552561721e+03 1.347407181951144839e+00 1.305956480341417640e-02
5.425741453685116539e+03 1.350297354705851882e+00 1.299120813656884366e-02
5.431167195138803436e+03 1.348203223001575690e+00 1.308411150745263270e-02
5.436598362333943442e+03 1.346261999449524849e+00 1.290526861803161993e-02
5.442034960696279086e+03 1.349039864505553021e+00 1.301082631670677850e-02
5.447476995656978033e+03 1.348290763809237180e+00 1.301205011798666454e-02
5.452924472652636723e+03 1.339163644094139016e+00 1.267895020217985058e-02
5.458377397125291282e+03 1.331868347289705268e+00 1.265867639917680511e-02
5.463835774522417523e+03 1.321198854552191770e+00 1.279569955746214828e-02
5.469299610296941864e+03 1.318743274912337782e+00 1.271516261192086154e-02
5.474768909907241323e+03 1.319308372752681757e+00 1.278688283314852701e-02
5.480243678817149885e+03 1.321260315225704307e+00 1.246480439018829087e-02
5.485723922495968509e+03 1.325563181644917377e+00 1.223479820992179681e-02
5.491209646418466946e+03 1.330740337058967215e+00 1.082273580085623549e-02
5.496700856064887375e+03 1.321594438130188509e+00 7.489342179312306717e-03
5.502197556920953502e+03 1.319959373427065819e+00 6.852680117357866363e-03
5.507699754477876013e+03 1.323291876288224200e+00 6.870021730628465308e-03
5.513207454232356213e+03 1.318454419707602465e+00 7.057578312258720732e-03
5.518720661686590574e+03 1.318976226228081972e+00 7.551284228979686028e-03
5.524239382348278923e+03 1.322590261239394716e+00 7.959478426201378742e-03
5.529763621730628984e+03 1.315911067605194162e+00 8.446257838084251721e-03
5.535293385352360929e+03 1.313686483991170384e+00 8.172561498993926102e-03
5.540828678737715563e+03 1.311318265283223816e+00 8.491520260513215831e-03
5.546369507416455235e+03 1.308994437293164781e+00 8.513631741024259986e-03
5.551915876923872929e+03 1.306729480722421455e+00 8.406903207592653429e-03
5.557467792800798634e+03 1.301736446390891366e+00 8.387366478277858556e-03
5.563025260593602070e+03 1.285625585320769204e+00 8.729797664251746567e-03
5.568588285854197238e+03 1.264571859119544284e+00 9.184127135770594683e-03
5.574156874140053333e+03 1.250328066567792717e+00 9.461166310375827490e-03
5.579731031014194741e+03 1.223672868063088170e+00 9.625821611543371181e-03
5.585310762045211050e+03 1.199431210627461386e+00 9.586188790142736657e-03
5.590896072807257951e+03 1.172421175199632959e+00 9.567928051023162975e-03
5.596486968880067252e+03 1.149708339000273360e+00 9.101568257925645236e-03
5.602083455848949598e+03 1.128416570974613009e+00 9.029125926663161827e-03
5.607685539304799931e+03 1.109277716712339545e+00 9.013703228811642890e-03
5.613293224844106589e+03 1.103156592818327564e+00 8.954277785422326205e-03
5.618906518068952209e+03 1.101348201265602178e+00 9.193795178169969495e-03
5.624525424587023736e+03 1.097376945924875224e+00 9.489011324454515658e-03
5.630149950011612418e+03 1.089642379897940438e+00 9.104667214415882934e-03
5.635780099961625638e+03 1.079210560453947476e+00 8.654177944234781386e-03
5.641415880061589633e+03 1.072779027914199990e+00 8.668356371244667277e-03
5.647057295941652228e+03 1.070194509464349464e+00 8.482831879565989192e-03
5.652704353237596479e+03 1.068409842018985367e+00 8.100374769215339457e-03
5.658357057590835211e+03 1.070521350765604396e+00 8.017613365665707606e-03
5.664015414648428305e+03 1.074708869409136458e+00 8.071859376365696226e-03
5.669679430063079053e+03 1.072004837940349065e+00 7.914698654356230184e-03
5.675349109493143260e+03 1.065581751073558125e+00 7.658737279013425742e-03
5.681024458602638333e+03 1.054982732935392464e+00 7.076985195364103413e-03
5.686705483061243285e+03 1.038320843849322550e+00 7.438557055444059221e-03
5.692392188544306009e+03 1.026921170414688778e+00 7.595455982310088394e-03
5.698084580732852373e+03 1.016193857076510998e+00 7.422697278409340522e-03
5.703782665313587131e+03 1.002357307539039510e+00 7.309925016855914337e-03
5.709486447978903016e+03 9.823073300522969786e-01 7.164498610462716882e-03
5.715195934426883468e+03 9.632256285747446967e-01 6.565862443194934311e-03
5.720911130361312644e+03 9.451099178542345935e-01 6.705534956829948580e-03
5.726632041491675409e+03 9.387010186458001337e-01 6.549698370586793522e-03
5.732358673533169167e+03 9.371836742494974448e-01 6.415750605231700272e-03
5.738091032206703858e+03 9.365763118419890843e-01 7.187153970386590471e-03
5.743829123238912871e+03 9.308860477550136014e-01 7.337056269234388910e-03
5.749572952362153046e+03 9.314403817551728526e-01 7.887709539360261007e-03
5.755322525314517407e+03 9.204029781756126738e-01 7.930991875928002088e-03
5.761077847839834249e+03 9.064723153064515593e-01 8.105379457184485811e-03
5.766838925687675328e+03 8.921698245884548406e-01 8.447521600832449268e-03
5.772605764613364954e+03 8.812665517133398962e-01 8.475415463753263254e-03
5.778378370377980900e+03 8.736704077803519874e-01 8.422353310201047619e-03
5.784156748748360769e+03 8.696664978336844376e-01 8.473734883340610854e-03
5.789940905497111089e+03 8.672068961006977883e-01 8.373620990711840711e-03
5.795730846402610041e+03 8.614879467774061439e-01 8.371460183882116837e-03
5.801526577249013826e+03 8.585685462486390973e-01 8.304673515323126448e-03
5.807328103826264851e+03 8.726922769695152349e-01 8.373230653643029195e-03
5.813135431930093546e+03 8.852880434355293593e-01 8.186264698601562403e-03
5.818948567362025642e+03 9.029853313166283924e-01 8.531767832416740568e-03
5.824767515929389447e+03 9.170536650935094958e-01 8.228539515090498024e-03
5.830592283445320390e+03 9.197992624423402264e-01 8.815415345482208870e-03
5.836422875728768304e+03 9.244347493591864584e-01 8.583632319855970597e-03
5.842259298604498326e+03 9.337089438374528427e-01 8.529714280721393052e-03
5.848101557903105459e+03 9.510768221870271599e-01 8.887979752883337983e-03
5.853949659461010015e+03 9.586067979772217029e-01 9.234633681318419121e-03
5.859803609120473084e+03 9.626582816033579793e-01 8.446686470764115315e-03
5.865663412729595620e+03 9.581930392460656920e-01 8.733304718959854218e-03
5.871529076142326630e+03 9.505493642232067941e-01 9.401087721499888292e-03
5.877400605218471355e+03 9.433030571136884479e-01 9.459820370613221396e-03
5.883278005823691274e+03 9.410511384226248888e-01 9.363204574291088614e-03
5.889161283829516833e+03 9.424588647709180034e-01 9.487213042209095143e-03
5.895050445113348360e+03 9.500352943433083563e-01 9.694281428548657403e-03
5.900945495558464245e+03 9.583954129385007237e-01 9.724219347626343601e-03
5.906846441054024581e+03 9.639349803815294715e-01 9.697403418669566302e-03
5.912753287495080258e+03 9.672158238669451569e-01 9.375173059149151389e-03
5.918666040782577511e+03 9.825288729936795251e-01 8.797706700696942064e-03
5.924584706823361557e+03 9.973039897123737729e-01 8.825887307386993605e-03
5.930509291530187511e+03 1.016506600565442620e+00 8.167007449999279592e-03
5.936439800821719473e+03 1.022888267680607699e+00 8.130115045123073939e-03
5.942376240622543264e+03 1.023372311111401700e+00 7.550408233566337050e-03
5.948318616863167335e+03 1.017765348148450322e+00 6.962150061863811232e-03
5.954266935480032771e+03 1.016538959224662086e+00 6.967034459990815824e-03
5.960221202415515108e+03 1.027065831102546234e+00 6.985486901113612500e-03
5.966181423617932523e+03 1.037978061968810595e+00 6.569828179748454615e-03
5.972147605041552197e+03 1.045909059344402481e+00 6.567151344082759919e-03
5.978119752646595771e+03 1.051489812452761630e+00 6.625870037159410815e-03
5.984097872399243897e+03 1.050044157944684642e+00 6.486366360383031063e-03
5.990081970271645332e+03 1.049945370352186824e+00 6.182188189200245668e-03
5.996072052241918755e+03 1.050367916448985195e+00 6.152234420073586507e-03
6.002068124294162772e+03 1.052883547424475541e+00 6.065177814732592744e-03
6.008070192418459555e+03 1.052183814150372765e+00 6.264351625419452806e-03
6.014078262610879392e+03 1.058147528947761540e+00 6.302759306985655438e-03
6.020092340873492503e+03 1.061016896728990577e+00 6.143777876195728391e-03
6.026112433214368139e+03 1.066428633220930289e+00 6.309356533166296174e-03
6.032138545647584579e+03 1.070061716027423060e+00 6.273776055460741040e-03
6.038170684193233683e+03 1.082285953668512102e+00 6.919701003689366844e-03
6.044208854877429076e+03 1.098412843975599795e+00 6.637994109495846777e-03
6.050253063732308874e+03 1.112013383375955788e+00 6.816540647220026110e-03
6.056303316796042964e+03 1.128470473329431512e+00 6.734305294004813008e-03
6.062359620112841185e+03 1.140403993656458281e+00 6.917648112877594624e-03
6.068421979732956061e+03 1.144243539953694988e+00 6.652491336012994298e-03
6.074490401712690982e+03 1.153576152218123596e+00 6.771810120701396429e-03
6.080564892114405666e+03 1.155485818385977081e+00 7.015392598629340178e-03
6.086645457006521610e+03 1.159283986741673989e+00 7.672352068001111157e-03
6.092732102463530282e+03 1.168346434094156283e+00 7.931605886459682994e-03
6.098824834565995843e+03 1.175486709214088821e+00 8.262002489091235455e-03
6.104923659400564247e+03 1.184015674068527035e+00 8.278987507706546747e-03
6.111028583059966877e+03 1.202182892472926312e+00 8.761531636309811619e-03
6.117139611643028729e+03 1.217916793422579413e+00 8.845195907214860667e-03
6.123256751254673873e+03 1.229669824204439932e+00 8.828846839993055584e-03
6.129380008005929994e+03 1.245378361328302930e+00 8.952237336112211022e-03
6.135509388013938405e+03 1.258952012533227416e+00 8.893239108804329093e-03
6.141644897401954040e+03 1.270976528257496518e+00 8.891139549553297994e-03
6.147786542299358189e+03 1.276620201081458461e+00 9.175335485568515692e-03
6.153934328841659408e+03 1.280334678023961947e+00 9.633983870156213186e-03
6.160088263170503524e+03 1.269608745927804039e+00 9.040569389690914989e-03
6.166248351433675452e+03 1.266126657215826290e+00 9.042615659292202804e-03
6.172414599785111022e+03 1.260815240415674721e+00 9.043397693054833902e-03
6.178587014384898794e+03 1.257532530671618520e+00 8.914012157158561142e-03
6.184765601399285515e+03 1.260157228822014641e+00 9.171114284523907215e-03
6.190950367000687038e+03 1.268425163411879497e+00 9.156385355623821581e-03
6.197141317367689226e+03 1.276993120601049414e+00 9.275230710788492927e-03
6.203338458685059777e+03 1.286574019637861888e+00 8.719033225162634362e-03
6.209541797143746408e+03 1.288410723302493288e+00 7.691911243675388955e-03
6.215751338940892310e+03 1.298819110819906752e+00 7.702751635087520636e-03
6.221967090279835247e+03 1.294942416288841436e+00 8.025116360808928415e-03
6.228189057370116643e+03 1.300373935616728982e+00 8.257621989936190024e-03
6.234417246427488863e+03 1.302535340577921863e+00 8.037078978708565163e-03
6.240651663673918847e+03 1.307134576026357298e+00 8.643783558859252647e-03
6.246892315337594482e+03 1.312940944905994334e+00 8.308760796745605359e-03
6.253139207652934601e+03 1.313813454442062767e+00 8.512218309239844016e-03
6.259392346860589896e+03 1.315604943868049936e+00 8.514524322526018790e-03
6.265651739207452010e+03 1.308567006221227347e+00 8.874237622809639028e-03
6.271917390946661726e+03 1.303231593960768819e+00 8.650782061355560479e-03
6.278189308337610782e+03 1.297534640891581548e+00 9.238158431491406627e-03
6.284467497645950061e+03 1.296104004890770378e+00 9.195356318129390902e-03
6.290751965143597772e+03 1.288353959013958550e+00 9.439090770642163605e-03
6.297042717108744000e+03 1.280899232388423403e+00 9.483090514702580479e-03
6.303339759825854344e+03 1.270126630970870085e+00 9.778100546627267395e-03
6.309643099585682648e+03 1.258821207779286411e+00 9.781625092851860270e-03
6.315952742685270096e+03 1.248199469460677058e+00 9.972137790455507314e-03
6.322268695427957937e+03 1.229885699986696501e+00 9.825785830353435391e-03
6.328590964123387494e+03 1.219868044427066867e+00 9.831897921760174297e-03
6.334919555087512890e+03 1.215437136748322100e+00 1.003087395394812280e-02
6.341254474642602872e+03 1.202425862319317584e+00 8.914531570658513343e-03
6.347595729117247174e+03 1.207309698807910836e+00 8.606039527983463597e-03
6.353943324846366522e+03 1.218418685867918017e+00 8.554802395837092510e-03
6.360297268171215364e+03 1.243336797454651865e+00 7.289025007445893919e-03
6.366657565439388236e+03 1.263584861221063171e+00 7.405275928123246885e-03
6.373024223004829764e+03 1.276407558818894561e+00 7.459244116861724581e-03
6.379397247227837397e+03 1.289006503602228904e+00 7.585329500104778799e-03
6.385776644475066860e+03 1.296619000206126637e+00 7.314743544089161165e-03
6.392162421119543978e+03 1.310464452184591622e+00 7.074838572718216562e-03
6.398554583540665590e+03 1.325060446165289285e+00 6.919487427612121266e-03
6.404953138124208635e+03 1.332973211469030694e+00 6.326745414831053127e-03
6.411358091262334710e+03 1.342262200578683728e+00 6.363839161718297215e-03
6.417769449353599157e+03 1.347298767200983516e+00 6.108713302081487419e-03
6.424187218802954703e+03 1.354711991360828760e+00 6.044786522390957657e-03
6.430611406021760558e+03 1.373182611853464019e+00 5.806408726060740058e-03
6.437042017427784231e+03 1.393015486973212314e+00 5.802659160453954752e-03
6.443479059445214261e+03 1.420216406290844446e+00 6.663863093073029223e-03
6.449922538504661134e+03 1.449005368232154645e+00 6.548631472754228196e-03
6.456372461043168187e+03 1.472091078772754136e+00 6.795940745695532546e-03
6.462828833504213435e+03 1.501945002213031621e+00 6.887631206537210907e-03
6.469291662337719572e+03 1.542387040531015607e+00 6.682832266886602757e-03
6.475760954000059428e+03 1.594754547764709152e+00 7.353146866726167907e-03
6.482236714954061426e+03 1.654641263767512083e+00 7.875018662394759825e-03
6.488718951669017770e+03 1.739676739092476332e+00 1.005208369132037580e-02
6.495207670620688987e+03 1.791332804422544944e+00 1.899257207771956960e-02
6.501702878291312118e+03 1.928902506483463286e+00 3.658351352575184984e-02
6.508204581169605262e+03 1.973444593294908067e+00 7.123803583429934305e-02
6.514712785750777584e+03 2.052696021140545390e+00 8.939073326933355546e-02
6.521227498536530220e+03 2.381287901956122610e+00 1.337441384057734030e-02
6.527748726035069012e+03 2.531188671426885861e+00 2.779674524450823775e-02
6.534276474761106329e+03 2.915177504978328393e+00 7.298355017877755646e-02
6.540810751235869247e+03 3.079349582506314409e+00 1.319370055252322427e-01
6.547351561987107743e+03 3.588493255860996101e+00 1.377026154243313760e-01
6.553898913549096505e+03 4.399604837400736379e+00 1.722327728582697115e-01
6.560452812462647671e+03 4.823290552663096697e+00 1.738724795360009345e-01
6.567013265275112644e+03 4.778113872907264081e+00 1.716499689265159612e-01
6.573580278540390282e+03 4.325798259020343650e+00 1.759672733077145279e-01
6.580153858818932349e+03 3.595930448709804494e+00 1.736365922789507021e-01
6.586734012677753526e+03 2.822234072802801030e+00 1.610269172599033682e-01
6.593320746690433225e+03 2.393591698916258448e+00 1.511684743288605470e-01
6.599914067437126505e+03 2.354115682237443163e+00 8.534564807492359129e-02
6.606513981504565891e+03 2.005872933779491163e+00 4.722535416612679005e-02
6.613120495486072286e+03 1.848098386674720484e+00 4.495197563761679782e-02
6.619733615981560433e+03 1.813861465644438953e+00 2.240780891388758148e-02
6.626353349597544366e+03 1.658483870169098040e+00 1.073462498306531308e-02
6.632979702947143778e+03 1.593808364076761297e+00 5.339752748948074085e-02
6.639612682650093120e+03 1.424814269234927711e+00 2.543836583676110930e-02
6.646252295332745234e+03 1.365082029031557953e+00 2.325234786310984361e-02
6.652898547628080451e+03 1.323847786060843523e+00 1.844592783155304949e-02
6.659551446175711135e+03 1.216688740024759019e+00 1.346685402994903663e-02
6.666210997621888964e+03 1.136842472859770359e+00 1.617438615497623910e-02
6.672877208619513112e+03 1.093800522159080746e+00 1.655124736099391689e-02
6.679550085828134797e+03 1.048007918875036637e+00 1.708474703255296115e-02
6.686229635913964557e+03 1.033121681912959833e+00 1.676996651435220739e-02
6.692915865549881346e+03 1.039858087012485610e+00 1.805978930109647385e-02
6.699608781415433441e+03 1.057172808927090646e+00 1.914651496516120779e-02
6.706308390196851178e+03 1.068803231106938867e+00 1.919785627926989813e-02
6.713014698587049679e+03 1.077669265575220470e+00 1.844077192116271718e-02
6.719727713285638856e+03 1.075787433278785343e+00 1.804431154277557833e-02
6.726447440998927050e+03 1.064029011151151671e+00 1.783262252571078330e-02
6.733173888439928305e+03 1.037639344127703867e+00 1.812451959561376877e-02
6.739907062328370557e+03 1.002069224416584525e+00 1.852184090808682224e-02
6.746646969390701088e+03 9.610458726249765382e-01 1.863252427749150300e-02
6.753393616360093802e+03 9.206960254066207661e-01 1.787653232940468809e-02
6.760147009976456502e+03 8.795407863103654744e-01 1.572990641306448723e-02
6.766907156986434529e+03 8.490022266756358515e-01 1.559535202225382187e-02
6.773674064143423493e+03 8.372822250545980394e-01 1.556228919511023524e-02
6.780447738207569273e+03 8.451716652640298699e-01 1.348916236478063697e-02
6.787228185945778932e+03 8.580546639722195223e-01 1.128211223319853379e-02
6.794015414131727084e+03 8.581247284980856316e-01 1.024773682190354210e-02
6.800809429545861349e+03 8.681543125029658192e-01 7.953795088555513232e-03
6.807610238975408720e+03 8.474635357548678805e-01 6.980372933619741725e-03
6.814417849214386479e+03 8.359040555448880028e-01 6.819709087748334828e-03
6.821232267063603103e+03 8.268367457194359949e-01 6.766728649442365837e-03
6.828053499330669183e+03 8.197733040212049627e-01 6.920916092632388786e-03
6.834881552830001965e+03 8.162151997335944653e-01 7.214040514201026065e-03
6.841716434382834450e+03 8.134093857198436694e-01 7.658538080290672005e-03
6.848558150817219939e+03 8.123834080849062778e-01 8.041270835909830605e-03
6.855406708968039311e+03 8.032277450679876640e-01 7.919947628017769831e-03
6.862262115677009206e+03 7.971171091978527246e-01 7.919192004693955539e-03
6.869124377792688392e+03 7.857899318794568932e-01 7.922277114354354249e-03
6.875993502170483225e+03 7.716913311147144405e-01 8.121724197001127521e-03
6.882869495672656740e+03 7.655597308417337876e-01 8.070624315190965542e-03
6.889752365168331380e+03 7.626624633611335247e-01 8.067457469316287322e-03
6.896642117533501732e+03 7.602626563759037337e-01 8.081400797014560988e-03
6.903538759651037253e+03 7.613569350893916177e-01 7.612265262395913161e-03
6.910442298410691365e+03 7.746209480372447942e-01 7.733601398293149867e-03
6.917352740709104182e+03 7.911868289319260450e-01 7.671371076122014687e-03
6.924270093449815249e+03 8.065934627901113485e-01 7.323166537705242188e-03
6.931194363543267173e+03 8.332650744934159137e-01 7.590377690382594557e-03
6.938125557906812901e+03 8.479209443253318268e-01 8.129523580029678412e-03
6.945063683464722089e+03 8.533586266118661223e-01 8.012179710533700802e-03
6.952008747148189286e+03 8.461228713841382199e-01 8.451520178633669181e-03
6.958960755895339389e+03 8.485372175355895275e-01 8.456347266314157701e-03
6.965919716651237650e+03 8.388897585454481165e-01 8.539484810112275837e-03
6.972885636367890584e+03 8.404768068768958544e-01 8.307555275803455916e-03
6.979858522004260521e+03 8.360004553106492597e-01 8.188349790087192867e-03
6.986838380526267429e+03 8.311825058851951553e-01 7.762524367313148460e-03
6.993825218906796181e+03 8.340391319241666768e-01 7.640267405624597344e-03
7.000819044125705659e+03 8.315974717332156319e-01 7.688160992183354012e-03
7.007819863169833297e+03 8.439844864331377261e-01 7.503779271571088885e-03
7.014827683033005087e+03 8.720869379703538593e-01 8.389177613222071478e-03
7.021842510716041033e+03 8.938108236032787923e-01 8.194563641138826252e-03
7.028864353226758794e+03 9.149935982246096833e-01 8.304973145457698186e-03
7.035893217579988232e+03 9.292956334888977654e-01 7.760427147309695989e-03
7.042929110797570502e+03 9.458719350194704223e-01 7.445096238962052408e-03
7.049972039908370789e+03 9.637056894973500265e-01 7.336870749718561215e-03
7.057022011948281033e+03 9.693869434811873687e-01 6.827854036317344485e-03
7.064079033960231754e+03 9.651110330572894025e-01 6.883096396232450502e-03
7.071143112994193871e+03 9.550840112472142041e-01 6.983931387930644719e-03
7.078214256107190522e+03 9.413042183398728779e-01 7.179377223924994673e-03
7.085292470363300708e+03 9.326690926188542230e-01 6.902420225198578792e-03
7.092377762833665656e+03 9.244672282086359161e-01 6.793478047865049094e-03
7.099470140596501551e+03 9.211984300253611702e-01 6.532577898381235204e-03
7.106569610737100447e+03 9.177778531546875174e-01 6.388928492352528854e-03
7.113676180347840273e+03 9.167786834752476022e-01 6.533614206155860700e-03
7.120789856528190285e+03 9.154208141653854547e-01 6.586877133252923115e-03
7.127910646384721076e+03 9.220376140315691416e-01 7.011714717161368106e-03
7.135038557031108212e+03 9.230656001419003109e-01 6.947324652293473089e-03
7.142173595588141325e+03 9.304382846921226413e-01 6.756983015409758798e-03
7.149315769183732300e+03 9.411680110846609715e-01 6.963637143018560488e-03
7.156465084952918005e+03 9.513894219633446392e-01 6.865013071674247805e-03
7.163621550037873021e+03 9.606473627907913260e-01 6.672553559789070471e-03
7.170785171587913283e+03 9.651537932253444474e-01 6.638177750558861036e-03
7.177955956759504261e+03 9.658719615610532605e-01 6.587349050497271451e-03
7.185133912716265513e+03 9.638806190064652668e-01 6.585735356602576140e-03
7.192319046628984324e+03 9.632374384968521719e-01 6.575853220469938740e-03
7.199511365675615707e+03 9.623621100324197819e-01 6.600638122607001626e-03
7.206710877041294225e+03 9.586694748611556127e-01 6.496333582872859322e-03
7.213917587918337631e+03 9.535916643647392998e-01 6.382993343212892134e-03
7.221131505506257781e+03 9.497035827492465998e-01 6.215795432545316926e-03
7.228352637011767001e+03 9.429362148621518447e-01 5.777429073016190908e-03
7.235580989648780815e+03 9.401469964821427272e-01 5.834545609484877507e-03
7.242816570638432495e+03 9.394009552044800815e-01 6.073635292644055661e-03
7.250059387209073066e+03 9.418740465757745595e-01 6.407992910697336494e-03
7.257309446596284033e+03 9.461832576591454602e-01 6.890646782005893471e-03
7.264566756042882844e+03 9.486800552937024733e-01 7.607906912994524817e-03
7.271831322798928340e+03 9.519457374550283069e-01 8.666768061724823211e-03
7.279103154121729858e+03 9.550671057311365120e-01 9.926279516273981557e-03
7.286382257275853590e+03 9.597836282354025306e-01 1.191008617296311287e-02
7.293668639533132591e+03 9.659693373015567630e-01 1.407316371626607908e-02
7.300962308172667690e+03 9.707947535071506096e-01 1.743310046365986049e-02
7.308263270480842948e+03 9.763753463038621350e-01 2.180580727546821765e-02
7.315571533751325660e+03 9.764774290951911961e-01 2.809641869306656395e-02
7.322887105285079997e+03 9.696850030049086744e-01 3.650988397395339702e-02
7.330209992390367006e+03 9.449341247343225891e-01 4.638032311719771095e-02
7.337540202382760071e+03 9.191995852312622173e-01 6.261024834962174157e-02
7.344877742585144915e+03 8.966784515625253471e-01 8.260522817071550006e-02
