# starting wavelength: 3347.047
# ending wavelength: 9082.762
# wav flux eflux
3.348109649033746791e+03 9.683509585475484904e-01 7.980126522625743402e-01
3.351457758682781787e+03 1.063594113276942865e+00 5.875914207312949999e-01
3.354809216441465651e+03 1.096808580021511492e+00 4.875527293265831674e-01
3.358164025657908041e+03 1.111197460356416755e+00 3.702433737367546995e-01
3.361522189683567376e+03 1.104772545771055103e+00 2.880470467017022806e-01
3.364883711873251741e+03 1.096426618634716688e+00 2.294092974080090275e-01
3.368248595585126168e+03 1.100946134328645742e+00 1.848817881536045371e-01
3.371616844180712633e+03 1.107184615916974924e+00 1.550274704753167310e-01
3.374988461024894150e+03 1.108766663282852560e+00 1.288097111443813336e-01
3.378363449485920228e+03 1.132024202616517705e+00 1.142671742952835329e-01
3.381741812935407324e+03 1.165565517576118815e+00 1.029490526671325290e-01
3.385123554748343849e+03 1.169004392397031911e+00 9.246085084936253584e-02
3.388508678303093347e+03 1.148915083003197113e+00 8.622008505178596627e-02
3.391897186981397681e+03 1.140651653064655990e+00 8.215673270747740620e-02
3.395289084168380214e+03 1.121603073062877876e+00 7.769854641621766478e-02
3.398684373252549449e+03 1.123432289842757115e+00 7.352876622521371808e-02
3.402083057625803121e+03 1.119237179871018784e+00 7.100839907028481945e-02
3.405485140683430018e+03 1.110044278926870964e+00 6.935963166730008123e-02
3.408890625824114522e+03 1.118326224181828810e+00 6.713125004520935357e-02
3.412299516449939802e+03 1.142326026942374062e+00 6.674098610606797599e-02
3.415711815966390986e+03 1.153567428698670128e+00 6.668710213780681961e-02
3.419127527782358356e+03 1.174732070509381998e+00 6.765045274263040143e-02
3.422546655310141887e+03 1.201842240348968138e+00 6.744748866342839544e-02
3.425969201965453522e+03 1.211641390979528721e+00 6.753479224842590112e-02
3.429395171167419903e+03 1.227988414153103891e+00 6.712943070530721923e-02
3.432824566338588284e+03 1.245724146997341908e+00 6.743421804856247759e-02
3.436257390904928343e+03 1.236124646535485594e+00 6.970726123388092110e-02
3.439693648295834464e+03 1.238747562098243993e+00 7.025457380030940280e-02
3.443133341944131189e+03 1.253793455675484392e+00 7.139012185524265530e-02
3.446576475286076402e+03 1.265137461968476096e+00 7.136204250704981933e-02
3.450023051761363604e+03 1.277532858913364100e+00 7.109838454250901052e-02
3.453473074813126004e+03 1.269499991667663918e+00 7.206266732498950445e-02
3.456926547887940615e+03 1.298205938007618743e+00 7.131824367884645466e-02
3.460383474435829612e+03 1.315524400539791694e+00 7.065420516597895051e-02
3.463843857910266706e+03 1.323026646639364090e+00 6.974175007312073682e-02
3.467307701768178049e+03 1.350385561076024477e+00 7.028488998071695526e-02
3.470775009469947236e+03 1.351158676904852696e+00 6.662751269346381400e-02
3.474245784479418489e+03 1.377224095985390084e+00 6.765128588891664019e-02
3.477720030263898934e+03 1.375116576729773721e+00 6.651404906576233178e-02
3.481197750294164052e+03 1.355638188769790808e+00 6.234427966578801050e-02
3.484678948044459503e+03 1.365800689429992332e+00 6.183778408078659944e-02
3.488163626992504760e+03 1.346564523045693074e+00 6.193351752892700679e-02
3.491651790619498570e+03 1.328837623423879677e+00 6.352995054273698206e-02
3.495143442410119405e+03 1.305136893741030590e+00 6.424679670186640712e-02
3.498638585852530468e+03 1.298720532766532765e+00 6.405761907920327902e-02
3.502137224438384237e+03 1.303845696404588139e+00 6.366806664229580914e-02
3.505639361662823831e+03 1.303475786676919990e+00 6.267792860060046600e-02
3.509145001024487556e+03 1.300025751463429469e+00 6.325420882412685630e-02
3.512654146025513455e+03 1.287607030604375202e+00 6.310945399804258893e-02
3.516166800171540217e+03 1.292653246916042331e+00 6.258914427474795983e-02
3.519682966971712631e+03 1.271115805012136279e+00 6.120501904280518934e-02
3.523202649938685681e+03 1.259531346251001827e+00 6.334697929025583096e-02
3.526725852588625457e+03 1.218738609727997746e+00 6.431951330594415372e-02
3.530252578441215064e+03 1.222820408348558985e+00 6.387637525422465434e-02
3.533782831019657806e+03 1.243206712584816520e+00 6.296642354042766843e-02
3.537316613850678550e+03 1.258861634729327994e+00 6.268204178073039090e-02
3.540853930464530094e+03 1.262889982158489133e+00 6.412348390541816601e-02
3.544394784394995895e+03 1.290037360893865559e+00 6.543018886792247024e-02
3.547939179179392340e+03 1.290642195165064177e+00 6.547882987729725102e-02
3.551487118358572843e+03 1.305044168603639587e+00 6.617206698722789826e-02
3.555038605476932389e+03 1.305625369794950474e+00 6.501068817344371475e-02
3.558593644082410719e+03 1.342231555238235563e+00 6.257925524319067623e-02
3.562152237726494150e+03 1.365200905059142933e+00 6.207543870156885524e-02
3.565714389964221937e+03 1.365235414923495538e+00 6.219409670765140008e-02
3.569280104354187188e+03 1.369745893323161212e+00 6.192025758624494086e-02
3.572849384458542772e+03 1.355376760078778275e+00 5.970294996861621323e-02
3.576422233843002232e+03 1.329974494670500773e+00 5.901794518382825344e-02
3.579998656076846601e+03 1.314973815549872915e+00 5.817009667986550864e-02
3.583578654732924406e+03 1.318666882664841555e+00 5.631604686442925889e-02
3.587162233387658489e+03 1.317381591620315540e+00 5.596347395241194067e-02
3.590749395621047370e+03 1.303667281204997197e+00 5.615826981241556215e-02
3.594340145016669794e+03 1.307222722209653520e+00 5.734424728055489973e-02
3.597934485161687462e+03 1.308366080843693657e+00 5.759541580551067602e-02
3.601532419646850485e+03 1.301897251778576958e+00 5.764378845560291786e-02
3.605133952066498296e+03 1.301322976678319199e+00 5.774930981762187859e-02
3.608739086018566013e+03 1.277221280495198119e+00 5.588041523850435788e-02
3.612347825104585809e+03 1.228176041167980515e+00 5.061276080175087372e-02
3.615960172929691907e+03 1.216242608764972921e+00 5.038644988996607288e-02
3.619576133102622407e+03 1.249233432167467850e+00 5.176537036941862568e-02
3.623195709235726554e+03 1.282563289334302192e+00 5.314038576662994534e-02
3.626818904944963379e+03 1.304861807941321672e+00 5.197791208346946856e-02
3.630445723849909427e+03 1.322638671641784391e+00 5.199548791459485120e-02
3.634076169573760581e+03 1.348213148849674914e+00 5.205717210604290240e-02
3.637710245743335690e+03 1.352446146432015217e+00 4.949080459746917765e-02
3.641347955989080219e+03 1.358991198845994619e+00 4.990917752586213757e-02
3.644989303945070333e+03 1.374070760545773595e+00 4.977655822259324098e-02
3.648634293249016537e+03 1.390110621730722418e+00 5.113528553177161540e-02
3.652282927542266862e+03 1.379289612073500759e+00 5.127195627941904393e-02
3.655935210469810499e+03 1.372792498897841496e+00 5.115384519072947722e-02
3.659591145680281443e+03 1.358326791365581654e+00 4.939115072361222741e-02
3.663250736825963031e+03 1.353227199823645366e+00 4.930980138179984901e-02
3.666913987562790226e+03 1.355174393473369765e+00 4.918186521308474946e-02
3.670580901550354156e+03 1.357054138203478866e+00 4.798508165832929273e-02
3.674251482451905758e+03 1.366275405404092202e+00 5.259370541556779299e-02
3.677925733934358959e+03 1.404498056431759734e+00 5.975289471457662094e-02
3.681603659668294313e+03 1.341276621668753943e+00 7.100004432132503429e-02
3.685285263327964003e+03 1.268147170124266587e+00 8.098912346562292530e-02
3.688970548591293209e+03 1.237151572036525149e+00 8.304109946251729546e-02
3.692659519139885560e+03 1.227144560812997387e+00 8.310299492233506891e-02
3.696352178659026777e+03 1.246181153148544718e+00 8.264601560856324469e-02
3.700048530837686940e+03 1.309193902442383317e+00 8.341589830077875134e-02
3.703748579368525952e+03 1.373675239940503667e+00 8.557120614824804961e-02
3.707452327947895355e+03 1.449173839110778683e+00 8.613524840726094478e-02
3.711159780275844696e+03 1.509656958092522760e+00 8.761419348500340543e-02
3.714870940056121526e+03 1.551652638269046536e+00 8.801577130040622032e-02
3.718585810996179134e+03 1.590703662082214809e+00 8.878473083713174507e-02
3.722304396807176545e+03 1.654914205474955935e+00 8.632700611728746920e-02
3.726026701203984885e+03 1.690695829800473948e+00 8.813519731450697448e-02
3.729752727905190113e+03 1.700482750146635968e+00 8.808031880716118978e-02
3.733482480633096657e+03 1.696552199385182647e+00 8.806730981430428706e-02
3.737215963113731050e+03 1.653090287011263149e+00 9.118198887519307627e-02
3.740953179076846027e+03 1.617782967230853242e+00 9.004765516780052770e-02
3.744694132255923705e+03 1.607252667466670060e+00 8.972580845447074294e-02
3.748438826388181042e+03 1.553004093830777643e+00 9.119115980103241481e-02
3.752187265214570289e+03 1.470065891747357467e+00 8.318315497124328939e-02
3.755939452479786269e+03 1.415312946683347395e+00 8.175512665510677179e-02
3.759695391932267285e+03 1.398623002399582704e+00 8.347861496004184423e-02
3.763455087324201031e+03 1.389026843725380322e+00 8.419901257558772001e-02
3.767218542411526414e+03 1.413173047928582893e+00 8.417901042439042414e-02
3.770985760953939007e+03 1.451442183219702642e+00 7.756840481177146307e-02
3.774756746714894234e+03 1.517218282751157554e+00 6.203658818155573240e-02
3.778531503461610555e+03 1.467880733488631240e+00 5.011488248695893793e-02
3.782310034965073100e+03 1.468838627501340088e+00 5.077549610996965473e-02
3.786092345000039586e+03 1.468693841480169571e+00 5.133673065663550694e-02
3.789878437345040766e+03 1.486290609021980069e+00 5.010747220944798686e-02
3.793668315782387253e+03 1.518624981940183583e+00 5.089596142911947257e-02
3.797461984098170888e+03 1.547827121992165322e+00 5.085071994240369236e-02
3.801259446082270188e+03 1.586208937512189721e+00 5.478315943033234409e-02
3.805060705528353537e+03 1.617959050660459308e+00 5.306853241085451173e-02
3.808865766233883278e+03 1.602196340903553562e+00 5.415805002008853425e-02
3.812674632000118436e+03 1.589963045900835370e+00 5.352453854106581366e-02
3.816487306632119726e+03 1.598809486168929039e+00 5.233157323927085935e-02
3.820303793938753188e+03 1.579184888070284565e+00 4.795974498552837972e-02
3.824124097732693372e+03 1.545759178442323467e+00 4.796675638245587875e-02
3.827948221830427428e+03 1.519281912884582031e+00 4.797204187250741353e-02
3.831776170052258749e+03 1.466289697191917263e+00 5.265556308769408361e-02
3.835607946222312421e+03 1.429976893840887442e+00 5.438604252080717072e-02
3.839443554168536139e+03 1.407991770518811858e+00 5.440848379085608255e-02
3.843282997722705659e+03 1.417891790330895185e+00 5.380943995919190009e-02
3.847126280720429804e+03 1.470786960532564969e+00 5.503982249564094015e-02
3.850973407001151372e+03 1.569527062156301778e+00 5.777706040504529406e-02
3.854824380408153957e+03 1.676124368284867439e+00 5.711931293861647468e-02
3.858679204788563311e+03 1.774808662453644548e+00 5.950479539794410744e-02
3.862537883993353262e+03 1.867322313168812586e+00 5.676869690677241453e-02
3.866400421877347981e+03 1.888289892051150609e+00 5.881521777692242520e-02
3.870266822299226533e+03 1.887166599023175406e+00 5.916876945011990963e-02
3.874137089121526969e+03 1.875469670258091526e+00 6.222255564405518996e-02
3.878011226210649966e+03 1.857499316461802108e+00 6.184990080478205976e-02
3.881889237436861549e+03 1.825702452733966474e+00 6.135283307257967389e-02
3.885771126674299921e+03 1.803778676354473642e+00 6.436924409185963702e-02
3.889656897800975457e+03 1.758841294717135462e+00 5.979092637909601271e-02
3.893546554698777527e+03 1.726956580430876409e+00 5.692303224589135430e-02
3.897440101253477678e+03 1.725775439650676146e+00 5.710741652174457922e-02
3.901337541354732366e+03 1.752963233849041513e+00 5.716954223695228099e-02
3.905238878896088409e+03 1.825345413511722192e+00 5.814506630636329804e-02
3.909144117774985716e+03 1.900615595909491251e+00 5.424823055231850488e-02
3.913053261892762293e+03 1.929123274956305201e+00 5.228961486911703344e-02
3.916966315154656058e+03 1.951098833595503734e+00 5.232462792360715459e-02
3.920883281469812118e+03 1.992880759575143212e+00 4.948947154668380949e-02
3.924804164751283224e+03 1.965465727744288627e+00 4.494615787407504892e-02
3.928728968916035683e+03 1.955416300280205855e+00 4.342270915605233456e-02
3.932657697884953450e+03 1.957841459820802044e+00 4.238214839798406380e-02
3.936590355582839493e+03 1.971985426757955073e+00 4.042777001050312791e-02
3.940526945938423523e+03 1.974745184642942908e+00 4.109258184909066886e-02
3.944467472884363360e+03 1.965721723901364237e+00 4.149170800017162875e-02
3.948411940357249023e+03 1.947301613031952705e+00 4.287621661050765309e-02
3.952360352297607733e+03 1.888820124680710144e+00 4.391659384587249387e-02
3.956312712649906643e+03 1.860481452037409111e+00 4.453919061120166500e-02
3.960269025362557841e+03 1.827928284024079142e+00 4.662015536691141437e-02
3.964229294387921527e+03 1.781705655029833357e+00 4.899351495876737295e-02
3.968193523682310570e+03 1.766973991483770101e+00 4.830506696666428401e-02
3.972161717205994591e+03 1.741491494617335434e+00 4.653749286154438419e-02
3.976133878923201792e+03 1.744694791890834873e+00 5.196543040046836676e-02
3.980110012802126221e+03 1.715596783868262865e+00 5.044341568968106065e-02
3.984090122814929600e+03 1.737308844123628848e+00 4.870994970803308594e-02
3.988074212937745870e+03 1.732301682164023138e+00 4.904151316960405488e-02
3.992062287150684824e+03 1.742493031297339012e+00 4.869652775317346444e-02
3.996054349437837118e+03 1.754391991776724113e+00 4.836658979170112282e-02
4.000050403787276082e+03 1.745222427233984241e+00 4.831175169167346156e-02
4.004050454191064546e+03 1.769303838328790457e+00 4.861387000214449639e-02
4.008054504645257111e+03 1.767375758855807000e+00 4.853256075862578955e-02
4.012062559149903791e+03 1.757137174660009293e+00 4.843614807249645160e-02
4.016074621709055009e+03 1.747366908780481509e+00 4.733955498473747803e-02
4.020090696330765240e+03 1.743909394108188016e+00 4.839413801702159568e-02
4.024110787027097558e+03 1.745795738047775547e+00 4.827347681519739836e-02
4.028134897814125907e+03 1.755566176420323643e+00 4.702275056895414279e-02
4.032163032711941469e+03 1.746079958836924240e+00 4.708646459090569392e-02
4.036195195744654484e+03 1.730540710112368430e+00 4.666140731275415787e-02
4.040231390940400615e+03 1.680501270248218271e+00 4.214982589627785242e-02
4.044271622331342314e+03 1.638618840868963700e+00 4.121441103715368232e-02
4.048315893953675186e+03 1.615543644663126610e+00 4.103930208093702764e-02
4.052364209847629809e+03 1.629650938010733352e+00 4.021743100371540092e-02
4.056416574057479011e+03 1.599977708212802163e+00 3.906959289411601061e-02
4.060472990631537868e+03 1.595018944972321329e+00 3.769082527357996842e-02
4.064533463622170530e+03 1.569551509842722403e+00 3.765302545930302586e-02
4.068597997085794304e+03 1.544316227472351866e+00 3.725373599454116086e-02
4.072666595082881486e+03 1.505283336439799946e+00 3.736533119361172550e-02
4.076739261677965715e+03 1.460369231155401071e+00 3.565960665812244884e-02
4.080816000939644709e+03 1.447933031878730903e+00 3.714742714930764633e-02
4.084896816940585722e+03 1.461166417644697901e+00 3.881720741525125640e-02
4.088981713757527814e+03 1.452558245673002846e+00 3.872150844581386669e-02
4.093070695471286854e+03 1.410304792031594978e+00 4.468122434184275404e-02
4.097163766166759160e+03 1.401376010425275487e+00 4.345425692284340946e-02
4.101260929932927866e+03 1.414172174118634384e+00 4.378844562388062300e-02
4.105362190862862008e+03 1.424138544116162919e+00 4.343868414249558996e-02
4.109467553053726078e+03 1.446012251074417998e+00 4.155202142571784441e-02
4.113577020606780934e+03 1.477587348920169186e+00 4.181200787421612136e-02
4.117690597627389252e+03 1.494552553714274756e+00 4.249675803912299210e-02
4.121808288225018259e+03 1.496967740606669928e+00 4.130242718410449126e-02
4.125930096513244280e+03 1.524353348609211345e+00 4.350692832161844048e-02
4.130056026609759101e+03 1.545215481331011498e+00 4.259013694245182557e-02
4.134186082636369974e+03 1.569443415910913187e+00 4.296539647663937672e-02
4.138320268719007800e+03 1.583745595356397917e+00 4.244061312814202680e-02
4.142458588987728035e+03 1.584579595578945455e+00 4.379870966005852684e-02
4.146601047576717065e+03 1.577930775618950010e+00 4.554789700737162106e-02
4.150747648624294925e+03 1.582313185311568615e+00 4.639721273758772718e-02
4.154898396272920763e+03 1.593607885296430826e+00 4.786904348603521903e-02
4.159053294669195566e+03 1.579917858935263597e+00 4.737686868481784386e-02
4.163212347963865795e+03 1.586296632968172915e+00 4.509119616027722904e-02
4.167375560311830668e+03 1.599705694312140158e+00 4.467132717459158797e-02
4.171542935872143971e+03 1.574204763067504231e+00 4.254785029636157928e-02
4.175714478808017702e+03 1.569458385779479048e+00 4.066451661783282434e-02
4.179890193286827525e+03 1.574561483215578761e+00 3.879800099370785821e-02
4.184070083480115500e+03 1.557789117061564976e+00 3.938228754241249879e-02
4.188254153563597356e+03 1.563498934261912776e+00 4.059004543939550430e-02
4.192442407717161586e+03 1.594859164161587461e+00 4.473686663895318910e-02
4.196634850124880359e+03 1.585848776018725426e+00 4.373926303953330763e-02
4.200831484975006788e+03 1.581279011585089878e+00 4.447456327687085431e-02
4.205032316459983122e+03 1.602189613767403209e+00 4.383543355352038928e-02
4.209237348776444378e+03 1.609517365076003959e+00 4.253304904921983987e-02
4.213446586125221984e+03 1.665117327605988740e+00 4.454132277925932498e-02
4.217660032711349231e+03 1.713601825309276849e+00 4.356810807995988716e-02
4.221877692744061278e+03 1.731898555413637908e+00 4.575660082843913123e-02
4.226099570436806971e+03 1.747266107725264916e+00 4.475811851726328033e-02
4.230325670007245208e+03 1.751044222211612489e+00 4.433201476059252938e-02
4.234555995677254032e+03 1.766356698822765248e+00 4.579318995521907548e-02
4.238790551672932452e+03 1.789957117654649155e+00 4.509204902546619376e-02
4.243029342224606808e+03 1.790515304124888019e+00 4.713095425769144031e-02
4.247272371566832589e+03 1.780821197061149830e+00 4.582244333658421626e-02
4.251519643938400804e+03 1.754620368307562295e+00 4.747560276637579485e-02
4.255771163582340705e+03 1.723718592717734310e+00 4.773076621345716253e-02
4.260026934745924336e+03 1.732689408616500337e+00 4.913179592613541730e-02
4.264286961680671993e+03 1.684286754951431986e+00 4.703721798979176860e-02
4.268551248642354039e+03 1.679740416409263748e+00 4.892292385287416723e-02
4.272819799890998183e+03 1.708774898893836047e+00 4.302466637767955043e-02
4.277092619690890388e+03 1.695654216484029364e+00 4.465027372129408423e-02
4.281369712310583054e+03 1.701017332080385414e+00 4.396705615560154989e-02
4.285651082022895025e+03 1.710251731178029422e+00 4.621841353740918645e-02
4.289936733104918858e+03 1.699162676818254614e+00 4.549744256626854499e-02
4.294226669838025373e+03 1.702457368755911915e+00 4.697198115185750866e-02
4.298520896507864563e+03 1.704059299983828435e+00 4.710192458856152925e-02
4.302819417404373780e+03 1.718096069436591433e+00 4.797895014990263135e-02
4.307122236821779552e+03 1.731768845107177990e+00 4.780378277398268649e-02
4.311429359058603040e+03 1.733302920180255446e+00 4.698432891822272583e-02
4.315740788417662770e+03 1.731676032641018992e+00 4.752452633765234802e-02
4.320056529206081905e+03 1.765349073232471255e+00 4.512076850475398027e-02
4.324376585735290064e+03 1.805070352736656059e+00 4.526503535305003573e-02
4.328700962321026054e+03 1.798233297542074949e+00 4.733834246810190993e-02
4.333029663283348782e+03 1.777671160220925417e+00 4.769483036489480937e-02
4.337362692946633615e+03 1.792407231310995552e+00 4.779091718348534024e-02
4.341700055639581478e+03 1.837085578151977261e+00 4.689595799011283400e-02
4.346041755695222491e+03 1.850552815934673356e+00 4.733679305066514076e-02
4.350387797450919606e+03 1.884658991184590349e+00 4.611377130383993717e-02
4.354738185248371337e+03 1.887133487923935427e+00 4.614712993374073258e-02
4.359092923433621763e+03 1.852168517657747371e+00 4.953951821130572059e-02
4.363452016357056891e+03 1.843125446396708389e+00 5.119602056095432646e-02
4.367815468373414660e+03 1.859549150250683347e+00 5.153081333254150992e-02
4.372183283841789489e+03 1.858881585630180133e+00 4.982279418801643239e-02
4.376555467125633186e+03 1.831170175182392557e+00 5.064741075435271606e-02
4.380932022592760404e+03 1.812120231347047250e+00 4.942513465289508079e-02
4.385312954615354101e+03 1.779559306988333978e+00 4.949254075348490101e-02
4.389698267569970994e+03 1.763620916806467154e+00 4.783794962535668077e-02
4.394087965837542470e+03 1.779690759389110033e+00 5.070945792095567228e-02
4.398482053803381859e+03 1.784991633980665071e+00 4.995085286079946341e-02
4.402880535857186260e+03 1.786156813733077664e+00 4.943663347598533514e-02
4.407283416393044718e+03 1.802743526088176562e+00 4.672407939945906474e-02
4.411690699809440048e+03 1.766445231837863394e+00 4.585019719270781030e-02
4.416102390509250654e+03 1.721700095329993241e+00 4.403841385155345817e-02
4.420518492899761441e+03 1.702203523103940075e+00 4.556122657570966378e-02
4.424939011392662906e+03 1.679830923914988228e+00 4.569901154569299545e-02
4.429363950404056595e+03 1.681234608584521339e+00 4.915224441124196181e-02
4.433793314354462382e+03 1.692722119345038578e+00 4.891902506834266279e-02
4.438227107668818462e+03 1.717211642458476684e+00 4.857293332328390528e-02
4.442665334776488635e+03 1.711039875536059851e+00 4.690806364326446931e-02
4.447108000111265937e+03 1.723642210192338542e+00 4.485767843040170538e-02
4.451555108111379013e+03 1.778230511077779408e+00 4.186816848059813495e-02
4.456006663219492111e+03 1.818261692597102241e+00 4.077725211670201605e-02
4.460462669882713271e+03 1.832120095897690870e+00 4.019246179312547379e-02
4.464923132552597053e+03 1.797574843963985147e+00 4.295948696671075123e-02
4.469388055685150903e+03 1.766318597360031717e+00 4.108241372920001799e-02
4.473857443740837880e+03 1.739016882199317715e+00 4.198738305398991982e-02
4.478331301184580298e+03 1.720057380983678330e+00 4.300657422486429959e-02
4.482809632485766087e+03 1.718321823361191880e+00 3.949692658756421421e-02
4.487292442118253348e+03 1.710759886590278001e+00 3.876052615960026010e-02
4.491779734560373072e+03 1.773681420772715622e+00 3.751601763424458613e-02
4.496271514294934605e+03 1.843140986442044271e+00 4.224721902624162251e-02
4.500767785809231100e+03 1.885444598997302768e+00 4.308338127013739555e-02
4.505268553595042249e+03 1.926133028724922758e+00 4.434508303254579981e-02
4.509773822148638828e+03 1.959071944561837419e+00 4.364046228868198596e-02
4.514283595970789065e+03 1.920507009480388438e+00 4.755220594569462694e-02
4.518797879566761367e+03 1.918859639093768665e+00 4.697927926551082045e-02
4.523316677446328868e+03 1.886617501045349865e+00 4.875849477172507218e-02
4.527839994123776705e+03 1.845867099983457660e+00 4.794643065260114495e-02
4.532367834117902021e+03 1.798972664964744839e+00 4.338377199349786190e-02
4.536900201952022144e+03 1.793314287660950468e+00 4.516909823711152960e-02
4.541437102153975502e+03 1.798061623641566076e+00 4.557082483632356879e-02
4.545978539256130716e+03 1.822527275201896613e+00 4.527500471203004667e-02
4.550524517795388419e+03 1.843257917415963121e+00 4.561428921933127073e-02
4.555075042313184895e+03 1.885302082846760818e+00 4.402797907239901221e-02
4.559630117355500261e+03 1.942602890986075748e+00 4.394311251294241716e-02
4.564189747472856652e+03 1.952387243992506516e+00 4.447271895876109965e-02
4.568753937220330954e+03 1.989007470155271573e+00 4.431453871212309714e-02
4.573322691157552981e+03 1.958793174460539133e+00 4.544564591274009163e-02
4.577896013848711846e+03 1.967403469051068221e+00 4.573245810712505549e-02
4.582473909862562323e+03 1.968458319122340594e+00 4.763569598529424770e-02
4.587056383772426670e+03 1.953170321212555960e+00 4.849397986674544581e-02
4.591643440156200086e+03 1.940707784075144549e+00 4.932279168722182583e-02
4.596235083596357981e+03 1.966738130671588758e+00 4.687369839205180605e-02
4.600831318679955984e+03 1.940667505917961888e+00 4.494743012900635770e-02
4.605432149998637215e+03 1.924185007395888158e+00 4.481695751885421408e-02
4.610037582148637739e+03 1.906714055546870012e+00 4.437861563770894441e-02
4.614647619730787483e+03 1.916413461277087116e+00 4.475036225821839991e-02
4.619262267350520233e+03 1.922021103331408298e+00 4.378659751484628021e-02
4.623881529617872729e+03 1.935238281231145052e+00 4.727134728816363013e-02
4.628505411147491941e+03 1.960739855919488628e+00 4.919716707221398477e-02
4.633133916558640522e+03 1.994205259123519536e+00 5.003080839900181376e-02
4.637767050475200449e+03 1.980497050512278090e+00 5.046628271181716197e-02
4.642404817525677572e+03 1.957390543907866487e+00 5.263058357462346154e-02
4.647047222343205249e+03 1.902281698248810882e+00 5.550535343383609238e-02
4.651694269565549803e+03 1.879962868480745231e+00 5.221727867122924471e-02
4.656345963835116891e+03 1.874352790258414725e+00 5.255228216468281477e-02
4.661002309798953320e+03 1.834309435636857888e+00 5.071647855769612773e-02
4.665663312108753416e+03 1.826530520814241054e+00 4.969817943691667850e-02
4.670328975420864481e+03 1.815459718044508008e+00 5.191501882920619704e-02
4.674999304396286789e+03 1.811310621685235933e+00 5.119330884468141496e-02
4.679674303700684504e+03 1.804942789003166848e+00 4.877698752018060080e-02
4.684353978004386590e+03 1.771921725561494299e+00 4.976771168903014464e-02
4.689038331982392265e+03 1.796459846537439731e+00 5.009491055176844981e-02
4.693727370314376458e+03 1.771662229934691801e+00 4.987377587955529185e-02
4.698421097684692540e+03 1.747887208971350415e+00 5.079009207448897945e-02
4.703119518782378691e+03 1.716126864403853647e+00 5.030425889583567400e-02
4.707822638301162442e+03 1.680376888452386863e+00 5.066465227325054471e-02
4.712530460939465229e+03 1.592735789826929871e+00 4.912982215138129993e-02
4.717242991400406027e+03 1.608505129703405867e+00 4.830781326844877516e-02
4.721960234391808626e+03 1.598490411371957798e+00 4.588966663680393854e-02
4.726682194626201635e+03 1.576943257110874574e+00 4.731865982449909996e-02
4.731408876820829391e+03 1.565452963330789427e+00 4.570824325740759780e-02
4.736140285697651962e+03 1.535836624916391946e+00 4.456340631165670724e-02
4.740876425983350600e+03 1.536222900559685689e+00 4.362004476024336497e-02
4.745617302409335934e+03 1.521286589854539573e+00 4.514170273076590495e-02
4.750362919711747054e+03 1.520254188838712439e+00 4.597981642331967073e-02
4.755113282631459697e+03 1.517952506467044493e+00 4.515948625372225717e-02
4.759868395914093526e+03 1.531845060937548464e+00 4.240188668401694699e-02
4.764628264310008490e+03 1.521791832255201982e+00 4.216347367474381630e-02
4.769392892574320285e+03 1.500512988682677351e+00 4.530144751132543501e-02
4.774162285466896719e+03 1.471463712258235912e+00 4.373677400782514935e-02
4.778936447752364984e+03 1.470996105984138769e+00 4.215546954964016768e-02
4.783715384200118933e+03 1.442257099320188640e+00 4.249197255554475888e-02
4.788499099584319993e+03 1.437723329707429665e+00 4.308040731958906466e-02
4.793287598683906253e+03 1.465779749894280171e+00 4.362560085714972669e-02
4.798080886282591564e+03 1.467918284765663328e+00 4.283132521728564429e-02
4.802878967168876443e+03 1.448427489890801834e+00 4.216304632769202199e-02
4.807681846136046261e+03 1.440733426068794287e+00 4.151618318644007682e-02
4.812489527982183972e+03 1.432884315942497544e+00 4.341884832268438910e-02
4.817302017510168298e+03 1.445843304040534960e+00 4.544891384950275337e-02
4.822119319527679181e+03 1.472429034192885844e+00 4.876252446928529966e-02
4.826941438847208701e+03 1.436060045668122731e+00 6.367180009087665404e-02
4.831768380286057436e+03 1.507870936405865336e+00 6.638530206440966530e-02
4.836600148666345376e+03 1.611776060878241656e+00 6.663649067286316063e-02
4.841436748815013743e+03 1.850208387588783365e+00 6.102955857634805026e-02
4.846278185563829538e+03 2.022349684892695176e+00 7.096564387857394463e-02
4.851124463749395545e+03 2.151682045916526675e+00 6.890731381352613316e-02
4.855975588213146693e+03 2.157093456827189115e+00 6.852298986511157208e-02
4.860831563801360971e+03 2.167982252527267395e+00 6.869518669933519228e-02
4.865692395365163975e+03 2.153446641282768859e+00 7.283945980845636659e-02
4.870558087760530725e+03 2.162302436156667174e+00 7.125429401122514161e-02
4.875428645848292945e+03 2.077111040526447461e+00 7.309583019912892221e-02
4.880304074494142696e+03 1.951692206528536255e+00 7.302297351210859655e-02
4.885184378568638749e+03 1.849482492618366614e+00 6.919594389309714766e-02
4.890069562947209306e+03 1.692628081965726450e+00 6.556578126490957004e-02
4.894959632510157462e+03 1.642497611739853092e+00 5.817584671850965783e-02
4.899854592142669389e+03 1.665428826336593726e+00 6.278242287250264397e-02
4.904754446734813428e+03 1.686356717238881586e+00 6.501249945735212976e-02
4.909659201181550088e+03 1.630920530201122487e+00 6.144087347291014856e-02
4.914568860382732964e+03 1.586553241693244409e+00 6.260066814534262503e-02
4.919483429243117826e+03 1.545555925878994152e+00 5.993450109904088080e-02
4.924402912672362618e+03 1.664361800100093935e+00 4.485268248030668120e-02
4.929327315585036558e+03 1.714946549195945913e+00 4.582232979351875263e-02
4.934256642900622865e+03 1.738175455710927908e+00 4.562567585218947619e-02
4.939190899543525120e+03 1.759946335548348229e+00 4.733932158144001090e-02
4.944130090443070912e+03 1.764247846052825697e+00 4.826050757133139302e-02
4.949074220533515472e+03 1.790467812289928906e+00 4.846399667642522363e-02
4.954023294754050767e+03 1.795622659210236005e+00 4.894485466325655676e-02
4.958977318048806410e+03 1.809735016643019279e+00 5.003645175688331559e-02
4.963936295366856939e+03 1.781619349513447359e+00 5.816033919995093615e-02
4.968900231662225451e+03 1.677428881251041171e+00 6.864623150434685794e-02
4.973869131893889062e+03 1.655559227494197261e+00 7.376780635831443889e-02
4.978843001025784361e+03 1.688991501068498602e+00 7.466105749205373399e-02
4.983821844026811959e+03 1.735262945035701110e+00 7.670457454696245903e-02
4.988805665870840130e+03 1.752218700286286124e+00 7.597594535186130704e-02
4.993794471536712990e+03 1.768371261232012159e+00 7.616763772080009653e-02
4.998788266008251412e+03 1.791032430354753346e+00 7.690345855239504036e-02
5.003787054274261209e+03 1.819819948201616411e+00 7.857200216259548065e-02
5.008790841328536771e+03 1.897393339770742982e+00 7.710400474580632324e-02
5.013799632169867436e+03 1.905558264278321534e+00 7.680621339953191962e-02
5.018813431802038394e+03 1.874784096513274934e+00 7.845466040936570351e-02
5.023832245233842514e+03 1.876312553900900904e+00 7.820687687585020642e-02
5.028856077479077612e+03 1.902912310449279332e+00 7.852974832532302885e-02
5.033884933556558281e+03 1.895731576492114989e+00 7.791499331935372585e-02
5.038918818490116792e+03 1.880900140042147450e+00 7.670974933614900515e-02
5.043957737308608557e+03 1.862210607598929313e+00 7.594606552325572357e-02
5.049001695045918495e+03 1.855849256290779570e+00 7.391495837429438998e-02
5.054050696740966487e+03 1.872881438133991328e+00 6.825924406574732095e-02
5.059104747437709193e+03 1.865405497742770979e+00 6.652130036221565179e-02
5.064163852185148244e+03 1.764045477153341368e+00 5.581518402480756952e-02
5.069228016037335692e+03 1.725875430192377991e+00 5.066421059877288663e-02
5.074297244053374015e+03 1.730435846751637197e+00 4.999557901790719489e-02
5.079371541297429758e+03 1.743902668814177881e+00 5.199177322223164088e-02
5.084450912838728073e+03 1.766888962965850629e+00 5.109203137396993444e-02
5.089535363751569093e+03 1.787244597019866710e+00 5.095279704474184324e-02
5.094624899115322478e+03 1.806074585790983678e+00 5.045686161923580715e-02
5.099719524014439230e+03 1.848852127914925925e+00 4.962531392889749093e-02
5.104819243538455339e+03 1.891327527826905053e+00 4.285987786103746117e-02
5.109924062781995417e+03 1.909666693157870299e+00 4.197142799358927895e-02
5.115033986844779065e+03 1.859091022829531425e+00 4.189343688243441638e-02
5.120149020831625421e+03 1.812117711481918247e+00 3.948184799988712496e-02
5.125269169852458617e+03 1.785781980304204319e+00 3.971520451542794733e-02
5.130394439022313236e+03 1.743330568489164234e+00 4.045005651873921637e-02
5.135524833461337039e+03 1.718855891284583715e+00 4.001792344913791127e-02
5.140660358294800062e+03 1.707256007817568033e+00 3.969512400656892426e-02
5.145801018653096435e+03 1.736026636633685616e+00 4.157657891415234702e-02
5.150946819671751655e+03 1.768968733099970381e+00 4.079355151174444971e-02
5.156097766491425318e+03 1.821722767608059179e+00 3.880836226721553345e-02
5.161253864257918394e+03 1.884943579500646393e+00 4.147920092669479808e-02
5.166415118122177773e+03 1.973209826907705411e+00 3.850158099236430931e-02
5.171581533240301724e+03 2.028167730839065985e+00 3.705020387357415429e-02
5.176753114773543530e+03 2.069387506081734163e+00 3.622326707700856269e-02
5.181929867888318768e+03 2.084645895542874161e+00 3.359558786340282460e-02
5.187111797756208944e+03 2.049464473159111844e+00 3.703682560474161334e-02
5.192298909553966951e+03 2.017002434105543252e+00 3.948054480155496759e-02
5.197491208463522526e+03 1.982952710658621553e+00 3.891964450334933767e-02
5.202688699671987706e+03 1.946329793691194743e+00 3.764386834827906925e-02
5.207891388371661378e+03 1.916620037472171800e+00 3.730250491331406348e-02
5.213099279760034733e+03 1.879838014138370594e+00 3.638387113612929352e-02
5.218312379039796724e+03 1.854235548122586508e+00 3.543952874796844205e-02
5.223530691418837705e+03 1.874906618494777355e+00 3.426567866535053936e-02
5.228754222110258524e+03 1.881394894196072975e+00 3.410775459285809302e-02
5.233982976332370527e+03 1.918044531100247196e+00 3.485148931120183452e-02
5.239216959308704645e+03 1.929779174498966743e+00 3.494029922078849965e-02
5.244456176268015042e+03 1.958159843936856159e+00 3.910654245059749790e-02
5.249700632444284565e+03 1.952007270814008599e+00 3.730159847372011006e-02
5.254950333076731113e+03 1.915433883488079525e+00 4.046608342727225222e-02
5.260205283409809454e+03 1.861792871584875053e+00 4.197621155580597702e-02
5.265465488693221232e+03 1.852800506276587766e+00 4.035403900612780093e-02
5.270730954181915877e+03 1.828347016891627153e+00 4.012844460675993319e-02
5.276001685136099695e+03 1.816533162050693928e+00 3.946788776796902182e-02
5.281277686821237694e+03 1.817836740904746673e+00 4.619319840955396494e-02
5.286558964508059944e+03 1.787256323897119747e+00 4.882669606508547450e-02
5.291845523472569766e+03 1.789479693591465193e+00 4.814165906701493164e-02
5.297137368996044643e+03 1.791373675447395009e+00 4.603363241654044591e-02
5.302434506365042580e+03 1.818525045277842089e+00 4.511709121888601848e-02
5.307736940871409388e+03 1.845881787279016750e+00 4.437710676790838221e-02
5.313044677812282316e+03 1.850624735889643269e+00 4.563454243533460186e-02
5.318357722490096421e+03 1.829837956130524468e+00 4.682711291567676071e-02
5.323676080212588204e+03 1.813672806868694920e+00 4.623271402325956903e-02
5.328999756292802886e+03 1.781387495308417668e+00 4.635680449549874765e-02
5.334328756049097137e+03 1.742810065199825953e+00 4.569886234976359984e-02
5.339663084805148173e+03 1.721171773949277339e+00 4.534496691687627673e-02
5.345002747889954662e+03 1.710506762144585746e+00 4.477260374960722461e-02
5.350347750637846730e+03 1.694138557126248390e+00 4.302824338650331620e-02
5.355698098388485960e+03 1.673475968785384405e+00 4.257357554957889173e-02
5.361053796486876308e+03 1.619351946180340951e+00 4.149090224654635589e-02
5.366414850283365013e+03 1.584027443578243544e+00 4.060843430640052876e-02
5.371781265133649867e+03 1.538407594507086529e+00 4.290729653105353203e-02
5.377153046398785591e+03 1.525486589421780170e+00 4.206646760479773595e-02
5.382530199445186554e+03 1.521992788438073507e+00 3.985677205612424279e-02
5.387912729644633146e+03 1.484472267562237713e+00 3.668319108518403038e-02
5.393300642374279960e+03 1.440919162560689193e+00 3.359245658910010174e-02
5.398693943016655794e+03 1.397775201916093391e+00 3.405529140993477505e-02
5.404092636959673655e+03 1.381498071814698747e+00 3.452821202146579699e-02
5.409496729596635305e+03 1.372906789452091880e+00 3.521900883823993883e-02
5.414906226326233991e+03 1.370302532709519516e+00 3.541395697526254771e-02
5.420321132552561721e+03 1.350904299415514043e+00 3.297324286785940917e-02
5.425741453685116539e+03 1.349865657701673882e+00 3.163450507641142606e-02
5.431167195138803436e+03 1.352290680556638369e+00 3.200647535597311161e-02
5.436598362333943442e+03 1.341035653386842830e+00 3.073896588059771284e-02
5.442034960696279086e+03 1.338177959987350896e+00 3.049691688123980574e-02
5.447476995656978033e+03 1.335163410727205902e+00 3.010808706975540497e-02
5.452924472652636723e+03 1.346048113204279861e+00 3.153477499804546030e-02
5.458377397125291282e+03 1.355726544150742452e+00 2.948946464939654344e-02
5.463835774522417523e+03 1.365899354966481738e+00 2.932273659263856525e-02
5.469299610296941864e+03 1.325225433209727965e+00 3.079852156180498332e-02
5.474768909907241323e+03 1.303817814067517400e+00 3.018790749915481811e-02
5.480243678817149885e+03 1.286354572114917438e+00 2.954086147287251010e-02
5.485723922495968509e+03 1.258791464447643227e+00 2.910548517686060641e-02
5.491209646418466946e+03 1.246574575262100693e+00 3.001338388587684869e-02
5.496700856064887375e+03 1.221870253794601346e+00 2.987474406361466037e-02
5.502197556920953502e+03 1.185216930549288783e+00 2.943714697296170510e-02
5.507699754477876013e+03 1.171067676466950314e+00 2.993697828452268617e-02
5.513207454232356213e+03 1.146350863029811595e+00 3.050057183945394101e-02
5.518720661686590574e+03 1.159536857622710526e+00 3.093022938888613863e-02
5.524239382348278923e+03 1.153814072611069275e+00 3.100866795467465548e-02
5.529763621730628984e+03 1.141252856121994563e+00 3.123512845366320859e-02
5.535293385352360929e+03 1.140507553782714290e+00 3.144041627688462515e-02
5.540828678737715563e+03 1.136440681997560986e+00 3.069827764280874324e-02
5.546369507416455235e+03 1.131762811513368217e+00 3.134335643389501297e-02
5.551915876923872929e+03 1.108173936265691495e+00 3.158472500234607572e-02
5.557467792800798634e+03 1.086323845384394193e+00 3.159595578977981989e-02
5.563025260593602070e+03 1.043584692704473849e+00 3.073590180754931164e-02
5.568588285854197238e+03 1.020535985572489368e+00 3.056453498627138138e-02
5.574156874140053333e+03 9.934063603003938647e-01 3.087435981313661065e-02
5.579731031014194741e+03 9.444918323619827527e-01 3.386924841636722999e-02
5.585310762045211050e+03 9.263813099302129483e-01 3.500016990452078924e-02
5.590896072807257951e+03 9.303264145073609770e-01 3.810232652113884622e-02
5.596486968880067252e+03 9.150327788540014717e-01 3.741384805956017578e-02
5.602083455848949598e+03 9.023585226511581237e-01 3.695414401842785079e-02
5.607685539304799931e+03 8.770834297862240003e-01 3.649890198012308712e-02
5.613293224844106589e+03 8.514840150898004278e-01 3.539795330081689506e-02
5.618906518068952209e+03 8.023539905892613788e-01 3.674408663692546595e-02
5.624525424587023736e+03 8.161364175550608335e-01 3.626342027150722402e-02
5.630149950011612418e+03 8.060637462743659443e-01 3.659399756853878860e-02
5.635780099961625638e+03 7.866548389709246969e-01 3.504518172478201382e-02
5.641415880061589633e+03 7.794778661300090228e-01 3.499183229769483455e-02
5.647057295941652228e+03 7.714185769066717047e-01 3.533047038053175465e-02
5.652704353237596479e+03 7.553871892042859360e-01 3.546204631658938372e-02
5.658357057590835211e+03 7.581694286445749276e-01 3.476327916321065442e-02
5.664015414648428305e+03 7.509938175353800816e-01 3.459709953627939510e-02
5.669679430063079053e+03 7.473300916780737380e-01 3.405522487720910596e-02
5.675349109493143260e+03 7.380888442768310798e-01 3.398347055960092983e-02
5.681024458602638333e+03 7.277879558094754175e-01 3.399484768672050156e-02
5.686705483061243285e+03 7.026871774852303520e-01 2.627522507246451977e-02
5.692392188544306009e+03 7.106413302808893828e-01 2.633299839019777669e-02
5.698084580732852373e+03 7.477863998457937589e-01 2.278343065508783849e-02
5.703782665313587131e+03 7.624580911023445262e-01 2.348816156947665726e-02
5.709486447978903016e+03 7.738690350923598249e-01 2.333581011063343147e-02
5.715195934426883468e+03 7.832223844079284625e-01 2.354898271193939241e-02
5.720911130361312644e+03 7.837747259802331223e-01 2.419285922896548258e-02
5.726632041491675409e+03 7.635107426614879955e-01 2.094726847925120275e-02
5.732358673533169167e+03 7.746243156006449304e-01 2.081500086251839715e-02
5.738091032206703858e+03 7.771270699918063629e-01 2.161670888223105394e-02
5.743829123238912871e+03 7.744536884216055572e-01 2.228632540943438142e-02
5.749572952362153046e+03 7.668995288344250261e-01 2.373343610716268509e-02
5.755322525314517407e+03 7.456746284862527663e-01 2.460887828152361068e-02
5.761077847839834249e+03 7.158358876962389594e-01 2.476646580019889812e-02
5.766838925687675328e+03 7.076318616238093107e-01 2.380282567435454757e-02
5.772605764613364954e+03 7.082921730433566765e-01 2.440267805788484332e-02
5.778378370377980900e+03 7.018030617359494183e-01 2.385614924824994154e-02
5.784156748748360769e+03 6.876011900184989534e-01 2.347378085572420295e-02
5.789940905497111089e+03 6.744766364119725299e-01 2.339465001859128424e-02
5.795730846402610041e+03 6.815054594293555867e-01 2.367615729553083220e-02
5.801526577249013826e+03 6.792618251630719861e-01 2.382198172478413450e-02
5.807328103826264851e+03 7.069777406942484577e-01 2.455297024642629292e-02
5.813135431930093546e+03 7.278800336247110980e-01 2.410420440341728976e-02
5.818948567362025642e+03 7.425564019487850276e-01 2.468360208230498468e-02
5.824767515929389447e+03 7.517187871854693615e-01 2.420548235224976447e-02
5.830592283445320390e+03 7.531326710931992574e-01 2.412092618864846577e-02
5.836422875728768304e+03 7.699065962234098448e-01 2.410600428419371055e-02
5.842259298604498326e+03 7.915705588536665616e-01 2.384289386595338928e-02
5.848101557903105459e+03 8.371496027178728649e-01 2.465133985969031674e-02
5.853949659461010015e+03 8.739915191358648139e-01 2.313117822825241574e-02
5.859803609120473084e+03 8.968849932719448192e-01 2.114845978752586883e-02
5.865663412729595620e+03 9.001888766534741348e-01 2.092910071658963395e-02
5.871529076142326630e+03 8.776182163674153269e-01 2.110838247141805582e-02
5.877400605218471355e+03 8.680204608837260860e-01 2.154200028066695013e-02
5.883278005823691274e+03 8.497104203413461398e-01 2.192291942185210091e-02
5.889161283829516833e+03 8.206223967068814185e-01 2.221303129376224483e-02
5.895050445113348360e+03 7.968821004665116448e-01 2.269549940868966983e-02
5.900945495558464245e+03 7.775365514187048133e-01 2.333692932337052758e-02
5.906846441054024581e+03 7.640070140134317400e-01 2.333365569141059720e-02
5.912753287495080258e+03 7.500547508590138523e-01 2.396013569619683328e-02
5.918666040782577511e+03 7.563046062964625671e-01 2.303633952273344970e-02
5.924584706823361557e+03 7.609083376239851315e-01 2.292880494540692690e-02
5.930509291530187511e+03 7.769535411345522835e-01 2.242384487703812102e-02
5.936439800821719473e+03 7.885028844168278095e-01 2.106440997165427362e-02
5.942376240622543264e+03 7.821893132187246467e-01 2.055724000592525774e-02
5.948318616863167335e+03 7.588356689690011203e-01 2.047942047435618793e-02
5.954266935480032771e+03 7.425490569967537757e-01 2.157437942559459199e-02
5.960221202415515108e+03 7.402943139686386509e-01 2.216117445526177149e-02
5.966181423617932523e+03 7.491042572885977524e-01 2.247166314206204205e-02
5.972147605041552197e+03 7.543411607686342224e-01 2.312642541365127549e-02
5.978119752646595771e+03 7.681229420670119268e-01 2.318806079246233873e-02
5.984097872399243897e+03 7.816108819802318752e-01 2.375792567061945151e-02
5.990081970271645332e+03 7.907680883906957892e-01 2.288549369420849605e-02
5.996072052241918755e+03 7.961133042029239215e-01 2.299429909288288471e-02
6.002068124294162772e+03 8.005582998151506979e-01 2.348071677442839511e-02
6.008070192418459555e+03 8.073666209680058214e-01 2.446769919547127012e-02
6.014078262610879392e+03 7.971137407944629549e-01 2.482466164519910382e-02
6.020092340873492503e+03 8.000866057567070921e-01 2.371940332500289267e-02
6.026112433214368139e+03 7.985233248420029462e-01 2.456392295943448517e-02
6.032138545647584579e+03 7.841430539167409952e-01 2.483603792124691734e-02
6.038170684193233683e+03 7.825260155734429235e-01 2.472795448515478084e-02
6.044208854877429076e+03 7.859034062064811366e-01 2.507512907858463688e-02
6.050253063732308874e+03 8.043808891286277074e-01 2.634390422687161656e-02
6.056303316796042964e+03 8.353059205405042320e-01 2.565097873719396002e-02
6.062359620112841185e+03 8.541311407855032289e-01 2.594586957694193161e-02
6.068421979732956061e+03 8.779717028499215425e-01 2.673071080558574175e-02
6.074490401712690982e+03 8.881729546910472894e-01 2.665105093980444859e-02
6.080564892114405666e+03 9.075350863283506708e-01 2.620442895530314398e-02
6.086645457006521610e+03 9.163414007665532379e-01 2.747233402670124641e-02
6.092732102463530282e+03 9.222293233066882756e-01 2.708518517607569689e-02
6.098824834565995843e+03 9.156942869499080651e-01 2.788287653174526329e-02
6.104923659400564247e+03 8.920951199387607833e-01 2.687458055780025251e-02
6.111028583059966877e+03 8.894385648605773742e-01 2.733151913049534573e-02
6.117139611643028729e+03 8.868167673972683351e-01 2.729385290238379308e-02
6.123256751254673873e+03 8.928530730771553348e-01 2.694899499018625286e-02
6.129380008005929994e+03 8.928060508983586274e-01 2.462030051690055829e-02
6.135509388013938405e+03 9.109600082724891301e-01 2.577869651616011837e-02
6.141644897401954040e+03 9.382079417748846462e-01 2.523327481288484622e-02
6.147786542299358189e+03 9.603387512879537624e-01 2.285724742282167071e-02
6.153934328841659408e+03 9.796751205910748661e-01 2.191480019330683746e-02
6.160088263170503524e+03 9.933371902979016843e-01 2.158154884642454752e-02
6.166248351433675452e+03 1.006852030492375816e+00 2.115144530027412637e-02
6.172414599785111022e+03 9.993232424232376676e-01 1.945205751201969577e-02
6.178587014384898794e+03 9.973942251074179310e-01 1.943281776946792841e-02
6.184765601399285515e+03 1.002157933859066929e+00 1.899951489048952794e-02
6.190950367000687038e+03 1.013385725172318397e+00 1.935908116825662412e-02
6.197141317367689226e+03 1.020546321083367403e+00 1.924759957099663951e-02
6.203338458685059777e+03 1.031968882452784619e+00 2.015632140545788736e-02
6.209541797143746408e+03 1.048407454329147281e+00 1.794010492787631930e-02
6.215751338940892310e+03 1.050836460320413224e+00 1.760170896000154417e-02
6.221967090279835247e+03 1.044181426634642973e+00 1.908755349497969628e-02
6.228189057370116643e+03 1.040803721394782055e+00 1.859402728931318707e-02
6.234417246427488863e+03 1.040959571141358841e+00 1.841271392773083382e-02
6.240651663673918847e+03 1.037487019132799615e+00 1.973039900109821790e-02
6.246892315337594482e+03 1.026336696384388292e+00 1.988338346149392741e-02
6.253139207652934601e+03 1.013515350520260538e+00 2.040799435025827252e-02
6.259392346860589896e+03 9.961901829628463378e-01 2.028634315764663368e-02
6.265651739207452010e+03 9.783852675202269200e-01 2.027102545363378486e-02
6.271917390946661726e+03 9.789985300217368680e-01 2.026462095582707776e-02
6.278189308337610782e+03 9.842108058846374963e-01 2.068795649424946814e-02
6.284467497645950061e+03 9.911581488827160280e-01 2.093930867994048609e-02
6.290751965143597772e+03 9.845101512922124209e-01 2.092058241548687761e-02
6.297042717108744000e+03 9.903641675029761782e-01 2.121877984718438873e-02
6.303339759825854344e+03 9.940460875332808310e-01 2.148442694384823659e-02
6.309643099585682648e+03 9.911441996918939346e-01 2.214555591836529433e-02
6.315952742685270096e+03 9.970293737292218461e-01 2.075557473585057378e-02
6.322268695427957937e+03 9.998555395298643900e-01 2.046517058629084354e-02
6.328590964123387494e+03 9.948819512913978924e-01 2.089748374430551794e-02
6.334919555087512890e+03 9.901046536808084664e-01 2.022319265310655242e-02
6.341254474642602872e+03 9.774116934282168767e-01 1.763568570584445050e-02
6.347595729117247174e+03 9.869616086448402825e-01 1.782869583264255070e-02
6.353943324846366522e+03 1.011774119215971490e+00 1.967177334073908976e-02
6.360297268171215364e+03 1.038424114726602232e+00 1.841365912306375946e-02
6.366657565439388236e+03 1.052828190461535529e+00 1.784537657308945743e-02
6.373024223004829764e+03 1.073309697913251703e+00 1.826831816106002510e-02
6.379397247227837397e+03 1.077301345465287330e+00 1.777640535881575695e-02
6.385776644475066860e+03 1.080539186810546726e+00 1.812094425874975073e-02
6.392162421119543978e+03 1.077342816557413263e+00 1.857752256771465910e-02
6.398554583540665590e+03 1.071814149234823654e+00 1.832026582327322614e-02
6.404953138124208635e+03 1.064878872352279959e+00 1.807868006319887644e-02
6.411358091262334710e+03 1.048860921389819456e+00 1.755539895072331935e-02
6.417769449353599157e+03 1.046294465773869309e+00 1.760703240191270266e-02
6.424187218802954703e+03 1.041025854716868038e+00 1.826546010581227286e-02
6.430611406021760558e+03 1.051048809676348395e+00 1.833762891641262452e-02
6.437042017427784231e+03 1.067160740795073837e+00 1.790178673262225739e-02
6.443479059445214261e+03 1.088255850315701379e+00 1.851610651550967407e-02
6.449922538504661134e+03 1.100370704541503208e+00 1.893596807722486633e-02
6.456372461043168187e+03 1.114580503497108577e+00 1.876467037988853448e-02
6.462828833504213435e+03 1.125373861637132267e+00 1.953402455976472468e-02
6.469291662337719572e+03 1.149094904297710329e+00 1.963312588643994008e-02
6.475760954000059428e+03 1.203605124316101671e+00 2.389404262983302329e-02
6.482236714954061426e+03 1.256963260278696648e+00 2.846527297966980688e-02
6.488718951669017770e+03 1.261094479611438279e+00 3.124159881872494091e-02
6.495207670620688987e+03 1.205578371190149767e+00 7.183913468869759789e-02
6.501702878291312118e+03 1.334243335296870114e+00 7.171198987279721326e-02
6.508204581169605262e+03 1.390426253924603950e+00 1.060317403087330523e-01
6.514712785750777584e+03 1.688575800032149354e+00 1.045654625590170111e-01
6.521227498536530220e+03 2.022556608086018226e+00 6.334892359121448158e-02
6.527748726035069012e+03 2.493231721176530247e+00 6.641931167976461436e-02
6.534276474761106329e+03 3.514661922654886084e+00 1.262820433643694895e-01
6.540810751235869247e+03 4.479359278408853839e+00 1.459912399533228600e-01
6.547351561987107743e+03 5.752603086918798070e+00 1.547822478885609310e-01
6.553898913549096505e+03 6.797048888254892063e+00 1.637901991599221563e-01
6.560452812462647671e+03 7.133836831862611305e+00 1.610058215015508776e-01
6.567013265275112644e+03 6.758999467834378549e+00 1.670306361966961417e-01
6.573580278540390282e+03 5.934198354307469891e+00 1.685359629323920083e-01
6.580153858818932349e+03 4.797601023592301672e+00 1.662058767958597971e-01
6.586734012677753526e+03 3.572915750274240132e+00 1.485888380065142622e-01
6.593320746690433225e+03 2.778715599276476489e+00 9.822115310525959819e-02
6.599914067437126505e+03 2.153346546172264731e+00 5.560465174295097651e-02
6.606513981504565891e+03 1.641788717909870243e+00 4.880449180959323119e-02
6.613120495486072286e+03 1.355252434119889937e+00 4.988911891341014232e-02
6.619733615981560433e+03 1.235166893868299809e+00 3.070102649322633756e-02
6.626353349597544366e+03 1.083245349761930765e+00 2.869776273769318944e-02
6.632979702947143778e+03 9.209319568326754801e-01 3.281202246195705913e-02
6.639612682650093120e+03 8.855479453502402842e-01 3.019480307048518289e-02
6.646252295332745234e+03 8.711910009611905092e-01 2.890128153231772551e-02
6.652898547628080451e+03 8.788355180464728633e-01 2.512024844758807898e-02
6.659551446175711135e+03 8.095128903596713332e-01 2.370922246516199428e-02
6.666210997621888964e+03 7.819489542403206261e-01 2.324763022345690752e-02
6.672877208619513112e+03 7.517439008082518193e-01 2.332851692589504519e-02
6.679550085828134797e+03 7.240250832137469228e-01 2.322270418051278207e-02
6.686229635913964557e+03 7.100879062043928824e-01 2.285636142716586730e-02
6.692915865549881346e+03 6.979288128964661331e-01 2.224640948412182420e-02
6.699608781415433441e+03 6.873307584361123546e-01 2.132945162215299853e-02
6.706308390196851178e+03 6.896839791760844829e-01 2.142907134019915449e-02
6.713014698587049679e+03 6.930641161324265775e-01 2.208102418284222518e-02
6.719727713285638856e+03 6.896099030877415048e-01 2.234353044588358733e-02
6.726447440998927050e+03 6.920927665502062398e-01 2.198501797562036481e-02
6.733173888439928305e+03 6.801805678046426440e-01 2.219020792813530818e-02
6.739907062328370557e+03 6.787913152776879899e-01 2.074134083813554755e-02
6.746646969390701088e+03 6.508236791029708979e-01 2.101053375140456494e-02
6.753393616360093802e+03 6.129973568199118539e-01 2.071697083965913511e-02
6.760147009976456502e+03 5.743420338009963544e-01 2.070467709794271763e-02
6.766907156986434529e+03 5.431850297787250703e-01 1.945111925101610309e-02
6.773674064143423493e+03 5.312535391338122359e-01 1.962228171674841246e-02
6.780447738207569273e+03 5.342649828571226500e-01 1.844904100557460958e-02
6.787228185945778932e+03 5.312699872637093312e-01 1.776006078365745602e-02
6.794015414131727084e+03 5.353728550553170651e-01 1.605057709487081596e-02
6.800809429545861349e+03 5.550082496379842301e-01 1.691277338908765346e-02
6.807610238975408720e+03 5.479571883931058096e-01 1.707176854323071147e-02
6.814417849214386479e+03 5.531563411605010527e-01 1.687468885037980704e-02
6.821232267063603103e+03 5.475142610411686261e-01 1.724333440872831760e-02
6.828053499330669183e+03 5.462655757890871877e-01 1.723961299968605407e-02
6.834881552830001965e+03 5.379584059209513436e-01 1.746676648131002818e-02
6.841716434382834450e+03 5.327507831406528283e-01 1.766693764401987624e-02
6.848558150817219939e+03 5.216048308246005183e-01 1.598509920683076346e-02
6.855406708968039311e+03 5.124365185916810450e-01 1.707267785921324707e-02
6.862262115677009206e+03 5.202935565953004105e-01 1.933529156421964074e-02
6.869124377792688392e+03 5.180927917233999480e-01 1.941016785029415354e-02
6.875993502170483225e+03 5.267880466687179242e-01 1.953048571821369706e-02
6.882869495672656740e+03 5.336106550841486218e-01 1.935630684971776164e-02
6.889752365168331380e+03 5.294224380016281373e-01 1.905549701391942227e-02
6.896642117533501732e+03 5.344216857065422488e-01 1.875377308396911427e-02
6.903538759651037253e+03 5.298141056870121490e-01 1.871047421343099287e-02
6.910442298410691365e+03 5.336283608786765997e-01 1.933986760504094807e-02
6.917352740709104182e+03 5.294976670218481951e-01 1.931842905513814906e-02
6.924270093449815249e+03 5.200723596899650136e-01 2.005694021621362219e-02
6.931194363543267173e+03 5.177276716296420611e-01 2.085601513880774860e-02
6.938125557906812901e+03 5.206256675408810208e-01 2.085951159293666576e-02
6.945063683464722089e+03 5.291554520373026316e-01 2.079051854496810625e-02
6.952008747148189286e+03 5.367538079394342798e-01 2.059446582523595873e-02
6.958960755895339389e+03 5.388721958547039170e-01 2.043854070330090866e-02
6.965919716651237650e+03 5.415159778276360525e-01 2.008119727017689676e-02
6.972885636367890584e+03 5.553019687247445768e-01 2.009877127727950283e-02
6.979858522004260521e+03 5.564213893539075029e-01 2.012787411504080720e-02
6.986838380526267429e+03 5.527709863830732040e-01 1.979228298055649149e-02
6.993825218906796181e+03 5.609838943774003717e-01 1.889712946201247551e-02
7.000819044125705659e+03 5.672875548738228746e-01 1.821461552226226119e-02
7.007819863169833297e+03 5.740215600647445848e-01 1.820531552206682696e-02
7.014827683033005087e+03 5.839654266789042758e-01 1.818807811273416217e-02
7.021842510716041033e+03 6.058446232246960106e-01 1.768744760481503336e-02
7.028864353226758794e+03 6.322202194648594009e-01 1.869995362403348987e-02
7.035893217579988232e+03 6.775391567300940165e-01 2.097265566753260188e-02
7.042929110797570502e+03 7.055471207118128030e-01 2.144690437459943061e-02
7.049972039908370789e+03 7.367764943867367577e-01 1.953306757288452225e-02
7.057022011948281033e+03 7.486397542286137297e-01 1.956647541797751008e-02
7.064079033960231754e+03 7.454186871947450221e-01 1.889032559899114436e-02
7.071143112994193871e+03 7.372299074413389830e-01 1.899450836455229830e-02
7.078214256107190522e+03 7.304562650058408213e-01 1.862910628896517068e-02
7.085292470363300708e+03 7.170725762726316566e-01 1.884127212382321823e-02
7.092377762833665656e+03 6.785105323083688855e-01 1.920254652661388187e-02
7.099470140596501551e+03 6.516867291304558885e-01 1.875074194329215405e-02
7.106569610737100447e+03 6.409187998923109308e-01 1.859392642622689079e-02
7.113676180347840273e+03 6.338191794390367617e-01 1.791985567277497304e-02
7.120789856528190285e+03 6.343092096630813526e-01 1.753240940189350339e-02
7.127910646384721076e+03 6.439992970858435806e-01 1.701213864518576549e-02
7.135038557031108212e+03 6.623533545541653300e-01 1.664393767023957318e-02
7.142173595588141325e+03 6.834082052902604731e-01 1.665513967977595017e-02
7.149315769183732300e+03 6.988606114188598006e-01 1.631231593684516132e-02
7.156465084952918005e+03 7.160110678791565819e-01 1.599643322781819227e-02
7.163621550037873021e+03 7.202719422550265538e-01 1.648997571004559917e-02
7.170785171587913283e+03 7.303308006189084267e-01 1.508360152008607173e-02
7.177955956759504261e+03 7.314900528791019596e-01 1.536427363136975630e-02
7.185133912716265513e+03 7.181635064723088657e-01 1.513135528476811445e-02
7.192319046628984324e+03 6.949376680553782659e-01 1.685951383925847480e-02
7.199511365675615707e+03 7.089520189146910623e-01 1.933400340639575624e-02
7.206710877041294225e+03 7.147308653092190323e-01 2.240131386109412565e-02
7.213917587918337631e+03 6.830480907352964870e-01 2.473510144796206567e-02
7.221131505506257781e+03 6.733525481836319937e-01 2.487699734489053766e-02
7.228352637011767001e+03 6.913628771908622017e-01 2.539645275681033307e-02
7.235580989648780815e+03 6.905568334695887378e-01 2.574246401483959445e-02
7.242816570638432495e+03 7.064038302787551959e-01 2.556361998429095353e-02
7.250059387209073066e+03 7.275225508678584418e-01 2.570799033208978623e-02
7.257309446596284033e+03 7.304405021257481812e-01 2.522875589463744947e-02
7.264566756042882844e+03 7.235235165733040485e-01 2.558684515036055429e-02
7.271831322798928340e+03 7.084904608367670331e-01 2.574473518478518838e-02
7.279103154121729858e+03 7.075994672245862205e-01 2.527142534620780215e-02
7.286382257275853590e+03 7.086740292805288055e-01 2.465733957812068708e-02
7.293668639533132591e+03 7.305715452227139473e-01 2.492622611013028955e-02
7.300962308172667690e+03 7.532711755275015575e-01 2.577737489669621254e-02
7.308263270480842948e+03 7.635198272456504842e-01 2.538718145042622928e-02
7.315571533751325660e+03 7.650306707268441642e-01 2.474901774553328951e-02
7.322887105285079997e+03 7.426513033096769911e-01 2.521230181316798033e-02
7.330209992390367006e+03 7.217520922460991528e-01 2.516094486192677060e-02
7.337540202382760071e+03 7.251113025247640786e-01 2.361331128250010805e-02
7.344877742585144915e+03 7.283886024138015447e-01 2.314129828987080209e-02
7.352222620327733239e+03 7.125904873580926058e-01 2.007397146370787019e-02
7.359574842948062724e+03 6.966617530476347797e-01 1.969522606209373611e-02
7.366934417791013402e+03 6.828540298635525918e-01 1.932590605810909426e-02
7.374301352208806748e+03 6.798867827614083481e-01 1.905543654953850349e-02
7.381675653561018407e+03 6.806510891880874770e-01 1.881855734200498995e-02
7.389057329214581841e+03 6.928330930801561705e-01 1.744395079574584048e-02
7.396446386543798326e+03 7.012209060337221134e-01 1.751654529423543952e-02
7.403842832930345139e+03 7.136009529069164969e-01 1.777144113577628498e-02
7.411246675763277381e+03 7.165366737010988585e-01 1.784514762396482990e-02
7.418657922439043432e+03 7.056746000087923409e-01 1.827316987218861183e-02
7.426076580361484957e+03 6.995491385834922138e-01 1.813572120784810032e-02
7.433502656941848727e+03 6.954786984269223371e-01 1.852545279842244055e-02
7.440936159598792983e+03 6.955637074074930704e-01 1.951470402668279217e-02
7.448377095758394717e+03 7.114102816281346886e-01 1.956501152827941695e-02
7.455825472854155123e+03 7.178226818363223627e-01 1.996985832429888988e-02
7.463281298327012337e+03 7.259599652539507897e-01 2.019546883604382212e-02
7.470744579625341430e+03 7.201860441660190570e-01 2.046121806576756824e-02
7.478215324204968965e+03 7.175279021549920699e-01 2.037902682133106713e-02
7.485693539529176633e+03 7.134973436298263083e-01 2.030171127564592976e-02
7.493179233068708527e+03 7.106914558725053732e-01 2.042648407854079709e-02
7.500672412301779332e+03 7.035571072455902852e-01 2.041916332376936954e-02
7.508173084714083416e+03 6.782150036967256046e-01 2.000136205667713690e-02
7.515681257798800289e+03 6.606904853054548221e-01 2.041324997584542666e-02
7.523196939056601877e+03 6.547306414152996856e-01 2.076526197319716188e-02
7.530720135995660712e+03 6.393199106744956728e-01 2.022879799595340630e-02
7.538250856131659020e+03 6.250615244273782789e-01 2.021624361774449277e-02
7.545789106987793275e+03 6.228610286582566546e-01 2.015888039874143625e-02
7.553334896094783289e+03 6.237699468550040871e-01 2.013845161552371352e-02
7.560888230990880402e+03 6.321578358113347784e-01 1.988856366077114066e-02
7.568449119221873843e+03 6.474428620748147178e-01 1.881225426989903068e-02
7.576017568341098013e+03 6.456442468986776095e-01 1.932541559505331075e-02
7.583593585909441572e+03 6.342692754779002406e-01 1.809274575907569155e-02
7.591177179495353812e+03 6.396031943663629260e-01 1.779402276831405436e-02
7.598768356674851930e+03 6.326330993356942267e-01 1.736751613400225325e-02
7.606367125031529213e+03 6.388866006288731469e-01 1.737151859148949526e-02
7.613973492156563225e+03 6.422555375576213255e-01 1.741330827683423496e-02
7.621587465648722173e+03 6.398249982744456110e-01 1.673451345154434999e-02
7.629209053114373091e+03 6.358564285172684238e-01 1.680039304396059585e-02
7.636838262167490029e+03 6.367802834421079083e-01 1.683447549894593123e-02
7.644475100429660415e+03 6.295552745665556893e-01 1.669941117491924656e-02
7.652119575530092334e+03 6.107957973182222000e-01 1.648384617763346688e-02
7.659771695105625440e+03 5.886051522080303355e-01 1.643950968315071801e-02
7.667431466800733688e+03 5.799189521881537024e-01 1.650984349562773998e-02
7.675098898267536242e+03 5.715623636221269788e-01 1.587160434287742880e-02
7.682773997165806577e+03 5.757987889976355911e-01 1.663145111457780753e-02
7.690456771162975201e+03 5.723638683131447857e-01 1.611298573609107679e-02
7.698147227934140574e+03 5.754803097969543035e-01 1.560432827167925612e-02
7.705845375162077289e+03 5.908821378964603799e-01 1.576602597240636672e-02
7.713551220537241534e+03 5.996235755635311859e-01 1.639503846490741185e-02
7.721264771757782000e+03 6.080606548799319944e-01 1.548322062016922566e-02
7.728986036529541707e+03 6.135971327177653922e-01 1.524904813474025657e-02
7.736715022566074367e+03 6.081309295354422328e-01 1.490495518656329531e-02
7.744451737588642573e+03 5.974413939971700005e-01 1.502904261277531947e-02
7.752196189326234162e+03 5.854518808989449541e-01 1.457023668067111526e-02
7.759948385515562222e+03 5.766522149163937350e-01 1.392554779200405428e-02
7.767708333901080550e+03 5.722163937060346095e-01 1.428733650391148143e-02
7.775476042234984561e+03 5.701681368679305528e-01 1.414839923703886670e-02
7.783251518277222203e+03 5.561827839301993759e-01 1.527199920007278611e-02
7.791034769795502143e+03 5.490791430575309162e-01 1.456675214687975194e-02
7.798825804565300132e+03 5.493876113438797004e-01 1.494072243874424062e-02
7.806624630369868100e+03 5.467751329485293077e-01 1.510374714386924881e-02
7.814431255000240526e+03 5.532198634082665656e-01 1.609601262693571497e-02
7.822245686255242617e+03 5.476458536077387640e-01 1.682248119271026812e-02
7.830067931941501229e+03 5.550932279722706753e-01 1.667403577082725991e-02
7.837897999873444860e+03 5.496837479069468513e-01 1.636954217852449114e-02
7.845735897873320937e+03 5.415025439229476101e-01 1.826148687506778598e-02
7.853581633771196721e+03 5.569696217923187920e-01 1.893117469068792205e-02
7.861435215404970222e+03 5.648757268897001138e-01 2.018596145689712310e-02
7.869296650620378387e+03 5.679962125207627111e-01 1.956926021469926683e-02
7.877165947271001642e+03 5.684127640160692163e-01 1.999868536958822329e-02
7.885043113218274812e+03 5.721116285236326204e-01 1.988086319309008768e-02
7.892928156331495302e+03 5.769675174537638451e-01 2.056121375221197853e-02
7.900821084487829467e+03 5.520397448097931203e-01 2.237927458754396248e-02
7.908721905572319884e+03 5.379965736576413082e-01 2.328558457529898360e-02
7.916630627477895359e+03 5.252999601146751685e-01 2.336092164985262634e-02
7.924547258105375477e+03 5.145544098516295906e-01 2.382536024114707135e-02
7.932471805363483327e+03 4.996518397387395560e-01 2.375079251586170725e-02
7.940404277168850058e+03 4.889679442494652695e-01 2.397914962167656608e-02
7.948344681446021241e+03 4.815259232298674252e-01 2.438244843546195917e-02
7.956293026127469602e+03 4.682939156265070180e-01 2.714993572055613216e-02
7.964249319153599572e+03 4.807971342106662771e-01 2.721250877298935986e-02
7.972213568472756378e+03 4.835082608198573717e-01 2.748646879983588157e-02
7.980185782041231505e+03 4.969967693195467828e-01 2.720806895908784925e-02
7.988165967823275423e+03 4.983713943895136667e-01 2.759026082671944824e-02
7.996154133791101231e+03 4.903270226623956951e-01 2.727718104112122552e-02
8.004150287924895565e+03 5.017671147523363739e-01 2.622518468093083116e-02
8.012154438212822242e+03 5.103359178220920889e-01 2.641164937429868811e-02
8.020166592651037718e+03 5.032225357718163039e-01 2.595288780083348373e-02
8.028186759243691995e+03 4.915420314442142669e-01 2.597188855372315960e-02
8.036214946002938632e+03 4.958321918317227794e-01 2.576448047151202320e-02
8.044251160948943834e+03 4.959544651845432250e-01 2.609748189102312210e-02
8.052295412109895551e+03 4.964361944301541874e-01 2.558988134342875601e-02
8.060347707522008022e+03 4.935578411817028721e-01 2.486797862042264967e-02
8.068408055229532692e+03 4.865353277119597308e-01 2.407420566230217968e-02
8.076476463284764577e+03 4.846950382266855817e-01 2.401404236969036099e-02
8.084552939748052268e+03 4.972257021891733353e-01 2.366528590051850123e-02
8.092637492687803388e+03 5.183430552808427905e-01 2.348405098927141416e-02
8.100730130180493688e+03 5.168514031460791358e-01 2.263223088133569857e-02
8.108830860310677053e+03 5.099873765773771384e-01 2.228171093826708526e-02
8.116939691170990045e+03 5.054449224847669120e-01 1.858814888178123709e-02
8.125056630862163729e+03 5.086850519000554183e-01 1.812831608943820880e-02
8.133181687493028221e+03 5.153726176117722213e-01 1.786062942073485260e-02
8.141314869180524511e+03 4.914491075934510067e-01 1.816138526107979184e-02
8.149456184049707190e+03 4.752168234611119368e-01 1.799118879560577741e-02
8.157605640233759914e+03 4.693892643645348750e-01 1.790468847041523648e-02
8.165763245873996311e+03 4.595898515322479061e-01 1.914098615059761643e-02
8.173929009119872717e+03 4.714881699904142631e-01 1.972913398625337697e-02
8.182102938128995447e+03 4.741985699722852665e-01 1.935515975080652137e-02
8.190285041067127167e+03 4.942584208167214443e-01 1.947039589628060674e-02
8.198475326108196896e+03 5.131251332398019116e-01 1.950676828694871898e-02
8.206673801434308189e+03 5.639982806995192943e-01 2.180284295470930403e-02
8.214880475235744598e+03 5.935722516612568223e-01 2.199725196498788712e-02
8.223095355710984222e+03 6.317210671552561108e-01 2.218861743917525595e-02
8.231318451066697889e+03 6.561888743470506435e-01 2.216956606772654825e-02
8.239549769517767345e+03 6.818392742942560592e-01 2.196056769230149419e-02
8.247789319287287071e+03 7.007491826636422783e-01 2.189780591623564920e-02
8.256037108606577021e+03 6.965306634178949352e-01 2.298853024473592604e-02
8.264293145715186256e+03 6.836278774289734628e-01 2.304639003860775928e-02
8.272557438860903858e+03 6.592359121159256929e-01 2.299445522723235144e-02
8.280829996299768027e+03 6.484160495606551278e-01 2.301632949523292268e-02
8.289110826296069718e+03 6.413943998304637573e-01 2.296823209575952693e-02
8.297399937122369010e+03 6.274326712219009394e-01 2.335955286407690248e-02
8.305697337059495112e+03 6.382552005356456615e-01 2.627861342503854183e-02
8.314003034396557268e+03 6.304758104607605107e-01 2.921252859242282063e-02
8.322317037430955679e+03 6.477136172251735102e-01 3.067085700998184103e-02
8.330639354468388774e+03 6.706822074350526908e-01 3.035869138511821524e-02
8.338969993822860488e+03 7.029223563205357905e-01 3.032672819635369790e-02
8.347308963816685718e+03 7.481126010509953073e-01 3.045726979249999480e-02
8.355656272780506697e+03 7.866520342897845852e-01 3.041913217010322468e-02
8.364011929053289350e+03 8.646096594050436401e-01 3.163606914511258444e-02
8.372375940982345128e+03 9.048039120654656209e-01 3.073461220273100702e-02
8.380748316923331004e+03 9.631568546857076640e-01 3.028088575860375664e-02
8.389129065240256750e+03 1.022614575929021274e+00 3.042441115368758539e-02
8.397518194305499492e+03 1.064572659460249815e+00 3.069003711806771520e-02
8.405915712499807341e+03 1.114496548643155061e+00 3.093157777963350535e-02
8.414321628212310316e+03 1.146972576123457488e+00 3.098588620053356960e-02
8.422735949840525791e+03 1.161665051620479172e+00 3.074137425481902886e-02
8.431158685790369418e+03 1.181856334876579373e+00 3.055507829762412961e-02
8.439589844476162398e+03 1.202210617303678397e+00 3.043191007484371061e-02
8.448029434320640576e+03 1.218400588520218930e+00 3.037327089762898585e-02
8.456477463754963537e+03 1.246795031707776058e+00 3.084179259037226478e-02
8.464933941218721884e+03 1.299293721110527766e+00 2.883889732405411910e-02
8.473398875159942691e+03 1.319728116895443781e+00 2.785352317328863153e-02
8.481872274035105875e+03 1.353545521832520304e+00 2.573884555181384093e-02
8.490354146309144198e+03 1.355038741347192266e+00 2.447062508633338074e-02
8.498844500455456000e+03 1.355684458932323144e+00 2.464346618439878372e-02
8.507343344955914290e+03 1.364188862283091552e+00 2.422379597558407816e-02
8.515850688300872207e+03 1.342117040788125770e+00 2.555004811003514301e-02
8.524366538989177570e+03 1.324193643809371990e+00 2.599698642547576891e-02
8.532890905528169242e+03 1.307197988016834733e+00 2.537145913733181851e-02
8.541423796433698953e+03 1.273334676357422257e+00 2.317490221148018475e-02
8.549965220230136765e+03 1.262984914207107456e+00 2.350204180846350230e-02
8.558515185450369245e+03 1.250235531497876584e+00 2.376103149135488229e-02
8.567073700635823116e+03 1.229521614946476271e+00 2.421199315727000714e-02
8.575640774336461618e+03 1.202394784844042608e+00 2.483446829484596205e-02
8.584216415110800881e+03 1.195868766795763927e+00 2.519309187121487534e-02
8.592800631525913559e+03 1.184397846265251131e+00 2.520231971608734300e-02
8.601393432157443385e+03 1.178369220347890156e+00 2.535295120547961106e-02
8.609994825589603352e+03 1.179607939631951874e+00 2.549493149803295361e-02
8.618604820415195718e+03 1.170472264657288264e+00 2.538768408981744579e-02
8.627223425235613831e+03 1.153713738239934061e+00 2.580118270068977246e-02
8.635850648660851220e+03 1.133104266616585143e+00 2.575839141743294439e-02
8.644486499309516148e+03 1.120632156479625774e+00 2.557113119124315367e-02
8.653130985808827973e+03 1.099497617053077025e+00 2.575550503980517797e-02
8.661784116794638976e+03 1.071416230814947523e+00 2.590166239881415422e-02
8.670445900911438002e+03 1.048769745388956176e+00 2.591945390803269966e-02
8.679116346812352276e+03 1.009527339382333189e+00 2.383948725083809977e-02
8.687795463159167412e+03 9.840685019011877754e-01 2.411268751938560120e-02
8.696483258622329231e+03 9.526555422431632891e-01 2.418857629235858855e-02
8.705179741880954680e+03 9.226300916920365802e-01 2.439429462232862306e-02
8.713884921622837282e+03 8.980498105338883263e-01 2.311872712179334488e-02
8.722598806544463514e+03 8.661672737148604639e-01 2.303091617268407734e-02
8.731321405351010981e+03 8.202908939170174829e-01 2.232022654367831968e-02
8.740052726756364791e+03 7.930410315090918871e-01 2.223740476270523458e-02
8.748792779483124832e+03 7.598852597046316104e-01 2.247055667745179175e-02
8.757541572262609407e+03 7.493393398360288504e-01 2.220553243954213538e-02
8.766299113834875243e+03 7.339157062810462984e-01 2.233646533532148912e-02
8.775065412948713856e+03 7.162971557920227994e-01 2.371631433529449232e-02
8.783840478361664282e+03 7.050455286283242584e-01 2.792780124243282244e-02
8.792624318840029446e+03 6.861150756224191349e-01 2.823408672450990892e-02
8.801416943158872527e+03 6.878349768722239466e-01 2.909438483921182941e-02
8.810218360102035149e+03 6.912357186468368608e-01 2.985114452668660365e-02
8.819028578462139194e+03 6.778107716642086666e-01 3.005513549937341433e-02
8.827847607040604998e+03 6.731273512523066049e-01 3.055835540404147274e-02
8.836675454647647712e+03 6.822067955240376236e-01 3.225687866806108139e-02
8.845512130102299125e+03 6.887657565954478089e-01 3.388510840940494456e-02
8.854357642232404032e+03 6.766415430418010191e-01 3.533399243115434990e-02
8.863211999874638423e+03 6.715835221193242610e-01 3.617591021861819162e-02
8.872075211874516754e+03 6.504275865659338018e-01 3.692402555508012690e-02
8.880947287086393771e+03 6.184270314572670735e-01 4.022945908788431307e-02
8.889828234373482701e+03 6.196320409688294006e-01 4.061047440908217149e-02
8.898718062607858883e+03 6.062295019914916150e-01 4.147904580920684647e-02
8.907616780670470689e+03 5.875595429410767068e-01 4.210796000498418651e-02
8.916524397451143159e+03 5.548874821788869482e-01 4.321335416356544140e-02
8.925440921848598009e+03 5.278294470995924526e-01 4.417872058127929324e-02
8.934366362770449996e+03 4.977990304374603214e-01 4.521682856960642510e-02
8.943300729133223285e+03 4.784654774346760453e-01 4.693117807115508577e-02
8.952244029862358730e+03 4.579744832859254933e-01 4.907831753164141469e-02
8.961196273892224781e+03 4.406622188513019678e-01 5.186703763882779400e-02
8.970157470166119310e+03 4.294364831764166945e-01 5.598113786011063575e-02
8.979127627636287798e+03 4.355337200100796169e-01 6.158891959964928747e-02
8.988106755263928790e+03 4.421806187021932733e-01 6.857680293334542099e-02
8.997094862019195716e+03 4.594589937631215482e-01 7.903322911448432131e-02
9.006091956881216902e+03 4.812110930635865591e-01 9.297188318643519189e-02
9.015098048838101022e+03 4.989847088695482658e-01 1.121610416481699790e-01
9.024113146886942559e+03 5.115086821937644412e-01 1.382858024589684320e-01
9.033137260033832717e+03 5.203650671276952577e-01 1.739000397665163289e-01
9.042170397293868518e+03 5.264772374158496193e-01 2.228896805867949804e-01
9.051212567691165532e+03 5.127740558526171499e-01 2.901946326790376673e-01
9.060263780258859697e+03 5.064866219517276669e-01 3.849969462584050262e-01
9.069324044039121873e+03 5.140706312969762770e-01 5.223617983215230742e-01
9.078393368083163296e+03 4.384465501728392889e-01 6.823108369374423221e-01
