# starting wavelength: 3252.640
# ending wavelength: 9993.720
# wav flux eflux
3.255708422730835991e+03 4.296236842543216250e-01 2.208073988732348406e-02
3.258964131153567905e+03 4.392001970005482425e-01 1.595651580856118426e-02
3.262223095284722604e+03 4.428840353837377730e-01 1.187396063600555315e-02
3.265485318380008266e+03 4.417285603075156164e-01 9.829925358746631134e-03
3.268750803698389518e+03 4.378803052794089101e-01 8.835291614813745378e-03
3.272019554502088795e+03 4.337904858312009448e-01 7.888589521614832595e-03
3.275291574056592253e+03 4.308601522444150400e-01 6.651021242084947591e-03
3.278566865630649772e+03 4.289341075994880792e-01 5.427000802870416384e-03
3.281845432496281319e+03 4.269981731254377522e-01 4.501493876697675901e-03
3.285127277928778767e+03 4.247630342587280228e-01 3.813497105901762947e-03
3.288412405206708627e+03 4.219127589540419554e-01 3.306053078497999537e-03
3.291700817611916591e+03 4.187252072390502122e-01 2.916966847279894252e-03
3.294992518429529355e+03 4.147990461527072403e-01 2.628003904792888899e-03
3.298287510947960072e+03 4.100270295116233421e-01 2.453197110750888338e-03
3.301585798458909267e+03 4.043637745455720967e-01 2.412076275169506515e-03
3.304887384257369376e+03 3.991990271580072580e-01 2.309089080063098792e-03
3.308192271641627485e+03 3.923909954484764429e-01 2.503793195923280455e-03
3.311500463913270323e+03 3.862864160267808766e-01 2.498168435176743429e-03
3.314811964377184722e+03 3.806739349666899419e-01 2.467922334327467184e-03
3.318126776341563072e+03 3.765439457457247507e-01 2.503360402247486668e-03
3.321444903117905596e+03 3.723047181263104410e-01 2.482773710033219471e-03
3.324766348021024896e+03 3.684406010850415081e-01 2.469088831770329621e-03
3.328091114369046863e+03 3.645531000951510725e-01 2.472656122964169388e-03
3.331419205483417045e+03 3.615220592281693235e-01 2.451722563035220372e-03
3.334750624688901553e+03 3.587539804283527700e-01 2.435566289799347833e-03
3.338085375313591612e+03 3.550693342280101805e-01 2.187332383736827202e-03
3.341423460688906289e+03 3.535355657463110646e-01 2.107630566707922870e-03
3.344764884149596128e+03 3.542803710007180751e-01 2.169365014281865109e-03
3.348109649033746791e+03 3.565954897031931026e-01 2.193133194174947710e-03
3.351457758682781787e+03 3.593527107449717706e-01 2.186172415116173322e-03
3.354809216441465651e+03 3.628776655776965732e-01 2.225031219205044018e-03
3.358164025657908041e+03 3.676811052201904295e-01 2.265070758519611375e-03
3.361522189683567376e+03 3.748036435197929506e-01 2.204350824960625739e-03
3.364883711873251741e+03 3.828333874320787311e-01 2.196675273686457541e-03
3.368248595585126168e+03 3.918183864719266829e-01 2.266112141715408319e-03
3.371616844180712633e+03 4.021065725116425571e-01 2.284671926142621632e-03
3.374988461024894150e+03 4.135792738146163994e-01 2.302131654070345423e-03
3.378363449485920228e+03 4.259591067790770014e-01 2.265541074488107345e-03
3.381741812935407324e+03 4.395225888041893736e-01 2.160038465015857827e-03
3.385123554748343849e+03 4.540487641644648242e-01 2.128940624642395273e-03
3.388508678303093347e+03 4.700308708199222307e-01 2.332796249950952125e-03
3.391897186981397681e+03 4.869110440367060422e-01 2.526504092510983412e-03
3.395289084168380214e+03 5.047179566522849159e-01 2.889302838805185743e-03
3.398684373252549449e+03 5.222371084893778770e-01 3.055299937990053286e-03
3.402083057625803121e+03 5.391043297528302913e-01 3.065608146408704653e-03
3.405485140683430018e+03 5.566514963507436242e-01 2.868901491486864751e-03
3.408890625824114522e+03 5.727045991020753846e-01 2.594723974118835243e-03
3.412299516449939802e+03 5.878906592059972569e-01 2.143325832627341384e-03
3.415711815966390986e+03 6.013397959942278215e-01 1.958552631320183753e-03
3.419127527782358356e+03 6.124926222248703311e-01 1.989740118473198958e-03
3.422546655310141887e+03 6.216367616705663623e-01 2.068004213207968230e-03
3.425969201965453522e+03 6.289930219023242008e-01 2.054016054596684033e-03
3.429395171167419903e+03 6.354660409839280044e-01 2.068608968938667140e-03
3.432824566338588284e+03 6.402359039072957891e-01 2.157440965064288084e-03
3.436257390904928343e+03 6.440201749929306274e-01 2.297359688086394840e-03
3.439693648295834464e+03 6.460543202728181722e-01 2.292771257684429222e-03
3.443133341944131189e+03 6.477164646684344662e-01 2.283044381865105207e-03
3.446576475286076402e+03 6.476836845267266440e-01 2.166011119783432110e-03
3.450023051761363604e+03 6.474576250690841084e-01 2.137636970548547830e-03
3.453473074813126004e+03 6.460682216895921037e-01 1.861712839726053625e-03
3.456926547887940615e+03 6.447860785203302081e-01 1.431749310426897468e-03
3.460383474435829612e+03 6.450499518227208462e-01 1.358875123701025391e-03
3.463843857910266706e+03 6.470092472727249078e-01 1.357108411495700677e-03
3.467307701768178049e+03 6.491854523527114118e-01 1.360729936986572724e-03
3.470775009469947236e+03 6.515951533996274803e-01 1.263505363960460131e-03
3.474245784479418489e+03 6.559323781832309130e-01 1.294971987787599558e-03
3.477720030263898934e+03 6.616598905014678955e-01 1.355907580876626693e-03
3.481197750294164052e+03 6.675199804281601867e-01 1.456618286000259735e-03
3.484678948044459503e+03 6.741912000091485613e-01 1.583350812899178821e-03
3.488163626992504760e+03 6.815295991131203879e-01 1.726529295417734413e-03
3.491651790619498570e+03 6.892343177377778796e-01 1.880443876234676051e-03
3.495143442410119405e+03 6.978505916400619125e-01 2.076406162790006126e-03
3.498638585852530468e+03 7.060434142485352282e-01 2.270842978697617653e-03
3.502137224438384237e+03 7.138123615423582757e-01 2.164468691164524172e-03
3.505639361662823831e+03 7.209703071485666914e-01 1.973071900922618912e-03
3.509145001024487556e+03 7.268814980377799051e-01 1.481440606970501955e-03
3.512654146025513455e+03 7.317258617288487921e-01 1.387181096709523770e-03
3.516166800171540217e+03 7.344688707239400705e-01 1.742664365585177687e-03
3.519682966971712631e+03 7.363207680535835964e-01 2.109006176573218795e-03
3.523202649938685681e+03 7.371935138285561351e-01 2.487217905287965585e-03
3.526725852588625457e+03 7.374565645542588976e-01 2.705324085445860293e-03
3.530252578441215064e+03 7.374918774468053329e-01 2.667093104597232072e-03
3.533782831019657806e+03 7.367814344209644428e-01 2.371037508855517936e-03
3.537316613850678550e+03 7.353038631466194408e-01 2.038757185675370894e-03
3.540853930464530094e+03 7.352589593000249391e-01 1.913994409280128694e-03
3.544394784394995895e+03 7.357554886776748182e-01 1.797608787325286365e-03
3.547939179179392340e+03 7.369846932799719585e-01 1.915025945540103349e-03
3.551487118358572843e+03 7.389667500560727076e-01 2.049655622073733290e-03
3.555038605476932389e+03 7.413008730455372675e-01 2.166021148870123873e-03
3.558593644082410719e+03 7.435379441480184370e-01 2.149279690794691448e-03
3.562152237726494150e+03 7.452819778429901065e-01 2.129822823938957391e-03
3.565714389964221937e+03 7.473577797185710914e-01 2.054962628416320304e-03
3.569280104354187188e+03 7.496434251695007767e-01 1.862377791742985973e-03
3.572849384458542772e+03 7.521000859143588402e-01 1.651160723260437909e-03
3.576422233843002232e+03 7.535364318561464936e-01 1.638014734906167091e-03
3.579998656076846601e+03 7.541518849634354371e-01 1.656025849757498513e-03
3.583578654732924406e+03 7.538868099365281239e-01 1.634541670114594229e-03
3.587162233387658489e+03 7.526431754974537425e-01 1.634570819173220913e-03
3.590749395621047370e+03 7.501748140183535085e-01 1.591746945197139093e-03
3.594340145016669794e+03 7.463869994608219871e-01 1.479571481652557302e-03
3.597934485161687462e+03 7.416904819207743582e-01 1.379752816273088116e-03
3.601532419646850485e+03 7.366611251950190287e-01 1.327632210432973161e-03
3.605133952066498296e+03 7.320535761880707648e-01 1.348308879467760655e-03
3.608739086018566013e+03 7.268902017500475932e-01 1.333180688688329670e-03
3.612347825104585809e+03 7.214856408867439397e-01 1.319168349686229745e-03
3.615960172929691907e+03 7.150589872346229114e-01 1.455003551920839829e-03
3.619576133102622407e+03 7.080657576045049639e-01 1.625698563575849907e-03
3.623195709235726554e+03 7.014806514520445235e-01 1.635506626111638342e-03
3.626818904944963379e+03 6.953529845292842904e-01 1.478292901862783646e-03
3.630445723849909427e+03 6.902097445693426980e-01 1.472808814788368649e-03
3.634076169573760581e+03 6.856997413443145506e-01 1.610504106248225077e-03
3.637710245743335690e+03 6.810043292445089325e-01 1.695176042150441835e-03
3.641347955989080219e+03 6.762470060356040591e-01 1.790928976289378124e-03
3.644989303945070333e+03 6.715741214089483435e-01 1.857507756114888144e-03
3.648634293249016537e+03 6.667403551931253558e-01 1.793975516316521825e-03
3.652282927542266862e+03 6.621501453178215701e-01 1.696294975723387603e-03
3.655935210469810499e+03 6.565403556492309667e-01 1.438143398322603867e-03
3.659591145680281443e+03 6.500615587225155867e-01 1.154145329384249127e-03
3.663250736825963031e+03 6.415554614252486632e-01 1.085113894411262898e-03
3.666913987562790226e+03 6.312179029183198065e-01 1.089045328754105393e-03
3.670580901550354156e+03 6.195810939480699275e-01 1.163341595545031503e-03
3.674251482451905758e+03 6.063606075289298403e-01 1.169814919213342953e-03
3.677925733934358959e+03 5.906609258281620978e-01 1.161755061842377566e-03
3.681603659668294313e+03 5.723229362140556109e-01 1.207178859559350070e-03
3.685285263327964003e+03 5.523742178444388529e-01 1.257692893908687664e-03
3.688970548591293209e+03 5.311851748145084429e-01 1.257569281673013521e-03
3.692659519139885560e+03 5.077615234124348564e-01 1.369451058122432259e-03
3.696352178659026777e+03 4.831759048374353882e-01 1.536771592285017182e-03
3.700048530837686940e+03 4.585803556435931183e-01 1.629956749804474915e-03
3.703748579368525952e+03 4.341948857167241549e-01 1.719918800728649586e-03
3.707452327947895355e+03 4.102524741562297295e-01 1.753402399027929881e-03
3.711159780275844696e+03 3.868694751217705008e-01 1.783834069603026234e-03
3.714870940056121526e+03 3.641203673926689532e-01 1.724327104843076820e-03
3.718585810996179134e+03 3.432359340403124959e-01 1.344037816808927102e-03
3.722304396807176545e+03 3.245825291213768615e-01 1.055433289327173917e-03
3.726026701203984885e+03 3.086791518966174319e-01 9.837981859052741685e-04
3.729752727905190113e+03 2.958318264152718924e-01 9.964303161048742360e-04
3.733482480633096657e+03 2.860641628306291873e-01 1.183115372764130318e-03
3.737215963113731050e+03 2.791358782034333297e-01 1.234877967743364720e-03
3.740953179076846027e+03 2.739788929223648806e-01 1.169458096884456793e-03
3.744694132255923705e+03 2.713764068906018845e-01 1.027774482808570863e-03
3.748438826388181042e+03 2.704780694574657751e-01 1.077421424658166118e-03
3.752187265214570289e+03 2.713615562399658843e-01 1.036013499843924622e-03
3.755939452479786269e+03 2.734602563919534823e-01 1.121265705039288648e-03
3.759695391932267285e+03 2.767800169393400678e-01 1.148768110365871705e-03
3.763455087324201031e+03 2.813465647852357865e-01 1.098915611898275326e-03
3.767218542411526414e+03 2.860875032040778310e-01 1.061000188939794893e-03
3.770985760953939007e+03 2.911467469850839707e-01 1.218612368416924783e-03
3.774756746714894234e+03 2.968801346816491438e-01 1.234539453454951748e-03
3.778531503461610555e+03 3.041724394495394779e-01 1.247265091365971001e-03
3.782310034965073100e+03 3.122300158063618936e-01 1.237983570778846288e-03
3.786092345000039586e+03 3.205329220907671695e-01 1.165056142901457195e-03
3.789878437345040766e+03 3.295380533660495770e-01 1.127325830849995559e-03
3.793668315782387253e+03 3.404144364413047019e-01 1.115991395069912103e-03
3.797461984098170888e+03 3.529219777991313700e-01 1.152760783944284341e-03
3.801259446082270188e+03 3.668070853869074277e-01 1.203653268844033031e-03
3.805060705528353537e+03 3.814350127054065287e-01 1.219916666623941087e-03
3.808865766233883278e+03 3.982983634534780215e-01 1.229726399480336393e-03
3.812674632000118436e+03 4.167775063150743753e-01 1.256845120081340412e-03
3.816487306632119726e+03 4.372128129302131905e-01 1.267710845660152815e-03
3.820303793938753188e+03 4.602642859246919294e-01 1.238272316656339068e-03
3.824124097732693372e+03 4.847862373430107952e-01 1.245079498668429747e-03
3.827948221830427428e+03 5.106971246790346086e-01 1.199005992773806905e-03
3.831776170052258749e+03 5.391666234009717673e-01 1.129781991010665948e-03
3.835607946222312421e+03 5.700704259816516961e-01 1.145896375932161683e-03
3.839443554168536139e+03 6.030620974584440797e-01 1.342681968802124544e-03
3.843282997722705659e+03 6.377535056265414282e-01 1.425473039482717677e-03
3.847126280720429804e+03 6.733698177257623207e-01 1.332347512136840750e-03
3.850973407001151372e+03 7.092016652676380595e-01 1.129076283699394397e-03
3.854824380408153957e+03 7.445859606732811997e-01 1.191756975782320158e-03
3.858679204788563311e+03 7.798628422860776066e-01 1.311279118444425972e-03
3.862537883993353262e+03 8.144083124719634359e-01 1.468225748243061780e-03
3.866400421877347981e+03 8.476085813447017392e-01 1.359451791934377035e-03
3.870266822299226533e+03 8.779238378006027910e-01 1.522958116922391945e-03
3.874137089121526969e+03 9.054921097419650344e-01 1.471950889816198236e-03
3.878011226210649966e+03 9.297626516547453646e-01 1.291839879832190749e-03
3.881889237436861549e+03 9.504057125342523227e-01 1.710318850456779387e-03
3.885771126674299921e+03 9.679246323288718257e-01 2.286434579426235240e-03
3.889656897800975457e+03 9.844310106381816139e-01 2.431687174675883651e-03
3.893546554698777527e+03 1.000060004426679638e+00 2.500054223645672112e-03
3.897440101253477678e+03 1.016420036833087792e+00 2.361120699351551468e-03
3.901337541354732366e+03 1.034688406104844249e+00 2.189407073184953742e-03
3.905238878896088409e+03 1.055084035659690667e+00 1.975396171728876268e-03
3.909144117774985716e+03 1.077630773227253425e+00 1.830836271071586150e-03
3.913053261892762293e+03 1.103419039136700253e+00 2.100355392790759484e-03
3.916966315154656058e+03 1.132019874502884216e+00 2.147025378874805549e-03
3.920883281469812118e+03 1.162390740786064525e+00 1.742661052753489460e-03
3.924804164751283224e+03 1.194350525427150700e+00 1.094358734890433582e-03
3.928728968916035683e+03 1.225879458476565986e+00 8.652724461970474554e-04
3.932657697884953450e+03 1.256683893603798952e+00 8.634797195277160589e-04
3.936590355582839493e+03 1.287154618905286707e+00 9.890294393448877206e-04
3.940526945938423523e+03 1.315587190896768233e+00 1.009924209725726304e-03
3.944467472884363360e+03 1.342092240913919543e+00 1.019015182551273645e-03
3.948411940357249023e+03 1.366659066845861359e+00 1.009416798741877936e-03
3.952360352297607733e+03 1.389160982606049366e+00 1.004779151132031501e-03
3.956312712649906643e+03 1.409261371990750300e+00 1.122935687691417952e-03
3.960269025362557841e+03 1.426825599028404001e+00 1.279368691351571606e-03
3.964229294387921527e+03 1.442648381750956998e+00 1.176806603057142710e-03
3.968193523682310570e+03 1.457001549291038422e+00 1.174028795668076485e-03
3.972161717205994591e+03 1.468804726789119997e+00 1.047698562151887225e-03
3.976133878923201792e+03 1.479129878811114462e+00 1.067306585967956519e-03
3.980110012802126221e+03 1.487587231033313584e+00 1.078875907483781886e-03
3.984090122814929600e+03 1.494457003421248986e+00 1.073195118881292492e-03
3.988074212937745870e+03 1.498997889813299844e+00 1.055500420317753273e-03
3.992062287150684824e+03 1.501872557748018311e+00 9.288588805528155213e-04
3.996054349437837118e+03 1.502287581070326894e+00 9.365567904451489603e-04
4.000050403787276082e+03 1.500308819971563734e+00 9.285335384331736388e-04
4.004050454191064546e+03 1.495532415638126889e+00 7.963746391098473765e-04
4.008054504645257111e+03 1.488744747256143031e+00 8.629325370025447105e-04
4.012062559149903791e+03 1.480049593609166880e+00 1.087431101386942059e-03
4.016074621709055009e+03 1.468350922346786769e+00 1.057792246272161191e-03
4.020090696330765240e+03 1.454453452394129487e+00 9.088964175189685833e-04
4.024110787027097558e+03 1.437924088693042668e+00 1.053710190915446666e-03
4.028134897814125907e+03 1.419400970099490733e+00 1.331015889649367692e-03
4.032163032711941469e+03 1.399671143783452365e+00 1.421792289299952114e-03
4.036195195744654484e+03 1.379004854180423845e+00 1.353897030175329639e-03
4.040231390940400615e+03 1.358820425055417669e+00 1.479556959478828780e-03
4.044271622331342314e+03 1.340041244358867178e+00 1.222052264885826762e-03
4.048315893953675186e+03 1.323045981624369150e+00 8.849871315304251715e-04
4.052364209847629809e+03 1.308645478948397889e+00 1.272222423965785592e-03
4.056416574057479011e+03 1.295745225361488062e+00 1.575279236125324547e-03
4.060472990631537868e+03 1.284414218170055078e+00 1.725669525994381935e-03
4.064533463622170530e+03 1.272919444319601689e+00 1.601689240653517837e-03
4.068597997085794304e+03 1.261253436197488975e+00 1.249690821154537295e-03
4.072666595082881486e+03 1.248199560021164167e+00 1.092886073797991100e-03
4.076739261677965715e+03 1.234188468058385446e+00 1.003053270314296181e-03
4.080816000939644709e+03 1.218724991488437936e+00 1.058001699728321112e-03
4.084896816940585722e+03 1.202152636294047339e+00 9.907370683629602558e-04
4.088981713757527814e+03 1.185009691246980745e+00 1.006004767498336165e-03
4.093070695471286854e+03 1.167386181212330731e+00 8.716722381319893728e-04
4.097163766166759160e+03 1.149724020018902060e+00 9.522964025150387063e-04
4.101260929932927866e+03 1.132164286517227447e+00 1.430557296558925906e-03
4.105362190862862008e+03 1.116823585535021701e+00 1.754643323642298683e-03
4.109467553053726078e+03 1.104578598194769112e+00 1.852606984398066231e-03
4.113577020606780934e+03 1.095011371603666461e+00 1.805455828577767893e-03
4.117690597627389252e+03 1.088498770621442624e+00 1.593555019026780123e-03
4.121808288225018259e+03 1.085554063754317511e+00 2.130575864901946073e-03
4.125930096513244280e+03 1.084903345937069385e+00 2.735340126045329289e-03
4.130056026609759101e+03 1.085608900276538780e+00 2.954661652353288061e-03
4.134186082636369974e+03 1.086287732829743558e+00 2.780735036024613305e-03
4.138320268719007800e+03 1.086310368475679189e+00 2.217527327126393635e-03
4.142458588987728035e+03 1.084676937625352000e+00 1.911179091107281921e-03
4.146601047576717065e+03 1.081086079363112296e+00 1.837616332759549331e-03
4.150747648624294925e+03 1.074519145173580714e+00 2.183590740244157648e-03
4.154898396272920763e+03 1.066438687282826203e+00 2.054904885511044024e-03
4.159053294669195566e+03 1.057163152563807440e+00 1.610953426760614732e-03
4.163212347963865795e+03 1.047438795587563032e+00 1.232402912396304189e-03
4.167375560311830668e+03 1.038008743938618972e+00 1.039753058043718951e-03
4.171542935872143971e+03 1.030590621619931202e+00 1.002744426779124919e-03
4.175714478808017702e+03 1.023787815612433372e+00 1.153160679316514578e-03
4.179890193286827525e+03 1.018169808512706886e+00 1.315374890597424164e-03
4.184070083480115500e+03 1.014638666989241544e+00 1.332466252669089026e-03
4.188254153563597356e+03 1.012965291187691186e+00 1.309546419749898659e-03
4.192442407717161586e+03 1.012481489376211741e+00 1.167056402926160185e-03
4.196634850124880359e+03 1.013862790263933888e+00 1.481218877770485928e-03
4.200831484975006788e+03 1.016682176425261597e+00 1.811616588993164188e-03
4.205032316459983122e+03 1.019428428095395134e+00 1.721747008912817784e-03
4.209237348776444378e+03 1.021620872107158906e+00 1.451692378202153275e-03
4.213446586125221984e+03 1.022547487235260233e+00 1.242040148936016325e-03
4.217660032711349231e+03 1.020981932478297383e+00 1.111866629290464122e-03
4.221877692744061278e+03 1.017244554075587004e+00 1.120846068604778537e-03
4.226099570436806971e+03 1.010953610948987613e+00 1.415620255664040098e-03
4.230325670007245208e+03 1.002202304043385839e+00 1.316223498619768567e-03
4.234555995677254032e+03 9.930182435153565024e-01 1.169831144448296506e-03
4.238790551672932452e+03 9.831767733391854058e-01 1.040970649647574671e-03
4.243029342224606808e+03 9.731206858252536840e-01 8.184180176052281578e-04
4.247272371566832589e+03 9.632621283682738511e-01 7.103501949470363789e-04
4.251519643938400804e+03 9.544479163786673270e-01 6.504987921250824376e-04
4.255771163582340705e+03 9.454272344297426356e-01 6.403659990753650258e-04
4.260026934745924336e+03 9.368730739870907431e-01 6.397934752169493876e-04
4.264286961680671993e+03 9.290245568913050311e-01 6.913660873703497863e-04
4.268551248642354039e+03 9.209074323449463195e-01 6.669336297615547325e-04
4.272819799890998183e+03 9.127810464981899186e-01 8.955508461587000221e-04
4.277092619690890388e+03 9.046168541875762026e-01 1.384224192401531210e-03
4.281369712310583054e+03 8.949343094234436524e-01 1.426771241830001626e-03
4.285651082022895025e+03 8.830501302519810913e-01 1.401575226183997486e-03
4.289936733104918858e+03 8.698679616393978353e-01 1.344579937642938379e-03
4.294226669838025373e+03 8.552472973064164652e-01 1.102902314829580163e-03
4.298520896507864563e+03 8.385039514681408290e-01 1.799586666616706868e-03
4.302819417404373780e+03 8.215702900647764428e-01 2.312509067602208906e-03
4.307122236821779552e+03 8.052436547787842347e-01 2.419970518440364444e-03
4.311429359058603040e+03 7.910344266844869798e-01 2.110129290906791796e-03
4.315740788417662770e+03 7.802987789396271801e-01 1.787297189977585937e-03
4.320056529206081905e+03 7.739726419526277157e-01 1.362927609285191632e-03
4.324376585735290064e+03 7.725168652063262309e-01 1.269274949982180734e-03
4.328700962321026054e+03 7.760457240165736792e-01 1.291617259222786578e-03
4.333029663283348782e+03 7.846758486002051169e-01 1.249801954196878232e-03
4.337362692946633615e+03 7.976589585559121787e-01 1.269995924208300710e-03
4.341700055639581478e+03 8.137295689178084546e-01 1.164617447206211034e-03
4.346041755695222491e+03 8.322759044871969047e-01 1.321751999063107115e-03
4.350387797450919606e+03 8.506595678800491500e-01 1.489023765211905468e-03
4.354738185248371337e+03 8.690358697233306895e-01 1.597490405764787460e-03
4.359092923433621763e+03 8.861836529822259001e-01 1.571064460266542598e-03
4.363452016357056891e+03 8.999193544934160904e-01 1.460370528442792460e-03
4.367815468373414660e+03 9.100956470958443401e-01 1.475406013582395044e-03
4.372183283841789489e+03 9.175329235234260805e-01 1.380560760683975305e-03
4.376555467125633186e+03 9.210248977084988242e-01 1.714296328974364812e-03
4.380932022592760404e+03 9.207976236067103581e-01 1.710140503960160246e-03
4.385312954615354101e+03 9.183090432372514877e-01 1.498691936549834776e-03
4.389698267569970994e+03 9.141488590690571847e-01 1.257757794486806828e-03
4.394087965837542470e+03 9.084333521485232765e-01 1.117034312317655934e-03
4.398482053803381859e+03 9.020481366387624877e-01 1.066148929451320214e-03
4.402880535857186260e+03 8.961276639318640491e-01 1.002848247120511098e-03
4.407283416393044718e+03 8.902091449629389031e-01 1.022521734111313165e-03
4.411690699809440048e+03 8.848108050200492736e-01 1.353402487967368195e-03
4.416102390509250654e+03 8.810227417541010020e-01 1.550919491554243052e-03
4.420518492899761441e+03 8.797154387307415391e-01 1.553748171466995745e-03
4.424939011392662906e+03 8.809034046852790567e-01 1.310123441265056672e-03
4.429363950404056595e+03 8.856410605324760432e-01 1.202774420240984360e-03
4.433793314354462382e+03 8.938696830950249028e-01 1.148801995385541862e-03
4.438227107668818462e+03 9.061597241723037266e-01 1.602015231713060667e-03
4.442665334776488635e+03 9.217915552507268684e-01 1.691756722656869664e-03
4.447108000111265937e+03 9.389709370069306837e-01 1.467324934436685683e-03
4.451555108111379013e+03 9.574790971755275937e-01 1.373363462726992631e-03
4.456006663219492111e+03 9.777506283569776802e-01 1.197510519028485926e-03
4.460462669882713271e+03 9.984237393544959094e-01 1.218870145549336408e-03
4.464923132552597053e+03 1.018939865644991505e+00 1.203211600376197796e-03
4.469388055685150903e+03 1.039570703038803723e+00 1.217505920760027054e-03
4.473857443740837880e+03 1.060009501870130766e+00 1.249562262859362166e-03
4.478331301184580298e+03 1.079319060242028838e+00 1.255214510486421520e-03
4.482809632485766087e+03 1.098231738383562472e+00 1.409494033077483962e-03
4.487292442118253348e+03 1.115907268907378347e+00 1.250926973143710224e-03
4.491779734560373072e+03 1.131796728692863407e+00 1.307023339937522398e-03
4.496271514294934605e+03 1.146090017732282584e+00 1.627483472576948592e-03
4.500767785809231100e+03 1.160111804676960290e+00 1.646474436713585851e-03
4.505268553595042249e+03 1.173704066148274494e+00 1.614963712885015418e-03
4.509773822148638828e+03 1.186510114269474725e+00 1.531833646482261627e-03
4.514283595970789065e+03 1.199699186830541775e+00 1.172744411550176620e-03
4.518797879566761367e+03 1.214714434752352856e+00 1.297185204530748636e-03
4.523316677446328868e+03 1.230998687888438692e+00 1.273839738227543032e-03
4.527839994123776705e+03 1.248447649835235707e+00 1.165195999747713814e-03
4.532367834117902021e+03 1.266538369590642921e+00 1.380809427705200886e-03
4.536900201952022144e+03 1.286088258284499464e+00 1.391970546129015027e-03
4.541437102153975502e+03 1.307939584711215186e+00 1.390410954201385134e-03
4.545978539256130716e+03 1.331709939130539366e+00 1.392083580204849782e-03
4.550524517795388419e+03 1.356264938154111865e+00 1.303371160847372531e-03
4.555075042313184895e+03 1.382405253754268371e+00 1.483326572121702099e-03
4.559630117355500261e+03 1.409108223652089764e+00 1.822408248177742650e-03
4.564189747472856652e+03 1.435626253433898158e+00 2.044451916976406346e-03
4.568753937220330954e+03 1.461627036304584015e+00 1.754364385240331833e-03
4.573322691157552981e+03 1.484881819115186685e+00 1.328844349260520060e-03
4.577896013848711846e+03 1.504774068127525233e+00 1.251167474373222422e-03
4.582473909862562323e+03 1.521224595220931564e+00 1.494346609654021406e-03
4.587056383772426670e+03 1.535520623280279162e+00 1.518578763181535791e-03
4.591643440156200086e+03 1.546651959431370793e+00 1.541638718478837095e-03
4.596235083596357981e+03 1.554572829867863382e+00 1.163788145380485663e-03
4.600831318679955984e+03 1.561126199684029103e+00 8.134289973531246129e-04
4.605432149998637215e+03 1.566904745518648223e+00 1.148577668871792606e-03
4.610037582148637739e+03 1.572351435296823974e+00 1.188651829985797959e-03
4.614647619730787483e+03 1.577917263084828381e+00 1.147502510784078993e-03
4.619262267350520233e+03 1.583629841940358496e+00 1.047250376863337416e-03
4.623881529617872729e+03 1.590490588327837962e+00 1.099661287730090229e-03
4.628505411147491941e+03 1.597820472054325203e+00 1.464506498840568213e-03
4.633133916558640522e+03 1.604480680313026486e+00 1.822631337500116300e-03
4.637767050475200449e+03 1.609325842263219286e+00 2.232094451535758441e-03
4.642404817525677572e+03 1.611742074473405895e+00 2.256602358594216734e-03
4.647047222343205249e+03 1.610616596698952740e+00 2.030313012969593451e-03
4.651694269565549803e+03 1.604961525712405024e+00 1.614293568355851249e-03
4.656345963835116891e+03 1.594524967531570470e+00 1.252505780112916868e-03
4.661002309798953320e+03 1.578394795565289277e+00 1.586297991962299812e-03
4.665663312108753416e+03 1.556817818010612475e+00 2.194909956876207272e-03
4.670328975420864481e+03 1.531652200763675253e+00 1.856907922093199844e-03
4.674999304396286789e+03 1.504670092185617536e+00 1.563127693692272988e-03
4.679674303700684504e+03 1.475324783426963604e+00 1.291893298096099575e-03
4.684353978004386590e+03 1.444383071956898856e+00 1.205872937398819351e-03
4.689038331982392265e+03 1.413233794588784953e+00 1.212701033547434202e-03
4.693727370314376458e+03 1.381485415312395659e+00 1.231591435320321436e-03
4.698421097684692540e+03 1.350420784370508720e+00 1.197667368810482720e-03
4.703119518782378691e+03 1.319399901794094720e+00 1.221378405345176872e-03
4.707822638301162442e+03 1.288026814945579357e+00 1.419234842695376057e-03
4.712530460939465229e+03 1.256426934399547779e+00 1.583268542038302569e-03
4.717242991400406027e+03 1.224034045674647020e+00 1.730400790715738322e-03
4.721960234391808626e+03 1.190202909277088272e+00 1.730459126656172910e-03
4.726682194626201635e+03 1.155119056384484422e+00 1.619007747353895131e-03
4.731408876820829391e+03 1.118319234899245451e+00 1.556890234510741348e-03
4.736140285697651962e+03 1.080413118863801314e+00 1.642474970212694143e-03
4.740876425983350600e+03 1.041684782119452812e+00 1.935277077974919277e-03
4.745617302409335934e+03 1.003045816121115319e+00 2.280817294149233704e-03
4.750362919711747054e+03 9.651650627552204043e-01 2.167789973715994814e-03
4.755113282631459697e+03 9.289785861651029819e-01 1.165543338069576027e-03
4.759868395914093526e+03 8.967507391122384597e-01 1.024100853274020461e-03
4.764628264310008490e+03 8.683451723591233407e-01 1.066416323537899098e-03
4.769392892574320285e+03 8.432967255590858580e-01 1.033076372621956470e-03
4.774162285466896719e+03 8.219519255648545242e-01 1.022247805133524520e-03
4.778936447752364984e+03 8.047884090986350270e-01 9.325111501228774708e-04
4.783715384200118933e+03 7.906160387999664474e-01 9.338392132128946069e-04
4.788499099584319993e+03 7.800602209011008314e-01 1.047589140673451649e-03
4.793287598683906253e+03 7.722192820426633242e-01 1.358723620352258327e-03
4.798080886282591564e+03 7.663197253566832456e-01 1.569323227494736446e-03
4.802878967168876443e+03 7.616365834128588919e-01 1.733905309661188830e-03
4.807681846136046261e+03 7.577248359051533821e-01 1.695251040465879828e-03
4.812489527982183972e+03 7.539504606489092486e-01 1.559129904693562930e-03
4.817302017510168298e+03 7.502778631652632368e-01 1.352571281297683826e-03
4.822119319527679181e+03 7.464939386916712438e-01 1.419764362536092518e-03
4.826941438847208701e+03 7.429972453061758353e-01 1.657561593036546189e-03
4.831768380286057436e+03 7.402807562694770915e-01 1.767719393745761968e-03
4.836600148666345376e+03 7.391392218619452503e-01 1.488290137212478327e-03
4.841436748815013743e+03 7.411879986350876637e-01 9.212657694989685557e-04
4.846278185563829538e+03 7.475682886948213923e-01 6.586302671844173869e-04
4.851124463749395545e+03 7.598486003020122892e-01 7.360308017561758122e-04
4.855975588213146693e+03 7.775238507247846931e-01 9.207391714802444548e-04
4.860831563801360971e+03 8.018598088739475882e-01 7.857868554661443352e-04
4.865692395365163975e+03 8.328452703527433609e-01 7.352405310359229861e-04
4.870558087760530725e+03 8.706044072291532210e-01 9.395288524417367941e-04
4.875428645848292945e+03 9.136096431646292260e-01 1.116281436554735071e-03
4.880304074494142696e+03 9.619863763254509204e-01 1.351792466912658591e-03
4.885184378568638749e+03 1.014039422745276031e+00 1.306482198223140028e-03
4.890069562947209306e+03 1.068783395092128607e+00 1.360748362854746632e-03
4.894959632510157462e+03 1.124670924416105278e+00 1.242322210687913210e-03
4.899854592142669389e+03 1.179922389184801634e+00 9.393681855245566504e-04
4.904754446734813428e+03 1.233044556653183799e+00 7.052012746044393661e-04
4.909659201181550088e+03 1.283187223874571625e+00 6.712632886480926920e-04
4.914568860382732964e+03 1.329212281621055647e+00 7.400589121071792084e-04
4.919483429243117826e+03 1.370782774977127971e+00 6.958207758411787255e-04
4.924402912672362618e+03 1.406944010414190593e+00 6.552323021636496285e-04
4.929327315585036558e+03 1.437457266856952076e+00 6.973667867547252153e-04
4.934256642900622865e+03 1.461748705491543010e+00 7.540941784985643118e-04
4.939190899543525120e+03 1.478878467639557215e+00 8.457944272545700210e-04
4.944130090443070912e+03 1.488820197774334719e+00 9.834628519576435902e-04
4.949074220533515472e+03 1.490249218044018775e+00 1.087041240807635296e-03
4.954023294754050767e+03 1.483694602180949174e+00 9.482383073347220269e-04
4.958977318048806410e+03 1.468506179413973767e+00 9.099036105760848012e-04
4.963936295366856939e+03 1.445943646216041989e+00 9.847520965754316593e-04
4.968900231662225451e+03 1.416422934453139382e+00 1.249686714101185805e-03
4.973869131893889062e+03 1.381138486275274913e+00 1.774986941008013580e-03
4.978843001025784361e+03 1.341946451467347812e+00 1.859247417481635052e-03
4.983821844026811959e+03 1.301606025489901564e+00 1.854414972698801255e-03
4.988805665870840130e+03 1.261707633401165873e+00 1.739303181728524576e-03
4.993794471536712990e+03 1.223995091352952480e+00 1.454223047604608337e-03
4.998788266008251412e+03 1.190402435233845146e+00 8.830972394604598213e-04
5.003787054274261209e+03 1.162223961033882702e+00 7.872701155358481032e-04
5.008790841328536771e+03 1.139404549615419704e+00 7.330093928311257707e-04
5.013799632169867436e+03 1.123472886547031813e+00 8.264990724849147338e-04
5.018813431802038394e+03 1.113209596618550234e+00 9.238310143972855134e-04
5.023832245233842514e+03 1.108640823082455595e+00 1.014875139861468913e-03
5.028856077479077612e+03 1.108576211762868802e+00 1.148968061721232286e-03
5.033884933556558281e+03 1.112176022500642514e+00 1.326418335255426500e-03
5.038918818490116792e+03 1.118557995953270545e+00 1.350282932095272235e-03
5.043957737308608557e+03 1.126066359531787242e+00 1.226889354885243042e-03
5.049001695045918495e+03 1.133838969331552260e+00 9.731679317013969569e-04
5.054050696740966487e+03 1.140900203626911358e+00 8.915535561965006470e-04
5.059104747437709193e+03 1.147237796404952492e+00 8.083525621351240684e-04
5.064163852185148244e+03 1.152304855884292989e+00 7.526653556724442057e-04
5.069228016037335692e+03 1.155026105527493741e+00 1.019345752062280567e-03
5.074297244053374015e+03 1.156483739207935457e+00 1.126464964637724497e-03
5.079371541297429758e+03 1.156793303419791474e+00 1.203847922773972111e-03
5.084450912838728073e+03 1.156585615683156876e+00 9.514426818720522457e-04
5.089535363751569093e+03 1.156155922292702254e+00 7.212826580640900468e-04
5.094624899115322478e+03 1.156039213795896359e+00 7.833670511998080477e-04
5.099719524014439230e+03 1.155790991459226591e+00 8.206702917998438514e-04
5.104819243538455339e+03 1.154955233088982292e+00 8.856686884289750048e-04
5.109924062781995417e+03 1.154261071343760880e+00 7.964556088695968344e-04
5.115033986844779065e+03 1.152768889895583238e+00 7.718692735899706711e-04
5.120149020831625421e+03 1.151037621903036490e+00 8.378289043806544465e-04
5.125269169852458617e+03 1.149237638456486854e+00 9.267827266081726280e-04
5.130394439022313236e+03 1.147941556175136490e+00 9.257372258999289069e-04
5.135524833461337039e+03 1.147220678412798955e+00 9.149382670691529398e-04
5.140660358294800062e+03 1.147080299065292852e+00 8.450407658666924662e-04
5.145801018653096435e+03 1.147900952124747187e+00 7.504241219455188650e-04
5.150946819671751655e+03 1.150013836020823632e+00 7.167972008877935165e-04
5.156097766491425318e+03 1.154034666781686536e+00 6.858895784843752758e-04
5.161253864257918394e+03 1.159616926869862619e+00 6.620260838183106029e-04
5.166415118122177773e+03 1.166640369672807154e+00 7.927481215472530771e-04
5.171581533240301724e+03 1.175756850100038831e+00 8.422219201659496063e-04
5.176753114773543530e+03 1.186662109810033616e+00 7.222709445521177359e-04
5.181929867888318768e+03 1.199916515273862894e+00 7.331068719630560917e-04
5.187111797756208944e+03 1.214833005675244770e+00 7.101669941638545690e-04
5.192298909553966951e+03 1.231387337694832329e+00 6.891596177357959532e-04
5.197491208463522526e+03 1.249797192920746758e+00 8.134616295434773763e-04
5.202688699671987706e+03 1.269557236955048962e+00 9.791553499057469544e-04
5.207891388371661378e+03 1.289754262481093594e+00 8.871267005841445338e-04
5.213099279760034733e+03 1.309313175938778162e+00 8.691151331538050960e-04
5.218312379039796724e+03 1.327631019447736760e+00 7.686027087515525215e-04
5.223530691418837705e+03 1.344284307957480218e+00 6.941395457457130280e-04
5.228754222110258524e+03 1.359203029590760448e+00 6.839451753130202163e-04
5.233982976332370527e+03 1.372081188583650357e+00 9.289819973826193671e-04
5.239216959308704645e+03 1.383669533651228356e+00 9.503771840579824763e-04
5.244456176268015042e+03 1.394205434678637889e+00 9.286508397110302499e-04
5.249700632444284565e+03 1.403809067295027635e+00 9.224218240637409479e-04
5.254950333076731113e+03 1.412935726196668407e+00 9.927093105039600397e-04
5.260205283409809454e+03 1.421838002380913402e+00 8.648090889254550192e-04
5.265465488693221232e+03 1.431631577167861602e+00 6.790433834121900689e-04
5.270730954181915877e+03 1.442642252146410398e+00 6.300244420557051623e-04
5.276001685136099695e+03 1.454752344668113428e+00 6.360834055669774235e-04
5.281277686821237694e+03 1.467944415535071156e+00 8.443029148237666615e-04
5.286558964508059944e+03 1.481916450191203660e+00 1.048311267162983481e-03
5.291845523472569766e+03 1.497083404790896299e+00 8.827967293588619710e-04
5.297137368996044643e+03 1.513773114418126120e+00 1.329836263963943624e-03
5.302434506365042580e+03 1.530696240957819088e+00 2.157543855425902470e-03
5.307736940871409388e+03 1.546351508357909799e+00 2.822113682194012877e-03
5.313044677812282316e+03 1.559111434764728799e+00 2.851612193304713279e-03
5.318357722490096421e+03 1.567801868896433470e+00 2.554539565641779277e-03
5.323676080212588204e+03 1.571476094760210440e+00 2.076050815497444604e-03
5.328999756292802886e+03 1.568992677551113601e+00 1.861370244704664946e-03
5.334328756049097137e+03 1.560461728700429873e+00 2.327511105056774467e-03
5.339663084805148173e+03 1.547423026635735388e+00 2.899230344791139686e-03
5.345002747889954662e+03 1.531043587632078484e+00 3.234464380251591761e-03
5.350347750637846730e+03 1.512913135064446912e+00 3.068845215749014307e-03
5.355698098388485960e+03 1.494920962212754167e+00 2.318157306368654781e-03
5.361053796486876308e+03 1.479110966843827590e+00 1.262383895352881414e-03
5.366414850283365013e+03 1.467799657065826047e+00 7.991245268684810414e-04
5.371781265133649867e+03 1.461722787132504697e+00 1.203977071855505876e-03
5.377153046398785591e+03 1.459951956142395701e+00 1.047142748540647690e-03
5.382530199445186554e+03 1.462145764283089511e+00 8.631356883091731219e-04
5.387912729644633146e+03 1.468259867319943623e+00 8.188090894394034610e-04
5.393300642374279960e+03 1.477969243412899925e+00 8.256153145867454633e-04
5.398693943016655794e+03 1.491263770539325240e+00 9.794437949100279726e-04
5.404092636959673655e+03 1.506896780932678981e+00 1.294424886232983015e-03
5.409496729596635305e+03 1.523380162061644505e+00 1.354967812343586386e-03
5.414906226326233991e+03 1.539576380777143871e+00 1.399365335101821145e-03
5.420321132552561721e+03 1.555338551752624365e+00 1.408954504886171955e-03
5.425741453685116539e+03 1.569605468385206315e+00 1.157030972965657992e-03
5.431167195138803436e+03 1.580926694682281086e+00 1.105628254477661375e-03
5.436598362333943442e+03 1.589322904394091962e+00 1.151407307337569798e-03
5.442034960696279086e+03 1.594513797516942777e+00 1.208461875733301931e-03
5.447476995656978033e+03 1.596479566282496654e+00 1.184953564194299227e-03
5.452924472652636723e+03 1.594878532656700765e+00 1.130923192687464116e-03
5.458377397125291282e+03 1.589530698801024267e+00 1.031799024637678093e-03
5.463835774522417523e+03 1.580971460973404907e+00 8.726111630905058602e-04
5.469299610296941864e+03 1.570289727474255770e+00 9.456375267757828650e-04
5.474768909907241323e+03 1.557208055685746384e+00 7.228574485026530204e-04
5.480243678817149885e+03 1.540784937336419969e+00 6.873099165019924510e-04
5.485723922495968509e+03 1.521549920149287027e+00 1.066241515833229753e-03
5.491209646418466946e+03 1.500419376837328622e+00 1.580707958112767498e-03
5.496700856064887375e+03 1.478635984238499068e+00 1.570862911729230434e-03
5.502197556920953502e+03 1.457331364784902439e+00 1.474206173545122758e-03
5.507699754477876013e+03 1.437004970180181473e+00 1.381771911718192650e-03
5.513207454232356213e+03 1.417904523663680028e+00 1.096919149585994001e-03
5.518720661686590574e+03 1.400798575106751764e+00 8.434040757114481422e-04
5.524239382348278923e+03 1.386152671242150136e+00 9.576471189886284676e-04
5.529763621730628984e+03 1.373132163311585607e+00 1.350249586964306784e-03
5.535293385352360929e+03 1.360592703418163962e+00 2.013827105837202001e-03
5.540828678737715563e+03 1.347238373549876078e+00 2.300120003840933330e-03
5.546369507416455235e+03 1.331439800225840520e+00 2.245749535504869190e-03
5.551915876923872929e+03 1.311748987846162340e+00 1.645660339992616053e-03
5.557467792800798634e+03 1.286791894339250453e+00 1.144620592139726847e-03
5.563025260593602070e+03 1.255773665780129722e+00 1.106591255998012153e-03
5.568588285854197238e+03 1.218914897530688712e+00 1.107237745778943440e-03
5.574156874140053333e+03 1.176456912536524069e+00 1.103780040554390961e-03
5.579731031014194741e+03 1.128606069991206384e+00 1.100596870170217692e-03
5.585310762045211050e+03 1.075359611400595883e+00 1.171393433440029918e-03
5.590896072807257951e+03 1.017924315740748042e+00 1.186607505088284244e-03
5.596486968880067252e+03 9.579480062280776309e-01 1.041180363960994429e-03
5.602083455848949598e+03 8.975450904978327094e-01 1.123861241954167292e-03
5.607685539304799931e+03 8.378670848119901260e-01 1.398430275714882334e-03
5.613293224844106589e+03 7.804172152263703088e-01 1.692139648477485091e-03
5.618906518068952209e+03 7.268888289961346061e-01 1.762653275076757906e-03
5.624525424587023736e+03 6.789031713224744635e-01 1.522416400910839209e-03
5.630149950011612418e+03 6.382864972679732629e-01 1.015474087746962625e-03
5.635780099961625638e+03 6.064683645733224271e-01 8.493877172279501583e-04
5.641415880061589633e+03 5.843547933026510544e-01 1.210310754834290807e-03
5.647057295941652228e+03 5.717046764079973808e-01 1.288616504280395460e-03
5.652704353237596479e+03 5.683833309463381944e-01 9.848663981673374656e-04
5.658357057590835211e+03 5.738453265997572883e-01 9.056302414674067668e-04
5.664015414648428305e+03 5.884527807161199497e-01 9.157364860405411500e-04
5.669679430063079053e+03 6.121679028672130096e-01 9.213090286279612597e-04
5.675349109493143260e+03 6.442113369206969864e-01 9.237834053408844077e-04
5.681024458602638333e+03 6.842354964740969825e-01 9.343702695669926566e-04
5.686705483061243285e+03 7.320888694628722160e-01 9.574539863633429277e-04
5.692392188544306009e+03 7.865193205495906170e-01 1.112070713595800881e-03
5.698084580732852373e+03 8.466709304233414057e-01 1.330501130388387796e-03
5.703782665313587131e+03 9.113643390795217458e-01 1.318204645717731358e-03
5.709486447978903016e+03 9.794918933559509933e-01 1.106806705480361521e-03
5.715195934426883468e+03 1.049352637865194948e+00 8.657686157214327652e-04
5.720911130361312644e+03 1.119511682303496292e+00 7.420906350369615382e-04
5.726632041491675409e+03 1.189023968955806199e+00 7.301068731226749691e-04
5.732358673533169167e+03 1.256473552732336740e+00 7.969307725670381768e-04
5.738091032206703858e+03 1.320948498685251105e+00 9.283543494886185420e-04
5.743829123238912871e+03 1.381708058580380261e+00 1.142082701164720245e-03
5.749572952362153046e+03 1.437601422558146158e+00 1.108508471229149471e-03
5.755322525314517407e+03 1.487409897948906767e+00 9.182408244142496127e-04
5.761077847839834249e+03 1.530303806039986281e+00 9.854616417445687029e-04
5.766838925687675328e+03 1.566324239076754221e+00 1.130333959483625439e-03
5.772605764613364954e+03 1.596195053109775275e+00 1.164027628916380333e-03
5.778378370377980900e+03 1.619918916655019414e+00 1.164578309111415815e-03
5.784156748748360769e+03 1.636797888738611428e+00 1.106449207923812733e-03
5.789940905497111089e+03 1.647858510269252452e+00 8.507345885644048041e-04
5.795730846402610041e+03 1.654412204346033199e+00 7.200978970790363268e-04
5.801526577249013826e+03 1.657104925695181530e+00 7.449089637482687615e-04
5.807328103826264851e+03 1.656612762025209795e+00 9.357109566246423187e-04
5.813135431930093546e+03 1.653782530714192012e+00 1.179219485323612258e-03
5.818948567362025642e+03 1.649948769605830146e+00 1.301399680077575376e-03
5.824767515929389447e+03 1.645628088899824260e+00 1.312488023674764732e-03
5.830592283445320390e+03 1.641442209139716724e+00 1.123454851576187463e-03
5.836422875728768304e+03 1.638793881622296222e+00 9.176860510534024136e-04
5.842259298604498326e+03 1.637838338560109408e+00 8.938870820200383325e-04
5.848101557903105459e+03 1.638568099853711102e+00 9.501102897640786122e-04
5.853949659461010015e+03 1.641428152928626094e+00 1.020574978647515027e-03
5.859803609120473084e+03 1.645501300907296072e+00 8.249222055920107152e-04
5.865663412729595620e+03 1.649968280866322079e+00 5.589556540275281843e-04
5.871529076142326630e+03 1.654110880459338739e+00 7.224362245080136538e-04
5.877400605218471355e+03 1.657411122084182065e+00 1.089169878950567352e-03
5.883278005823691274e+03 1.659000797209511768e+00 1.205982878576976336e-03
5.889161283829516833e+03 1.657776456029224299e+00 9.896967691082568779e-04
5.895050445113348360e+03 1.652979712907840959e+00 9.359875630078488872e-04
5.900945495558464245e+03 1.644891272887549993e+00 1.020276901011766581e-03
5.906846441054024581e+03 1.633719309528490538e+00 1.229601143518397124e-03
5.912753287495080258e+03 1.619708178433585832e+00 1.363039286332402584e-03
5.918666040782577511e+03 1.603285089566481636e+00 1.292530791489090699e-03
5.924584706823361557e+03 1.584981878932895549e+00 1.120603827568385528e-03
5.930509291530187511e+03 1.565431039206881980e+00 1.033465422108427326e-03
5.936439800821719473e+03 1.544872639343384479e+00 9.623400775984166300e-04
5.942376240622543264e+03 1.523731815170350501e+00 9.311049482621858771e-04
5.948318616863167335e+03 1.503235284389465853e+00 9.624415152504271461e-04
5.954266935480032771e+03 1.483587349631088959e+00 1.026726590514922058e-03
5.960221202415515108e+03 1.464931563925216285e+00 1.129078695003937587e-03
5.966181423617932523e+03 1.448001033071665944e+00 1.168164073134867918e-03
5.972147605041552197e+03 1.432574426493427477e+00 1.062380234980249373e-03
5.978119752646595771e+03 1.418992681308454129e+00 7.953587770657491191e-04
5.984097872399243897e+03 1.407821189241727611e+00 8.647269900380011396e-04
5.990081970271645332e+03 1.398905564489096642e+00 1.010197851158852606e-03
5.996072052241918755e+03 1.391754994874908613e+00 9.788567430462002603e-04
6.002068124294162772e+03 1.385519483658293804e+00 8.155267128291439219e-04
6.008070192418459555e+03 1.379701628108876976e+00 5.897303474590438570e-04
6.014078262610879392e+03 1.373396460498938598e+00 3.574653344310363108e-04
6.020092340873492503e+03 1.366063533372332550e+00 4.519328456429961617e-04
6.026112433214368139e+03 1.357263848070049184e+00 5.948344434880797329e-04
6.032138545647584579e+03 1.346733114984571822e+00 6.421887111591288982e-04
6.038170684193233683e+03 1.334352442619774592e+00 5.822424091104461087e-04
6.044208854877429076e+03 1.319871532365197497e+00 7.152018236138852616e-04
6.050253063732308874e+03 1.303834924670161710e+00 1.201170035832262173e-03
6.056303316796042964e+03 1.286936396959593054e+00 1.600101657888868423e-03
6.062359620112841185e+03 1.270440514991309611e+00 1.795123677668346599e-03
6.068421979732956061e+03 1.255211424023200850e+00 1.729744741299018770e-03
6.074490401712690982e+03 1.242194364772984949e+00 1.455362790056690834e-03
6.080564892114405666e+03 1.232292422194474657e+00 1.140399117787098057e-03
6.086645457006521610e+03 1.226320796187269524e+00 7.473049750528932026e-04
6.092732102463530282e+03 1.224577217757727432e+00 8.225815226194920253e-04
6.098824834565995843e+03 1.226715635289077566e+00 1.194585703475341959e-03
6.104923659400564247e+03 1.231834979507390848e+00 1.637594361347629581e-03
6.111028583059966877e+03 1.238545843187916384e+00 1.885349228045033517e-03
6.117139611643028729e+03 1.245059782295648398e+00 1.855086543036471840e-03
6.123256751254673873e+03 1.249824476733558010e+00 1.491683365562210001e-03
6.129380008005929994e+03 1.251670564967120924e+00 1.236271725805170030e-03
6.135509388013938405e+03 1.249875581073119690e+00 1.001516515788854591e-03
6.141644897401954040e+03 1.243603751128381729e+00 8.144675849714407868e-04
6.147786542299358189e+03 1.232683304955615178e+00 9.083829297097428986e-04
6.153934328841659408e+03 1.217533305894347828e+00 1.310672082000929623e-03
6.160088263170503524e+03 1.198546378367091103e+00 1.630986824327967932e-03
6.166248351433675452e+03 1.177039993807966534e+00 1.950108222558467625e-03
6.172414599785111022e+03 1.154918533814792925e+00 1.999393855580492655e-03
6.178587014384898794e+03 1.134133718554614090e+00 1.764416232422671158e-03
6.184765601399285515e+03 1.116083668468230483e+00 1.422040048743748904e-03
6.190950367000687038e+03 1.101393791280727896e+00 1.212672939650484734e-03
6.197141317367689226e+03 1.090325360793761078e+00 1.285746121089380864e-03
6.203338458685059777e+03 1.083131551727867903e+00 1.608586009157137462e-03
6.209541797143746408e+03 1.079291493745649699e+00 1.806205851859706002e-03
6.215751338940892310e+03 1.078083202845069977e+00 1.788825570296546930e-03
6.221967090279835247e+03 1.078971854069528336e+00 1.460738802840176988e-03
6.228189057370116643e+03 1.080743803562474126e+00 8.769985798886379032e-04
6.234417246427488863e+03 1.082557673168799584e+00 5.418212833589051893e-04
6.240651663673918847e+03 1.083729997924549160e+00 5.936448722620574475e-04
6.246892315337594482e+03 1.084568490961103970e+00 5.537331793004224290e-04
6.253139207652934601e+03 1.084965950219706876e+00 5.522093154915346013e-04
6.259392346860589896e+03 1.084593048337605392e+00 5.403116333505714490e-04
6.265651739207452010e+03 1.083350181857608785e+00 5.716682765093780054e-04
6.271917390946661726e+03 1.081770488666810692e+00 6.810827139166252073e-04
6.278189308337610782e+03 1.079850815710543532e+00 9.979763723962969870e-04
6.284467497645950061e+03 1.077579906581783042e+00 1.302388243199125578e-03
6.290751965143597772e+03 1.075757139071307655e+00 1.263439294078362671e-03
6.297042717108744000e+03 1.074806438350513371e+00 1.075745605488711383e-03
6.303339759825854344e+03 1.074743566324167121e+00 1.071571784771291466e-03
6.309643099585682648e+03 1.075149470612987823e+00 1.251314388202856044e-03
6.315952742685270096e+03 1.075620992170132961e+00 1.432176427273187383e-03
6.322268695427957937e+03 1.075642448599689383e+00 1.461751436938307650e-03
6.328590964123387494e+03 1.074482018017349327e+00 1.321276622137086123e-03
6.334919555087512890e+03 1.071476745598569646e+00 1.059226765739892636e-03
6.341254474642602872e+03 1.066040658130523733e+00 7.645980774971304714e-04
6.347595729117247174e+03 1.057225234801426605e+00 7.848270610094750183e-04
6.353943324846366522e+03 1.045202600563028827e+00 7.837713921000320771e-04
6.360297268171215364e+03 1.029575929474222606e+00 8.085181913333884095e-04
6.366657565439388236e+03 1.010467088777101674e+00 9.434026379406406119e-04
6.373024223004829764e+03 9.880309262514308521e-01 1.081781305968620641e-03
6.379397247227837397e+03 9.621321887814839879e-01 1.024433955187118361e-03
6.385776644475066860e+03 9.328186118707474384e-01 8.870322268203239711e-04
6.392162421119543978e+03 9.008734825714321826e-01 7.082057569795184018e-04
6.398554583540665590e+03 8.663056522581831231e-01 1.133780587337179140e-03
6.404953138124208635e+03 8.304100740138005143e-01 1.558532762917839206e-03
6.411358091262334710e+03 7.952628026769694713e-01 1.578048903412268469e-03
6.417769449353599157e+03 7.622031098651984582e-01 1.589544536717816484e-03
6.424187218802954703e+03 7.332416774307503049e-01 1.430815603238206344e-03
6.430611406021760558e+03 7.101222448255590791e-01 1.072480556936668879e-03
6.437042017427784231e+03 6.940946644129890597e-01 7.203152683748130589e-04
6.443479059445214261e+03 6.864098795391170293e-01 4.636764079920714394e-04
6.449922538504661134e+03 6.877075368901738317e-01 4.817983506692488172e-04
6.456372461043168187e+03 6.980204857205303259e-01 5.695908825712253307e-04
6.462828833504213435e+03 7.170729375786299986e-01 6.063888510743183557e-04
6.469291662337719572e+03 7.444072253252632665e-01 9.114833040041876418e-04
6.475760954000059428e+03 7.793900463726277650e-01 1.013767429068331049e-03
6.482236714954061426e+03 8.205125435163129755e-01 9.188981061660182748e-04
6.488718951669017770e+03 8.666639144996308719e-01 8.164971216914297322e-04
6.495207670620688987e+03 9.167503980193140167e-01 6.555501197106905487e-04
6.501702878291312118e+03 9.694014675424009742e-01 5.527530343062978316e-04
6.508204581169605262e+03 1.023488051730215176e+00 5.080394065064729658e-04
6.514712785750777584e+03 1.078078872267638877e+00 5.492381548676604323e-04
6.521227498536530220e+03 1.131197148479893722e+00 6.627210921163470070e-04
6.527748726035069012e+03 1.181938420189788896e+00 7.220437051775383365e-04
6.534276474761106329e+03 1.229713608383862233e+00 7.676641814011202951e-04
6.540810751235869247e+03 1.272472657044868338e+00 7.336769939845063032e-04
6.547351561987107743e+03 1.310017365929607269e+00 6.716631202853155314e-04
6.553898913549096505e+03 1.341622112293852975e+00 5.440258175161517351e-04
6.560452812462647671e+03 1.366426865675547386e+00 5.038654337760722869e-04
6.567013265275112644e+03 1.384428160851266298e+00 4.803174521075187563e-04
6.573580278540390282e+03 1.395433821669042729e+00 5.125071771138360122e-04
6.580153858818932349e+03 1.399622552486358140e+00 4.936809837498256628e-04
6.586734012677753526e+03 1.397408754863362912e+00 5.500284700947381334e-04
6.593320746690433225e+03 1.390187083084692077e+00 7.642996456221430633e-04
6.599914067437126505e+03 1.378727447744124035e+00 9.059200516500935446e-04
6.606513981504565891e+03 1.363761332604188414e+00 1.139946573965553225e-03
6.613120495486072286e+03 1.346763779904065927e+00 1.359888359289441583e-03
6.619733615981560433e+03 1.329077742289809017e+00 1.337789917419548785e-03
6.626353349597544366e+03 1.311895360195604043e+00 1.041824223729491319e-03
6.632979702947143778e+03 1.296239776637239771e+00 6.927939386615813294e-04
6.639612682650093120e+03 1.283044517447627264e+00 7.715975387905392620e-04
6.646252295332745234e+03 1.272045668621698100e+00 9.654817809862308942e-04
6.652898547628080451e+03 1.263211475641388581e+00 1.069969128283491076e-03
6.659551446175711135e+03 1.256681595031392096e+00 1.021309838340050350e-03
6.666210997621888964e+03 1.251013905123316006e+00 9.516324273930275432e-04
6.672877208619513112e+03 1.245990834096235567e+00 6.997125685771415438e-04
6.679550085828134797e+03 1.241171066976075377e+00 5.181081669600401743e-04
6.686229635913964557e+03 1.235777172792213330e+00 4.805107740165709624e-04
6.692915865549881346e+03 1.229402471966438704e+00 4.800751156684384237e-04
6.699608781415433441e+03 1.221491370079792471e+00 5.165158170272117792e-04
6.706308390196851178e+03 1.211789747252210558e+00 5.992313783232322078e-04
6.713014698587049679e+03 1.199598779289134942e+00 6.653580198787976182e-04
6.719727713285638856e+03 1.184955565799449051e+00 6.867093257114804386e-04
6.726447440998927050e+03 1.167565496566226102e+00 5.023486283677330725e-04
6.733173888439928305e+03 1.146750625200137819e+00 3.719701092158369539e-04
6.739907062328370557e+03 1.122420814852955306e+00 3.452394021257770189e-04
6.746646969390701088e+03 1.094976704690245661e+00 3.460903644350000964e-04
6.753393616360093802e+03 1.064589077282661611e+00 3.721085702518187022e-04
6.760147009976456502e+03 1.031482249801544793e+00 3.876917950291447435e-04
6.766907156986434529e+03 9.967269509308349651e-01 4.249425717241659328e-04
6.773674064143423493e+03 9.608177290526795922e-01 5.630897409924386478e-04
6.780447738207569273e+03 9.248657115900859038e-01 8.151494798974723852e-04
6.787228185945778932e+03 8.904901583336887194e-01 1.224273778654642614e-03
6.794015414131727084e+03 8.586092091503195745e-01 1.556441157553645682e-03
6.800809429545861349e+03 8.307173171216044594e-01 1.696016595723724750e-03
6.807610238975408720e+03 8.091809786361939816e-01 1.489523512082653600e-03
6.814417849214386479e+03 7.947394343429360353e-01 1.152050195912570837e-03
6.821232267063603103e+03 7.882860557983607519e-01 8.163500191747740482e-04
6.828053499330669183e+03 7.903849536417130173e-01 7.048467115635486096e-04
6.834881552830001965e+03 8.013090952862778060e-01 9.751732085115691990e-04
6.841716434382834450e+03 8.203022619072996013e-01 1.218199246387316036e-03
6.848558150817219939e+03 8.464586101524514961e-01 1.223509980371740181e-03
6.855406708968039311e+03 8.785857824374517788e-01 1.087401256252956997e-03
6.862262115677009206e+03 9.151331435532951142e-01 9.067163379599599412e-04
6.869124377792688392e+03 9.545346657988126315e-01 8.030262914523888943e-04
6.875993502170483225e+03 9.956830370135185682e-01 5.900830786700929365e-04
6.882869495672656740e+03 1.037276860810327550e+00 6.320596580887428160e-04
6.889752365168331380e+03 1.077536864129050587e+00 6.776211476823802097e-04
6.896642117533501732e+03 1.115660077645723058e+00 5.900718275981426406e-04
6.903538759651037253e+03 1.150740354601438975e+00 5.167704330099781888e-04
6.910442298410691365e+03 1.181864411145734817e+00 4.741898581888933989e-04
6.917352740709104182e+03 1.208552619933822569e+00 5.056815523645527641e-04
6.924270093449815249e+03 1.230244777208398421e+00 6.138566783785229242e-04
6.931194363543267173e+03 1.246867635405123798e+00 5.536693676595895279e-04
6.938125557906812901e+03 1.259005812074176056e+00 5.517699834126901706e-04
6.945063683464722089e+03 1.266150484202324344e+00 5.315449322538269832e-04
6.952008747148189286e+03 1.268642923599563765e+00 4.396566198772090448e-04
6.958960755895339389e+03 1.266883544073285295e+00 3.111009216211554494e-04
6.965919716651237650e+03 1.261483366144214857e+00 5.104171202392544142e-04
6.972885636367890584e+03 1.252199623559760555e+00 5.689027412362400666e-04
6.979858522004260521e+03 1.239254180872362943e+00 5.372368428381677115e-04
6.986838380526267429e+03 1.223073237154036264e+00 4.899710248152739289e-04
6.993825218906796181e+03 1.204047382271236533e+00 7.939674383570409022e-04
7.000819044125705659e+03 1.183020240089883268e+00 1.188844478567017493e-03
7.007819863169833297e+03 1.161316210831356832e+00 1.298387620395399355e-03
7.014827683033005087e+03 1.140508570243528697e+00 1.226502828027213826e-03
7.021842510716041033e+03 1.120571937233707738e+00 1.080928731668294408e-03
7.028864353226758794e+03 1.102617162296415820e+00 8.916279811017075591e-04
7.035893217579988232e+03 1.087649982486821987e+00 8.110641624998458400e-04
7.042929110797570502e+03 1.075958489750309610e+00 7.683776270068783760e-04
7.049972039908370789e+03 1.068251609623726894e+00 8.768909969505687182e-04
7.057022011948281033e+03 1.064038950730697319e+00 8.988323945556509712e-04
7.064079033960231754e+03 1.063372975627704164e+00 8.225700614273573482e-04
7.071143112994193871e+03 1.065876329202367856e+00 6.503083755625071408e-04
7.078214256107190522e+03 1.070698044489578171e+00 6.278562679254048309e-04
7.085292470363300708e+03 1.077608413960559064e+00 6.478610810624138442e-04
7.092377762833665656e+03 1.086478574004907216e+00 8.444502528307306971e-04
7.099470140596501551e+03 1.096791172660213975e+00 9.592865546618631551e-04
7.106569610737100447e+03 1.107550833040931826e+00 9.028802809168342842e-04
7.113676180347840273e+03 1.118498319299763510e+00 7.521205554547117419e-04
7.120789856528190285e+03 1.128962199097818919e+00 6.911475222272056270e-04
7.127910646384721076e+03 1.138353856881739956e+00 7.507495813789421581e-04
7.135038557031108212e+03 1.146498562781407271e+00 6.572664711152521617e-04
7.142173595588141325e+03 1.153615184373649294e+00 6.659242443385057298e-04
7.149315769183732300e+03 1.159653147361823455e+00 7.881466860731980214e-04
7.156465084952918005e+03 1.163212398878971765e+00 8.156830691031354214e-04
7.163621550037873021e+03 1.164397831036340092e+00 8.078400086783339750e-04
7.170785171587913283e+03 1.163209099303741834e+00 7.984641639421805005e-04
7.177955956759504261e+03 1.159711153280763352e+00 8.033146784155561137e-04
7.185133912716265513e+03 1.154101500072641784e+00 6.846394735034032775e-04
7.192319046628984324e+03 1.145662003598802769e+00 8.015250855408289580e-04
7.199511365675615707e+03 1.135149483834220652e+00 9.604905461596370889e-04
7.206710877041294225e+03 1.122964626779341835e+00 1.029917511186197957e-03
7.213917587918337631e+03 1.109752179989407450e+00 8.312768962523002817e-04
7.221131505506257781e+03 1.096329389216454064e+00 5.462434963352318876e-04
7.228352637011767001e+03 1.083586450049330852e+00 4.961739810885275109e-04
7.235580989648780815e+03 1.071648965123597197e+00 4.918801308677429526e-04
7.242816570638432495e+03 1.060640271135085522e+00 5.068957621957823371e-04
7.250059387209073066e+03 1.051092723530450801e+00 5.152648756103181708e-04
7.257309446596284033e+03 1.043080220880430176e+00 5.147651431377719619e-04
7.264566756042882844e+03 1.036658676753519082e+00 5.676544768052974033e-04
7.271831322798928340e+03 1.031849800004509765e+00 6.791598944701910919e-04
7.279103154121729858e+03 1.028479091088160269e+00 6.258160190273167906e-04
7.286382257275853590e+03 1.026454998972348598e+00 4.710147405058647029e-04
7.293668639533132591e+03 1.025320704416049278e+00 4.813983986815628755e-04
7.300962308172667690e+03 1.024737896447096119e+00 4.805356157257994814e-04
7.308263270480842948e+03 1.024922091458059015e+00 4.851888883131802335e-04
7.315571533751325660e+03 1.025898603998331104e+00 4.404041939091563442e-04
7.322887105285079997e+03 1.027164854582407028e+00 3.949776505421532104e-04
7.330209992390367006e+03 1.028295586399517791e+00 4.321766615297891086e-04
7.337540202382760071e+03 1.029685281909106909e+00 4.038395503317261746e-04
7.344877742585144915e+03 1.031198488096580990e+00 4.236635260667192789e-04
7.352222620327733239e+03 1.032721987320497581e+00 5.263875156834183985e-04
7.359574842948062724e+03 1.033872972450432970e+00 5.179221354436893375e-04
7.366934417791013402e+03 1.034561290489587115e+00 4.715496175435328926e-04
7.374301352208806748e+03 1.034733262040429924e+00 4.437542215017371253e-04
7.381675653561018407e+03 1.033973190995461255e+00 4.702340872905561150e-04
7.389057329214581841e+03 1.032503962648918527e+00 4.723686570254806536e-04
7.396446386543798326e+03 1.030475828584686004e+00 4.663372301807801345e-04
7.403842832930345139e+03 1.027902829236382098e+00 4.704546716922762138e-04
7.411246675763277381e+03 1.024650504815423746e+00 4.732338988442450606e-04
7.418657922439043432e+03 1.020364798093875924e+00 4.650279553696872966e-04
7.426076580361484957e+03 1.015572356287772982e+00 4.359135506749295505e-04
7.433502656941848727e+03 1.010434001804261017e+00 4.741507427350929440e-04
7.440936159598792983e+03 1.004311701428828529e+00 4.804762703225914314e-04
7.448377095758394717e+03 9.976684999155833733e-01 4.613891976789666035e-04
7.455825472854155123e+03 9.902715394708323515e-01 4.954488271965376165e-04
7.463281298327012337e+03 9.814890067908211835e-01 5.328316612640964260e-04
7.470744579625341430e+03 9.713798316266957222e-01 7.379809497807796916e-04
7.478215324204968965e+03 9.600678708579351017e-01 9.334773817212008119e-04
7.485693539529176633e+03 9.475693400185052351e-01 8.933001705752432499e-04
7.493179233068708527e+03 9.336732553448977567e-01 8.893439020038992112e-04
7.500672412301779332e+03 9.184437529462488037e-01 1.236437913996818287e-03
7.508173084714083416e+03 9.025566896296332020e-01 1.494004023308439112e-03
7.515681257798800289e+03 8.871863634075543015e-01 1.578446465565999006e-03
7.523196939056601877e+03 8.725439873998004359e-01 1.407654026776803367e-03
7.530720135995660712e+03 8.598019458585026698e-01 1.103134427993607541e-03
7.538250856131659020e+03 8.496656195418403890e-01 8.745123717482084207e-04
7.545789106987793275e+03 8.427718664542162008e-01 7.881973380810138432e-04
7.553334896094783289e+03 8.395850910622811858e-01 7.269488436035661735e-04
7.560888230990880402e+03 8.400048613589128355e-01 7.442317499160923692e-04
7.568449119221873843e+03 8.443216004196675284e-01 9.572940459570428856e-04
7.576017568341098013e+03 8.516983035165925919e-01 1.131364986092512920e-03
7.583593585909441572e+03 8.606357819200456394e-01 1.217977733940521067e-03
7.591177179495353812e+03 8.704511982144292892e-01 1.103145818691523682e-03
7.598768356674851930e+03 8.810347646854844728e-01 1.030698662653474224e-03
7.606367125031529213e+03 8.921099824576068649e-01 1.019617069820767663e-03
7.613973492156563225e+03 9.036277818345214152e-01 9.816040428961966477e-04
7.621587465648722173e+03 9.148645039173384230e-01 9.559049473160251449e-04
7.629209053114373091e+03 9.255736263045651890e-01 9.776161222924994228e-04
7.636838262167490029e+03 9.353967877767380701e-01 9.228022928571541278e-04
7.644475100429660415e+03 9.448718657600733151e-01 8.325995277087392841e-04
7.652119575530092334e+03 9.538896449416933709e-01 8.143889776018418004e-04
7.659771695105625440e+03 9.625966898225344348e-01 8.213002073570243059e-04
7.667431466800733688e+03 9.708282729867432348e-01 8.389365176452871819e-04
7.675098898267536242e+03 9.786819516123750340e-01 1.075061629068000584e-03
7.682773997165806577e+03 9.863267531501981322e-01 1.300996822103809084e-03
7.690456771162975201e+03 9.940743627224406520e-01 1.241372988512846800e-03
7.698147227934140574e+03 1.002131604476395932e+00 1.127255810795230835e-03
7.705845375162077289e+03 1.010290401030230933e+00 1.173058931335120613e-03
7.713551220537241534e+03 1.018798675844389434e+00 1.442862893670942420e-03
7.721264771757782000e+03 1.027166161807239630e+00 1.431992121504963413e-03
7.728986036529541707e+03 1.034545409595652998e+00 1.215238125901455489e-03
7.736715022566074367e+03 1.040331550799816762e+00 1.231441645219705141e-03
7.744451737588642573e+03 1.044950011943057255e+00 1.267923738526392612e-03
7.752196189326234162e+03 1.048778394667482461e+00 1.252777610137929603e-03
7.759948385515562222e+03 1.050932551099266643e+00 1.267231043840999364e-03
7.767708333901080550e+03 1.051321532167547534e+00 1.255856926145320447e-03
7.775476042234984561e+03 1.050432156195673539e+00 1.128352523858483719e-03
7.783251518277222203e+03 1.048509462203355724e+00 9.878051593542730695e-04
7.791034769795502143e+03 1.046169752850357293e+00 9.886352409520810652e-04
7.798825804565300132e+03 1.043499947986483267e+00 9.690712063324948781e-04
7.806624630369868100e+03 1.040536914835999305e+00 9.126993481336672905e-04
7.814431255000240526e+03 1.037009513039246045e+00 9.900729218205101597e-04
7.822245686255242617e+03 1.032867651949759047e+00 9.932656392030846798e-04
7.830067931941501229e+03 1.028599491705612490e+00 8.717253573628704760e-04
7.837897999873444860e+03 1.024387516333451043e+00 9.986552761816430788e-04
7.845735897873320937e+03 1.020102386593812582e+00 1.185616279919613760e-03
7.853581633771196721e+03 1.015427145577351364e+00 1.193931924116667376e-03
7.861435215404970222e+03 1.010337855258114370e+00 1.009195750017046140e-03
7.869296650620378387e+03 1.004623455921682451e+00 9.743998044157886791e-04
7.877165947271001642e+03 9.981382197327830497e-01 1.060955472005990427e-03
7.885043113218274812e+03 9.909333743592527721e-01 1.026619083260652812e-03
7.892928156331495302e+03 9.837044509278607407e-01 9.627376007499836895e-04
7.900821084487829467e+03 9.766870743852810177e-01 9.712181678535390487e-04
7.908721905572319884e+03 9.692468521564122641e-01 9.354448630066928118e-04
7.916630627477895359e+03 9.617802148173435484e-01 9.559384690938396538e-04
7.924547258105375477e+03 9.546353708156183338e-01 9.906079916841155873e-04
7.932471805363483327e+03 9.474118795066495125e-01 9.178610532832082083e-04
7.940404277168850058e+03 9.402705318814933433e-01 8.399564603279849242e-04
7.948344681446021241e+03 9.331172370472842204e-01 7.862185061077984517e-04
7.956293026127469602e+03 9.256424345563102341e-01 8.429029975530118483e-04
7.964249319153599572e+03 9.178974257982981388e-01 8.042446547523557062e-04
7.972213568472756378e+03 9.103150055568602905e-01 5.171233912767481729e-04
7.980185782041231505e+03 9.036461333967359399e-01 3.460331203479004671e-04
7.988165967823275423e+03 8.980547564501871749e-01 4.721690213437059760e-04
7.996154133791101231e+03 8.933691548259466986e-01 5.600615698648705055e-04
8.004150287924895565e+03 8.890324999363686809e-01 4.479593522209735770e-04
8.012154438212822242e+03 8.847311264223065574e-01 5.463602297250287881e-04
8.020166592651037718e+03 8.806964352901047732e-01 7.547831371969653501e-04
8.028186759243691995e+03 8.773067571965826872e-01 7.619434441272164007e-04
8.036214946002938632e+03 8.742200281863206079e-01 7.972723831210125822e-04
8.044251160948943834e+03 8.712388189833768504e-01 9.353410472739236148e-04
8.052295412109895551e+03 8.678792471447731582e-01 1.019753077184842914e-03
8.060347707522008022e+03 8.639436206538897434e-01 1.023325417161784125e-03
8.068408055229532692e+03 8.589777590061041801e-01 1.012799386245573493e-03
8.076476463284764577e+03 8.530245426680381771e-01 1.065233644166044139e-03
8.084552939748052268e+03 8.456457445005104434e-01 1.162838883249955185e-03
8.092637492687803388e+03 8.376577219054638368e-01 1.173775018397592643e-03
8.100730130180493688e+03 8.280488203685304471e-01 1.176012784008607535e-03
8.108830860310677053e+03 8.166133919293631083e-01 1.170210783475551450e-03
8.116939691170990045e+03 8.031871747004920570e-01 1.171293566417338713e-03
8.125056630862163729e+03 7.877898590543349622e-01 1.390621873462443304e-03
8.133181687493028221e+03 7.700596690638648045e-01 1.619158442097276204e-03
8.141314869180524511e+03 7.496704480804309290e-01 1.522624304508979646e-03
8.149456184049707190e+03 7.261879294464871348e-01 1.063594158887545653e-03
8.157605640233759914e+03 6.993000800692985575e-01 7.045285753137668422e-04
8.165763245873996311e+03 6.683307540028990967e-01 6.325067119997465062e-04
8.173929009119872717e+03 6.336917165013076225e-01 7.548742518420114341e-04
8.182102938128995447e+03 5.968602970941765395e-01 9.295063992169475594e-04
8.190285041067127167e+03 5.588658789456819598e-01 1.267657301386283060e-03
8.198475326108196896e+03 5.210260574309448778e-01 1.854146231203796435e-03
8.206673801434308189e+03 4.852954130137543398e-01 2.219643361868734940e-03
8.214880475235744598e+03 4.535150081048157089e-01 2.276607587680553896e-03
8.223095355710984222e+03 4.270951393767299376e-01 1.878053598227454740e-03
8.231318451066697889e+03 4.071148008091226567e-01 1.379437955567947103e-03
8.239549769517767345e+03 3.943595117321747612e-01 1.220336094581885977e-03
8.247789319287287071e+03 3.895237751504152524e-01 1.646304192424638633e-03
8.256037108606577021e+03 3.909631580656754979e-01 1.945593555381888717e-03
8.264293145715186256e+03 3.978849043597005308e-01 2.028810825634620382e-03
8.272557438860903858e+03 4.092676688041477773e-01 1.910182126827811126e-03
8.280829996299768027e+03 4.239266324728200863e-01 1.505286153762105039e-03
8.289110826296069718e+03 4.397319362231602580e-01 1.096157306177400871e-03
8.297399937122369010e+03 4.548493310733041639e-01 8.820774845271017002e-04
8.305697337059495112e+03 4.685170762508935605e-01 9.675822985322581928e-04
8.314003034396557268e+03 4.804222476412189358e-01 8.383246480766476773e-04
8.322317037430955679e+03 4.892275516595017693e-01 1.030124995905047983e-03
8.330639354468388774e+03 4.957028309339522876e-01 1.623025315974918050e-03
8.338969993822860488e+03 5.010315522059705096e-01 2.171699293499341175e-03
8.347308963816685718e+03 5.061458090008921218e-01 2.321072150642243884e-03
8.355656272780506697e+03 5.114345144804072207e-01 2.170657985313582776e-03
8.364011929053289350e+03 5.182785940340700614e-01 1.813592118213685741e-03
8.372375940982345128e+03 5.277026937361573022e-01 1.403937961518216676e-03
8.380748316923331004e+03 5.407912179676924724e-01 1.214541192177859752e-03
8.389129065240256750e+03 5.578903137545840885e-01 1.194131878370056563e-03
8.397518194305499492e+03 5.792110916882675653e-01 1.195805979907239858e-03
8.405915712499807341e+03 6.050398997122530265e-01 1.039848035842812343e-03
8.414321628212310316e+03 6.343515815170751582e-01 9.101819292780680484e-04
8.422735949840525791e+03 6.666627277022906251e-01 9.029830372150758535e-04
8.431158685790369418e+03 7.014848815934646709e-01 1.084199601560396648e-03
8.439589844476162398e+03 7.379617675457895709e-01 1.284225291734254976e-03
8.448029434320640576e+03 7.752076876070180811e-01 1.477904092431257897e-03
8.456477463754963537e+03 8.123020354051398995e-01 1.550681684010453247e-03
8.464933941218721884e+03 8.491902877994710330e-01 1.338944424056493377e-03
8.473398875159942691e+03 8.845418817871786299e-01 7.877006510251668373e-04
8.481872274035105875e+03 9.168449772446052304e-01 1.001929006539242165e-03
8.490354146309144198e+03 9.464236379998185456e-01 1.015828091080295302e-03
8.498844500455456000e+03 9.732317349047024946e-01 1.026468409719866106e-03
8.507343344955914290e+03 9.971061184197016480e-01 1.296239539734754314e-03
8.515850688300872207e+03 1.016920604780851889e+00 1.328740761124515540e-03
8.524366538989177570e+03 1.033014641569294678e+00 1.346049634483596725e-03
8.532890905528169242e+03 1.045575924317569072e+00 1.566225998803387519e-03
8.541423796433698953e+03 1.055649213668516495e+00 1.688334561256799385e-03
8.549965220230136765e+03 1.063703944655195466e+00 1.697955725239727771e-03
8.558515185450369245e+03 1.069169064381637169e+00 1.725742709855864138e-03
8.567073700635823116e+03 1.073044803882939213e+00 1.736100346776204076e-03
8.575640774336461618e+03 1.075652378739253345e+00 1.593043660395180748e-03
8.584216415110800881e+03 1.078242763865474796e+00 1.414068368288113210e-03
8.592800631525913559e+03 1.081408308990253531e+00 1.405710631199491014e-03
8.601393432157443385e+03 1.085815102873320948e+00 1.393527699987575589e-03
8.609994825589603352e+03 1.091988324855897918e+00 1.411010311544036748e-03
8.618604820415195718e+03 1.099522609664741246e+00 1.440990161922909175e-03
8.627223425235613831e+03 1.108029060396338084e+00 1.390861533944117183e-03
8.635850648660851220e+03 1.116395578341280004e+00 1.448249468451468349e-03
8.644486499309516148e+03 1.124081325567082734e+00 1.455519596822201205e-03
8.653130985808827973e+03 1.131749407025581577e+00 1.652130392250706660e-03
8.661784116794638976e+03 1.138591444940277642e+00 1.487885737508763033e-03
8.670445900911438002e+03 1.144483446271039595e+00 1.079092439140659629e-03
8.679116346812352276e+03 1.147748529404091666e+00 8.677589668779123102e-04
8.687795463159167412e+03 1.147776431911664119e+00 8.399633601740991986e-04
8.696483258622329231e+03 1.143924487187584438e+00 7.527875638566611108e-04
8.705179741880954680e+03 1.137528713133171721e+00 8.041779476036172054e-04
8.713884921622837282e+03 1.128507674809285932e+00 7.892173664863432695e-04
8.722598806544463514e+03 1.115913884782822940e+00 8.925084604539118430e-04
8.731321405351010981e+03 1.100880271513210218e+00 1.164663617789663420e-03
8.740052726756364791e+03 1.084077652449580098e+00 1.408789533861296017e-03
8.748792779483124832e+03 1.066119689624243083e+00 1.704587542055188308e-03
8.757541572262609407e+03 1.047387857655930565e+00 1.595058983934511451e-03
8.766299113834875243e+03 1.029428868977543043e+00 1.275815243603554017e-03
8.775065412948713856e+03 1.012816566513358163e+00 1.294766615933742740e-03
8.783840478361664282e+03 9.975022915489325515e-01 1.544412183909547528e-03
8.792624318840029446e+03 9.832695473578371148e-01 1.675920761658483043e-03
8.801416943158872527e+03 9.702012719886532466e-01 1.643243736498394567e-03
8.810218360102035149e+03 9.577281391757905826e-01 1.521567630404179741e-03
8.819028578462139194e+03 9.462227239680567337e-01 1.397765334040061702e-03
8.827847607040604998e+03 9.343113778112737133e-01 1.750014226104433177e-03
8.836675454647647712e+03 9.243251599251357531e-01 1.826142245901773336e-03
8.845512130102299125e+03 9.145157000051845619e-01 1.916338880225061745e-03
8.854357642232404032e+03 9.044473618831975203e-01 1.896181700028865642e-03
8.863211999874638423e+03 8.943511379413100482e-01 1.808219746355205085e-03
8.872075211874516754e+03 8.855731504696381373e-01 1.817225694976615106e-03
8.880947287086393771e+03 8.771907164026829795e-01 1.717795912688788737e-03
8.889828234373482701e+03 8.687288259164139825e-01 1.675012031359586614e-03
8.898718062607858883e+03 8.600381284664180281e-01 1.600214786600650911e-03
8.907616780670470689e+03 8.506065131614074515e-01 1.559982150212088116e-03
8.916524397451143159e+03 8.398465905600437376e-01 1.550522917926376544e-03
8.925440921848598009e+03 8.283154812890042296e-01 1.463075360524945931e-03
8.934366362770449996e+03 8.164876258781710305e-01 1.472439035904463079e-03
8.943300729133223285e+03 8.044844732112745866e-01 1.483613144096761595e-03
8.952244029862358730e+03 7.925766934521973894e-01 1.471374173343376231e-03
8.961196273892224781e+03 7.809449083128228164e-01 1.454791423180032449e-03
8.970157470166119310e+03 7.696818461830285951e-01 1.562743500235687193e-03
8.979127627636287798e+03 7.586632551755007059e-01 1.708821690563351202e-03
8.988106755263928790e+03 7.485510051830047695e-01 1.574565496823057947e-03
8.997094862019195716e+03 7.398845965522397039e-01 4.948452855981833910e-04
9.006091956881216902e+03 7.352308013232418116e-01 5.199672747940313651e-04
9.015098048838101022e+03 7.335209500473200972e-01 7.143843823147573088e-04
9.024113146886942559e+03 7.341281277689587492e-01 1.066840750082518989e-03
9.033137260033832717e+03 7.367942541242976651e-01 1.303829615321961408e-03
9.042170397293868518e+03 7.410922883819979212e-01 1.341971833896268623e-03
9.051212567691165532e+03 7.459404580838384646e-01 1.242376554200065510e-03
9.060263780258859697e+03 7.515597871515214967e-01 9.501242028100506535e-04
9.069324044039121873e+03 7.569150027335413977e-01 8.067522344325981070e-04
9.078393368083163296e+03 7.617801749738103423e-01 8.545914991501632908e-04
9.087471761451250131e+03 7.662488831922180665e-01 8.397247646709797737e-04
9.096559233212705294e+03 7.704785880923301633e-01 8.430856753245377557e-04
9.105655792445919360e+03 7.742014487778514642e-01 8.146583467263827450e-04
9.114761448238368757e+03 7.775143568308505726e-01 8.048667501903086384e-04
9.123876209686610309e+03 7.813184172842303488e-01 8.472909525391760085e-04
9.133000085896299424e+03 7.859662754373085702e-01 1.330615556020435693e-03
9.142133085982199191e+03 7.917676040595563736e-01 1.705829598964822905e-03
9.151275219068184015e+03 7.994167077121623333e-01 1.797863672265722929e-03
9.160426494287255991e+03 8.087018564086193573e-01 1.992678742993441408e-03
9.169586920781546723e+03 8.186939181936012666e-01 2.848702126544288768e-03
9.178756507702330055e+03 8.280027236264384527e-01 3.182763414596816859e-03
9.187935264210036621e+03 8.375104900411891595e-01 3.295960692818434689e-03
9.197123199474248395e+03 8.463587322657716294e-01 3.331199441050019389e-03
9.206320322673725968e+03 8.531926964333089725e-01 3.085377937227469936e-03
9.215526642996403098e+03 8.571129754829249769e-01 2.762141320239597068e-03
9.224742169639403073e+03 8.570209888892712513e-01 2.901815466483100708e-03
9.233966911809044177e+03 8.536200013450965240e-01 3.164496025959349836e-03
9.243200878720857872e+03 8.468506503953485698e-01 3.069968130742685517e-03
9.252444079599581528e+03 8.388053606507331894e-01 2.538030392163344046e-03
9.261696523679183883e+03 8.311623921625627132e-01 2.052485158145631733e-03
9.270958220202865050e+03 8.246498300145149729e-01 1.907806349560625843e-03
9.280229178423071062e+03 8.201110922191608976e-01 1.987364725536562831e-03
9.289509407601497514e+03 8.169351411396479357e-01 1.918199453171176355e-03
9.298798917009102297e+03 8.149412033228380370e-01 1.621150607704674364e-03
9.308097715926114688e+03 8.124698487819459469e-01 1.910006512128477980e-03
9.317405813642044450e+03 8.110488621589712066e-01 1.761087687795347741e-03
9.326723219455689105e+03 8.116536567268516356e-01 1.771955702124095597e-03
9.336049942675148486e+03 8.151555369782000904e-01 2.090017884224110167e-03
9.345385992617826560e+03 8.177310441118544881e-01 1.667895077352881230e-03
9.354731378610447791e+03 8.188675835857708307e-01 1.660523263432004846e-03
9.364086109989060787e+03 8.194270082385427534e-01 1.639855095956964555e-03
9.373450196099052846e+03 8.209759175652682206e-01 1.956149905581627390e-03
9.382823646295155413e+03 8.201536142948782082e-01 2.112176313482402694e-03
9.392206469941453179e+03 8.179237236675578337e-01 2.113740274885849996e-03
9.401598676411396809e+03 8.103916599766921580e-01 2.600546893419972139e-03
9.411000275087812042e+03 8.015477198023854832e-01 3.113898346381308545e-03
9.420411275362903325e+03 7.913259275457011910e-01 3.451216584203243946e-03
9.429831686638268366e+03 7.812258838445785836e-01 3.213102131333406622e-03
9.439261518324910867e+03 7.712947702392286553e-01 2.866562364594760215e-03
9.448700779843238706e+03 7.633724252682324574e-01 2.772084289779338292e-03
9.458149480623085765e+03 7.550755725913095295e-01 2.643714846683084454e-03
9.467607630103711926e+03 7.485796639188672108e-01 2.611834758243849596e-03
9.477075237733817630e+03 7.429397345401115293e-01 2.726883859356506786e-03
9.486552312971554784e+03 7.374527111015279912e-01 2.598349624091649684e-03
9.496038865284530402e+03 7.318594886389537812e-01 2.502345847297512971e-03
9.505534904149817521e+03 7.266500970349485389e-01 2.463941051330266734e-03
9.515040439053969749e+03 7.214827446963307800e-01 2.408715953720853668e-03
9.524555479493026724e+03 7.172077571276846975e-01 2.413348735964895853e-03
9.534080034972523208e+03 7.144605844840088427e-01 2.339346953061579703e-03
9.543614115007500004e+03 7.128657227125181350e-01 2.394657381442239462e-03
9.553157729122509409e+03 7.106437732433266152e-01 2.828499558182592973e-03
9.562710886851635223e+03 7.064035781948742043e-01 2.872401443130136872e-03
9.572273597738490935e+03 7.006037363601805845e-01 2.845440101759756733e-03
9.581845871336232449e+03 6.939177177629511917e-01 2.729114345430960244e-03
9.591427717207570822e+03 6.862983575833723204e-01 2.728382305340711165e-03
9.601019144924781358e+03 6.785004680827489976e-01 2.813241926139387148e-03
9.610620164069710881e+03 6.680467885863389244e-01 3.782468158403489312e-03
9.620230784233783197e+03 6.602777950461751200e-01 4.166927339615429486e-03
9.629851015018019098e+03 6.533183742281959416e-01 4.217634275725704041e-03
9.639480866033041821e+03 6.475378294017434255e-01 3.986585642702974996e-03
9.649120346899077049e+03 6.447715751698055442e-01 3.840594036726234593e-03
9.658769467245980195e+03 6.427965923788225844e-01 3.571670071183395863e-03
9.668428236713229126e+03 6.423277771914366330e-01 3.384410093798788204e-03
9.678096664949945989e+03 6.457900598557795302e-01 3.872029445513857498e-03
9.687774761614899035e+03 6.492321035564967424e-01 4.264540994705332683e-03
9.697462536376517164e+03 6.535275299762388634e-01 4.390376511730393824e-03
9.707159998912895389e+03 6.586519207060210768e-01 4.438246441039368946e-03
9.716867158911813021e+03 6.625821832525135013e-01 4.389291727376403059e-03
9.726584026070726395e+03 6.674420935365861229e-01 4.068757826887413678e-03
9.736310610096801611e+03 6.722865213641966431e-01 3.536448036113260147e-03
9.746046920706901801e+03 6.753214634489103085e-01 2.870040228923785228e-03
9.755792967627610778e+03 6.771872064583263073e-01 2.728553121038283878e-03
9.765548760595242129e+03 6.775935838788350596e-01 2.784168437194258286e-03
9.775314309355841033e+03 6.763016095184052334e-01 2.842356916436622211e-03
9.785089623665198815e+03 6.737032427716538319e-01 2.931995715999920551e-03
9.794874713288867497e+03 6.694570753350829184e-01 2.718281143765518496e-03
9.804669588002159799e+03 6.636071959517783059e-01 2.390535524003325595e-03
9.814474257590165507e+03 6.567268412511843012e-01 2.115343828137084513e-03
9.824288731847758754e+03 6.482612079716426612e-01 1.887054098727303231e-03
9.834113020579610748e+03 6.390808911212730870e-01 1.925871000942201835e-03
9.843947133600193411e+03 6.293217836377884566e-01 1.960825715097108506e-03
9.853791080733795752e+03 6.189178383892389723e-01 2.066353831529190496e-03
9.863644871814532962e+03 6.076389128192746236e-01 2.197064354444475814e-03
9.873508516686351868e+03 5.964812004113203558e-01 2.344629958351765117e-03
9.883382025203040030e+03 5.853817329189709984e-01 2.355244743410512664e-03
9.893265407228247568e+03 5.739026066176751151e-01 2.177404302957512347e-03
9.903158672635478069e+03 5.615775868449305319e-01 2.117741358753243066e-03
9.913061831308117689e+03 5.485443386686611467e-01 2.550826382647435834e-03
9.922974893139427877e+03 5.357683088309295183e-01 2.880994073273016130e-03
9.932897868032570841e+03 5.234267245503877453e-01 3.375938933902133347e-03
9.942830765900607730e+03 5.119491473143269467e-01 3.885401932516555426e-03
9.952773596666511366e+03 5.022158616941365672e-01 4.616344044558169310e-03
9.962726370263180797e+03 4.956816222986614173e-01 5.985773588161447285e-03
9.972689096633446752e+03 4.935094483202009941e-01 7.885848566354330610e-03
9.982661785730084375e+03 4.964926826797718684e-01 1.074591108199971466e-02
9.992644447515816864e+03 5.061642717063850050e-01 1.496179066968857975e-02
