# starting wavelength: 3236.420
# ending wavelength: 8298.220
# wav flux eflux
3.239478602521212906e+03 2.967115749786039536e-01 1.895771528770948469e-02
3.242718081123734919e+03 2.911721903255816146e-01 1.408545499352547269e-02
3.245960799204859995e+03 2.870749728661522449e-01 1.053838510465080272e-02
3.249206760004065927e+03 2.867234823783396669e-01 8.111796928751628666e-03
3.252455966764071036e+03 2.878144901805043676e-01 6.235174702725641144e-03
3.255708422730835991e+03 2.900670613345447957e-01 4.885430885659274719e-03
3.258964131153567905e+03 2.932598186632699999e-01 4.023489546024107757e-03
3.262223095284722604e+03 2.978535142634973210e-01 3.316331462749159357e-03
3.265485318380008266e+03 3.032996144843216890e-01 2.762259135107663754e-03
3.268750803698389518e+03 3.091342760749088425e-01 2.346825387592438045e-03
3.272019554502088795e+03 3.148445664357411022e-01 2.053117340637097658e-03
3.275291574056592253e+03 3.198433381402253084e-01 1.961482859386308279e-03
3.278566865630649772e+03 3.247055184703814823e-01 1.768203742479324209e-03
3.281845432496281319e+03 3.280993124154545360e-01 1.834690063795771766e-03
3.285127277928778767e+03 3.307899523455991031e-01 1.885193714557062460e-03
3.288412405206708627e+03 3.326300693027086641e-01 2.019997397917853554e-03
3.291700817611916591e+03 3.347954740105897331e-01 1.948061627134834795e-03
3.294992518429529355e+03 3.365280473510646186e-01 1.894376434668041927e-03
3.298287510947960072e+03 3.376846230535633375e-01 1.882571143968275436e-03
3.301585798458909267e+03 3.384140095528443970e-01 1.937438884037705330e-03
3.304887384257369376e+03 3.385439069744554663e-01 1.967329339106411654e-03
3.308192271641627485e+03 3.382850380188951456e-01 1.886293841147378570e-03
3.311500463913270323e+03 3.381762888899516595e-01 1.716548817771050995e-03
3.314811964377184722e+03 3.380384475781471609e-01 1.611474102351229381e-03
3.318126776341563072e+03 3.376739089793320825e-01 1.546868433308878216e-03
3.321444903117905596e+03 3.376806413510897165e-01 1.686172041277055663e-03
3.324766348021024896e+03 3.375409527908874718e-01 1.713759535395779172e-03
3.328091114369046863e+03 3.372090758999985449e-01 1.750029099442669978e-03
3.331419205483417045e+03 3.371878433715270740e-01 1.689444643580991900e-03
3.334750624688901553e+03 3.375297155009730488e-01 1.540754762723826454e-03
3.338085375313591612e+03 3.373592746914534923e-01 1.689153028569352925e-03
3.341423460688906289e+03 3.374596225897248392e-01 1.797414872263149296e-03
3.344764884149596128e+03 3.379266731600318319e-01 1.863480415041105908e-03
3.348109649033746791e+03 3.387670336324647424e-01 1.900478319847527520e-03
3.351457758682781787e+03 3.399983261318046401e-01 1.971339752376778838e-03
3.354809216441465651e+03 3.422058628824860005e-01 1.985920264054475727e-03
3.358164025657908041e+03 3.450706814820485024e-01 1.975616735860683936e-03
3.361522189683567376e+03 3.485788179741118320e-01 1.958346625400514494e-03
3.364883711873251741e+03 3.525803177309596581e-01 1.945579526100457268e-03
3.368248595585126168e+03 3.565463722316655759e-01 1.787657645978823606e-03
3.371616844180712633e+03 3.615342970846300297e-01 1.834760301049677541e-03
3.374988461024894150e+03 3.670263299745269436e-01 1.863647845165787792e-03
3.378363449485920228e+03 3.730552074865292056e-01 1.837129492051085920e-03
3.381741812935407324e+03 3.796786411160936736e-01 1.859828495760979363e-03
3.385123554748343849e+03 3.869689473047892014e-01 1.766884727826371036e-03
3.388508678303093347e+03 3.947185358577833258e-01 1.624141083693137659e-03
3.391897186981397681e+03 4.022787375461289727e-01 1.565221193428497715e-03
3.395289084168380214e+03 4.098635851195595592e-01 1.563528260161262768e-03
3.398684373252549449e+03 4.172577915503226098e-01 1.590305862988515258e-03
3.402083057625803121e+03 4.243124050276473325e-01 1.648409841318423767e-03
3.405485140683430018e+03 4.312039420331504891e-01 1.562429392376761452e-03
3.408890625824114522e+03 4.371911465489001225e-01 1.643276354051071819e-03
3.412299516449939802e+03 4.414327064300251346e-01 1.642436472057046386e-03
3.415711815966390986e+03 4.448744503378795345e-01 1.630152516950717206e-03
3.419127527782358356e+03 4.470544581732917577e-01 1.564575997951424529e-03
3.422546655310141887e+03 4.485082848229032804e-01 1.558553668549419666e-03
3.425969201965453522e+03 4.496491341700654676e-01 1.536872778373589649e-03
3.429395171167419903e+03 4.495425620180392712e-01 1.506546981880623783e-03
3.432824566338588284e+03 4.488857502877199313e-01 1.500463511500939968e-03
3.436257390904928343e+03 4.475557209218006816e-01 1.336253370208672448e-03
3.439693648295834464e+03 4.445382937059526585e-01 1.480514156832187260e-03
3.443133341944131189e+03 4.407398348828616141e-01 1.555061190916741127e-03
3.446576475286076402e+03 4.363206956673800208e-01 1.565197363702113941e-03
3.450023051761363604e+03 4.306664706386953423e-01 1.438834712743561383e-03
3.453473074813126004e+03 4.251426961890378831e-01 1.356319186077968933e-03
3.456926547887940615e+03 4.189467127254238865e-01 1.245502314120258995e-03
3.460383474435829612e+03 4.128240275391095171e-01 1.093946372704109266e-03
3.463843857910266706e+03 4.069698531085687021e-01 1.016821198927562141e-03
3.467307701768178049e+03 4.015768026529513701e-01 1.045640561704251495e-03
3.470775009469947236e+03 3.972308205298883954e-01 1.036708540863181616e-03
3.474245784479418489e+03 3.935253878723478094e-01 1.019405176786903613e-03
3.477720030263898934e+03 3.905172418367971465e-01 1.015324537321503221e-03
3.481197750294164052e+03 3.883683853278195874e-01 1.010480493362586911e-03
3.484678948044459503e+03 3.864016856276499823e-01 1.007709225615451313e-03
3.488163626992504760e+03 3.852106980524167001e-01 1.027034345642595077e-03
3.491651790619498570e+03 3.848843137108587387e-01 1.149894602071036085e-03
3.495143442410119405e+03 3.849019936198632696e-01 1.228177673886379426e-03
3.498638585852530468e+03 3.853930059390018870e-01 1.248376697535331838e-03
3.502137224438384237e+03 3.860657987867354146e-01 1.236866619939808350e-03
3.505639361662823831e+03 3.870970426682882604e-01 1.244599050493993197e-03
3.509145001024487556e+03 3.889435631602030652e-01 1.191627051029255048e-03
3.512654146025513455e+03 3.914746559505719037e-01 1.206282181634324262e-03
3.516166800171540217e+03 3.934375794739233267e-01 1.293232278096203463e-03
3.519682966971712631e+03 3.956214468385881866e-01 1.285138258947883657e-03
3.523202649938685681e+03 3.972675397325980406e-01 1.272824714079832898e-03
3.526725852588625457e+03 3.984706444649472878e-01 1.245511764807274080e-03
3.530252578441215064e+03 3.990418764398064866e-01 1.340187155122955992e-03
3.533782831019657806e+03 3.994525573600107848e-01 1.370926422276337771e-03
3.537316613850678550e+03 3.993986902799762650e-01 1.481215054658305361e-03
3.540853930464530094e+03 3.988500332971876561e-01 1.494617177076559963e-03
3.544394784394995895e+03 3.991619453454474664e-01 1.487584486949738690e-03
3.547939179179392340e+03 4.000120458496301268e-01 1.489368105438869470e-03
3.551487118358572843e+03 4.011454510394166229e-01 1.567582258625195568e-03
3.555038605476932389e+03 4.030079310597484699e-01 1.537364520277269232e-03
3.558593644082410719e+03 4.053091531988084473e-01 1.535334974890736458e-03
3.562152237726494150e+03 4.078826178294533422e-01 1.516282780083168941e-03
3.565714389964221937e+03 4.110923592667637405e-01 1.453648151732128474e-03
3.569280104354187188e+03 4.154949010699661716e-01 1.500816695695008631e-03
3.572849384458542772e+03 4.202940580422642736e-01 1.543353285511712926e-03
3.576422233843002232e+03 4.259389100903633318e-01 1.685703123574741136e-03
3.579998656076846601e+03 4.317172014885554132e-01 1.731636881914636310e-03
3.583578654732924406e+03 4.380416081326840017e-01 1.493474209546203366e-03
3.587162233387658489e+03 4.439319009891565249e-01 1.220610642035227511e-03
3.590749395621047370e+03 4.491157716599049055e-01 1.031054203612574282e-03
3.594340145016669794e+03 4.529922298313365792e-01 1.066785401051589940e-03
3.597934485161687462e+03 4.555608969400013475e-01 1.000275466506917420e-03
3.601532419646850485e+03 4.572987556488310457e-01 9.430748379941274488e-04
3.605133952066498296e+03 4.595779918504357409e-01 1.378703120375864878e-03
3.608739086018566013e+03 4.600907271447529645e-01 1.363588120101319511e-03
3.612347825104585809e+03 4.589135522761748076e-01 1.384088316921434523e-03
3.615960172929691907e+03 4.569267248915130364e-01 1.391956008186227703e-03
3.619576133102622407e+03 4.536936403250368954e-01 1.536454845760759852e-03
3.623195709235726554e+03 4.494953739747452048e-01 1.589256927828556435e-03
3.626818904944963379e+03 4.446771005226792250e-01 1.770485538184881236e-03
3.630445723849909427e+03 4.399038565793733646e-01 1.759322090529617235e-03
3.634076169573760581e+03 4.362030615421903512e-01 1.732931012472062283e-03
3.637710245743335690e+03 4.335397795248697173e-01 1.716066670416599872e-03
3.641347955989080219e+03 4.318630774709158460e-01 1.619887153248760880e-03
3.644989303945070333e+03 4.320308585790970657e-01 1.628948545892351142e-03
3.648634293249016537e+03 4.324156419221241165e-01 1.533721087721393777e-03
3.652282927542266862e+03 4.350135495277593911e-01 1.556246346819709515e-03
3.655935210469810499e+03 4.394316244502530777e-01 1.630892519136754740e-03
3.659591145680281443e+03 4.452096822513447183e-01 1.777255648131969039e-03
3.663250736825963031e+03 4.521853099229013462e-01 1.745355991849516881e-03
3.666913987562790226e+03 4.586669492878353571e-01 1.562848645028204388e-03
3.670580901550354156e+03 4.641008691620987503e-01 1.263868978659450160e-03
3.674251482451905758e+03 4.678883223609149322e-01 1.244241015097987844e-03
3.677925733934358959e+03 4.701807028643319453e-01 1.239469946366565612e-03
3.681603659668294313e+03 4.708399695398629015e-01 1.213591461625721348e-03
3.685285263327964003e+03 4.707810242063414918e-01 1.268194458821822815e-03
3.688970548591293209e+03 4.695673757107136082e-01 1.058538375127160815e-03
3.692659519139885560e+03 4.658794474674553543e-01 1.123275393851693631e-03
3.696352178659026777e+03 4.603907190172393249e-01 1.365570349541784818e-03
3.700048530837686940e+03 4.551321074123176325e-01 1.396304979535020058e-03
3.703748579368525952e+03 4.495273722123230287e-01 1.552316101024080360e-03
3.707452327947895355e+03 4.443168096319112803e-01 1.361149281419183179e-03
3.711159780275844696e+03 4.403339406738228656e-01 1.293545443872028220e-03
3.714870940056121526e+03 4.385188399402929482e-01 1.266930424014886666e-03
3.718585810996179134e+03 4.397001712513110006e-01 1.462447299977948697e-03
3.722304396807176545e+03 4.430534081122310397e-01 1.735581946101022541e-03
3.726026701203984885e+03 4.474054086573351352e-01 1.766936504164097173e-03
3.729752727905190113e+03 4.529390939400978477e-01 1.788652398542056078e-03
3.733482480633096657e+03 4.601848378610201018e-01 1.841592231566075311e-03
3.737215963113731050e+03 4.698322432526588210e-01 1.920750602404055389e-03
3.740953179076846027e+03 4.813135164642227126e-01 1.823782780013001375e-03
3.744694132255923705e+03 4.930639161910042589e-01 1.820378681167514638e-03
3.748438826388181042e+03 5.050265775301833182e-01 1.804552667116433341e-03
3.752187265214570289e+03 5.171495699813405400e-01 1.817407164452598291e-03
3.755939452479786269e+03 5.292219352647709041e-01 1.844800872175625731e-03
3.759695391932267285e+03 5.411918063239942178e-01 1.942658956928909261e-03
3.763455087324201031e+03 5.529145590281830946e-01 1.741308417887597361e-03
3.767218542411526414e+03 5.629155370210078280e-01 1.718378092252507289e-03
3.770985760953939007e+03 5.711794120832875965e-01 1.853003619944223763e-03
3.774756746714894234e+03 5.793628252679595692e-01 1.815023080495641646e-03
3.778531503461610555e+03 5.853784839762730119e-01 1.930912390663376771e-03
3.782310034965073100e+03 5.909966525605656607e-01 1.860200776809405000e-03
3.786092345000039586e+03 5.952661673898530514e-01 1.752768304288601078e-03
3.789878437345040766e+03 5.984599951209893520e-01 1.759370408901428460e-03
3.793668315782387253e+03 6.018822294852143040e-01 1.791686055145651517e-03
3.797461984098170888e+03 6.041310087919314897e-01 1.397458049415600811e-03
3.801259446082270188e+03 6.043665241807485433e-01 1.745357919373492165e-03
3.805060705528353537e+03 6.036399447980665967e-01 1.928520608080415855e-03
3.808865766233883278e+03 6.028484102135720502e-01 1.852833586830719779e-03
3.812674632000118436e+03 6.024509580263240904e-01 1.909836293500934102e-03
3.816487306632119726e+03 6.009378109469440954e-01 1.851249912711883409e-03
3.820303793938753188e+03 5.995692700458292723e-01 1.868621049742560328e-03
3.824124097732693372e+03 5.980746409443229439e-01 1.875597346568284602e-03
3.827948221830427428e+03 5.971740345247810167e-01 1.880907620796320187e-03
3.831776170052258749e+03 5.975142448024765018e-01 1.930775230015679272e-03
3.835607946222312421e+03 5.991377861421777196e-01 1.971499386037334298e-03
3.839443554168536139e+03 6.021385215086986209e-01 1.998867892110046951e-03
3.843282997722705659e+03 6.060709921603819605e-01 1.928188233687082873e-03
3.847126280720429804e+03 6.114572305739869318e-01 1.922997347734021773e-03
3.850973407001151372e+03 6.175462411384319283e-01 1.887281563570354214e-03
3.854824380408153957e+03 6.256501691386684438e-01 2.250762944697700177e-03
3.858679204788563311e+03 6.345206416702319219e-01 2.225597161192053794e-03
3.862537883993353262e+03 6.425107491342669785e-01 2.295755399858336997e-03
3.866400421877347981e+03 6.513398216217715087e-01 2.455466197284446057e-03
3.870266822299226533e+03 6.599519759470421354e-01 2.718065870984264290e-03
3.874137089121526969e+03 6.684401156233159558e-01 2.400638974599409066e-03
3.878011226210649966e+03 6.773638421268125542e-01 2.184051855105049924e-03
3.881889237436861549e+03 6.871605989498943412e-01 2.642996707325853158e-03
3.885771126674299921e+03 6.964001992679034192e-01 2.851401016624542390e-03
3.889656897800975457e+03 7.047517931075649722e-01 2.928445574364804422e-03
3.893546554698777527e+03 7.117199511740474049e-01 2.622804737768689304e-03
3.897440101253477678e+03 7.162731746542372324e-01 2.599914344686870670e-03
3.901337541354732366e+03 7.192156622398749866e-01 2.818661897285191977e-03
3.905238878896088409e+03 7.203059050553645148e-01 3.114988767971965059e-03
3.909144117774985716e+03 7.206454693673369771e-01 3.055239343799277633e-03
3.913053261892762293e+03 7.202696943872139990e-01 2.750911918411914209e-03
3.916966315154656058e+03 7.197329834729455644e-01 2.564709521642622846e-03
3.920883281469812118e+03 7.192118392401701810e-01 2.533559741463130809e-03
3.924804164751283224e+03 7.193748266189916585e-01 2.565244328304402705e-03
3.928728968916035683e+03 7.210778366101336934e-01 2.160517176128613250e-03
3.932657697884953450e+03 7.232519927555823847e-01 1.524523638790695104e-03
3.936590355582839493e+03 7.236927283115165421e-01 1.984887901705492241e-03
3.940526945938423523e+03 7.248295572835004030e-01 1.981462063615526716e-03
3.944467472884363360e+03 7.262137745309109604e-01 1.892793975816705254e-03
3.948411940357249023e+03 7.278867335698173680e-01 2.042262131527276033e-03
3.952360352297607733e+03 7.292625585566642199e-01 2.175715732930347864e-03
3.956312712649906643e+03 7.308141735423093754e-01 2.140319247773443158e-03
3.960269025362557841e+03 7.319457717965135446e-01 2.085088600161379493e-03
3.964229294387921527e+03 7.334330518303520119e-01 1.846106768554648010e-03
3.968193523682310570e+03 7.343452499814789869e-01 1.887082952496070510e-03
3.972161717205994591e+03 7.345912505716472030e-01 2.071251488325072301e-03
3.976133878923201792e+03 7.346925746272989777e-01 2.014808904007329808e-03
3.980110012802126221e+03 7.352232799059361668e-01 1.627565279289795589e-03
3.984090122814929600e+03 7.368106378746874796e-01 1.501225735836592958e-03
3.988074212937745870e+03 7.392975910026796660e-01 1.470025675028667099e-03
3.992062287150684824e+03 7.437570042909957824e-01 1.589117348097091650e-03
3.996054349437837118e+03 7.486367828126528901e-01 1.526806753571956698e-03
4.000050403787276082e+03 7.541493176826350453e-01 1.402381480381688491e-03
4.004050454191064546e+03 7.600910063559691565e-01 1.273095208126739930e-03
4.008054504645257111e+03 7.662166460723450756e-01 1.322852930576871866e-03
4.012062559149903791e+03 7.706671354025679266e-01 1.272135430496469178e-03
4.016074621709055009e+03 7.746999333901956053e-01 1.342777972823486991e-03
4.020090696330765240e+03 7.780445152397238440e-01 1.336317670912322937e-03
4.024110787027097558e+03 7.802808114610197965e-01 1.265860476520929865e-03
4.028134897814125907e+03 7.811989850197358365e-01 1.594086685656754014e-03
4.032163032711941469e+03 7.810523029521494465e-01 2.282593432226621109e-03
4.036195195744654484e+03 7.815269633840469243e-01 2.318367265750382201e-03
4.040231390940400615e+03 7.826588922677284454e-01 2.206035679074245040e-03
4.044271622331342314e+03 7.841090024267457492e-01 2.148134659294548103e-03
4.048315893953675186e+03 7.859698478609394856e-01 2.540815704286972579e-03
4.052364209847629809e+03 7.875130694866986358e-01 2.844695804349999316e-03
4.056416574057479011e+03 7.885562664823980716e-01 2.749409596138279767e-03
4.060472990631537868e+03 7.882715173669396780e-01 2.461873587122210931e-03
4.064533463622170530e+03 7.859374996875585495e-01 2.253999928521431637e-03
4.068597997085794304e+03 7.820900384044923159e-01 1.688024146602808443e-03
4.072666595082881486e+03 7.745306695021513255e-01 2.090078460596982417e-03
4.076739261677965715e+03 7.648232196660491589e-01 2.264698291677636789e-03
4.080816000939644709e+03 7.541625979074783048e-01 1.898624979097584924e-03
4.084896816940585722e+03 7.442004118089304843e-01 1.618453419963269838e-03
4.088981713757527814e+03 7.355840573168030971e-01 1.174885069448460516e-03
4.093070695471286854e+03 7.289490156300104662e-01 1.191818098359090925e-03
4.097163766166759160e+03 7.263869922090263609e-01 1.198894123529073300e-03
4.101260929932927866e+03 7.272993979073680837e-01 1.189752684932074032e-03
4.105362190862862008e+03 7.313411839493568767e-01 1.196239453540239635e-03
4.109467553053726078e+03 7.379043180880251462e-01 1.133989154275873287e-03
4.113577020606780934e+03 7.479044410870725468e-01 1.540704450706072669e-03
4.117690597627389252e+03 7.595518766879082451e-01 1.673797025194928480e-03
4.121808288225018259e+03 7.724219849057829546e-01 1.671192135384043332e-03
4.125930096513244280e+03 7.860543380049773710e-01 1.630077146080826647e-03
4.130056026609759101e+03 7.977996454851578045e-01 1.387235872328124783e-03
4.134186082636369974e+03 8.071014456853045083e-01 1.264148366130751029e-03
4.138320268719007800e+03 8.143033714118920185e-01 1.357568732284378937e-03
4.142458588987728035e+03 8.184060212142763024e-01 1.230829481529634433e-03
4.146601047576717065e+03 8.184165678029249325e-01 1.449821041231207910e-03
4.150747648624294925e+03 8.149448104359653389e-01 1.622992211806500908e-03
4.154898396272920763e+03 8.091760147461001251e-01 2.341751560698873171e-03
4.159053294669195566e+03 8.030419599701940081e-01 2.856911748350752633e-03
4.163212347963865795e+03 7.982439457226686574e-01 2.833739544474235712e-03
4.167375560311830668e+03 7.958522884253023122e-01 2.611768753220822508e-03
4.171542935872143971e+03 7.955347437780050379e-01 1.993151457461971379e-03
4.175714478808017702e+03 7.998365960640708705e-01 2.339434365848235865e-03
4.179890193286827525e+03 8.070222705443416134e-01 2.839514364289213826e-03
4.184070083480115500e+03 8.167846649780303725e-01 3.187591652943876086e-03
4.188254153563597356e+03 8.275151189471298130e-01 2.979074823168195892e-03
4.192442407717161586e+03 8.387176251808030614e-01 2.339886994887971708e-03
4.196634850124880359e+03 8.488980803194178248e-01 2.121115097678202138e-03
4.200831484975006788e+03 8.577521135215597781e-01 2.116807886465875595e-03
4.205032316459983122e+03 8.653496785454284357e-01 2.095522925013300602e-03
4.209237348776444378e+03 8.698797522705746799e-01 1.879593193113343825e-03
4.213446586125221984e+03 8.723569659163774581e-01 1.732745595338143528e-03
4.217660032711349231e+03 8.738317230767840282e-01 2.093708322079348549e-03
4.221877692744061278e+03 8.726992040555457963e-01 1.998910972715320627e-03
4.226099570436806971e+03 8.686453599933534608e-01 2.287563679813386843e-03
4.230325670007245208e+03 8.638674477242498373e-01 2.705955239319747518e-03
4.234555995677254032e+03 8.579237262026490063e-01 3.002325641432693985e-03
4.238790551672932452e+03 8.523499336981679164e-01 2.905675636339808462e-03
4.243029342224606808e+03 8.475943784256971814e-01 2.742472457484277162e-03
4.247272371566832589e+03 8.439008806121329753e-01 2.477328286743170002e-03
4.251519643938400804e+03 8.418578469923067020e-01 2.304118841807167774e-03
4.255771163582340705e+03 8.425033769685633667e-01 2.414489226444529926e-03
4.260026934745924336e+03 8.450090777731124048e-01 2.346074635594936134e-03
4.264286961680671993e+03 8.497789797036812143e-01 1.976211808136036675e-03
4.268551248642354039e+03 8.551204501932774260e-01 1.704278759605361076e-03
4.272819799890998183e+03 8.609113618546204716e-01 1.632727574970701959e-03
4.277092619690890388e+03 8.663515504917520538e-01 1.693926599777274182e-03
4.281369712310583054e+03 8.704755130429588927e-01 1.717749199741317205e-03
4.285651082022895025e+03 8.738185896376141626e-01 1.754798000801266727e-03
4.289936733104918858e+03 8.762299260299800663e-01 1.793130215031455950e-03
4.294226669838025373e+03 8.780761482997048173e-01 1.862935968994413162e-03
4.298520896507864563e+03 8.801170050926374611e-01 2.400846773448307020e-03
4.302819417404373780e+03 8.826722354897745815e-01 2.793867081170809882e-03
4.307122236821779552e+03 8.859621902870155052e-01 2.771266083030953301e-03
4.311429359058603040e+03 8.912798994849796541e-01 2.366680029737109822e-03
4.315740788417662770e+03 8.997099804612650464e-01 1.931510420339934298e-03
4.320056529206081905e+03 9.115237977768954059e-01 1.984116123059002836e-03
4.324376585735290064e+03 9.261785934933111086e-01 2.284600673244954489e-03
4.328700962321026054e+03 9.431722891551208576e-01 2.407802739735075831e-03
4.333029663283348782e+03 9.622413174317812068e-01 2.111354041990066120e-03
4.337362692946633615e+03 9.809736235582239283e-01 1.639403378889361940e-03
4.341700055639581478e+03 9.980977764001640606e-01 1.248658525169026035e-03
4.346041755695222491e+03 1.013504973896141248e+00 1.013894388340021808e-03
4.350387797450919606e+03 1.025329191394040329e+00 1.025168184819829926e-03
4.354738185248371337e+03 1.034365117439137505e+00 1.029480629204613694e-03
4.359092923433621763e+03 1.040110231303808863e+00 1.035205274815868175e-03
4.363452016357056891e+03 1.042766728308143431e+00 1.059237341033580481e-03
4.367815468373414660e+03 1.043829820053648216e+00 1.123827454949946625e-03
4.372183283841789489e+03 1.043350324404973106e+00 1.357762944866917334e-03
4.376555467125633186e+03 1.041325002529971400e+00 1.255293050944708728e-03
4.380932022592760404e+03 1.037727906535036437e+00 9.753570375130186714e-04
4.385312954615354101e+03 1.034204618541333165e+00 1.238692130359927718e-03
4.389698267569970994e+03 1.029496170092943919e+00 1.309666362807634325e-03
4.394087965837542470e+03 1.023671507513823853e+00 1.368117028513307458e-03
4.398482053803381859e+03 1.018337515871994947e+00 1.320334188281741591e-03
4.402880535857186260e+03 1.012581021565102324e+00 1.269950912182321806e-03
4.407283416393044718e+03 1.006642791929205139e+00 1.228569565721342920e-03
4.411690699809440048e+03 1.000109456743031311e+00 1.289601353990404509e-03
4.416102390509250654e+03 9.942203785249961179e-01 1.287948943938313712e-03
4.420518492899761441e+03 9.885258323562868821e-01 1.257731399210052382e-03
4.424939011392662906e+03 9.831160396335942853e-01 1.150768578243174410e-03
4.429363950404056595e+03 9.787727190359750695e-01 1.495553673202818087e-03
4.433793314354462382e+03 9.757524153792611621e-01 1.940679832255429345e-03
4.438227107668818462e+03 9.760223677641012285e-01 1.938817510341418228e-03
4.442665334776488635e+03 9.785642695511866940e-01 1.914554333523273838e-03
4.447108000111265937e+03 9.832427932337343135e-01 2.051936078765303172e-03
4.451555108111379013e+03 9.898025870968590878e-01 2.583969165922815614e-03
4.456006663219492111e+03 9.965113835773762307e-01 3.031786575205179350e-03
4.460462669882713271e+03 1.003495732986208422e+00 3.222581110946969030e-03
4.464923132552597053e+03 1.008500470918737735e+00 2.972942155760860926e-03
4.469388055685150903e+03 1.012208613702947568e+00 2.451561630463207787e-03
4.473857443740837880e+03 1.013351442398047420e+00 2.621118537886377338e-03
4.478331301184580298e+03 1.011830878195535410e+00 2.998061061459217271e-03
4.482809632485766087e+03 1.009850500515230953e+00 3.146786415704272161e-03
4.487292442118253348e+03 1.007108074461321889e+00 2.894958416139208155e-03
4.491779734560373072e+03 1.004883502538776785e+00 2.340086276223017885e-03
4.496271514294934605e+03 1.003812736846266152e+00 1.597136684595794852e-03
4.500767785809231100e+03 1.005729947421991177e+00 1.768324646891863581e-03
4.505268553595042249e+03 1.010248385403749172e+00 1.754193460786643462e-03
4.509773822148638828e+03 1.016391867442036689e+00 1.175550013634366888e-03
4.514283595970789065e+03 1.022696814599606929e+00 9.782594453265089449e-04
4.518797879566761367e+03 1.029197129649870757e+00 9.869362514510664555e-04
4.523316677446328868e+03 1.036556820011008018e+00 9.664703243117744652e-04
4.527839994123776705e+03 1.042863538342305052e+00 1.023511517154103998e-03
4.532367834117902021e+03 1.048555862059603161e+00 1.298265186150992893e-03
4.536900201952022144e+03 1.053309548340263024e+00 1.508831655158461528e-03
4.541437102153975502e+03 1.056224898770860010e+00 1.426998400385800321e-03
4.545978539256130716e+03 1.057766753779088020e+00 1.236912814471981779e-03
4.550524517795388419e+03 1.057227164976041189e+00 1.450200873800742713e-03
4.555075042313184895e+03 1.055392536626901689e+00 1.726068433733119823e-03
4.559630117355500261e+03 1.053044607668595978e+00 1.766488125332747955e-03
4.564189747472856652e+03 1.049828218288268999e+00 1.866309045159676369e-03
4.568753937220330954e+03 1.047681703405324738e+00 1.670465587992976458e-03
4.573322691157552981e+03 1.046917517688796595e+00 1.424439475384554205e-03
4.577896013848711846e+03 1.047685457394540443e+00 1.658130341791813015e-03
4.582473909862562323e+03 1.049620922275348311e+00 2.000132638416132844e-03
4.587056383772426670e+03 1.052428810060827225e+00 1.840904484041840442e-03
4.591643440156200086e+03 1.055301423654903203e+00 1.448994622341504392e-03
4.596235083596357981e+03 1.057763586027953950e+00 1.148492984052868144e-03
4.600831318679955984e+03 1.059032666088254304e+00 1.108581881929227107e-03
4.605432149998637215e+03 1.058763683910047382e+00 1.151752948942321667e-03
4.610037582148637739e+03 1.057793713224948640e+00 1.149274234311354649e-03
4.614647619730787483e+03 1.055475021570043026e+00 1.182707657996682820e-03
4.619262267350520233e+03 1.052113683949005507e+00 1.248468892323645286e-03
4.623881529617872729e+03 1.047476375442285779e+00 1.215465123313876463e-03
4.628505411147491941e+03 1.041034433371360812e+00 1.420555558761917589e-03
4.633133916558640522e+03 1.034067794502253390e+00 1.600578316426099369e-03
4.637767050475200449e+03 1.026952779368455859e+00 1.904591011061447080e-03
4.642404817525677572e+03 1.020492966730628837e+00 1.958591297365177598e-03
4.647047222343205249e+03 1.014963827124754525e+00 1.939513031511596632e-03
4.651694269565549803e+03 1.009390343711547011e+00 1.518477997446519108e-03
4.656345963835116891e+03 1.005476318797695168e+00 1.814233709644690398e-03
4.661002309798953320e+03 1.002644743458561249e+00 2.327157244148821223e-03
4.665663312108753416e+03 1.000057248057148129e+00 2.370033665209796223e-03
4.670328975420864481e+03 9.968637711633523413e-01 1.948487371855402422e-03
4.674999304396286789e+03 9.920556851825322875e-01 1.667926465714120177e-03
4.679674303700684504e+03 9.857536735666317940e-01 1.733117446045306324e-03
4.684353978004386590e+03 9.782291220926542241e-01 1.948240193145597560e-03
4.689038331982392265e+03 9.693987437747320079e-01 2.070200650747138372e-03
4.693727370314376458e+03 9.598849811787337760e-01 1.593289358089875797e-03
4.698421097684692540e+03 9.510854025357960984e-01 1.201215177676059898e-03
4.703119518782378691e+03 9.435715802144416520e-01 1.418976362268412712e-03
4.707822638301162442e+03 9.365001310568867865e-01 1.420897342319457461e-03
4.712530460939465229e+03 9.308141076224036858e-01 1.398544277110521641e-03
4.717242991400406027e+03 9.263577609580794237e-01 1.395184075757900221e-03
4.721960234391808626e+03 9.237306281396152619e-01 1.338228123395772450e-03
4.726682194626201635e+03 9.213882925800884749e-01 1.363986546357794268e-03
4.731408876820829391e+03 9.203106358877621851e-01 1.364516148121380475e-03
4.736140285697651962e+03 9.199121434503841899e-01 1.400810578771158766e-03
4.740876425983350600e+03 9.196997109626382505e-01 1.336774566676768002e-03
4.745617302409335934e+03 9.208780030911407621e-01 1.424768215786189566e-03
4.750362919711747054e+03 9.224933652854515609e-01 1.364707730791029630e-03
4.755113282631459697e+03 9.241966213182774004e-01 1.286967578690389850e-03
4.759868395914093526e+03 9.260748207256591646e-01 1.306190631909740722e-03
4.764628264310008490e+03 9.280319735988815655e-01 1.351581283771083808e-03
4.769392892574320285e+03 9.298244511846073257e-01 1.547869201845747476e-03
4.774162285466896719e+03 9.322104552863728077e-01 1.441903421384843273e-03
4.778936447752364984e+03 9.351408367861956394e-01 1.117634442087391813e-03
4.783715384200118933e+03 9.389898729656912524e-01 9.497949611608336564e-04
4.788499099584319993e+03 9.444644954700848194e-01 1.199204183253071944e-03
4.793287598683906253e+03 9.507412349644636107e-01 1.122946733574916190e-03
4.798080886282591564e+03 9.556917641381578177e-01 1.222541962201132088e-03
4.802878967168876443e+03 9.601706506765994575e-01 1.528704954665345778e-03
4.807681846136046261e+03 9.628608381386210002e-01 1.414376324581954805e-03
4.812489527982183972e+03 9.634447756571188348e-01 9.178222073006911483e-04
4.817302017510168298e+03 9.603710056383545357e-01 1.052264196966388099e-03
4.822119319527679181e+03 9.553256519740647157e-01 1.106451675387004185e-03
4.826941438847208701e+03 9.480542423951303643e-01 1.294562158132871134e-03
4.831768380286057436e+03 9.387857175177594105e-01 1.502978472624233669e-03
4.836600148666345376e+03 9.295929969023860595e-01 1.519235914735564928e-03
4.841436748815013743e+03 9.203579293010594187e-01 1.615586027710798735e-03
4.846278185563829538e+03 9.126381590528932497e-01 1.368512357386979282e-03
4.851124463749395545e+03 9.080296102865151875e-01 1.077813188511097305e-03
4.855975588213146693e+03 9.070239960231603060e-01 1.341300709099899589e-03
4.860831563801360971e+03 9.082897068016259068e-01 1.410749399648828992e-03
4.865692395365163975e+03 9.131823588913154932e-01 1.708552418227183038e-03
4.870558087760530725e+03 9.199500341948093629e-01 1.640358052589264287e-03
4.875428645848292945e+03 9.278592334859854240e-01 1.536628877517680217e-03
4.880304074494142696e+03 9.373199853829178307e-01 1.250198645853693117e-03
4.885184378568638749e+03 9.468745738869391859e-01 1.304206996654346104e-03
4.890069562947209306e+03 9.570167359881588398e-01 1.298441077907738642e-03
4.894959632510157462e+03 9.677758316018978402e-01 1.290662248668622515e-03
4.899854592142669389e+03 9.782289546941970171e-01 1.277938661030016479e-03
4.904754446734813428e+03 9.892537092893082251e-01 1.409611890415719306e-03
4.909659201181550088e+03 9.991771372244593330e-01 1.322199352311189801e-03
4.914568860382732964e+03 1.009788569264253644e+00 1.318985022002772166e-03
4.919483429243117826e+03 1.020286486444494267e+00 1.345089444539730164e-03
4.924402912672362618e+03 1.030756490699773487e+00 1.374571033041202366e-03
4.929327315585036558e+03 1.041229812401065491e+00 1.469039780365731778e-03
4.934256642900622865e+03 1.050797024015359682e+00 1.424388325560043507e-03
4.939190899543525120e+03 1.060387574805623734e+00 1.400770458032984771e-03
4.944130090443070912e+03 1.069462059351649508e+00 1.641183143491968793e-03
4.949074220533515472e+03 1.077912826635775811e+00 2.200653136058370631e-03
4.954023294754050767e+03 1.083863367179487947e+00 2.647647877944138764e-03
4.958977318048806410e+03 1.087597527196151326e+00 2.359140514443484361e-03
4.963936295366856939e+03 1.086937317965943617e+00 2.086434574834251671e-03
4.968900231662225451e+03 1.082919878056189278e+00 2.229314992290521921e-03
4.973869131893889062e+03 1.076018411941093822e+00 2.680908200712908175e-03
4.978843001025784361e+03 1.066720964929581239e+00 2.916576300328402923e-03
4.983821844026811959e+03 1.057259330440677658e+00 2.843713707075717304e-03
4.988805665870840130e+03 1.047935507699297775e+00 2.405857953866558183e-03
4.993794471536712990e+03 1.041134580189953862e+00 1.688343703717525360e-03
4.998788266008251412e+03 1.038556822064832907e+00 1.683455111892314792e-03
5.003787054274261209e+03 1.038723166076371829e+00 1.513731776058763190e-03
5.008790841328536771e+03 1.044012401014315694e+00 1.503617188542590239e-03
5.013799632169867436e+03 1.053664546469173180e+00 1.388659955306917977e-03
5.018813431802038394e+03 1.067055004130767148e+00 1.105828398039093762e-03
5.023832245233842514e+03 1.083160940470459410e+00 1.091532147868348084e-03
5.028856077479077612e+03 1.101336776014832486e+00 1.155282570326512459e-03
5.033884933556558281e+03 1.121254362702697627e+00 1.294373610349442783e-03
5.038918818490116792e+03 1.141868371859434683e+00 1.863651910535763564e-03
5.043957737308608557e+03 1.162507650520067326e+00 2.071332371379650938e-03
5.049001695045918495e+03 1.181703806674319956e+00 1.784825544579248533e-03
5.054050696740966487e+03 1.198558268482011524e+00 1.206774119884001465e-03
5.059104747437709193e+03 1.210951570522415643e+00 1.205730201978128359e-03
5.064163852185148244e+03 1.220128404983335857e+00 1.227041809382822379e-03
5.069228016037335692e+03 1.225366832609950496e+00 1.469536422878614740e-03
5.074297244053374015e+03 1.227396415420168196e+00 1.552920752325949753e-03
5.079371541297429758e+03 1.227093588550256298e+00 1.511509809584144588e-03
5.084450912838728073e+03 1.224886138461411367e+00 9.956347588103682880e-04
5.089535363751569093e+03 1.222520820928790997e+00 8.854733976657040879e-04
5.094624899115322478e+03 1.220580227357454195e+00 8.477800584809363658e-04
5.099719524014439230e+03 1.218744990483971558e+00 7.334028258715858230e-04
5.104819243538455339e+03 1.219064839020419955e+00 7.624527829688270862e-04
5.109924062781995417e+03 1.221578677523233569e+00 7.630637455562372124e-04
5.115033986844779065e+03 1.225839520721738074e+00 8.133929917549743895e-04
5.120149020831625421e+03 1.232890103676046900e+00 9.574148427167623312e-04
5.125269169852458617e+03 1.241703192650115417e+00 1.195097966266993501e-03
5.130394439022313236e+03 1.251995628435432106e+00 1.409007697440776453e-03
5.135524833461337039e+03 1.263660565951082448e+00 1.284594376222227647e-03
5.140660358294800062e+03 1.275659579804101051e+00 1.160646912851674446e-03
5.145801018653096435e+03 1.287676627598015378e+00 1.063120760417840538e-03
5.150946819671751655e+03 1.299365914295456337e+00 8.522046433895207659e-04
5.156097766491425318e+03 1.309186497593365806e+00 8.388541846507780548e-04
5.161253864257918394e+03 1.317643637039560334e+00 7.766876487747837593e-04
5.166415118122177773e+03 1.323688458677413582e+00 8.937601559200844146e-04
5.171581533240301724e+03 1.328039367724000108e+00 9.678707102845842021e-04
5.176753114773543530e+03 1.331311179219615504e+00 9.254128354440485996e-04
5.181929867888318768e+03 1.332935099265640355e+00 9.481480471408116565e-04
5.187111797756208944e+03 1.333445631276453769e+00 9.622387138989755510e-04
5.192298909553966951e+03 1.333390673909493174e+00 9.711543148608036682e-04
5.197491208463522526e+03 1.331735508932516687e+00 9.629488257029449657e-04
5.202688699671987706e+03 1.329701629283133180e+00 9.659099416865783629e-04
5.207891388371661378e+03 1.326942969050538546e+00 9.746745022779721703e-04
5.213099279760034733e+03 1.322903587792600755e+00 9.081548806874191427e-04
5.218312379039796724e+03 1.320063189898476708e+00 1.337084552540099280e-03
5.223530691418837705e+03 1.316044676171044259e+00 1.235619582028623514e-03
5.228754222110258524e+03 1.311155662964500701e+00 1.306345492026666361e-03
5.233982976332370527e+03 1.305551251037369687e+00 1.625277157184196490e-03
5.239216959308704645e+03 1.300436659342995238e+00 1.631069793906340156e-03
5.244456176268015042e+03 1.296348304188099210e+00 1.558950302810066220e-03
5.249700632444284565e+03 1.293696349832254233e+00 1.555642909379056308e-03
5.254950333076731113e+03 1.292126463951135396e+00 1.618794810123429717e-03
5.260205283409809454e+03 1.291443628059739446e+00 1.632271605058503543e-03
5.265465488693221232e+03 1.290989365487095641e+00 1.646041339896344574e-03
5.270730954181915877e+03 1.292131228050719782e+00 1.714937925019515341e-03
5.276001685136099695e+03 1.294501022536259205e+00 1.672710875592352524e-03
5.281277686821237694e+03 1.296178378824892174e+00 1.666921674802229747e-03
5.286558964508059944e+03 1.297750728091811023e+00 1.629184674700056993e-03
5.291845523472569766e+03 1.298535304087347964e+00 1.497078125743793193e-03
5.297137368996044643e+03 1.297455586863437427e+00 1.688178728587048146e-03
5.302434506365042580e+03 1.296018802876846898e+00 1.699313665016119685e-03
5.307736940871409388e+03 1.293819068600702726e+00 1.601402789126417673e-03
5.313044677812282316e+03 1.290652170360283568e+00 1.411769410228557505e-03
5.318357722490096421e+03 1.288817209924807861e+00 1.222417155110145596e-03
5.323676080212588204e+03 1.285406932236357935e+00 1.250794690737812168e-03
5.328999756292802886e+03 1.281552880629478475e+00 1.245046615858798073e-03
5.334328756049097137e+03 1.276726012042902925e+00 1.183735267225754974e-03
5.339663084805148173e+03 1.271843164735981802e+00 1.172279971275218269e-03
5.345002747889954662e+03 1.266938206942136436e+00 1.185827187568880108e-03
5.350347750637846730e+03 1.262166197430681924e+00 1.167612981730071532e-03
5.355698098388485960e+03 1.256786462937672599e+00 1.040167829087369116e-03
5.361053796486876308e+03 1.250131802408031234e+00 1.045030489964004008e-03
5.366414850283365013e+03 1.242336288493921082e+00 8.960036954067332081e-04
5.371781265133649867e+03 1.234570454063086853e+00 8.948230521791174664e-04
5.377153046398785591e+03 1.226247266003905656e+00 8.861648476972824266e-04
5.382530199445186554e+03 1.217531589486219090e+00 9.071540887411914467e-04
5.387912729644633146e+03 1.208913758915792114e+00 9.851943433429612672e-04
5.393300642374279960e+03 1.200107456499901026e+00 1.086608771651385993e-03
5.398693943016655794e+03 1.191210258872291705e+00 8.594259382583339067e-04
5.404092636959673655e+03 1.183967095144411896e+00 7.641245430031385786e-04
5.409496729596635305e+03 1.177917382492495335e+00 8.307230249669475715e-04
5.414906226326233991e+03 1.172520203281749218e+00 8.227060103215994577e-04
5.420321132552561721e+03 1.168648774727908624e+00 7.850623206528414095e-04
5.425741453685116539e+03 1.165447693321892464e+00 1.118756084352745322e-03
5.431167195138803436e+03 1.162611646884922356e+00 8.891899625003173765e-04
5.436598362333943442e+03 1.159127587566607609e+00 8.423040278555545511e-04
5.442034960696279086e+03 1.155333611049739417e+00 9.344633321841504811e-04
5.447476995656978033e+03 1.151554558222609659e+00 9.823046731089815631e-04
5.452924472652636723e+03 1.147800777304099684e+00 9.864600872895991444e-04
5.458377397125291282e+03 1.143434193689579770e+00 9.726369887207301015e-04
5.463835774522417523e+03 1.139210327285376190e+00 8.789678944629533870e-04
5.469299610296941864e+03 1.135196038709931132e+00 9.251352882679777373e-04
5.474768909907241323e+03 1.131041318601496259e+00 9.341768561916280076e-04
5.480243678817149885e+03 1.127182890461709830e+00 9.577396435048073694e-04
5.485723922495968509e+03 1.123509121943590650e+00 9.086398557799456452e-04
5.491209646418466946e+03 1.119714831275079092e+00 8.933049876354551191e-04
5.496700856064887375e+03 1.115815390197771650e+00 9.005972867054264867e-04
5.502197556920953502e+03 1.111556581728498916e+00 9.604841430710715387e-04
5.507699754477876013e+03 1.108008829116299054e+00 9.860592029819106440e-04
5.513207454232356213e+03 1.104696136291518416e+00 9.713731441901401727e-04
5.518720661686590574e+03 1.101084916701788874e+00 8.828345388725540935e-04
5.524239382348278923e+03 1.098822088984052980e+00 8.727293129496048549e-04
5.529763621730628984e+03 1.098348640843020974e+00 1.270033763645560688e-03
5.535293385352360929e+03 1.097427417287982543e+00 1.272535182334568653e-03
5.540828678737715563e+03 1.096033930139189483e+00 1.275151188153787014e-03
5.546369507416455235e+03 1.094277181951476496e+00 1.380239414350955792e-03
5.551915876923872929e+03 1.093351825648639863e+00 1.416855129720522586e-03
5.557467792800798634e+03 1.091750132621629898e+00 1.374842371772442944e-03
5.563025260593602070e+03 1.089668986475136103e+00 1.329327116679322393e-03
5.568588285854197238e+03 1.087868295683180220e+00 1.368452085978886590e-03
5.574156874140053333e+03 1.084790790334607014e+00 1.378206309573791390e-03
5.579731031014194741e+03 1.081215778117273540e+00 1.348359783889891295e-03
5.585310762045211050e+03 1.077973693313228010e+00 1.349139354321010316e-03
5.590896072807257951e+03 1.074386475276834396e+00 1.363613838483453307e-03
5.596486968880067252e+03 1.070878347633368310e+00 1.534138333357851517e-03
5.602083455848949598e+03 1.068150781157303442e+00 1.675299451631781338e-03
5.607685539304799931e+03 1.066683292504662983e+00 1.621215560079483729e-03
5.613293224844106589e+03 1.066963254603162659e+00 1.560342733121549297e-03
5.618906518068952209e+03 1.069137003626032145e+00 1.567798333796593469e-03
5.624525424587023736e+03 1.072114672942112046e+00 1.396893210869329990e-03
5.630149950011612418e+03 1.077969923824375398e+00 1.889102012504169934e-03
5.635780099961625638e+03 1.085205546281850397e+00 1.714011047560356138e-03
5.641415880061589633e+03 1.091759088644545850e+00 1.499108817151690795e-03
5.647057295941652228e+03 1.098095018642502696e+00 1.573639445644214830e-03
5.652704353237596479e+03 1.104561275445309354e+00 1.636262591313608628e-03
5.658357057590835211e+03 1.111807755370803230e+00 1.620336642900054806e-03
5.664015414648428305e+03 1.118219520963076530e+00 1.580758116150762869e-03
5.669679430063079053e+03 1.125399750552334988e+00 1.527089206503812885e-03
5.675349109493143260e+03 1.132981868782860779e+00 1.523452885131357324e-03
5.681024458602638333e+03 1.139790324517116593e+00 1.428609009743595209e-03
5.686705483061243285e+03 1.148161194430796561e+00 1.407868421125468969e-03
5.692392188544306009e+03 1.157936732514724509e+00 1.410606647457461789e-03
5.698084580732852373e+03 1.168000177189064237e+00 1.395715368641821776e-03
5.703782665313587131e+03 1.177585782511149981e+00 1.374532989699245875e-03
5.709486447978903016e+03 1.186841370829428310e+00 1.382282126671909375e-03
5.715195934426883468e+03 1.195585439847996811e+00 1.628100376671552186e-03
5.720911130361312644e+03 1.202279620604335353e+00 1.631120646418424006e-03
5.726632041491675409e+03 1.207712394559590896e+00 1.625696741339734651e-03
5.732358673533169167e+03 1.211103328982413574e+00 1.626936766530008571e-03
5.738091032206703858e+03 1.213747650913404419e+00 1.468438220837102372e-03
5.743829123238912871e+03 1.214447160303344431e+00 1.858773638485206091e-03
5.749572952362153046e+03 1.213244341762878209e+00 2.116771220506981962e-03
5.755322525314517407e+03 1.212548392901966698e+00 1.866545304060872670e-03
5.761077847839834249e+03 1.211566873124017230e+00 1.666404729373372699e-03
5.766838925687675328e+03 1.211084462368531511e+00 1.652513867484615810e-03
5.772605764613364954e+03 1.210903189025586357e+00 1.776908025967439790e-03
5.778378370377980900e+03 1.211396634968098907e+00 1.642671238890764870e-03
5.784156748748360769e+03 1.211706305199618416e+00 1.470854952296214713e-03
5.789940905497111089e+03 1.210667367688136764e+00 1.597272834461385465e-03
5.795730846402610041e+03 1.210209814531977068e+00 1.577499971843794244e-03
5.801526577249013826e+03 1.209266645470635559e+00 1.615921120058526469e-03
5.807328103826264851e+03 1.206654576388440647e+00 1.664418178735317753e-03
5.813135431930093546e+03 1.202183061910850448e+00 1.860544595613664509e-03
5.818948567362025642e+03 1.195714348771937496e+00 1.928467510360675277e-03
5.824767515929389447e+03 1.187797242856877267e+00 1.835789442699122366e-03
5.830592283445320390e+03 1.176733658966783391e+00 1.906331623289069270e-03
5.836422875728768304e+03 1.164761494335953440e+00 1.830514067972920577e-03
5.842259298604498326e+03 1.151138939785863569e+00 1.951210841381602942e-03
5.848101557903105459e+03 1.135943447397737005e+00 2.572154649612250384e-03
5.853949659461010015e+03 1.120254312499287197e+00 2.615234734534733953e-03
5.859803609120473084e+03 1.106068399513701062e+00 1.863290572927979232e-03
5.865663412729595620e+03 1.095538937520432299e+00 1.836845094943906397e-03
5.871529076142326630e+03 1.086975637265840566e+00 1.787413254266850045e-03
5.877400605218471355e+03 1.081793985654358803e+00 2.041651399409505699e-03
5.883278005823691274e+03 1.079501260362861315e+00 1.899740474433618499e-03
5.889161283829516833e+03 1.078899755678671912e+00 1.620935611841963593e-03
5.895050445113348360e+03 1.079950561632429862e+00 1.439379351858398066e-03
5.900945495558464245e+03 1.081747618459709015e+00 1.471394450105751716e-03
5.906846441054024581e+03 1.085181655658294275e+00 1.471768470297246060e-03
5.912753287495080258e+03 1.089557739799091651e+00 1.478617346068868219e-03
5.918666040782577511e+03 1.094054904123459071e+00 1.412533816639272586e-03
5.924584706823361557e+03 1.099340529027846181e+00 1.454580527338956162e-03
5.930509291530187511e+03 1.104513610891406650e+00 1.543102475488744704e-03
5.936439800821719473e+03 1.109787925068063119e+00 1.633891546395452050e-03
5.942376240622543264e+03 1.113895847812254480e+00 1.681061991471770106e-03
5.948318616863167335e+03 1.117478028175656668e+00 1.162769559397530163e-03
5.954266935480032771e+03 1.119280758255100761e+00 1.082927383341843750e-03
5.960221202415515108e+03 1.118423413825792245e+00 1.626721643733617002e-03
5.966181423617932523e+03 1.116935784790889841e+00 1.358171490498646505e-03
5.972147605041552197e+03 1.114904425798894039e+00 1.127752972804833961e-03
5.978119752646595771e+03 1.112840165764019229e+00 1.088602571168134853e-03
5.984097872399243897e+03 1.110461019932311721e+00 1.137105876679412458e-03
5.990081970271645332e+03 1.108160930145157153e+00 1.157542983411615715e-03
5.996072052241918755e+03 1.105464486601512419e+00 1.117455818926730302e-03
6.002068124294162772e+03 1.102528407627778817e+00 1.118759186724512357e-03
6.008070192418459555e+03 1.099792089406919526e+00 1.091346125841016843e-03
6.014078262610879392e+03 1.096713831250901716e+00 1.107081226937826381e-03
6.020092340873492503e+03 1.093505786589525242e+00 1.164227398281368489e-03
6.026112433214368139e+03 1.090643795174681241e+00 1.163236636827597818e-03
6.032138545647584579e+03 1.087199081627394648e+00 1.123324902026142779e-03
6.038170684193233683e+03 1.084718240191531846e+00 1.027273982600289751e-03
6.044208854877429076e+03 1.083227885319431483e+00 1.485170104795253921e-03
6.050253063732308874e+03 1.081954079635759847e+00 1.568055297429657349e-03
6.056303316796042964e+03 1.080490936826064674e+00 1.343042230704168463e-03
6.062359620112841185e+03 1.078279670324843176e+00 1.253835116409862671e-03
6.068421979732956061e+03 1.075439976325516689e+00 1.374838200688544530e-03
6.074490401712690982e+03 1.071767620782392072e+00 1.353853736769932087e-03
6.080564892114405666e+03 1.069055710928385139e+00 1.354104155995322634e-03
6.086645457006521610e+03 1.065960303491827244e+00 1.289860312105318031e-03
6.092732102463530282e+03 1.063207197911077317e+00 1.255182961851519959e-03
6.098824834565995843e+03 1.060769941412029516e+00 1.358343080264680239e-03
6.104923659400564247e+03 1.059262126461970821e+00 1.328788561182514105e-03
6.111028583059966877e+03 1.058555259009330340e+00 1.358228400330531481e-03
6.117139611643028729e+03 1.059057476168496770e+00 1.624751955134591877e-03
6.123256751254673873e+03 1.059773532695845732e+00 1.470466885734464206e-03
6.129380008005929994e+03 1.060273464953123135e+00 1.413004487911666621e-03
6.135509388013938405e+03 1.061031795717020554e+00 1.380229247767643603e-03
6.141644897401954040e+03 1.061336436551196805e+00 1.415211973684979202e-03
6.147786542299358189e+03 1.060810976223006019e+00 1.200735174319831873e-03
6.153934328841659408e+03 1.061334998134608965e+00 1.199205726360828318e-03
6.160088263170503524e+03 1.062953051678800165e+00 1.278249396912256282e-03
6.166248351433675452e+03 1.064098633667306837e+00 1.261635894042261547e-03
6.172414599785111022e+03 1.065067142077478879e+00 1.585395398663042108e-03
6.178587014384898794e+03 1.066687367932110719e+00 1.763561635373555713e-03
6.184765601399285515e+03 1.069543282710141208e+00 1.790166776794046991e-03
6.190950367000687038e+03 1.074464733613054390e+00 1.646379835486916528e-03
6.197141317367689226e+03 1.082491023274826825e+00 2.070616016980446512e-03
6.203338458685059777e+03 1.091249149045547151e+00 2.249104965559480061e-03
6.209541797143746408e+03 1.100509651404862010e+00 2.362937511292734563e-03
6.215751338940892310e+03 1.108801272375662172e+00 2.372911730499866877e-03
6.221967090279835247e+03 1.117599613309659068e+00 2.387696311001027798e-03
6.228189057370116643e+03 1.125576845338572829e+00 2.225575455152440079e-03
6.234417246427488863e+03 1.132771333474249964e+00 1.963291354484223046e-03
6.240651663673918847e+03 1.137430384881876977e+00 2.186178716423787475e-03
6.246892315337594482e+03 1.140873126855507236e+00 2.162192921282754792e-03
6.253139207652934601e+03 1.143478603947047922e+00 2.199430229261064174e-03
6.259392346860589896e+03 1.143405453271379324e+00 1.994217190144866817e-03
6.265651739207452010e+03 1.142396252857247774e+00 1.792454034773271684e-03
6.271917390946661726e+03 1.141544012407679221e+00 1.786492014702943058e-03
6.278189308337610782e+03 1.141515346994847357e+00 1.612408389711634561e-03
6.284467497645950061e+03 1.140689634963621524e+00 1.531725669323830358e-03
6.290751965143597772e+03 1.139156818236926938e+00 1.551813047381323451e-03
6.297042717108744000e+03 1.137327174891979320e+00 1.544050961446851323e-03
6.303339759825854344e+03 1.134727794219986707e+00 1.367269711359916234e-03
6.309643099585682648e+03 1.132945699345730750e+00 1.321812424780057817e-03
6.315952742685270096e+03 1.132639930250576077e+00 1.421822455152199670e-03
6.322268695427957937e+03 1.131452364855519699e+00 1.427879983444966042e-03
6.328590964123387494e+03 1.130913120611662936e+00 1.396096952226747205e-03
6.334919555087512890e+03 1.130207615036344926e+00 1.475656543953166467e-03
6.341254474642602872e+03 1.130662328459751231e+00 1.553506993635740381e-03
6.347595729117247174e+03 1.131614873399474641e+00 1.520783060389232187e-03
6.353943324846366522e+03 1.133449761506035269e+00 1.551034618141230439e-03
6.360297268171215364e+03 1.135229263768045671e+00 1.455878384557775674e-03
6.366657565439388236e+03 1.138445607882529131e+00 1.596412362519158967e-03
6.373024223004829764e+03 1.142095722678629466e+00 1.329404259996954914e-03
6.379397247227837397e+03 1.145027366340767738e+00 1.429103310621514331e-03
6.385776644475066860e+03 1.148337841943496862e+00 1.533196248179337666e-03
6.392162421119543978e+03 1.152255213346788709e+00 1.533730995183242747e-03
6.398554583540665590e+03 1.157024616085193358e+00 1.619668600166968529e-03
6.404953138124208635e+03 1.161183146935202526e+00 1.707144732757781384e-03
6.411358091262334710e+03 1.164873356316976860e+00 1.738270655230121555e-03
6.417769449353599157e+03 1.167727208972110908e+00 1.766757810990122590e-03
6.424187218802954703e+03 1.169997941171363687e+00 1.829205196695143009e-03
6.430611406021760558e+03 1.173542254384943195e+00 1.865843815245094364e-03
6.437042017427784231e+03 1.177956766680722467e+00 1.842205130776454957e-03
6.443479059445214261e+03 1.181800874381301547e+00 1.970277777242140319e-03
6.449922538504661134e+03 1.186852543282924888e+00 1.977058210823312220e-03
6.456372461043168187e+03 1.192437274868072494e+00 1.984996142229985324e-03
6.462828833504213435e+03 1.197891362196946252e+00 2.018178551275588359e-03
6.469291662337719572e+03 1.203721779396393465e+00 2.203149129972402798e-03
6.475760954000059428e+03 1.209549104668456554e+00 2.256863218098232628e-03
6.482236714954061426e+03 1.214351549382846063e+00 2.021787229032068200e-03
6.488718951669017770e+03 1.217592456812721657e+00 1.378219281440028589e-03
6.495207670620688987e+03 1.217883829948770869e+00 1.486332996029070350e-03
6.501702878291312118e+03 1.215815866182268890e+00 1.491862544712206596e-03
6.508204581169605262e+03 1.211144085804167547e+00 1.267233686532469100e-03
6.514712785750777584e+03 1.204840724468546398e+00 1.081433807927556371e-03
6.521227498536530220e+03 1.197312277061281405e+00 1.068142195555377020e-03
6.527748726035069012e+03 1.188760080202576175e+00 1.149152520362680101e-03
6.534276474761106329e+03 1.180047551112763049e+00 1.203789269649250442e-03
6.540810751235869247e+03 1.171127665912371496e+00 1.252083952767181095e-03
6.547351561987107743e+03 1.162743906503920677e+00 1.300655628860553862e-03
6.553898913549096505e+03 1.155982755622076086e+00 1.347109688511759088e-03
6.560452812462647671e+03 1.151009043767526663e+00 1.354040700231450879e-03
6.567013265275112644e+03 1.146479992908170153e+00 1.133182551393420445e-03
6.573580278540390282e+03 1.144645048392620934e+00 1.042642762833359072e-03
6.580153858818932349e+03 1.145758156412851392e+00 1.290513784325743969e-03
6.586734012677753526e+03 1.147773304206979317e+00 1.288032505122946661e-03
6.593320746690433225e+03 1.151927881092665196e+00 1.372013275409447470e-03
6.599914067437126505e+03 1.157393977293841303e+00 1.359793450992414620e-03
6.606513981504565891e+03 1.162769660332194643e+00 1.162233168664879518e-03
6.613120495486072286e+03 1.167492573427908686e+00 1.264744082266720934e-03
6.619733615981560433e+03 1.170743533242657675e+00 1.312826779852186744e-03
6.626353349597544366e+03 1.173055267187183004e+00 1.228588021177850565e-03
6.632979702947143778e+03 1.173932568987503533e+00 1.533107180950046746e-03
6.639612682650093120e+03 1.174300085251730907e+00 2.023010667268778859e-03
6.646252295332745234e+03 1.174417859374953688e+00 2.341624816408149901e-03
6.652898547628080451e+03 1.175524327375106148e+00 2.152096410910784609e-03
6.659551446175711135e+03 1.178238254006402252e+00 1.924708475365999620e-03
6.666210997621888964e+03 1.182701776449940123e+00 1.619413755342415670e-03
6.672877208619513112e+03 1.189716070965925798e+00 1.568217433847080228e-03
6.679550085828134797e+03 1.199158964487465395e+00 2.022499905146533331e-03
6.686229635913964557e+03 1.210346862802938128e+00 2.316990725320197241e-03
6.692915865549881346e+03 1.220572304184571522e+00 2.370432810961315036e-03
6.699608781415433441e+03 1.230400743586697931e+00 1.932208576075103998e-03
6.706308390196851178e+03 1.237948215853027945e+00 1.034672969281034494e-03
6.713014698587049679e+03 1.241373331735116547e+00 1.044428473994958974e-03
6.719727713285638856e+03 1.241927378599399390e+00 9.943091283445761475e-04
6.726447440998927050e+03 1.238561373778485519e+00 1.015534402269363881e-03
6.733173888439928305e+03 1.231539958139326485e+00 7.825752876165794052e-04
6.739907062328370557e+03 1.222279803725184522e+00 8.854403351880945445e-04
6.746646969390701088e+03 1.209861783621889453e+00 1.067974604313471623e-03
6.753393616360093802e+03 1.195308797725415983e+00 1.747040807819964401e-03
6.760147009976456502e+03 1.180261778427455832e+00 1.954031058659850585e-03
6.766907156986434529e+03 1.165608058081109011e+00 2.037951739737881712e-03
6.773674064143423493e+03 1.152705690825699847e+00 1.884259132310659932e-03
6.780447738207569273e+03 1.142528171066672149e+00 1.926979207808071203e-03
6.787228185945778932e+03 1.133985024971812416e+00 1.874411693650869038e-03
6.794015414131727084e+03 1.127826743881118254e+00 1.766583160272120834e-03
6.800809429545861349e+03 1.125391878469231166e+00 2.013290478279691070e-03
6.807610238975408720e+03 1.125974079369619130e+00 2.258153035841892111e-03
6.814417849214386479e+03 1.128401312947106661e+00 1.958258367591672860e-03
6.821232267063603103e+03 1.131957020511903611e+00 1.883210935911793990e-03
6.828053499330669183e+03 1.137055219013818785e+00 1.823973647426904840e-03
6.834881552830001965e+03 1.142377575855030747e+00 1.907971210520943619e-03
6.841716434382834450e+03 1.148567736879500423e+00 1.839609638373957074e-03
6.848558150817219939e+03 1.155192389058788516e+00 1.840483357133305747e-03
6.855406708968039311e+03 1.161757212895061731e+00 1.873253947246447367e-03
6.862262115677009206e+03 1.168519366911171309e+00 1.871574562982199468e-03
6.869124377792688392e+03 1.175588093873972895e+00 1.415304937388532072e-03
6.875993502170483225e+03 1.180743296978690626e+00 1.318432309950113776e-03
6.882869495672656740e+03 1.183929137621655858e+00 1.326581411589061949e-03
6.889752365168331380e+03 1.185710252469803772e+00 1.321103197264660023e-03
6.896642117533501732e+03 1.185621051847095764e+00 1.306027641874825829e-03
6.903538759651037253e+03 1.184161404260419603e+00 1.344804117338850233e-03
6.910442298410691365e+03 1.180806048280096832e+00 1.296764736483223095e-03
6.917352740709104182e+03 1.174574867968835923e+00 1.294123076748924595e-03
6.924270093449815249e+03 1.167374385654368796e+00 1.300792017857170871e-03
6.931194363543267173e+03 1.160523016142489761e+00 1.433050623633599571e-03
6.938125557906812901e+03 1.154397299306765268e+00 1.433357935050372971e-03
6.945063683464722089e+03 1.147645702147963132e+00 1.622018231325310063e-03
6.952008747148189286e+03 1.142315498989939782e+00 1.431533939716041984e-03
6.958960755895339389e+03 1.138860424653782344e+00 1.528085184617930309e-03
6.965919716651237650e+03 1.136397092910353068e+00 1.579171203581661818e-03
6.972885636367890584e+03 1.135903622608025687e+00 1.608283697298129892e-03
6.979858522004260521e+03 1.136476215932137324e+00 1.511503590279571077e-03
6.986838380526267429e+03 1.138331131763951953e+00 1.364880006334748003e-03
6.993825218906796181e+03 1.140779067435870209e+00 1.279810426378446588e-03
7.000819044125705659e+03 1.143491069169991992e+00 1.217569572118108691e-03
7.007819863169833297e+03 1.146026025178130681e+00 1.258410211922793721e-03
7.014827683033005087e+03 1.148297311106562857e+00 1.176483989141092687e-03
7.021842510716041033e+03 1.150789992452478927e+00 1.065024471735424947e-03
7.028864353226758794e+03 1.153553535869207725e+00 1.131679290291545594e-03
7.035893217579988232e+03 1.156376005579367261e+00 1.114596577914020274e-03
7.042929110797570502e+03 1.158780934269449725e+00 1.048866525758306110e-03
7.049972039908370789e+03 1.160037233326774553e+00 1.051536630907174211e-03
7.057022011948281033e+03 1.160557944973740652e+00 1.085230155194604959e-03
7.064079033960231754e+03 1.160338269302155778e+00 1.102379283017738054e-03
7.071143112994193871e+03 1.159374721801486707e+00 1.101316883735191550e-03
7.078214256107190522e+03 1.156327077977621576e+00 6.811235242086899691e-04
7.085292470363300708e+03 1.153112553354125103e+00 6.330542907209290747e-04
7.092377762833665656e+03 1.149838260592251471e+00 6.545915304798547536e-04
7.099470140596501551e+03 1.145343433147841150e+00 7.537203605340490539e-04
7.106569610737100447e+03 1.139902232842045837e+00 9.303283064994631937e-04
7.113676180347840273e+03 1.132683337237105015e+00 9.335356867985346958e-04
7.120789856528190285e+03 1.124794452574851888e+00 8.189105241632125675e-04
7.127910646384721076e+03 1.115599687204394730e+00 8.122806081484832547e-04
7.135038557031108212e+03 1.104937431194694009e+00 1.167256376438764688e-03
7.142173595588141325e+03 1.093736028972374763e+00 1.231814408832785463e-03
7.149315769183732300e+03 1.082794420085042120e+00 1.076982352621622206e-03
7.156465084952918005e+03 1.072067689891287090e+00 1.038717164673755517e-03
7.163621550037873021e+03 1.061812278512425323e+00 1.002689610809028974e-03
7.170785171587913283e+03 1.052769437511803297e+00 1.010202449067045026e-03
7.177955956759504261e+03 1.044672621035626747e+00 1.028259081622114133e-03
7.185133912716265513e+03 1.037879913037518920e+00 1.064863424039551179e-03
7.192319046628984324e+03 1.032265425218167332e+00 1.142712242744403943e-03
7.199511365675615707e+03 1.027620249066889535e+00 1.080004567489454160e-03
7.206710877041294225e+03 1.023324782371959785e+00 1.040204458998538048e-03
7.213917587918337631e+03 1.019434314256828289e+00 1.038537289309646302e-03
7.221131505506257781e+03 1.015594872775029689e+00 1.021302001422256600e-03
7.228352637011767001e+03 1.012628386058488372e+00 1.058775499787262221e-03
7.235580989648780815e+03 1.010205192647311012e+00 1.300116256644584739e-03
7.242816570638432495e+03 1.007575625618265303e+00 1.210092941895791465e-03
7.250059387209073066e+03 1.004111822285912226e+00 1.283677412061534845e-03
7.257309446596284033e+03 1.001199913735449254e+00 1.229493120367164925e-03
7.264566756042882844e+03 9.976238215988462166e-01 1.260147442863262211e-03
7.271831322798928340e+03 9.939115552842264778e-01 1.156255399756720261e-03
7.279103154121729858e+03 9.903140086368212858e-01 1.156945049162871842e-03
7.286382257275853590e+03 9.879388489988113475e-01 1.119179057599451561e-03
7.293668639533132591e+03 9.852057011244854667e-01 1.103911231039353619e-03
7.300962308172667690e+03 9.829584767469616846e-01 1.078257529681552092e-03
7.308263270480842948e+03 9.814080476999301750e-01 1.151319016374433750e-03
7.315571533751325660e+03 9.806853384885219072e-01 1.058030023253170174e-03
7.322887105285079997e+03 9.814115120163362516e-01 1.197052530681162307e-03
7.330209992390367006e+03 9.825200997193448416e-01 1.121536096516226452e-03
7.337540202382760071e+03 9.835435536778408538e-01 1.071647755502653935e-03
7.344877742585144915e+03 9.841563226461297331e-01 1.078085748504592186e-03
7.352222620327733239e+03 9.851928140892702856e-01 1.097645558079641268e-03
7.359574842948062724e+03 9.852001645143100284e-01 1.046960949435749412e-03
7.366934417791013402e+03 9.857335695544775511e-01 1.205954237680210333e-03
7.374301352208806748e+03 9.857385564676138801e-01 1.065416166860446053e-03
7.381675653561018407e+03 9.837944606747007770e-01 1.063838786036789804e-03
7.389057329214581841e+03 9.805082487024540105e-01 1.057311040964948679e-03
7.396446386543798326e+03 9.767133427011078783e-01 1.051524713356341090e-03
7.403842832930345139e+03 9.714675236684667814e-01 1.095240306349089688e-03
7.411246675763277381e+03 9.656842692159472996e-01 1.222719346032123027e-03
7.418657922439043432e+03 9.593935364201203742e-01 1.262244524653443343e-03
7.426076580361484957e+03 9.541016534584274567e-01 1.265240110877400518e-03
7.433502656941848727e+03 9.485247535357168580e-01 1.284147201274854879e-03
7.440936159598792983e+03 9.437530934810909322e-01 1.199809338237852688e-03
7.448377095758394717e+03 9.399339101006811692e-01 8.969679166400545836e-04
7.455825472854155123e+03 9.386578828719581713e-01 9.686539155415756957e-04
7.463281298327012337e+03 9.390194810318238661e-01 9.219125577510971442e-04
7.470744579625341430e+03 9.410972133664410322e-01 1.015175685800590250e-03
7.478215324204968965e+03 9.440924130551803239e-01 1.040789079600123448e-03
7.485693539529176633e+03 9.479636292992443813e-01 1.051378962306365400e-03
7.493179233068708527e+03 9.527282545276128944e-01 1.026423980417235510e-03
7.500672412301779332e+03 9.573024074173880349e-01 1.086595155298460819e-03
7.508173084714083416e+03 9.634032472108831069e-01 1.124541552364396145e-03
7.515681257798800289e+03 9.688398599876676398e-01 1.177125713555147914e-03
7.523196939056601877e+03 9.737088340929437313e-01 1.344741223187901962e-03
7.530720135995660712e+03 9.782976114043844262e-01 2.200337973349457150e-03
7.538250856131659020e+03 9.812008664538702796e-01 2.126683559730646253e-03
7.545789106987793275e+03 9.817882191244795553e-01 2.619593446626894678e-03
7.553334896094783289e+03 9.809884824946445425e-01 3.147937630111626896e-03
7.560888230990880402e+03 9.800152993117384748e-01 3.259077823628088021e-03
7.568449119221873843e+03 9.801179777717515806e-01 3.426619079631387527e-03
7.576017568341098013e+03 9.782418371726440132e-01 3.398273957121031568e-03
7.583593585909441572e+03 9.760191397072829345e-01 3.387114243716124202e-03
7.591177179495353812e+03 9.734109334126034296e-01 3.457552273074435915e-03
7.598768356674851930e+03 9.698462528631346391e-01 3.333749786848774939e-03
7.606367125031529213e+03 9.645019341481035902e-01 3.195518963057167056e-03
7.613973492156563225e+03 9.589084994784424776e-01 2.842098225027234193e-03
7.621587465648722173e+03 9.511585054211526558e-01 2.939212516501498330e-03
7.629209053114373091e+03 9.428824723607852620e-01 3.020868243461754133e-03
7.636838262167490029e+03 9.342598403946990038e-01 2.932168388862242941e-03
7.644475100429660415e+03 9.253925060076936271e-01 2.493820164043191682e-03
7.652119575530092334e+03 9.180585598749712029e-01 2.501711638133257386e-03
7.659771695105625440e+03 9.105255852527101013e-01 2.324229875284215471e-03
7.667431466800733688e+03 9.052322892493919193e-01 2.338440118465985942e-03
7.675098898267536242e+03 9.013516091991814472e-01 1.386950729074952178e-03
7.682773997165806577e+03 8.966176939229664189e-01 1.942604288884590847e-03
7.690456771162975201e+03 8.929092633522471845e-01 2.188496968827037537e-03
7.698147227934140574e+03 8.905229408044827988e-01 2.038917858752051140e-03
7.705845375162077289e+03 8.905116498467574582e-01 2.183458139807292579e-03
7.713551220537241534e+03 8.920617727717186085e-01 2.700452668725125942e-03
7.721264771757782000e+03 8.927644402961258940e-01 2.948692943036177946e-03
7.728986036529541707e+03 8.932361078197232906e-01 3.065073648857798844e-03
7.736715022566074367e+03 8.930791257359037560e-01 2.861045321691174561e-03
7.744451737588642573e+03 8.914611032690411552e-01 2.829780685856277209e-03
7.752196189326234162e+03 8.890425115496883857e-01 2.955040318074866282e-03
7.759948385515562222e+03 8.859937963878051770e-01 3.121674066274780866e-03
7.767708333901080550e+03 8.814223415347554047e-01 3.098681452456313132e-03
7.775476042234984561e+03 8.771117000216032134e-01 2.842533165772225326e-03
7.783251518277222203e+03 8.726730527140996729e-01 2.494050413776213206e-03
7.791034769795502143e+03 8.690642465076615641e-01 2.301076047119327093e-03
7.798825804565300132e+03 8.673394276400804292e-01 2.318326827794651296e-03
7.806624630369868100e+03 8.671625143610268704e-01 2.135937933985762940e-03
7.814431255000240526e+03 8.687428170523404658e-01 1.721492125393075511e-03
7.822245686255242617e+03 8.709225335855087513e-01 1.539787324135414833e-03
7.830067931941501229e+03 8.730206008376814042e-01 1.564577284346740536e-03
7.837897999873444860e+03 8.753438216247315662e-01 1.593304053681921569e-03
7.845735897873320937e+03 8.770698080310189715e-01 1.786199251111860939e-03
7.853581633771196721e+03 8.778313988951640390e-01 1.762830051151855057e-03
7.861435215404970222e+03 8.778295167995606718e-01 1.726014208355910757e-03
7.869296650620378387e+03 8.773514183916962805e-01 1.711145064883933366e-03
7.877165947271001642e+03 8.761084490186199503e-01 1.870147999247484191e-03
7.885043113218274812e+03 8.746543105508941540e-01 1.947292776855574651e-03
7.892928156331495302e+03 8.734014637622634636e-01 2.116774848905363191e-03
7.900821084487829467e+03 8.723304736009882543e-01 2.089091310140713410e-03
7.908721905572319884e+03 8.715879084386307651e-01 1.743988129009975798e-03
7.916630627477895359e+03 8.712719158638803085e-01 1.515647508846366910e-03
7.924547258105375477e+03 8.722284615904803973e-01 1.481274011809974745e-03
7.932471805363483327e+03 8.737182366077118623e-01 1.450286963211357095e-03
7.940404277168850058e+03 8.762780152916880283e-01 1.386939094092976693e-03
7.948344681446021241e+03 8.804361804359368548e-01 1.308482703561670863e-03
7.956293026127469602e+03 8.861648534105659447e-01 1.360718081736680051e-03
7.964249319153599572e+03 8.921632176286122817e-01 1.247773813364111938e-03
7.972213568472756378e+03 8.985232623395541518e-01 1.194318475219108408e-03
7.980185782041231505e+03 9.049035450063600550e-01 1.160186094270086862e-03
7.988165967823275423e+03 9.104758273176237759e-01 1.198224858491828528e-03
7.996154133791101231e+03 9.156696800290575755e-01 1.216389711118339356e-03
8.004150287924895565e+03 9.195891009262523452e-01 1.195502198812933544e-03
8.012154438212822242e+03 9.226096931529811362e-01 1.342724828794380999e-03
8.020166592651037718e+03 9.250647763758426123e-01 1.605163105882711615e-03
8.028186759243691995e+03 9.274426892997342797e-01 1.770276531562960196e-03
8.036214946002938632e+03 9.301575591970834278e-01 1.789177629229076480e-03
8.044251160948943834e+03 9.326351615100182402e-01 1.942889427304655579e-03
8.052295412109895551e+03 9.355901281440398565e-01 1.904398980047564659e-03
8.060347707522008022e+03 9.391852896171350995e-01 1.840658180964540236e-03
8.068408055229532692e+03 9.425679475711017385e-01 1.806149082204820374e-03
8.076476463284764577e+03 9.457991171618382875e-01 1.777965468838364239e-03
8.084552939748052268e+03 9.497517748112060954e-01 1.728166878431358199e-03
8.092637492687803388e+03 9.539906214468316659e-01 1.685786923624835133e-03
8.100730130180493688e+03 9.586697516680359188e-01 1.672063317442629799e-03
8.108830860310677053e+03 9.643332453067349208e-01 1.705306933029833698e-03
8.116939691170990045e+03 9.704731300655015103e-01 1.745053912686765022e-03
8.125056630862163729e+03 9.771007622835685691e-01 1.721738435725870099e-03
8.133181687493028221e+03 9.837591313346897293e-01 1.560192421906844923e-03
8.141314869180524511e+03 9.896074015505416099e-01 1.512936570284208410e-03
8.149456184049707190e+03 9.959810574791518878e-01 1.377295382426279614e-03
8.157605640233759914e+03 1.002399025975356350e+00 1.166016305876914913e-03
8.165763245873996311e+03 1.007757469509440229e+00 1.159321741382919732e-03
8.173929009119872717e+03 1.012720434417388571e+00 1.202231139154186657e-03
8.182102938128995447e+03 1.017243176537603988e+00 1.252562612284441497e-03
8.190285041067127167e+03 1.021522778361096506e+00 1.308876399151142093e-03
8.198475326108196896e+03 1.025262572566881358e+00 1.390028838802812115e-03
8.206673801434308189e+03 1.028901843963112128e+00 1.518987126238457259e-03
8.214880475235744598e+03 1.032111914654681994e+00 1.634869608938938285e-03
8.223095355710984222e+03 1.035531021010093422e+00 1.864051496115280617e-03
8.231318451066697889e+03 1.039043642211729734e+00 2.174134930359679363e-03
8.239549769517767345e+03 1.042484877643826913e+00 2.661927973329415893e-03
8.247789319287287071e+03 1.045908584383892226e+00 3.158998991218037004e-03
8.256037108606577021e+03 1.049161611250982729e+00 3.692083078661619402e-03
8.264293145715186256e+03 1.052566715372088124e+00 4.523396950782672919e-03
8.272557438860903858e+03 1.056564868478145902e+00 5.744539560706446446e-03
8.280829996299768027e+03 1.061974544496758099e+00 7.685740142102493767e-03
8.289110826296069718e+03 1.068976514101017239e+00 1.020772567639509701e-02
8.297399937122369010e+03 1.077610311436836499e+00 1.387460464728531434e-02
