# starting wavelength: 3453.670
# ending wavelength: 7345.560
# wav flux eflux
3.456926547887940615e+03 6.409292155637177357e-01 1.453894428233855687e-02
3.460383474435829612e+03 6.594607688050213579e-01 1.134220364181136483e-02
3.463843857910266706e+03 6.748268387754245978e-01 9.091358715564837323e-03
3.467307701768178049e+03 6.864045606741508987e-01 7.388251424647164847e-03
3.470775009469947236e+03 6.947709827794966708e-01 6.035801031442998739e-03
3.474245784479418489e+03 7.006204808476633739e-01 5.103791726635049757e-03
3.477720030263898934e+03 7.041835963690500355e-01 4.408097255054249999e-03
3.481197750294164052e+03 7.054623659958021431e-01 3.907538164844097904e-03
3.484678948044459503e+03 7.047152745927861561e-01 3.552167660852034291e-03
3.488163626992504760e+03 7.022433961028503591e-01 3.308359263715325484e-03
3.491651790619498570e+03 6.989022917211237251e-01 3.087145873779405074e-03
3.495143442410119405e+03 6.947129827287383819e-01 2.920605471563289448e-03
3.498638585852530468e+03 6.907902968869465976e-01 2.796316053117838332e-03
3.502137224438384237e+03 6.868554000167400586e-01 2.749600388678255861e-03
3.505639361662823831e+03 6.832883146616433034e-01 2.710213519379014568e-03
3.509145001024487556e+03 6.779521512991383281e-01 2.682146801251286076e-03
3.512654146025513455e+03 6.726593285330081384e-01 2.734379238088130697e-03
3.516166800171540217e+03 6.666894894250444681e-01 2.678409644234689985e-03
3.519682966971712631e+03 6.614158699831832466e-01 2.599355688537878864e-03
3.523202649938685681e+03 6.576665961708247909e-01 2.875712894691419795e-03
3.526725852588625457e+03 6.543447035608411788e-01 3.024175187918628615e-03
3.530252578441215064e+03 6.522967198943021572e-01 2.839453417688641516e-03
3.533782831019657806e+03 6.495487027677040448e-01 2.996784492249042909e-03
3.537316613850678550e+03 6.451013414499864318e-01 3.008327822471378640e-03
3.540853930464530094e+03 6.403228589868741327e-01 2.987435215233892865e-03
3.544394784394995895e+03 6.351548832081537199e-01 2.919346931083189028e-03
3.547939179179392340e+03 6.290814201307599607e-01 3.097737463585622728e-03
3.551487118358572843e+03 6.249400889308419638e-01 3.008257600445695627e-03
3.555038605476932389e+03 6.185662802854303699e-01 3.682781613549023642e-03
3.558593644082410719e+03 6.110148978473103343e-01 4.151668321323462481e-03
3.562152237726494150e+03 6.059023013608396679e-01 4.254214541320337599e-03
3.565714389964221937e+03 6.013931075914533686e-01 4.029353874006093468e-03
3.569280104354187188e+03 5.991563000821624740e-01 3.937829283569129445e-03
3.572849384458542772e+03 5.975499027743242930e-01 3.848541003091920411e-03
3.576422233843002232e+03 5.968162737255473527e-01 3.829516111208214769e-03
3.579998656076846601e+03 5.967375890554074136e-01 3.786726143741041880e-03
3.583578654732924406e+03 5.984791324454025174e-01 3.849824073116833289e-03
3.587162233387658489e+03 6.022224709041515966e-01 4.259895118343869948e-03
3.590749395621047370e+03 6.053203007278054049e-01 4.358827855502771069e-03
3.594340145016669794e+03 6.104596623656256549e-01 4.319162053803854255e-03
3.597934485161687462e+03 6.157490192230662407e-01 4.249616039515923850e-03
3.601532419646850485e+03 6.204478228988354882e-01 4.117739511581514598e-03
3.605133952066498296e+03 6.259324127092107393e-01 4.049595168911721867e-03
3.608739086018566013e+03 6.302039455755057418e-01 3.966208992126407651e-03
3.612347825104585809e+03 6.337292216898947617e-01 3.996616604670128782e-03
3.615960172929691907e+03 6.374049417472296142e-01 3.946519423190689851e-03
3.619576133102622407e+03 6.401073629767047857e-01 3.988644138129017296e-03
3.623195709235726554e+03 6.414003036796447343e-01 4.080278614671408073e-03
3.626818904944963379e+03 6.411519298340219164e-01 3.590576387287230768e-03
3.630445723849909427e+03 6.403280747460662337e-01 3.160540490363924690e-03
3.634076169573760581e+03 6.398156604233020683e-01 2.944854924725290486e-03
3.637710245743335690e+03 6.394195346578498418e-01 2.927554581311927594e-03
3.641347955989080219e+03 6.391295789284910933e-01 3.111124636313101436e-03
3.644989303945070333e+03 6.406081489776499494e-01 3.275064450300241813e-03
3.648634293249016537e+03 6.401144979671329338e-01 3.154022192278826790e-03
3.652282927542266862e+03 6.393764410154515465e-01 2.819484461599426790e-03
3.655935210469810499e+03 6.371569078333115810e-01 2.753350250283707282e-03
3.659591145680281443e+03 6.324000180691758954e-01 2.905378995415514899e-03
3.663250736825963031e+03 6.265935620802575157e-01 2.840113537652943880e-03
3.666913987562790226e+03 6.212195721346943644e-01 3.183423669933455828e-03
3.670580901550354156e+03 6.144084277553316653e-01 3.280557858206288938e-03
3.674251482451905758e+03 6.080107421871113749e-01 3.300060198643491906e-03
3.677925733934358959e+03 5.989446918854287594e-01 3.159300565753082272e-03
3.681603659668294313e+03 5.859750273806871856e-01 3.168887410264953092e-03
3.685285263327964003e+03 5.732229328572867599e-01 3.021699915978996297e-03
3.688970548591293209e+03 5.613457175552788447e-01 3.017964951025652910e-03
3.692659519139885560e+03 5.495984856512603489e-01 2.961632699757393156e-03
3.696352178659026777e+03 5.370078490806560190e-01 2.998314411372334821e-03
3.700048530837686940e+03 5.245533998765077310e-01 3.099960833436084164e-03
3.703748579368525952e+03 5.117115846193194262e-01 3.254840838584086883e-03
3.707452327947895355e+03 4.998443417819097845e-01 3.666048764910201027e-03
3.711159780275844696e+03 4.903555214207246382e-01 3.771008275372850563e-03
3.714870940056121526e+03 4.813274833832656974e-01 3.875072746190334587e-03
3.718585810996179134e+03 4.761403036512185105e-01 3.838813143155665655e-03
3.722304396807176545e+03 4.720955556293539579e-01 3.723876199586603417e-03
3.726026701203984885e+03 4.719006594887001360e-01 3.732275775722796504e-03
3.729752727905190113e+03 4.746687435929500265e-01 3.775912068148760698e-03
3.733482480633096657e+03 4.793856374942780940e-01 3.754296057864806545e-03
3.737215963113731050e+03 4.883311573270468497e-01 3.590009512222117494e-03
3.740953179076846027e+03 4.972857864909772108e-01 3.073002898310875364e-03
3.744694132255923705e+03 5.057142288610733116e-01 2.990621462272550699e-03
3.748438826388181042e+03 5.151224586722651377e-01 3.076270082482292570e-03
3.752187265214570289e+03 5.240804810071707509e-01 2.973929739697986612e-03
3.755939452479786269e+03 5.328815394237578218e-01 2.911362974554634712e-03
3.759695391932267285e+03 5.423463639904145817e-01 2.223474453715526978e-03
3.763455087324201031e+03 5.492875089305854219e-01 2.265653379668942837e-03
3.767218542411526414e+03 5.549451674309172633e-01 1.986368594784424912e-03
3.770985760953939007e+03 5.590216755824315431e-01 1.843761460538071188e-03
3.774756746714894234e+03 5.617770458694628655e-01 1.879945268367405825e-03
3.778531503461610555e+03 5.627952561673938980e-01 1.870903707801929629e-03
3.782310034965073100e+03 5.622766520105797472e-01 1.841258241969436805e-03
3.786092345000039586e+03 5.599023116984058746e-01 2.090683150968804162e-03
3.789878437345040766e+03 5.576540179550982801e-01 2.194419134040582423e-03
3.793668315782387253e+03 5.507107395896037039e-01 5.058301306699867182e-03
3.797461984098170888e+03 5.450008669374151182e-01 4.472530957323940341e-03
3.801259446082270188e+03 5.446635227369598375e-01 4.752563943164568594e-03
3.805060705528353537e+03 5.451095856921882588e-01 5.430924948080970670e-03
3.808865766233883278e+03 5.461415197597146998e-01 6.391005878707845152e-03
3.812674632000118436e+03 5.455117952871993969e-01 6.542974793607809689e-03
3.816487306632119726e+03 5.422316409651872782e-01 6.211476899993422299e-03
3.820303793938753188e+03 5.368637632237428514e-01 5.767128134649868350e-03
3.824124097732693372e+03 5.288253078710395405e-01 6.257984222640925950e-03
3.827948221830427428e+03 5.212163816054288246e-01 6.758317656153011062e-03
3.831776170052258749e+03 5.122371187296488326e-01 8.112078331395921119e-03
3.835607946222312421e+03 5.044986865385798769e-01 8.995953348533756652e-03
3.839443554168536139e+03 4.985590802255764342e-01 8.661360933135409113e-03
3.843282997722705659e+03 4.968315677957311771e-01 7.633938396343149975e-03
3.847126280720429804e+03 5.035375683367234734e-01 7.315872112444134906e-03
3.850973407001151372e+03 5.177016698100151970e-01 7.271890053911644718e-03
3.854824380408153957e+03 5.409811686158991773e-01 7.676331460056690439e-03
3.858679204788563311e+03 5.716872605040811406e-01 7.135819020620526830e-03
3.862537883993353262e+03 6.069123354758307887e-01 4.854804194009841936e-03
3.866400421877347981e+03 6.415947386205573810e-01 3.380367525177050293e-03
3.870266822299226533e+03 6.693859741510306272e-01 2.773352111949083446e-03
3.874137089121526969e+03 6.968165958679818361e-01 2.703046703047558286e-03
3.878011226210649966e+03 7.206368567416943094e-01 3.784102440434438611e-03
3.881889237436861549e+03 7.434993972404647655e-01 4.220880064379180577e-03
3.885771126674299921e+03 7.681260986532792989e-01 4.176123389365921784e-03
3.889656897800975457e+03 7.913435396914250131e-01 4.116917425271285520e-03
3.893546554698777527e+03 8.153737800604091701e-01 4.210551686408703191e-03
3.897440101253477678e+03 8.385671094643503132e-01 4.423778120311954581e-03
3.901337541354732366e+03 8.602589966279197142e-01 4.454968213952676878e-03
3.905238878896088409e+03 8.792326012650230060e-01 4.410333417621376505e-03
3.909144117774985716e+03 8.983717334065075555e-01 4.364180454797099776e-03
3.913053261892762293e+03 9.185475561093295882e-01 4.094195600040653575e-03
3.916966315154656058e+03 9.360888058407528245e-01 3.978856715682105825e-03
3.920883281469812118e+03 9.510549951787861112e-01 4.667462159447398687e-03
3.924804164751283224e+03 9.647365025775336278e-01 4.527202506829718955e-03
3.928728968916035683e+03 9.798403832369844135e-01 4.290335425831235013e-03
3.932657697884953450e+03 9.946861909962358972e-01 3.952148166353299137e-03
3.936590355582839493e+03 1.009792840331377839e+00 3.841319224163027273e-03
3.940526945938423523e+03 1.027573584341823443e+00 4.218650683173010354e-03
3.944467472884363360e+03 1.045212773389592398e+00 3.138324456349330781e-03
3.948411940357249023e+03 1.060115142817344314e+00 2.775458786352205318e-03
3.952360352297607733e+03 1.071724703348815755e+00 2.891796464381608551e-03
3.956312712649906643e+03 1.081850845250444726e+00 2.896692563447496316e-03
3.960269025362557841e+03 1.091549745380484771e+00 3.033162598930889530e-03
3.964229294387921527e+03 1.097246598896588043e+00 2.939351705208214944e-03
3.968193523682310570e+03 1.102329141442536020e+00 3.223026527950499653e-03
3.972161717205994591e+03 1.103601708243997725e+00 3.103557710916225038e-03
3.976133878923201792e+03 1.101445833102242977e+00 3.241920819887089342e-03
3.980110012802126221e+03 1.096895914793241111e+00 3.434927234348535315e-03
3.984090122814929600e+03 1.092300761055476688e+00 3.824702047260040635e-03
3.988074212937745870e+03 1.089921220210902986e+00 4.002780560324518608e-03
3.992062287150684824e+03 1.088201398340795656e+00 3.930641574999584748e-03
3.996054349437837118e+03 1.086865460916034865e+00 3.143072548297324003e-03
4.000050403787276082e+03 1.090002852337002448e+00 3.170526353506748513e-03
4.004050454191064546e+03 1.095682436049617126e+00 3.272646167932355670e-03
4.008054504645257111e+03 1.103908837427614253e+00 3.395844867743625945e-03
4.012062559149903791e+03 1.114477544520576791e+00 3.323077793618788110e-03
4.016074621709055009e+03 1.127372579361877403e+00 2.423278341412346808e-03
4.020090696330765240e+03 1.138625348923015146e+00 1.869122110843940551e-03
4.024110787027097558e+03 1.147530699685770150e+00 1.677142509913946092e-03
4.028134897814125907e+03 1.153410313909206897e+00 1.679762661786053050e-03
4.032163032711941469e+03 1.155993809446886011e+00 1.550613607706606773e-03
4.036195195744654484e+03 1.156777033474015282e+00 1.514785840764435766e-03
4.040231390940400615e+03 1.154777148101662432e+00 1.421917979712419020e-03
4.044271622331342314e+03 1.151262122206736294e+00 1.301682276007364069e-03
4.048315893953675186e+03 1.143836313794307280e+00 1.306328078165870741e-03
4.052364209847629809e+03 1.133545343408798312e+00 1.425977084414079606e-03
4.056416574057479011e+03 1.120667592809469815e+00 1.626603062392064291e-03
4.060472990631537868e+03 1.105613355611655857e+00 1.612668399313550585e-03
4.064533463622170530e+03 1.089922789247825818e+00 1.546896102654298551e-03
4.068597997085794304e+03 1.073380554866499192e+00 1.657137441612758447e-03
4.072666595082881486e+03 1.054854216529950817e+00 1.577631369680432662e-03
4.076739261677965715e+03 1.036937764074108426e+00 1.389637418576120586e-03
4.080816000939644709e+03 1.017707255500510444e+00 1.362139741679436458e-03
4.084896816940585722e+03 9.984924379876586320e-01 1.334771675948564053e-03
4.088981713757527814e+03 9.798125650971809542e-01 1.393493374693455071e-03
4.093070695471286854e+03 9.615267175550623602e-01 1.332948531739778543e-03
4.097163766166759160e+03 9.428986309885343253e-01 1.306231437682880752e-03
4.101260929932927866e+03 9.242628282074702994e-01 1.301608565332186768e-03
4.105362190862862008e+03 9.058054074673386191e-01 1.303949569102788759e-03
4.109467553053726078e+03 8.870670573414988214e-01 1.303171802138700834e-03
4.113577020606780934e+03 8.688041356487140598e-01 1.540617099433507636e-03
4.117690597627389252e+03 8.508593193320563852e-01 1.688467380874788659e-03
4.121808288225018259e+03 8.317625342646169928e-01 1.484782044656564283e-03
4.125930096513244280e+03 8.121762284797157117e-01 1.645625889324204508e-03
4.130056026609759101e+03 7.923609682488231831e-01 2.055589182088955486e-03
4.134186082636369974e+03 7.735042729614675094e-01 1.976424899498966693e-03
4.138320268719007800e+03 7.560199520313144461e-01 1.832496908004338683e-03
4.142458588987728035e+03 7.418346895719588607e-01 1.752220359590787348e-03
4.146601047576717065e+03 7.309358400662786526e-01 1.704831727788185588e-03
4.150747648624294925e+03 7.226903975134899571e-01 1.516299652305248043e-03
4.154898396272920763e+03 7.177895505288592881e-01 1.669024113295570480e-03
4.159053294669195566e+03 7.159342746924383105e-01 2.278933899639450089e-03
4.163212347963865795e+03 7.155208287788519250e-01 2.394084200537689201e-03
4.167375560311830668e+03 7.161678421637439618e-01 1.920788626413930805e-03
4.171542935872143971e+03 7.159042866076058553e-01 1.314900072522203660e-03
4.175714478808017702e+03 7.138680221466564557e-01 9.833155865556421783e-04
4.179890193286827525e+03 7.097020808571475881e-01 9.169019619350767545e-04
4.184070083480115500e+03 7.031425282318498615e-01 9.263876971739000779e-04
4.188254153563597356e+03 6.937325379673513481e-01 1.094822903998585260e-03
4.192442407717161586e+03 6.829410355495859619e-01 1.499128139967224188e-03
4.196634850124880359e+03 6.721276183815848571e-01 1.625799817964837610e-03
4.200831484975006788e+03 6.602139144873360177e-01 1.841822042756711920e-03
4.205032316459983122e+03 6.503867998136771966e-01 1.912844719339855393e-03
4.209237348776444378e+03 6.430229811266884310e-01 1.908669522438267768e-03
4.213446586125221984e+03 6.407047969668945298e-01 1.720294082635732058e-03
4.217660032711349231e+03 6.424799957550086926e-01 1.447400378104144077e-03
4.221877692744061278e+03 6.489517129421095154e-01 1.392064414697590869e-03
4.226099570436806971e+03 6.602732795451631276e-01 1.688793200433105941e-03
4.230325670007245208e+03 6.755276916229367989e-01 2.151015767873982326e-03
4.234555995677254032e+03 6.935864388913683953e-01 2.427625996462930928e-03
4.238790551672932452e+03 7.132016872860105217e-01 2.102390800753411917e-03
4.243029342224606808e+03 7.317325987131789722e-01 1.691704652255816453e-03
4.247272371566832589e+03 7.482498835713665697e-01 1.208208806606703200e-03
4.251519643938400804e+03 7.614767935271341548e-01 1.095609713524684425e-03
4.255771163582340705e+03 7.711745996037152606e-01 1.186264741389109851e-03
4.260026934745924336e+03 7.777638538627402731e-01 1.189234913626236465e-03
4.264286961680671993e+03 7.813129701163995522e-01 1.276180550122749460e-03
4.268551248642354039e+03 7.801593563413308230e-01 1.235398879663698185e-03
4.272819799890998183e+03 7.757592267418643717e-01 1.631889253243815540e-03
4.277092619690890388e+03 7.702893014271563477e-01 1.865504664967303477e-03
4.281369712310583054e+03 7.634806821379034325e-01 1.787031322656471542e-03
4.285651082022895025e+03 7.567722651348489649e-01 1.774264557202342649e-03
4.289936733104918858e+03 7.505995656464320431e-01 1.570578071325813086e-03
4.294226669838025373e+03 7.470174308736877711e-01 1.547590471701569027e-03
4.298520896507864563e+03 7.450914493546615391e-01 1.489120248504753261e-03
4.302819417404373780e+03 7.449502982314809563e-01 1.360731365127119952e-03
4.307122236821779552e+03 7.482359057242740086e-01 1.841094759259226821e-03
4.311429359058603040e+03 7.530201554295388178e-01 1.845888477599489427e-03
4.315740788417662770e+03 7.592650224449662977e-01 1.674525476635275794e-03
4.320056529206081905e+03 7.669557657496922642e-01 1.443996804533164823e-03
4.324376585735290064e+03 7.751854434529452664e-01 1.318249653962416841e-03
4.328700962321026054e+03 7.829585675084669294e-01 1.285512270291686325e-03
4.333029663283348782e+03 7.898711825411854903e-01 1.274058910936898183e-03
4.337362692946633615e+03 7.962500002045623804e-01 1.144912345393142355e-03
4.341700055639581478e+03 8.027190625006190849e-01 1.427245451264510514e-03
4.346041755695222491e+03 8.084514919962971780e-01 1.238774817245256055e-03
4.350387797450919606e+03 8.115319320495157918e-01 1.230280675680675735e-03
4.354738185248371337e+03 8.122858584039336360e-01 1.533036930471299610e-03
4.359092923433621763e+03 8.124766251111819049e-01 1.589212347723374186e-03
4.363452016357056891e+03 8.120576996794760527e-01 1.614167313335059840e-03
4.367815468373414660e+03 8.099466507963665185e-01 1.599196063529753718e-03
4.372183283841789489e+03 8.058505550883783286e-01 1.766459076647111355e-03
4.376555467125633186e+03 8.014279836828969161e-01 1.846028923606008940e-03
4.380932022592760404e+03 7.970464670338602842e-01 1.741250110272344817e-03
4.385312954615354101e+03 7.926823643327529645e-01 1.843642432255127462e-03
4.389698267569970994e+03 7.887602136187481516e-01 1.806243767745514426e-03
4.394087965837542470e+03 7.832353938586616993e-01 1.782065174665434454e-03
4.398482053803381859e+03 7.770729249646666226e-01 1.767262854397971339e-03
4.402880535857186260e+03 7.708630578905404374e-01 1.721806215819549285e-03
4.407283416393044718e+03 7.639538781402664958e-01 1.671232087097016808e-03
4.411690699809440048e+03 7.554470448568286756e-01 1.660090595422690019e-03
4.416102390509250654e+03 7.456205232442898456e-01 1.635209309890741855e-03
4.420518492899761441e+03 7.355453004088597924e-01 1.628259105720602151e-03
4.424939011392662906e+03 7.256449994475382415e-01 1.652992907181408382e-03
4.429363950404056595e+03 7.159560222816662156e-01 1.701876385818077960e-03
4.433793314354462382e+03 7.067786595511434955e-01 1.609043907808134326e-03
4.438227107668818462e+03 6.980881338910355227e-01 1.306659812232482390e-03
4.442665334776488635e+03 6.918833265327992699e-01 1.344864892988566641e-03
4.447108000111265937e+03 6.880976526953596073e-01 1.162347565663867949e-03
4.451555108111379013e+03 6.860129633458382781e-01 1.355354156462669230e-03
4.456006663219492111e+03 6.860110399942920267e-01 1.309974282050937935e-03
4.460462669882713271e+03 6.897169015607780285e-01 1.123626690243553035e-03
4.464923132552597053e+03 6.977256694399022185e-01 1.138776695205509677e-03
4.469388055685150903e+03 7.096869916374677345e-01 1.158627531864751207e-03
4.473857443740837880e+03 7.248329883868337431e-01 1.140802011224395550e-03
4.478331301184580298e+03 7.429238024913851213e-01 1.125708185493185486e-03
4.482809632485766087e+03 7.640601122391524891e-01 1.120696199658248720e-03
4.487292442118253348e+03 7.885388243231502559e-01 1.114927396323583475e-03
4.491779734560373072e+03 8.156397939572278544e-01 1.011291951817511626e-03
4.496271514294934605e+03 8.440687072569234006e-01 9.385879364420079800e-04
4.500767785809231100e+03 8.737697737205822879e-01 9.902247272992096248e-04
4.505268553595042249e+03 9.046033692143025107e-01 9.922914196312880141e-04
4.509773822148638828e+03 9.358064874453695392e-01 9.079215288199240586e-04
4.514283595970789065e+03 9.675618379550078307e-01 1.288730810220052375e-03
4.518797879566761367e+03 9.987423538803792411e-01 1.379562414652083045e-03
4.523316677446328868e+03 1.028679497127586995e+00 1.374878282760328557e-03
4.527839994123776705e+03 1.057631252438265390e+00 1.073747451460859261e-03
4.532367834117902021e+03 1.084061125951211846e+00 8.365665730958230352e-04
4.536900201952022144e+03 1.107536429476976059e+00 8.897291280358934299e-04
4.541437102153975502e+03 1.128656591307594770e+00 9.388038057403562614e-04
4.545978539256130716e+03 1.147496708100685936e+00 1.147516232662096521e-03
4.550524517795388419e+03 1.164871491940350001e+00 1.220274620089793023e-03
4.555075042313184895e+03 1.180979547807811780e+00 1.321048145525456933e-03
4.559630117355500261e+03 1.196481148091943281e+00 1.254355428221143407e-03
4.564189747472856652e+03 1.212926425559426535e+00 1.006300059619611885e-03
4.568753937220330954e+03 1.230149387430285124e+00 7.895227671400956637e-04
4.573322691157552981e+03 1.249769496961380622e+00 8.059951444175868273e-04
4.577896013848711846e+03 1.271024850078953605e+00 8.383697277945573092e-04
4.582473909862562323e+03 1.292813303207772879e+00 8.350777184194520079e-04
4.587056383772426670e+03 1.315914163401149972e+00 9.666161631717817533e-04
4.591643440156200086e+03 1.339574358701312029e+00 1.347250466026594625e-03
4.596235083596357981e+03 1.362427352941455228e+00 1.397142611546336880e-03
4.600831318679955984e+03 1.384087746497786320e+00 1.180651169031282687e-03
4.605432149998637215e+03 1.402702319146847731e+00 1.264138473111310482e-03
4.610037582148637739e+03 1.417392913864105708e+00 1.237091952591760306e-03
4.614647619730787483e+03 1.427771561731411287e+00 1.212819227677679190e-03
4.619262267350520233e+03 1.432017650969467315e+00 1.045833323122076107e-03
4.623881529617872729e+03 1.429984335351932367e+00 1.445378638369405064e-03
4.628505411147491941e+03 1.423048242913536043e+00 1.613624642919616985e-03
4.633133916558640522e+03 1.411027258819279817e+00 1.720429957784750915e-03
4.637767050475200449e+03 1.395094769210488916e+00 1.783744508065294781e-03
4.642404817525677572e+03 1.375662912121226267e+00 1.668291887618600713e-03
4.647047222343205249e+03 1.353999999313595382e+00 1.356182248292165087e-03
4.651694269565549803e+03 1.331308621326713348e+00 1.190336632807358118e-03
4.656345963835116891e+03 1.307758525996635113e+00 9.302303761239362392e-04
4.661002309798953320e+03 1.285161923478036039e+00 9.482362991844195139e-04
4.665663312108753416e+03 1.262724957996215203e+00 9.566171095510086651e-04
4.670328975420864481e+03 1.240515491458101582e+00 1.054231875027702081e-03
4.674999304396286789e+03 1.219255797820217202e+00 1.119646164801461506e-03
4.679674303700684504e+03 1.198130940169201075e+00 1.021279103767716362e-03
4.684353978004386590e+03 1.176277499315877995e+00 1.046791840967951350e-03
4.689038331982392265e+03 1.153963670539575714e+00 1.005165202712868765e-03
4.693727370314376458e+03 1.131737709128138869e+00 9.960945406118041235e-04
4.698421097684692540e+03 1.108903550828053142e+00 1.185616830109917450e-03
4.703119518782378691e+03 1.087043363773511073e+00 1.323919327516351503e-03
4.707822638301162442e+03 1.065498445133081784e+00 1.585918677548442011e-03
4.712530460939465229e+03 1.045083826698175677e+00 1.486620826837907082e-03
4.717242991400406027e+03 1.027824893822840036e+00 1.323231451182274501e-03
4.721960234391808626e+03 1.013395604381352122e+00 1.084800871525309299e-03
4.726682194626201635e+03 1.002912697852326618e+00 8.162564165081652098e-04
4.731408876820829391e+03 9.964618709630096438e-01 1.130813220457559153e-03
4.736140285697651962e+03 9.935038555241693103e-01 1.653807708149371367e-03
4.740876425983350600e+03 9.925815581481493011e-01 1.700214134458888056e-03
4.745617302409335934e+03 9.927887080240036521e-01 1.601240565433042920e-03
4.750362919711747054e+03 9.933092803798415638e-01 1.260522749679027004e-03
4.755113282631459697e+03 9.930618020022231596e-01 1.149994904364454954e-03
4.759868395914093526e+03 9.911356694965411940e-01 1.103048640890538475e-03
4.764628264310008490e+03 9.866950087542819547e-01 1.084487992456997524e-03
4.769392892574320285e+03 9.785772782532909941e-01 9.856812872290007538e-04
4.774162285466896719e+03 9.675155776880383085e-01 1.096064675242658121e-03
4.778936447752364984e+03 9.522022881561847951e-01 1.473026720891984238e-03
4.783715384200118933e+03 9.350022025870581288e-01 1.815192266225653045e-03
4.788499099584319993e+03 9.159234387681950418e-01 2.025229049088906469e-03
4.793287598683906253e+03 8.972382173814821282e-01 2.223694553489603560e-03
4.798080886282591564e+03 8.797085957761558994e-01 2.388299205618884744e-03
4.802878967168876443e+03 8.647096006191211659e-01 2.644513044685042804e-03
4.807681846136046261e+03 8.548709138644949856e-01 2.403581972281076517e-03
4.812489527982183972e+03 8.507283518664375821e-01 1.658054524759260302e-03
4.817302017510168298e+03 8.534840996195096618e-01 1.522719677922820163e-03
4.822119319527679181e+03 8.628967223000575393e-01 1.710235527193142493e-03
4.826941438847208701e+03 8.787352579680477449e-01 2.108019362415497391e-03
4.831768380286057436e+03 8.985408768590226192e-01 2.231736609171304335e-03
4.836600148666345376e+03 9.206858482658575316e-01 2.024676839209838767e-03
4.841436748815013743e+03 9.435999156549047528e-01 1.889100896867667049e-03
4.846278185563829538e+03 9.661219833057936857e-01 1.941662397982537799e-03
4.851124463749395545e+03 9.858266803230886222e-01 1.899598875662601195e-03
4.855975588213146693e+03 1.001238495842241338e+00 1.817306964720021402e-03
4.860831563801360971e+03 1.010604607739892247e+00 1.727446951712728043e-03
4.865692395365163975e+03 1.014103388758160307e+00 1.178478768181094637e-03
4.870558087760530725e+03 1.009591895126608074e+00 1.501770554245189168e-03
4.875428645848292945e+03 9.998307577471566843e-01 1.882734548431383914e-03
4.880304074494142696e+03 9.859378957431466084e-01 2.068354986877170374e-03
4.885184378568638749e+03 9.687668448252249043e-01 2.631011116428951923e-03
4.890069562947209306e+03 9.502005936462974978e-01 3.023930259697597388e-03
4.894959632510157462e+03 9.326949600281150277e-01 2.457885975657492662e-03
4.899854592142669389e+03 9.191751694526962835e-01 1.903925459043072973e-03
4.904754446734813428e+03 9.112349023644590318e-01 1.516321269195549043e-03
4.909659201181550088e+03 9.110725696082768721e-01 1.134971434662156338e-03
4.914568860382732964e+03 9.190094544739386695e-01 8.484443357233272410e-04
4.919483429243117826e+03 9.369734906835502919e-01 8.564966605681628795e-04
4.924402912672362618e+03 9.636569570455578715e-01 8.688899712652293442e-04
4.929327315585036558e+03 9.980776366629189322e-01 8.647962867030918556e-04
4.934256642900622865e+03 1.040045508788997486e+00 8.587420034529181937e-04
4.939190899543525120e+03 1.089262623780784978e+00 1.436922109056471301e-03
4.944130090443070912e+03 1.142738043744804255e+00 2.038357753774066791e-03
4.949074220533515472e+03 1.198539045690363514e+00 2.625552525270271470e-03
4.954023294754050767e+03 1.253208671808215824e+00 2.747388113051267913e-03
4.958977318048806410e+03 1.303959472184839985e+00 2.580353034833408367e-03
4.963936295366856939e+03 1.347979258226710719e+00 2.646200089706519584e-03
4.968900231662225451e+03 1.382910384925563951e+00 2.287206726697472992e-03
4.973869131893889062e+03 1.406579083637390593e+00 1.389864919533109798e-03
4.978843001025784361e+03 1.416835699523314229e+00 1.124975850307688473e-03
4.983821844026811959e+03 1.412904601124794990e+00 1.121354159123476302e-03
4.988805665870840130e+03 1.395488295202455653e+00 1.183359313904211799e-03
4.993794471536712990e+03 1.364488726755520576e+00 1.490952460795604180e-03
4.998788266008251412e+03 1.321308857708153539e+00 1.734906388203935829e-03
5.003787054274261209e+03 1.269035714068386778e+00 2.016489367040524491e-03
5.008790841328536771e+03 1.209469983008613303e+00 2.203663557663349329e-03
5.013799632169867436e+03 1.146193726273264213e+00 2.878191860807337733e-03
5.018813431802038394e+03 1.082278749772211057e+00 3.045694372289042742e-03
5.023832245233842514e+03 1.019729691510851133e+00 2.913027826048751427e-03
5.028856077479077612e+03 9.626161515227480425e-01 2.000853224959952929e-03
5.033884933556558281e+03 9.141689120262904700e-01 1.559439835484793683e-03
5.038918818490116792e+03 8.747149475006193997e-01 1.687585768343479245e-03
5.043957737308608557e+03 8.452999256769204717e-01 2.193940909881071655e-03
5.049001695045918495e+03 8.249652880980657965e-01 2.442614732071138588e-03
5.054050696740966487e+03 8.137736651042437597e-01 2.599543077374999369e-03
5.059104747437709193e+03 8.106069477907735799e-01 2.127019623110358842e-03
5.064163852185148244e+03 8.133804984935705251e-01 1.533806729901404696e-03
5.069228016037335692e+03 8.213018642636908950e-01 1.357433351948825889e-03
5.074297244053374015e+03 8.343261544939961638e-01 1.248913387762492187e-03
5.079371541297429758e+03 8.508910249798268266e-01 1.239872909216654159e-03
5.084450912838728073e+03 8.707716094925245232e-01 1.253703244420820715e-03
5.089535363751569093e+03 8.929690539552598283e-01 1.365836349491294892e-03
5.094624899115322478e+03 9.166872345370281616e-01 1.451448874045112476e-03
5.099719524014439230e+03 9.416144594320610128e-01 1.389767383444604496e-03
5.104819243538455339e+03 9.668765619634245301e-01 1.238828041078200281e-03
5.109924062781995417e+03 9.912404394847535993e-01 1.207505876880804506e-03
5.115033986844779065e+03 1.014845611782179802e+00 1.142419853108623011e-03
5.120149020831625421e+03 1.036364617655573639e+00 1.074741207107609208e-03
5.125269169852458617e+03 1.056019923004658967e+00 1.057647249134174329e-03
5.130394439022313236e+03 1.073572405806450858e+00 1.059957540828471460e-03
5.135524833461337039e+03 1.088987668341183435e+00 1.055393226054784439e-03
5.140660358294800062e+03 1.102085792450413493e+00 1.065378489952996648e-03
5.145801018653096435e+03 1.113149859503872241e+00 1.095975322877560960e-03
5.150946819671751655e+03 1.123220207399389547e+00 1.073194695280690848e-03
5.156097766491425318e+03 1.131871542030736144e+00 1.078990178883111172e-03
5.161253864257918394e+03 1.138739688575785669e+00 1.088323191110852168e-03
5.166415118122177773e+03 1.144705780389748240e+00 9.336200983398503916e-04
5.171581533240301724e+03 1.150451864659246315e+00 8.451562659406602375e-04
5.176753114773543530e+03 1.155968038126167885e+00 7.640486699281454292e-04
5.181929867888318768e+03 1.162283643324630411e+00 7.657682856281961209e-04
5.187111797756208944e+03 1.169931080094859022e+00 7.723385438301457557e-04
5.192298909553966951e+03 1.178464610112865518e+00 8.020983572657716578e-04
5.197491208463522526e+03 1.188487663407404193e+00 9.838980954642081306e-04
5.202688699671987706e+03 1.199474653276566771e+00 1.318611113757950891e-03
5.207891388371661378e+03 1.210195693224792368e+00 1.489772596230440772e-03
5.213099279760034733e+03 1.221130674906971025e+00 1.586668345902562732e-03
5.218312379039796724e+03 1.231917970774951909e+00 1.369818288290459291e-03
5.223530691418837705e+03 1.242016358341664795e+00 1.405251271145445662e-03
5.228754222110258524e+03 1.251473463417499765e+00 1.835503876125021538e-03
5.233982976332370527e+03 1.261649900580991579e+00 1.996289954072401861e-03
5.239216959308704645e+03 1.271576932039969909e+00 1.990984506329004228e-03
5.244456176268015042e+03 1.282425951526714458e+00 1.724957472386534022e-03
5.249700632444284565e+03 1.294509975440670146e+00 1.952301533028188030e-03
5.254950333076731113e+03 1.307068958280468651e+00 2.250372305166236948e-03
5.260205283409809454e+03 1.319647222051766544e+00 2.338435631723824980e-03
5.265465488693221232e+03 1.332424997006452116e+00 2.140342176842064369e-03
5.270730954181915877e+03 1.344796651438601165e+00 1.795064592340714100e-03
5.276001685136099695e+03 1.355881452507213147e+00 1.826479864395666149e-03
5.281277686821237694e+03 1.366014819092326693e+00 1.970783645255864188e-03
5.286558964508059944e+03 1.374813922841516378e+00 2.110693086202030180e-03
5.291845523472569766e+03 1.382848939407977706e+00 1.653466510206821373e-03
5.297137368996044643e+03 1.391479125043034504e+00 1.537158147146870267e-03
5.302434506365042580e+03 1.400088220923751736e+00 1.616395148081902064e-03
5.307736940871409388e+03 1.408647461233502707e+00 1.735000087325214331e-03
5.313044677812282316e+03 1.417193599385892622e+00 1.570463859869853079e-03
5.318357722490096421e+03 1.425109021262760844e+00 1.480416783105051315e-03
5.323676080212588204e+03 1.432346776186349757e+00 1.536577626554283624e-03
5.328999756292802886e+03 1.438241436286730623e+00 1.673798446061934998e-03
5.334328756049097137e+03 1.443591505463422076e+00 1.641375353104268086e-03
5.339663084805148173e+03 1.447138947842397938e+00 1.434396408213504557e-03
5.345002747889954662e+03 1.449546145871277947e+00 1.605307179207169765e-03
5.350347750637846730e+03 1.450816696704199327e+00 1.966308635586281467e-03
5.355698098388485960e+03 1.449134872795136975e+00 2.015860482605878832e-03
5.361053796486876308e+03 1.444134892282394667e+00 1.885707750977708760e-03
5.366414850283365013e+03 1.435650044774629208e+00 1.575976835393500235e-03
5.371781265133649867e+03 1.423106418956491925e+00 1.148689590994598575e-03
5.377153046398785591e+03 1.405635486395997447e+00 9.561071033407182382e-04
5.382530199445186554e+03 1.383901590352592414e+00 1.074590670599825937e-03
5.387912729644633146e+03 1.358068668992662875e+00 1.520907108151001771e-03
5.393300642374279960e+03 1.331386639680310902e+00 1.413782022703739859e-03
5.398693943016655794e+03 1.305423485390089455e+00 1.410556772682291073e-03
5.404092636959673655e+03 1.281494769277959023e+00 1.542403137599875204e-03
5.409496729596635305e+03 1.261952274973399568e+00 1.813141145824538527e-03
5.414906226326233991e+03 1.248300797367860149e+00 1.997646680504991824e-03
5.420321132552561721e+03 1.242768642071456320e+00 1.860468227506770255e-03
5.425741453685116539e+03 1.246699494065943270e+00 1.756150348740581060e-03
5.431167195138803436e+03 1.261500233158297624e+00 1.370038239515406278e-03
5.436598362333943442e+03 1.288912625068426188e+00 1.151247145838748404e-03
5.442034960696279086e+03 1.328365105521652545e+00 1.121275194524045879e-03
5.447476995656978033e+03 1.379046058381870665e+00 1.371488205575348545e-03
5.452924472652636723e+03 1.439658164627726222e+00 1.515263575870998006e-03
5.458377397125291282e+03 1.507611910724174553e+00 1.921571343816075176e-03
5.463835774522417523e+03 1.580567822868650385e+00 2.405258719352179348e-03
5.469299610296941864e+03 1.656137172137780444e+00 3.235035118004688307e-03
5.474768909907241323e+03 1.730187765115287712e+00 3.639833639093530571e-03
5.480243678817149885e+03 1.798058190544613799e+00 3.619386959620734482e-03
5.485723922495968509e+03 1.855739566641269489e+00 3.100585913120836208e-03
5.491209646418466946e+03 1.899625492547396766e+00 2.683225114709390444e-03
5.496700856064887375e+03 1.929359466781313204e+00 2.032412266841104268e-03
5.502197556920953502e+03 1.942902499844988196e+00 2.079299532678075425e-03
5.507699754477876013e+03 1.940247242045235687e+00 2.520089632908088014e-03
5.513207454232356213e+03 1.922572162786101879e+00 2.811371406331941627e-03
5.518720661686590574e+03 1.891371439220396189e+00 2.970061207245039241e-03
5.524239382348278923e+03 1.849735735397950886e+00 2.930865657712954792e-03
5.529763621730628984e+03 1.799855908236051016e+00 2.418737802403933025e-03
5.535293385352360929e+03 1.745213109519576644e+00 1.965100544399613069e-03
5.540828678737715563e+03 1.690120359790988624e+00 1.587425762657189736e-03
5.546369507416455235e+03 1.636864834056778850e+00 1.608003665338680627e-03
5.551915876923872929e+03 1.587485762424881486e+00 1.761535565958387848e-03
5.557467792800798634e+03 1.543343566399286937e+00 2.068635357810820561e-03
5.563025260593602070e+03 1.507061351641857394e+00 1.819412635593298981e-03
5.568588285854197238e+03 1.480037307493349275e+00 1.323578179381001540e-03
5.574156874140053333e+03 1.463222098792444692e+00 1.883022450326507242e-03
5.579731031014194741e+03 1.455582230728449167e+00 2.402149605809796983e-03
5.585310762045211050e+03 1.456005090993841344e+00 2.595824624486714992e-03
5.590896072807257951e+03 1.462175016333791433e+00 2.323322083337159283e-03
5.596486968880067252e+03 1.471968597421428937e+00 2.006820559528026647e-03
5.602083455848949598e+03 1.484575678017588496e+00 1.688495615793466926e-03
5.607685539304799931e+03 1.497316193831856879e+00 1.668638866233121756e-03
5.613293224844106589e+03 1.508507869218700170e+00 2.025717874379414588e-03
5.618906518068952209e+03 1.515514672918813810e+00 2.442069009520738201e-03
5.624525424587023736e+03 1.515800669095608511e+00 2.972826756657332738e-03
5.630149950011612418e+03 1.507580134209501210e+00 3.198133368320526561e-03
5.635780099961625638e+03 1.488515145189797773e+00 3.013470380530798142e-03
5.641415880061589633e+03 1.457608800373949798e+00 2.912982099492884575e-03
5.647057295941652228e+03 1.416194049438746827e+00 2.782084337746998110e-03
5.652704353237596479e+03 1.363818261445891356e+00 3.076782183441555910e-03
5.658357057590835211e+03 1.301127927125210526e+00 3.676635059503951392e-03
5.664015414648428305e+03 1.229513385710038875e+00 3.590122570577107108e-03
5.669679430063079053e+03 1.153240762355677296e+00 2.682109113535535369e-03
5.675349109493143260e+03 1.075205758123170874e+00 1.817291943264538485e-03
5.681024458602638333e+03 9.978402940364690110e-01 1.198430909561461850e-03
5.686705483061243285e+03 9.241989839481865587e-01 1.058933712452092947e-03
5.692392188544306009e+03 8.564980131390441676e-01 1.377675595888033224e-03
5.698084580732852373e+03 7.959017478223022746e-01 1.795795434565076835e-03
5.703782665313587131e+03 7.439260986053204405e-01 1.906491619890835452e-03
5.709486447978903016e+03 7.030435223716324789e-01 1.763817648731627868e-03
5.715195934426883468e+03 6.731506423554762808e-01 1.627423783017717743e-03
5.720911130361312644e+03 6.552135591451087038e-01 2.073018935533794353e-03
5.726632041491675409e+03 6.484738754611764078e-01 2.635692119492543707e-03
5.732358673533169167e+03 6.525764779547428285e-01 2.912313033026900800e-03
5.738091032206703858e+03 6.657419371165885780e-01 2.498218964674543338e-03
5.743829123238912871e+03 6.858579626246026351e-01 1.979939320264172825e-03
5.749572952362153046e+03 7.118705288984619184e-01 1.750553926785384726e-03
5.755322525314517407e+03 7.434724152221918736e-01 1.560340360051322645e-03
5.761077847839834249e+03 7.790407452352100526e-01 1.563612428236603978e-03
5.766838925687675328e+03 8.173338760668595881e-01 1.439473736826357882e-03
5.772605764613364954e+03 8.582841235546209147e-01 1.220426232348558512e-03
5.778378370377980900e+03 9.019354258389391532e-01 1.288000294399757259e-03
5.784156748748360769e+03 9.469537513044012922e-01 1.290357986281643384e-03
5.789940905497111089e+03 9.929251824937103121e-01 1.340803370397786881e-03
5.795730846402610041e+03 1.039998721985989860e+00 1.281892521536577133e-03
5.801526577249013826e+03 1.086853161145753033e+00 1.325834072354777462e-03
5.807328103826264851e+03 1.132982715701745580e+00 1.317360164425169285e-03
5.813135431930093546e+03 1.177386506469574101e+00 1.216721557024082927e-03
5.818948567362025642e+03 1.220829270948904588e+00 1.315517971498167057e-03
5.824767515929389447e+03 1.261781918649921064e+00 1.423439772456374991e-03
5.830592283445320390e+03 1.300487791755836176e+00 1.599430692581170141e-03
5.836422875728768304e+03 1.336177143675855827e+00 1.613007629373075427e-03
5.842259298604498326e+03 1.368315905231796803e+00 1.179518651360773104e-03
5.848101557903105459e+03 1.395810624385205756e+00 9.166665682166193815e-04
5.853949659461010015e+03 1.418214787959364287e+00 1.512686911860464155e-03
5.859803609120473084e+03 1.436482815547970748e+00 1.918546001338932577e-03
5.865663412729595620e+03 1.452090457372446908e+00 1.775008357242925357e-03
5.871529076142326630e+03 1.465070826494791145e+00 1.417655733490730697e-03
5.877400605218471355e+03 1.476233211287736324e+00 1.071954069680547536e-03
5.883278005823691274e+03 1.486431653630958527e+00 1.112471969214335601e-03
5.889161283829516833e+03 1.496177556858175217e+00 1.119684228911699622e-03
5.895050445113348360e+03 1.505530961678320789e+00 1.095056423595046477e-03
5.900945495558464245e+03 1.514528244739900442e+00 1.204296285879690462e-03
5.906846441054024581e+03 1.522886516530203238e+00 1.274956746096374618e-03
5.912753287495080258e+03 1.530032768812159771e+00 1.505356965806247489e-03
5.918666040782577511e+03 1.535327249367054891e+00 1.614186789574440645e-03
5.924584706823361557e+03 1.536714285306375105e+00 1.663602572402494463e-03
5.930509291530187511e+03 1.534977159257162826e+00 1.595955739900870854e-03
5.936439800821719473e+03 1.528409336738608459e+00 1.542479310837309913e-03
5.942376240622543264e+03 1.517813649099383877e+00 1.552603687114086388e-03
5.948318616863167335e+03 1.503445045511311529e+00 1.582759458970640779e-03
5.954266935480032771e+03 1.485271644592970786e+00 1.705535212850330454e-03
5.960221202415515108e+03 1.463459258822417342e+00 1.844358440044743417e-03
5.966181423617932523e+03 1.438429994778547938e+00 1.599438146370096066e-03
5.972147605041552197e+03 1.412322531257023561e+00 8.558444814775784289e-04
5.978119752646595771e+03 1.386871085488114996e+00 8.312993178077589208e-04
5.984097872399243897e+03 1.361441859741997717e+00 8.395103454082006485e-04
5.990081970271645332e+03 1.336617646980633678e+00 8.603759113638463976e-04
5.996072052241918755e+03 1.311994616299184457e+00 8.907324276737809202e-04
6.002068124294162772e+03 1.288265400098659752e+00 9.115984033182570560e-04
6.008070192418459555e+03 1.265267657910160493e+00 9.420725237968960095e-04
6.014078262610879392e+03 1.242480792010734580e+00 8.607409452427357841e-04
6.020092340873492503e+03 1.219909621584094994e+00 8.679331117102672159e-04
6.026112433214368139e+03 1.198271695083274802e+00 9.071638064296000739e-04
6.032138545647584579e+03 1.177751464797049952e+00 9.753841242831975955e-04
6.038170684193233683e+03 1.158246707592112790e+00 1.001468866856782469e-03
6.044208854877429076e+03 1.140850936187202569e+00 1.009958943844541188e-03
6.050253063732308874e+03 1.124499690930786056e+00 7.597300991023634873e-04
6.056303316796042964e+03 1.110988398005299693e+00 7.104391203768616828e-04
6.062359620112841185e+03 1.100221291956173797e+00 9.323133875942852698e-04
6.068421979732956061e+03 1.091716349623331750e+00 1.114774825172832641e-03
6.074490401712690982e+03 1.084961372495945264e+00 1.285097917173999961e-03
6.080564892114405666e+03 1.079349487438864719e+00 1.368579880710090119e-03
6.086645457006521610e+03 1.075453136756588268e+00 1.225970190096563545e-03
6.092732102463530282e+03 1.072457305801828298e+00 9.492634770165662159e-04
6.098824834565995843e+03 1.070411584168687646e+00 1.274634572889386504e-03
6.104923659400564247e+03 1.070653015170492939e+00 1.470336602600422725e-03
6.111028583059966877e+03 1.073551948418169699e+00 1.492954094240754419e-03
6.117139611643028729e+03 1.080481660960481705e+00 1.456209836398280255e-03
6.123256751254673873e+03 1.092505261256275562e+00 1.503546400434267261e-03
6.129380008005929994e+03 1.110354746985510621e+00 1.336015855626055543e-03
6.135509388013938405e+03 1.135378066021942356e+00 1.209939942415252760e-03
6.141644897401954040e+03 1.168012104581114929e+00 1.194076687733676510e-03
6.147786542299358189e+03 1.209306990831386486e+00 1.023366295173803748e-03
6.153934328841659408e+03 1.258884466403467073e+00 1.279364196262163921e-03
6.160088263170503524e+03 1.315451953793549622e+00 1.811457731288933963e-03
6.166248351433675452e+03 1.376527724967480992e+00 2.214386490614925467e-03
6.172414599785111022e+03 1.441214948165542964e+00 2.501646096546461528e-03
6.178587014384898794e+03 1.507137867884151161e+00 2.856932028289019092e-03
6.184765601399285515e+03 1.571708065062829229e+00 3.060543767457055142e-03
6.190950367000687038e+03 1.632077302022119314e+00 2.621414793038668450e-03
6.197141317367689226e+03 1.686042576094575196e+00 1.887910949596624446e-03
6.203338458685059777e+03 1.732162731049394555e+00 1.471073553050127438e-03
6.209541797143746408e+03 1.768860973279344995e+00 2.085009412967899975e-03
6.215751338940892310e+03 1.797252376120370254e+00 2.377157590676936150e-03
6.221967090279835247e+03 1.818214248531617505e+00 2.259502119831501531e-03
6.228189057370116643e+03 1.832202864505070306e+00 1.959010021658109512e-03
6.234417246427488863e+03 1.840625384624092309e+00 1.586408088788291912e-03
6.240651663673918847e+03 1.844319105888077459e+00 1.319190622718896446e-03
6.246892315337594482e+03 1.844420249151601743e+00 1.186524393029386162e-03
6.253139207652934601e+03 1.841167140766399868e+00 1.158275251964641919e-03
6.259392346860589896e+03 1.834638295310663469e+00 1.316117884604606691e-03
6.265651739207452010e+03 1.825471148747638050e+00 1.556415419179628954e-03
6.271917390946661726e+03 1.813217856527072236e+00 1.412963091704536912e-03
6.278189308337610782e+03 1.796844403439921800e+00 1.052078577250902154e-03
6.284467497645950061e+03 1.775772294550948649e+00 9.957612116133925627e-04
6.290751965143597772e+03 1.750713561686573883e+00 1.008425331945662657e-03
6.297042717108744000e+03 1.722807943969173916e+00 9.900693264980585124e-04
6.303339759825854344e+03 1.692383160065496606e+00 9.876594585945682424e-04
6.309643099585682648e+03 1.659461487695720772e+00 1.452640311659949418e-03
6.315952742685270096e+03 1.625660015587350626e+00 1.727314147456649298e-03
6.322268695427957937e+03 1.591948158624386434e+00 1.717262524062772560e-03
6.328590964123387494e+03 1.560007363268171021e+00 1.267285356453890649e-03
6.334919555087512890e+03 1.531280735175363228e+00 8.235729255903333906e-04
6.341254474642602872e+03 1.507017565990308228e+00 7.549874763517846641e-04
6.347595729117247174e+03 1.486882336187101972e+00 8.031211945101878608e-04
6.353943324846366522e+03 1.471437325193031942e+00 1.117492784598920217e-03
6.360297268171215364e+03 1.459710041711381745e+00 1.360375255614587045e-03
6.366657565439388236e+03 1.451368597704298047e+00 1.449486176826571444e-03
6.373024223004829764e+03 1.445735653768384310e+00 1.613659948176525286e-03
6.379397247227837397e+03 1.441965947440247753e+00 1.428419578326388948e-03
6.385776644475066860e+03 1.438890922527232830e+00 1.061184614098452383e-03
6.392162421119543978e+03 1.436358533565036621e+00 1.154836491631174803e-03
6.398554583540665590e+03 1.434162946183876297e+00 1.527038366095721323e-03
6.404953138124208635e+03 1.432576661453835998e+00 1.757624653207766471e-03
6.411358091262334710e+03 1.432639271375135470e+00 1.505552513801995803e-03
6.417769449353599157e+03 1.434984358764361145e+00 1.320532685497941960e-03
6.424187218802954703e+03 1.439408138998062636e+00 1.252170174749944048e-03
6.430611406021760558e+03 1.445384890548939261e+00 1.365631342740409584e-03
6.437042017427784231e+03 1.452977080029816292e+00 1.630533484292954680e-03
6.443479059445214261e+03 1.461032541715531208e+00 1.659823325823695439e-03
6.449922538504661134e+03 1.469125424524134971e+00 1.451203076821668469e-03
6.456372461043168187e+03 1.476226743109305017e+00 1.188181369030456326e-03
6.462828833504213435e+03 1.481570422145577437e+00 8.178711074727076707e-04
6.469291662337719572e+03 1.484135269122663914e+00 9.481792516435026425e-04
6.475760954000059428e+03 1.484354613748122276e+00 1.086227883512564697e-03
6.482236714954061426e+03 1.482088038945884367e+00 8.760149459314311039e-04
6.488718951669017770e+03 1.477638559866278900e+00 5.491652599634790251e-04
6.495207670620688987e+03 1.471567357626595074e+00 5.939110816876641465e-04
6.501702878291312118e+03 1.463388936614345104e+00 6.252898238238647132e-04
6.508204581169605262e+03 1.453276099944764033e+00 6.879438122798891804e-04
6.514712785750777584e+03 1.441734577896841341e+00 7.456050123985996040e-04
6.521227498536530220e+03 1.428939516037463831e+00 7.448519382158534652e-04
6.527748726035069012e+03 1.414716022600643441e+00 7.414533800735683116e-04
6.534276474761106329e+03 1.399512995475454602e+00 8.581986524851757106e-04
6.540810751235869247e+03 1.382843105718394083e+00 8.638592841963699124e-04
6.547351561987107743e+03 1.365141679730690782e+00 8.720164389579101484e-04
6.553898913549096505e+03 1.346717689176940569e+00 9.503066223071572399e-04
6.560452812462647671e+03 1.327879795821250042e+00 1.158222493806010823e-03
6.567013265275112644e+03 1.309026641410387271e+00 1.264278820415431310e-03
6.573580278540390282e+03 1.291076572135176015e+00 1.231421912427970323e-03
6.580153858818932349e+03 1.274225861205215304e+00 1.253266820284057751e-03
6.586734012677753526e+03 1.257533225360626394e+00 1.219823905047888717e-03
6.593320746690433225e+03 1.241543900457234839e+00 1.132370391728104329e-03
6.599914067437126505e+03 1.226574141952686992e+00 1.300213136752586401e-03
6.606513981504565891e+03 1.212449236877717773e+00 1.547139046034258329e-03
6.613120495486072286e+03 1.198223222753769468e+00 1.418991864891157046e-03
6.619733615981560433e+03 1.183143443977685783e+00 9.767154076245608031e-04
6.626353349597544366e+03 1.166190654282728500e+00 7.555390288039730458e-04
6.632979702947143778e+03 1.147318240839070524e+00 6.584229259779425221e-04
6.639612682650093120e+03 1.126143992131924509e+00 6.753639497449242038e-04
6.646252295332745234e+03 1.103315717301206256e+00 6.606966393730237140e-04
6.652898547628080451e+03 1.078821698135796980e+00 7.158222167186075423e-04
6.659551446175711135e+03 1.053090009476087330e+00 1.226504827864410060e-03
6.666210997621888964e+03 1.027141155011413565e+00 1.482106994116138329e-03
6.672877208619513112e+03 1.002057031302661327e+00 1.485534696294925306e-03
6.679550085828134797e+03 9.783818381369114858e-01 1.369493915894203417e-03
6.686229635913964557e+03 9.566942722899077767e-01 1.075124872586307899e-03
6.692915865549881346e+03 9.378552013308409929e-01 9.127523274784892773e-04
6.699608781415433441e+03 9.222422188531688159e-01 9.871181075247644193e-04
6.706308390196851178e+03 9.097697149399888161e-01 1.007383417595750447e-03
6.713014698587049679e+03 8.991757611483859325e-01 1.050338475314018666e-03
6.719727713285638856e+03 8.912086997605199734e-01 1.224191632848040589e-03
6.726447440998927050e+03 8.849838716859490528e-01 1.099109718161676852e-03
6.733173888439928305e+03 8.795623494997470981e-01 7.809101841474236578e-04
6.739907062328370557e+03 8.746556508179045286e-01 6.681632805921582791e-04
6.746646969390701088e+03 8.697709829262495473e-01 6.818180022950517862e-04
6.753393616360093802e+03 8.646116522069332566e-01 8.176257393071163868e-04
6.760147009976456502e+03 8.597261809239702401e-01 7.718026590165341953e-04
6.766907156986434529e+03 8.551035434163802851e-01 6.704805733108382473e-04
6.773674064143423493e+03 8.512830823924383283e-01 7.205218301234055708e-04
6.780447738207569273e+03 8.471221428112567509e-01 7.298883633345034771e-04
6.787228185945778932e+03 8.424653606925525118e-01 7.904482747801847356e-04
6.794015414131727084e+03 8.375299477884838861e-01 9.137942566833486208e-04
6.800809429545861349e+03 8.320074820692007211e-01 9.288748999766090761e-04
6.807610238975408720e+03 8.252176557268082746e-01 8.274982326787111214e-04
6.814417849214386479e+03 8.170995220154431138e-01 7.762294570240851595e-04
6.821232267063603103e+03 8.078463395152081228e-01 8.535517577499842062e-04
6.828053499330669183e+03 7.974201708718748893e-01 1.012168243104789259e-03
6.834881552830001965e+03 7.870285105152562410e-01 1.038374530732414508e-03
6.841716434382834450e+03 7.759416441635100803e-01 9.798467120173293566e-04
6.848558150817219939e+03 7.648833839318683880e-01 1.004207372654475220e-03
6.855406708968039311e+03 7.545352892235930309e-01 1.005315643769359550e-03
6.862262115677009206e+03 7.448537100755739937e-01 1.288258358543162849e-03
6.869124377792688392e+03 7.375397275930117846e-01 1.657614906531538384e-03
6.875993502170483225e+03 7.331768387399373310e-01 1.875900342003151066e-03
6.882869495672656740e+03 7.323420658626785817e-01 1.771854271689509222e-03
6.889752365168331380e+03 7.362914441259857945e-01 1.570610943944552142e-03
6.896642117533501732e+03 7.446354759426563330e-01 1.574336292097263442e-03
6.903538759651037253e+03 7.572746409104850196e-01 1.873651003482304121e-03
6.910442298410691365e+03 7.731640121203796623e-01 2.214405447330386727e-03
6.917352740709104182e+03 7.918973554497176215e-01 2.461366920873703668e-03
6.924270093449815249e+03 8.119731154133001949e-01 2.338853443235048169e-03
6.931194363543267173e+03 8.315158341201415171e-01 1.657935058199313345e-03
6.938125557906812901e+03 8.496024629167321374e-01 1.323168464513530939e-03
6.945063683464722089e+03 8.656741918788393164e-01 1.642318362719611758e-03
6.952008747148189286e+03 8.794620675201785254e-01 2.025196718660844317e-03
6.958960755895339389e+03 8.919161129515583708e-01 1.736334768290975729e-03
6.965919716651237650e+03 9.049181482510850749e-01 1.473307928306708285e-03
6.972885636367890584e+03 9.170482314899552900e-01 1.643066498283658576e-03
6.979858522004260521e+03 9.273952718334159684e-01 1.714729588946616208e-03
6.986838380526267429e+03 9.360768401415872075e-01 1.569830320283577578e-03
6.993825218906796181e+03 9.420449142395208586e-01 1.572985475519113070e-03
7.000819044125705659e+03 9.475527282776943228e-01 1.430774032717633615e-03
7.007819863169833297e+03 9.512572740532488913e-01 1.373776711136817999e-03
7.014827683033005087e+03 9.526589908208307200e-01 1.308550049122109713e-03
7.021842510716041033e+03 9.517421317516040480e-01 1.274251550946901282e-03
7.028864353226758794e+03 9.479596698957033496e-01 1.267425265197797725e-03
7.035893217579988232e+03 9.420222003182150416e-01 1.417310618768958565e-03
7.042929110797570502e+03 9.333832117866185385e-01 1.585143962363675090e-03
7.049972039908370789e+03 9.248168701566749084e-01 1.417328601610450293e-03
7.057022011948281033e+03 9.160097055616435169e-01 1.252579811261486133e-03
7.064079033960231754e+03 9.076995085392639551e-01 1.481452171766648070e-03
7.071143112994193871e+03 8.989608453631969809e-01 1.581496399620889925e-03
7.078214256107190522e+03 8.899394603059347375e-01 1.550592098656700807e-03
7.085292470363300708e+03 8.802552005429038484e-01 1.420145276327472667e-03
7.092377762833665656e+03 8.711762147450043958e-01 1.408816933853426897e-03
7.099470140596501551e+03 8.629036786662638292e-01 1.432651967937209397e-03
7.106569610737100447e+03 8.550578447878062205e-01 1.863716451471731164e-03
7.113676180347840273e+03 8.482691116076803706e-01 2.549964276951584546e-03
7.120789856528190285e+03 8.420858297573022844e-01 3.226030152603672711e-03
7.127910646384721076e+03 8.423424310305713814e-01 3.134013459513995160e-03
7.135038557031108212e+03 8.473491897449111354e-01 2.833935473246573106e-03
7.142173595588141325e+03 8.579739894004771994e-01 2.726904440023708489e-03
7.149315769183732300e+03 8.731236110312837750e-01 2.800610478478787659e-03
7.156465084952918005e+03 8.925882363005707143e-01 3.102711457355156969e-03
7.163621550037873021e+03 9.182886737970221702e-01 3.864157818869786223e-03
7.170785171587913283e+03 9.446926131207706856e-01 4.167929195712144312e-03
7.177955956759504261e+03 9.737350188947079266e-01 4.273088306969223017e-03
7.185133912716265513e+03 1.003652650999973028e+00 4.342829302570830677e-03
7.192319046628984324e+03 1.035188066045031663e+00 4.040828464249827598e-03
7.199511365675615707e+03 1.067242200389695972e+00 3.393417925150982867e-03
7.206710877041294225e+03 1.098444377111178483e+00 2.850810774382300967e-03
7.213917587918337631e+03 1.128974848460576608e+00 2.423089005494428062e-03
7.221131505506257781e+03 1.157427024973805452e+00 2.425061557643341716e-03
7.228352637011767001e+03 1.185229411155588997e+00 2.316335645169313902e-03
7.235580989648780815e+03 1.211129028049685141e+00 2.352443030913690079e-03
7.242816570638432495e+03 1.234061181203396584e+00 2.465863195135534897e-03
7.250059387209073066e+03 1.253659549510303117e+00 2.592525481151795527e-03
7.257309446596284033e+03 1.269841629117586468e+00 2.700354619717765681e-03
7.264566756042882844e+03 1.283482921454711656e+00 3.027410919853028293e-03
7.271831322798928340e+03 1.293202208999161051e+00 3.236559498569293886e-03
7.279103154121729858e+03 1.299897160384604788e+00 3.501098930832226633e-03
7.286382257275853590e+03 1.303692882864927238e+00 3.609678740611640436e-03
7.293668639533132591e+03 1.304846426118323244e+00 3.405902513016520038e-03
7.300962308172667690e+03 1.301968537749204291e+00 4.348820338300688447e-03
7.308263270480842948e+03 1.296450792590802870e+00 3.302746607159838099e-03
7.315571533751325660e+03 1.285759241252295126e+00 2.444487371900334709e-03
7.322887105285079997e+03 1.268140701935164039e+00 2.594917619395320160e-03
7.330209992390367006e+03 1.242203761636132331e+00 3.327082875756568262e-03
7.337540202382760071e+03 1.208005267905333247e+00 4.463197804792426622e-03
7.344877742585144915e+03 1.164342360185124381e+00 6.191543909608228889e-03
